0
1623
1979
789
-1016
-2029
-1457
252
1765
1899
550
-1228
-2047
-1268
501
1879
1790
302
-1421
-2035
-1060
742
1965
1653
50
-1592
-1991
-835
972
2021
1492
-202
-1739
-1917
-598
1187
2046
1307
-452
-1859
-1814
-352
1384
2040
1103
-695
-1950
-1683
-100
1560
2002
881
-927
-2012
-1526
152
1711
1934
646
-1146
-2044
-1345
403
1837
1837
402
-1346
-2044
-1145
647
1935
1711
151
-1526
-2012
-926
882
2003
1559
-102
-1683
-1950
-694
1103
2040
1383
-353
-1814
-1858
-451
1308
2046
1186
-599
-1917
-1738
-201
1492
2021
971
-836
-1991
-1591
51
1654
1965
741
-1061
-2035
-1420
303
1790
1879
500
-1269
-2047
-1227
551
1899
1764
251
-1457
-2028
-1015
790
1979
1622
-1
-1624
-1979
-788
1017
2029
1456
-253
-1765
-1898
-549
1229
2047
1267
-502
-1880
-1789
-301
1421
2035
1059
-743
-1966
-1653
-49
1592
1991
834
-973
-2021
-1491
203
1739
1917
597
-1188
-2046
-1306
453
1859
1813
351
-1385
-2040
-1102
696
1951
1682
99
-1560
-2002
-880
928
2013
1525
-153
-1712
-1934
-645
1147
2044
1345
-404
-1838
-1836
-400
1347
2043
1144
-648
-1935
-1710
-150
1527
2012
925
-883
-2003
-1558
103
1684
1950
693
-1104
-2040
-1382
354
1815
1858
450
-1309
-2046
-1185
600
1918
1737
200
-1493
-2021
-970
837
1992
1590
-52
-1655
-1965
-740
1062
2035
1419
-304
-1791
-1878
-499
1270
2047
1226
-552
-1900
-1763
-250
1458
2028
1014
-791
-1979
-1622
2
1624
1978
787
-1018
-2029
-1455
255
1766
1898
548
-1230
-2047
-1266
503
1880
1789
300
-1422
-2035
-1058
744
1966
1652
48
-1593
-1991
-833
974
2021
1490
-204
-1740
-1916
-596
1189
2046
1305
-454
-1860
-1813
-350
1386
2040
1101
-697
-1951
-1681
-98
1561
2002
879
-930
-2013
-1524
154
1713
1933
644
-1148
-2044
-1344
405
1838
1835
399
-1348
-2043
-1143
650
1935
1709
148
-1528
-2012
-924
884
2003
1557
-104
-1684
-1949
-692
1105
2040
1381
-355
-1815
-1857
-449
1310
2046
1184
-602
-1918
-1737
-199
1494
2021
969
-839
-1992
-1590
53
1655
1964
739
-1063
-2035
-1418
306
1791
1878
498
-1271
-2047
-1225
553
1900
1763
249
-1459
-2028
-1013
792
1980
1621
-3
-1625
-1978
-786
1019
2029
1454
-256
-1766
-1897
-546
1231
2047
1265
-504
-1881
-1788
-299
1423
2034
1057
-746
-1966
-1651
-46
1594
1990
832
-975
-2022
-1489
206
1740
1916
595
-1190
-2046
-1304
455
1860
1812
349
-1386
-2039
-1100
698
1952
1681
97
-1562
-2002
-878
931
2013
1523
-155
-1713
-1933
-643
1149
2044
1343
-406
-1839
-1835
-398
1349
2043
1142
-651
-1936
-1709
-147
1529
2012
923
-885
-2003
-1557
105
1685
1949
691
-1106
-2040
-1380
357
1816
1857
448
-1311
-2046
-1183
603
1919
1736
197
-1495
-2020
-968
840
1992
1589
-55
-1656
-1964
-738
1064
2035
1417
-307
-1792
-1877
-497
1271
2047
1224
-554
-1900
-1762
-248
1460
2028
1012
-793
-1980
-1620
4
1626
1978
785
-1020
-2029
-1453
257
1767
1897
545
-1232
-2047
-1264
506
1881
1787
298
-1424
-2034
-1056
747
1967
1651
45
-1595
-1990
-831
976
2022
1488
-207
-1741
-1915
-594
1191
2046
1303
-457
-1861
-1811
-347
1387
2039
1099
-699
-1952
-1680
-96
1563
2001
877
-932
-2013
-1523
156
1714
1933
642
-1149
-2044
-1342
407
1839
1834
397
-1350
-2043
-1141
652
1936
1708
146
-1529
-2011
-922
886
2004
1556
-106
-1686
-1949
-690
1107
2040
1380
-358
-1816
-1856
-446
1311
2046
1182
-604
-1919
-1735
-196
1496
2020
967
-841
-1992
-1588
56
1657
1964
737
-1065
-2035
-1416
308
1792
1877
495
-1272
-2047
-1223
555
1901
1762
246
-1461
-2028
-1011
794
1980
1619
-5
-1627
-1977
-784
1021
2029
1452
-258
-1768
-1897
-544
1232
2047
1263
-507
-1882
-1787
-296
1425
2034
1055
-748
-1967
-1650
-44
1595
1990
830
-977
-2022
-1488
208
1742
1915
593
-1192
-2046
-1303
458
1861
1811
346
-1388
-2039
-1098
700
1952
1679
95
-1563
-2001
-876
933
2014
1522
-158
-1715
-1932
-641
1150
2044
1341
-408
-1840
-1834
-396
1351
2043
1140
-653
-1936
-1708
-145
1530
2011
921
-887
-2004
-1555
107
1686
1948
689
-1108
-2040
-1379
359
1817
1856
445
-1312
-2046
-1181
605
1919
1735
195
-1496
-2020
-966
842
1993
1587
-57
-1657
-1963
-736
1066
2036
1416
-309
-1793
-1877
-494
1273
2047
1222
-557
-1901
-1761
-245
1461
2028
1010
-795
-1981
-1619
6
1627
1977
783
-1022
-2030
-1452
259
1768
1896
543
-1233
-2047
-1262
508
1882
1786
295
-1426
-2034
-1054
749
1967
1649
43
-1596
-1990
-829
978
2022
1487
-209
-1742
-1915
-592
1193
2046
1302
-459
-1862
-1810
-345
1389
2039
1097
-702
-1953
-1679
-93
1564
2001
875
-934
-2014
-1521
159
1715
1932
640
-1151
-2044
-1340
410
1840
1833
395
-1352
-2043
-1139
654
1937
1707
144
-1531
-2011
-920
888
2004
1554
-108
-1687
-1948
-687
1109
2040
1378
-360
-1817
-1855
-444
1313
2046
1180
-606
-1920
-1734
-194
1497
2020
965
-843
-1993
-1587
58
1658
1963
735
-1067
-2036
-1415
310
1794
1876
493
-1274
-2047
-1221
558
1902
1761
244
-1462
-2027
-1009
797
1981
1618
-8
-1628
-1977
-782
1023
2030
1451
-260
-1769
-1896
-542
1234
2047
1261
-509
-1883
-1786
-294
1426
2034
1053
-750
-1968
-1648
-42
1597
1989
828
-979
-2022
-1486
210
1743
1914
590
-1194
-2046
-1301
460
1862
1810
344
-1390
-2039
-1096
703
1953
1678
92
-1565
-2001
-874
935
2014
1520
-160
-1716
-1932
-639
1152
2044
1339
-411
-1841
-1833
-394
1352
2043
1138
-655
-1937
-1706
-143
1532
2011
919
-890
-2004
-1554
110
1688
1948
686
-1110
-2041
-1377
361
1818
1855
443
-1314
-2046
-1180
607
1920
1734
193
-1498
-2020
-964
844
1993
1586
-59
-1659
-1963
-734
1068
2036
1414
-311
-1794
-1876
-492
1275
2047
1220
-559
-1902
-1760
-243
1463
2027
1008
-798
-1981
-1617
9
1629
1976
781
-1024
-2030
-1450
261
1769
1895
541
-1235
-2047
-1261
510
1883
1785
293
-1427
-2034
-1052
751
1968
1648
41
-1598
-1989
-827
980
2023
1485
-211
-1743
-1914
-589
1195
2046
1300
-461
-1863
-1809
-343
1391
2039
1095
-704
-1953
-1677
-91
1566
2000
873
-936
-2014
-1519
161
1716
1931
638
-1153
-2044
-1338
412
1841
1832
392
-1353
-2043
-1137
656
1938
1706
141
-1533
-2010
-918
891
2004
1553
-111
-1688
-1947
-685
1111
2041
1376
-362
-1818
-1854
-442
1315
2046
1179
-608
-1921
-1733
-192
1499
2019
963
-845
-1994
-1585
60
1659
1962
733
-1069
-2036
-1413
313
1795
1875
491
-1276
-2047
-1219
560
1903
1759
242
-1464
-2027
-1007
799
1981
1617
-10
-1629
-1976
-779
1025
2030
1449
-263
-1770
-1895
-540
1236
2047
1260
-511
-1883
-1785
-292
1428
2034
1051
-752
-1968
-1647
-40
1598
1989
826
-981
-2023
-1484
212
1744
1913
588
-1196
-2046
-1299
462
1863
1809
342
-1392
-2039
-1094
705
1954
1677
90
-1566
-2000
-872
937
2014
1519
-162
-1717
-1931
-636
1154
2044
1338
-413
-1842
-1832
-391
1354
2043
1136
-657
-1938
-1705
-140
1533
2010
917
-892
-2005
-1552
112
1689
1947
684
-1112
-2041
-1375
363
1819
1854
441
-1316
-2046
-1178
609
1921
1732
191
-1499
-2019
-962
846
1994
1584
-62
-1660
-1962
-731
1070
2036
1412
-314
-1795
-1875
-490
1277
2047
1219
-561
-1903
-1759
-241
1465
2027
1006
-800
-1982
-1616
11
1630
1976
778
-1026
-2030
-1448
264
1770
1894
539
-1237
-2047
-1259
512
1884
1784
291
-1429
-2033
-1050
753
1968
1646
38
-1599
-1988
-825
982
2023
1484
-214
-1745
-1913
-587
1197
2046
1298
-463
-1864
-1808
-341
1392
2039
1093
-706
-1954
-1676
-89
1567
2000
871
-938
-2015
-1518
163
1718
1930
635
-1155
-2044
-1337
414
1842
1831
390
-1355
-2043
-1135
658
1938
1704
139
-1534
-2010
-916
893
2005
1551
-113
-1690
-1947
-683
1113
2041
1374
-365
-1820
-1853
-440
1317
2046
1177
-610
-1921
-1732
-189
1500
2019
961
-847
-1994
-1584
63
1661
1962
730
-1071
-2036
-1411
315
1796
1874
489
-1278
-2047
-1218
562
1903
1758
240
-1465
-2027
-1005
801
1982
1615
-12
-1631
-1975
-777
1027
2030
1448
-265
-1771
-1894
-538
1238
2047
1258
-513
-1884
-1783
-290
1430
2033
1049
-754
-1969
-1646
-37
1600
1988
824
-983
-2023
-1483
215
1745
1913
586
-1197
-2047
-1297
464
1864
1808
339
-1393
-2039
-1092
707
1954
1675
88
-1568
-2000
-870
939
2015
1517
-165
-1718
-1930
-634
1156
2044
1336
-415
-1843
-1831
-389
1356
2043
1134
-659
-1939
-1704
-138
1535
2010
915
-894
-2005
-1551
114
1690
1946
682
-1114
-2041
-1374
366
1820
1853
438
-1318
-2046
-1176
612
1922
1731
188
-1501
-2019
-960
848
1994
1583
-64
-1661
-1961
-729
1072
2036
1411
-316
-1796
-1874
-488
1279
2047
1217
-563
-1904
-1758
-238
1466
2027
1004
-802
-1982
-1614
13
1631
1975
776
-1028
-2030
-1447
266
1772
1894
536
-1239
-2047
-1257
515
1885
1783
288
-1431
-2033
-1048
755
1969
1645
36
-1600
-1988
-823
984
2023
1482
-216
-1746
-1912
-585
1198
2047
1296
-466
-1865
-1807
-338
1394
2039
1091
-708
-1955
-1675
-86
1569
1999
869
-940
-2015
-1516
166
1719
1930
633
-1157
-2044
-1335
416
1843
1830
388
-1357
-2043
-1133
661
1939
1703
137
-1536
-2010
-914
895
2005
1550
-115
-1691
-1946
-681
1115
2041
1373
-367
-1821
-1852
-437
1319
2045
1175
-613
-1922
-1731
-187
1502
2019
959
-849
-1995
-1582
65
1662
1961
728
-1073
-2036
-1410
317
1797
1873
486
-1280
-2047
-1216
564
1904
1757
237
-1467
-2026
-1003
803
1983
1614
-15
-1632
-1975
-775
1029
2031
1446
-267
-1772
-1893
-535
1240
2047
1256
-516
-1885
-1782
-287
1431
2033
1047
-756
-1969
-1644
-35
1601
1988
822
-985
-2023
-1481
217
1746
1912
584
-1199
-2047
-1295
467
1865
1807
337
-1395
-2038
-1090
709
1955
1674
85
-1569
-1999
-868
941
2015
1516
-167
-1720
-1929
-632
1158
2044
1334
-417
-1844
-1830
-387
1358
2043
1132
-662
-1939
-1702
-136
1536
2009
913
-896
-2006
-1549
117
1692
1946
680
-1116
-2041
-1372
368
1821
1852
436
-1319
-2045
-1174
614
1923
1730
186
-1503
-2018
-958
850
1995
1582
-66
-1663
-1961
-727
1074
2037
1409
-318
-1798
-1873
-485
1280
2047
1215
-565
-1905
-1756
-236
1468
2026
1002
-804
-1983
-1613
16
1633
1975
774
-1030
-2031
-1445
268
1773
1893
534
-1241
-2047
-1255
517
1886
1782
286
-1432
-2033
-1046
757
1970
1644
34
-1602
-1987
-821
986
2024
1480
-218
-1747
-1911
-583
1200
2047
1295
-468
-1865
-1806
-336
1396
2038
1089
-710
-1955
-1673
-84
1570
1999
866
-942
-2015
-1515
168
1720
1929
631
-1159
-2045
-1333
419
1844
1829
386
-1358
-2042
-1131
663
1940
1702
135
-1537
-2009
-912
897
2006
1548
-118
-1692
-1945
-679
1117
2041
1371
-369
-1822
-1851
-435
1320
2045
1173
-615
-1923
-1729
-185
1503
2018
957
-851
-1995
-1581
67
1663
1960
726
-1075
-2037
-1408
319
1798
1872
484
-1281
-2047
-1214
567
1905
1756
235
-1469
-2026
-1001
805
1983
1612
-17
-1634
-1974
-773
1031
2031
1444
-269
-1773
-1892
-533
1242
2047
1254
-518
-1886
-1781
-285
1433
2033
1045
-758
-1970
-1643
-33
1603
1987
819
-987
-2024
-1480
219
1748
1911
582
-1201
-2047
-1294
469
1866
1806
335
-1397
-2038
-1088
711
1956
1673
83
-1571
-1999
-865
943
2016
1514
-169
-1721
-1928
-630
1160
2045
1332
-420
-1845
-1829
-385
1359
2042
1130
-664
-1940
-1701
-133
1538
2009
911
-898
-2006
-1547
119
1693
1945
678
-1118
-2041
-1370
370
1822
1851
434
-1321
-2045
-1172
616
1923
1729
184
-1504
-2018
-956
852
1995
1580
-68
-1664
-1960
-725
1075
2037
1407
-321
-1799
-1872
-483
1282
2047
1213
-568
-1906
-1755
-234
1470
2026
1000
-806
-1983
-1612
18
1634
1974
772
-1032
-2031
-1443
271
1774
1892
532
-1243
-2047
-1253
519
1887
1781
284
-1434
-2033
-1044
760
1970
1642
31
-1603
-1987
-818
988
2024
1479
-221
-1748
-1910
-581
1202
2047
1293
-470
-1866
-1805
-334
1398
2038
1087
-712
-1956
-1672
-82
1572
1998
864
-944
-2016
-1513
170
1721
1928
629
-1161
-2045
-1331
421
1845
1828
383
-1360
-2042
-1129
665
1941
1700
132
-1539
-2009
-910
899
2006
1547
-120
-1694
-1944
-677
1119
2041
1369
-371
-1823
-1850
-433
1322
2045
1171
-617
-1924
-1728
-182
1505
2018
955
-853
-1996
-1579
70
1665
1960
724
-1076
-2037
-1406
322
1799
1871
482
-1283
-2047
-1212
569
1906
1755
233
-1470
-2026
-999
807
1984
1611
-19
-1635
-1974
-771
1033
2031
1443
-272
-1775
-1891
-531
1244
2047
1252
-520
-1887
-1780
-283
1435
2033
1043
-761
-1971
-1642
-30
1604
1986
817
-989
-2024
-1478
222
1749
1910
579
-1203
-2047
-1292
471
1867
1804
333
-1398
-2038
-1086
714
1956
1671
81
-1572
-1998
-863
945
2016
1512
-171
-1722
-1928
-628
1162
2045
1331
-422
-1846
-1828
-382
1361
2042
1128
-666
-1941
-1700
-131
1539
2008
909
-900
-2007
-1546
121
1694
1944
675
-1120
-2041
-1368
373
1823
1850
432
-1323
-2045
-1170
618
1924
1727
181
-1506
-2018
-954
854
1996
1579
-71
-1665
-1959
-723
1077
2037
1406
-323
-1800
-1871
-481
1284
2047
1211
-570
-1906
-1754
-232
1471
2026
998
-808
-1984
-1610
20
1636
1973
770
-1034
-2031
-1442
273
1775
1891
530
-1244
-2047
-1251
521
1887
1779
282
-1436
-2032
-1042
762
1971
1641
29
-1605
-1986
-816
990
2024
1477
-223
-1749
-1910
-578
1204
2047
1291
-472
-1867
-1804
-331
1399
2038
1085
-715
-1957
-1671
-80
1573
1998
862
-946
-2016
-1512
173
1723
1927
626
-1163
-2045
-1330
423
1846
1827
381
-1362
-2042
-1127
667
1941
1699
130
-1540
-2008
-908
901
2007
1545
-122
-1695
-1944
-674
1121
2042
1368
-374
-1824
-1849
-431
1324
2045
1169
-619
-1925
-1727
-180
1507
2017
953
-855
-1996
-1578
72
1666
1959
722
-1078
-2037
-1405
324
1800
1870
480
-1285
-2047
-1210
571
1907
1753
230
-1472
-2025
-997
809
1984
1610
-22
-1636
-1973
-769
1035
2031
1441
-274
-1776
-1890
-529
1245
2047
1250
-522
-1888
-1779
-280
1436
2032
1041
-763
-1971
-1640
-28
1606
1986
815
-991
-2025
-1476
224
1750
1909
577
-1205
-2047
-1290
473
1868
1803
330
-1400
-2038
-1084
716
1957
1670
78
-1574
-1998
-861
947
2016
1511
-174
-1723
-1927
-625
1164
2045
1329
-424
-1847
-1827
-380
1363
2042
1126
-668
-1942
-1699
-129
1541
2008
907
-902
-2007
-1544
123
1696
1943
673
-1122
-2042
-1367
375
1824
1849
429
-1325
-2045
-1168
620
1925
1726
179
-1507
-2017
-952
856
1996
1577
-73
-1667
-1959
-721
1079
2037
1404
-325
-1801
-1870
-479
1286
2047
1209
-572
-1907
-1753
-229
1473
2025
996
-810
-1985
-1609
23
1637
1973
768
-1036
-2032
-1440
275
1776
1890
527
-1246
-2047
-1250
524
1888
1778
279
-1437
-2032
-1040
764
1972
1639
27
-1606
-1986
-814
992
2025
1476
-225
-1751
-1909
-576
1206
2047
1289
-475
-1868
-1803
-329
1401
2038
1083
-717
-1957
-1669
-77
1574
1997
860
-948
-2017
-1510
175
1724
1926
624
-1165
-2045
-1328
425
1847
1826
379
-1364
-2042
-1125
669
1942
1698
128
-1542
-2008
-906
903
2007
1544
-125
-1696
-1943
-672
1123
2042
1366
-376
-1825
-1848
-428
1326
2045
1167
-621
-1925
-1726
-178
1508
2017
951
-857
-1997
-1576
74
1667
1958
720
-1080
-2037
-1403
326
1801
1870
477
-1287
-2047
-1208
573
1908
1752
228
-1474
-2025
-995
811
1985
1608
-24
-1638
-1972
-767
1037
2032
1439
-276
-1777
-1890
-526
1247
2047
1249
-525
-1889
-1778
-278
1438
2032
1039
-765
-1972
-1639
-26
1607
1985
813
-993
-2025
-1475
226
1751
1908
575
-1207
-2047
-1288
476
1869
1802
328
-1402
-2038
-1082
718
1958
1669
76
-1575
-1997
-859
949
2017
1509
-176
-1725
-1926
-623
1166
2045
1327
-427
-1848
-1826
-378
1365
2042
1124
-670
-1942
-1697
-126
1543
2008
905
-904
-2007
-1543
126
1697
1943
671
-1124
-2042
-1365
377
1825
1848
427
-1327
-2045
-1166
623
1926
1725
177
-1509
-2017
-950
859
1997
1576
-75
-1668
-1958
-718
1081
2037
1402
-327
-1802
-1869
-476
1288
2047
1207
-574
-1908
-1752
-227
1474
2025
994
-813
-1985
-1607
25
1638
1972
765
-1038
-2032
-1439
277
1777
1889
525
-1248
-2047
-1248
526
1889
1777
277
-1439
-2032
-1038
766
1972
1638
24
-1608
-1985
-812
994
2025
1474
-227
-1752
-1908
-574
1208
2047
1287
-477
-1869
-1802
-327
1403
2037
1081
-719
-1958
-1668
-75
1576
1997
858
-950
-2017
-1509
177
1725
1926
622
-1167
-2045
-1326
428
1848
1825
377
-1365
-2042
-1123
672
1943
1697
125
-1543
-2007
-904
905
2008
1542
-127
-1698
-1942
-670
1125
2042
1364
-378
-1826
-1847
-426
1327
2045
1165
-624
-1926
-1724
-176
1510
2017
949
-860
-1997
-1575
77
1669
1958
717
-1082
-2038
-1401
329
1802
1869
475
-1289
-2047
-1206
575
1909
1751
226
-1475
-2025
-993
814
1985
1607
-26
-1639
-1972
-764
1039
2032
1438
-279
-1778
-1889
-524
1249
2047
1247
-527
-1890
-1777
-276
1440
2032
1037
-767
-1973
-1637
-23
1608
1985
811
-995
-2025
-1473
229
1752
1908
573
-1209
-2047
-1286
478
1870
1801
326
-1403
-2037
-1080
720
1958
1667
74
-1577
-1997
-857
951
2017
1508
-178
-1726
-1925
-621
1168
2045
1325
-429
-1849
-1825
-375
1366
2042
1123
-673
-1943
-1696
-124
1544
2007
903
-906
-2008
-1541
128
1698
1942
669
-1126
-2042
-1363
379
1826
1847
425
-1328
-2045
-1164
625
1927
1724
174
-1510
-2016
-948
861
1997
1574
-78
-1670
-1957
-716
1083
2038
1401
-330
-1803
-1868
-474
1290
2047
1205
-577
-1909
-1750
-225
1476
2025
992
-815
-1986
-1606
27
1640
1971
763
-1040
-2032
-1437
280
1779
1888
523
-1250
-2047
-1246
528
1890
1776
275
-1441
-2032
-1036
768
1973
1637
22
-1609
-1984
-810
996
2025
1472
-230
-1753
-1907
-572
1210
2047
1286
-479
-1870
-1801
-325
1404
2037
1079
-721
-1959
-1667
-73
1577
1996
856
-952
-2017
-1507
180
1726
1925
620
-1169
-2045
-1324
430
1849
1824
374
-1367
-2042
-1122
674
1943
1695
123
-1545
-2007
-902
907
2008
1541
-129
-1699
-1941
-668
1127
2042
1362
-380
-1827
-1846
-424
1329
2045
1163
-626
-1927
-1723
-173
1511
2016
947
-862
-1998
-1573
79
1670
1957
715
-1084
-2038
-1400
331
1804
1868
473
-1290
-2047
-1205
578
1909
1750
223
-1477
-2024
-991
816
1986
1605
-28
-1640
-1971
-762
1041
2032
1436
-281
-1779
-1888
-522
1251
2047
1245
-529
-1891
-1775
-274
1441
2031
1035
-769
-1973
-1636
-21
1610
1984
809
-998
-2026
-1472
231
1754
1907
571
-1211
-2047
-1285
480
1871
1800
323
-1405
-2037
-1078
722
1959
1666
71
-1578
-1996
-855
953
2018
1506
-181
-1727
-1924
-619
1170
2045
1323
-431
-1850
-1824
-373
1368
2042
1121
-675
-1944
-1695
-122
1546
2007
900
-908
-2008
-1540
130
1699
1941
667
-1128
-2042
-1362
382
1827
1846
423
-1330
-2045
-1162
627
1927
1722
172
-1512
-2016
-946
863
1998
1573
-80
-1671
-1957
-714
1085
2038
1399
-332
-1804
-1867
-472
1291
2047
1204
-579
-1910
-1749
-222
1478
2024
990
-817
-1986
-1604
30
1641
1971
761
-1042
-2032
-1435
282
1780
1887
521
-1252
-2047
-1244
530
1891
1775
272
-1442
-2031
-1034
770
1973
1635
20
-1611
-1984
-808
999
2026
1471
-232
-1754
-1906
-569
1211
2047
1284
-481
-1871
-1799
-322
1406
2037
1077
-723
-1959
-1665
-70
1579
1996
854
-954
-2018
-1505
182
1728
1924
618
-1170
-2045
-1323
432
1850
1823
372
-1369
-2041
-1120
676
1944
1694
121
-1546
-2006
-899
909
2009
1539
-132
-1700
-1941
-666
1129
2042
1361
-383
-1828
-1845
-421
1331
2045
1161
-628
-1928
-1722
-171
1513
2016
944
-864
-1998
-1572
81
1672
1956
713
-1086
-2038
-1398
333
1805
1867
471
-1292
-2047
-1203
580
1910
1749
221
-1478
-2024
-989
818
1987
1604
-31
-1642
-1971
-760
1043
2033
1434
-283
-1780
-1887
-520
1253
2047
1243
-531
-1892
-1774
-271
1443
2031
1033
-771
-1974
-1635
-19
1611
1984
807
-1000
-2026
-1470
233
1755
1906
568
-1212
-2047
-1283
482
1872
1799
321
-1407
-2037
-1076
724
1960
1664
69
-1580
-1996
-853
955
2018
1505
-183
-1728
-1924
-617
1171
2045
1322
-433
-1851
-1822
-371
1370
2041
1119
-677
-1945
-1693
-119
1547
2006
898
-910
-2009
-1538
133
1701
1940
664
-1130
-2042
-1360
384
1828
1845
420
-1332
-2045
-1161
629
1928
1721
170
-1514
-2016
-943
865
1998
1571
-82
-1672
-1956
-712
1087
2038
1397
-334
-1805
-1866
-470
1293
2047
1202
-581
-1911
-1748
-220
1479
2024
988
-819
-1987
-1603
32
1643
1970
759
-1044
-2033
-1434
284
1781
1886
519
-1254
-2047
-1242
532
1892
1774
270
-1444
-2031
-1032
772
1974
1634
18
-1612
-1983
-806
1001
2026
1469
-234
-1755
-1905
-567
1213
2047
1282
-484
-1872
-1798
-320
1408
2037
1075
-725
-1960
-1664
-68
1580
1995
852
-956
-2018
-1504
184
1729
1923
615
-1172
-2045
-1321
434
1851
1822
370
-1371
-2041
-1118
678
1945
1693
118
-1548
-2006
-897
911
2009
1538
-134
-1701
-1940
-663
1131
2042
1359
-385
-1829
-1844
-419
1333
2045
1160
-630
-1929
-1721
-169
1514
2015
942
-866
-1999
-1570
84
1673
1956
711
-1088
-2038
-1396
335
1806
1866
468
-1294
-2047
-1201
582
1911
1747
219
-1480
-2024
-987
820
1987
1602
-33
-1643
-1970
-758
1045
2033
1433
-286
-1781
-1886
-517
1255
2047
1241
-534
-1892
-1773
-269
1445
2031
1031
-773
-1974
-1633
-16
1613
1983
805
-1002
-2026
-1468
235
1756
1905
566
-1214
-2047
-1281
485
1873
1798
319
-1408
-2037
-1074
727
1960
1663
67
-1581
-1995
-851
957
2018
1503
-185
-1730
-1923
-614
1173
2045
1320
-436
-1852
-1821
-369
1371
2041
1117
-679
-1945
-1692
-117
1549
2006
896
-912
-2009
-1537
135
1702
1940
662
-1132
-2043
-1358
386
1830
1844
418
-1334
-2045
-1159
631
1929
1720
167
-1515
-2015
-941
867
1999
1570
-85
-1674
-1955
-710
1089
2038
1395
-337
-1806
-1865
-467
1295
2047
1200
-583
-1911
-1747
-218
1481
2024
986
-821
-1987
-1602
34
1644
1970
757
-1046
-2033
-1432
287
1782
1885
516
-1255
-2047
-1240
535
1893
1773
268
-1445
-2031
-1030
775
1975
1633
15
-1613
-1983
-804
1003
2026
1468
-237
-1757
-1905
-565
1215
2047
1280
-486
-1873
-1797
-318
1409
2036
1073
-728
-1961
-1662
-66
1582
1995
850
-958
-2019
-1502
186
1730
1923
613
-1174
-2045
-1319
437
1852
1821
367
-1372
-2041
-1116
680
1946
1691
116
-1549
-2006
-895
913
2009
1536
-136
-1703
-1939
-661
1133
2043
1357
-387
-1830
-1843
-417
1334
2044
1158
-632
-1929
-1719
-166
1516
2015
940
-868
-1999
-1569
86
1674
1955
709
-1090
-2038
-1395
338
1807
1865
466
-1296
-2047
-1199
584
1912
1746
217
-1482
-2023
-985
822
1988
1601
-35
-1645
-1969
-756
1047
2033
1431
-288
-1783
-1885
-515
1256
2047
1239
-536
-1893
-1772
-267
1446
2031
1029
-776
-1975
-1632
-14
1614
1982
802
-1004
-2027
-1467
238
1757
1904
564
-1216
-2047
-1279
487
1873
1797
317
-1410
-2036
-1072
729
1961
1662
64
-1583
-1994
-849
959
2019
1501
-188
-1731
-1922
-612
1175
2046
1318
-438
-1853
-1820
-366
1373
2041
1115
-681
-1946
-1691
-115
1550
2005
894
-914
-2010
-1535
137
1703
1939
660
-1134
-2043
-1356
388
1831
1843
416
-1335
-2044
-1157
634
1930
1719
165
-1517
-2015
-939
869
1999
1568
-87
-1675
-1955
-708
1091
2039
1394
-339
-1807
-1864
-465
1297
2047
1198
-585
-1912
-1746
-215
1482
2023
984
-823
-1988
-1600
37
1645
1969
755
-1048
-2033
-1430
289
1783
1885
514
-1257
-2047
-1239
537
1894
1771
265
-1447
-2030
-1028
777
1975
1631
13
-1615
-1982
-801
1005
2027
1466
-239
