0.999999999999999
0.732033515886184
0.071746136761379
-0.626992362396817
-0.989704983719634
-0.822002075447909
-0.213761154992115
0.509041415750370
0.959031909598964
0.895045585511174
0.351374824081343
-0.380609289778863
-0.908612337232873
-0.949660077825425
-0.481753674101716
0.244340406137892
0.839484407258075
0.984721038215626
0.602213200286083
-0.103040545578640
-0.753071466003609
-0.999506560365731
-0.710273137068057
-0.040380923169152
0.651152758743572
0.993712209893241
0.803708526830789
0.182970947394058
-0.535826794978994
-0.967457292663055
-0.880595531856738
-0.321793593854454
0.409468140058887
0.921282398275821
0.939351046208924
0.453990499739548
-0.274678522802386
-0.856138269310459
-0.978765291933711
-0.576839726452746
0.134233265817651
0.773366225503508
0.998026728428271
0.687811804415960
0.008975858481000
-0.674670545932068
-0.996738762088013
-0.784621814930594
-0.152000169561270
0.562083377852129
0.974927912181821
0.865276436727948
0.291894792201037
-0.437922894720364
-0.933043264819441
-0.928114988519040
-0.425779291565076
0.304745564927217
0.871947226253857
0.971843622476424
0.550896981452106
-0.165293514029481
-0.792897765908469
-0.995561964603080
-0.664671684553430
0.022438064295800
0.697522514745700
0.998781653462333
0.764760776027602
0.120879385912331
-0.587785252292469
-0.981436395555738
-0.849103418222197
-0.261707925628606
0.465945472355820
0.943883330308363
0.915962993388169
0.397147890634787
-0.334511859971840
-0.886895676556409
-0.963962860695855
-0.524410567641372
0.196190637499089
0.811646811946191
0.992114701314478
0.640875613985030
-0.053829843412121
-0.719686113050186
-0.999838867929057
-0.744145010569354
-0.089639308903448
0.612907053652965
0.986976319697493
0.832092437156159
0.231262784929960
-0.493508218064340
-0.953791896906689
-0.902907053368373
-0.368124552684680
0.363948032196770
0.900968867902412
0.955130783952426
0.497406623913231
-0.226894144495868
-0.829594860571826
-0.987688340595138
-0.616447076559473
0.085168498971943
0.741139468049844
0.999909362145144
0.722794863827399
0.058310768718949
-0.637423989748682
-0.991542217370803
-0.814260281314381
-0.200589415783277
0.520583930743594
0.962759186055456
0.888960053096199
0.338737920245303
-0.393025031653913
-0.914152911751089
-0.945356108439570
-0.469911799899910
0.257373734365284
0.846724199228274
0.982287250728691
0.591410180293920
-0.116423103505811
-0.761861407873399
-0.998993066541314
-0.700731405818919
-0.026924682845669
0.661311865323637
0.995129582585909
0.795624548881790
0.169718089100683
-0.547145889934075
-0.970776348122915
-0.874135756577060
-0.309016994374954
0.421714162855289
0.926434797042880
0.934648480581916
0.441953229673240
-0.287599327432004
-0.863017923326343
-0.975916761938749
-0.565789633582222
0.147562812492450
0.781831482468016
0.997090885390703
0.677976410513233
-0.004487974438910
-0.684547105928678
-0.997734875046454
-0.776203631076359
-0.138679271154445
0.573167882188904
0.977835471138022
0.858448793601875
0.278991106039246
-0.449987113092107
-0.937802403039823
-0.923018467515401
-0.413558504966530
0.317541094684835
0.878459952927498
0.968583161128635
0.539610720810800
-0.178556894798619
-0.801029983781097
-0.994204695916452
-0.654552334343455
0.035896202634571
0.707106781186530
0.999355523643320
0.756016693999265
0.107503593510530
-0.598624226943421
-0.983929588598623
-0.841914645309177
-0.248689887164881
0.477815980375905
0.948244511287218
0.910477546658818
0.384755647944955
-0.347169487214413
-0.893035048612877
-0.960293685676951
-0.512899277405918
0.209374763007058
0.819437965209725
0.990337346439121
0.630482294044719
-0.067269005612019
-0.728968627421407
-0.999989928992004
-0.735083659720197
-0.076221822798899
0.623489801858712
0.989052686346542
0.824549628907154
0.218143241396550
-0.505173300974482
-0.957750816684920
-0.897038094386976
-0.355573083550970
0.376455265374378
0.906728826522696
0.951056516295156
0.485681664337329
-0.239986003602558
-0.837037260298618
-0.985492653565731
-0.605790043840833
0.098575422202413
0.750111069630449
0.999637465011021
0.713425186616690
0.044864830350539
-0.647740067614426
-0.993199708502809
-0.806370881570482
-0.187381314585742
0.532032076515310
0.966311937657219
0.882713373816695
0.326039611452352
-0.405369527637413
-0.919527772551446
-0.940880768954232
-0.457984742103097
0.270360406986335
0.853810500668330
0.979675398423238
0.580499952001595
-0.129784556752277
-0.770513242775773
-0.998298479539766
-0.691062648986879
-0.013463561731219
0.671351092125990
0.996366562457240
0.787396343528020
0.156434465040258
-0.558365800629652
-0.973919425411297
-0.867517521717735
-0.296184377620498
0.433883739117527
0.931419255684611
0.929776485888262
0.429835844221552
-0.300467997289425
-0.869741133155689
-0.972891321940150
-0.554636976794340
0.160865609613677
0.790155012375669
0.995974293995240
0.668018115955524
-0.017950993798082
-0.694299574162825
-0.998550122907319
-0.767644740358026
-0.125333233564341
0.584148485111069
0.980565772275212
0.851465534561485
0.266036845566705
-0.461969759730576
-0.942391540464025
-0.917754625683985
-0.401262750256496
0.330279061955132
0.884813436149728
0.965147119180900
0.528226641853099
-0.191787907539929
-0.809016994374938
-0.992667202067976
-0.644314329694525
0.049347833863726
0.716562866343765
0.999748234942505
0.747135564508172
0.094108313318533
-0.609354685562783
-0.986244419107037
-0.834573253721317
-0.235626767265355
0.489599871965030
0.952433798569310
0.904827052466028
0.372293658401977
-0.359764181061789
-0.899012535107108
-0.956450432738635
-0.501295010989949
0.222520933956274
0.827080574274547
0.988380467458435
0.619974682979107
-0.080695973575183
-0.738118997487327
-0.999959716170870
-0.725889056058898
-0.062790519529341
0.633959526508129
0.990949761767930
0.816857349838977
0.204984153792252
-0.516746808235964
-0.961536119504143
-0.891006524188381
-0.342957157654173
0.388894256356568
0.912324417231437
0.946809845192925
0.473868662473031
-0.253034359076110
-0.844327925501996
-0.983118320656129
-0.595023196102062
0.111964476103264
0.758946694294536
0.999184357885975
0.703926182748962
0.031410759078166
-0.657938725939695
-0.994677156652774
-0.798335306372712
-0.174139245707419
0.543383777794768
0.969689520376679
0.876306680043882
0.313282199597456
-0.417640539972096
-0.924735945302231
-0.936234870639749
-0.445974662797085
0.283298069832692
0.860742027003920
0.976885954764653
0.569484493168462
-0.143122483211066
-0.779025402343222
-0.997422925272835
-0.681268619282670
-0.000000000000048
0.681268619282642
0.997422925272832
0.779025402343282
0.143122483211160
-0.569484493168431
-0.976885954764645
-0.860742027003969
-0.283298069832783
0.445974662797051
0.936234870639715
0.924735945302257
0.417640539972157
-0.313282199597420
-0.876306680043837
-0.969689520376695
-0.543383777794824
0.174139245707326
0.798335306372672
0.994677156652781
0.657938725939724
-0.031410759078071
-0.703926182748915
-0.999184357885972
-0.758946694294561
-0.111964476103358
0.595023196102008
0.983118320656122
0.844327925502047
0.253034359076175
-0.473868662472973
-0.946809845192913
-0.912324417231476
-0.388894256356630
0.342957157654110
0.891006524188338
0.961536119504161
0.516746808236021
-0.204984153792214
-0.816857349838922
-0.990949761767939
-0.633959526508181
0.062790519529303
0.725889056058853
0.999959716170870
0.738118997487353
0.080695973575278
-0.619974682979055
-0.988380467458425
-0.827080574274568
-0.222520933956367
0.501295010989891
0.956450432738624
0.899012535107150
0.359764181061851
-0.372293658401915
-0.904827052466012
-0.952433798569339
-0.489599871965088
0.235626767265290
0.834573253721265
0.986244419107048
0.609354685562836
-0.094108313318495
-0.747135564508108
-0.999748234942507
-0.716562866343812
-0.049347833863764
0.644314329694452
0.992667202067968
0.809016994374960
0.191787907540023
-0.528226641853043
-0.965147119180883
-0.884813436149745
-0.330279061955221
0.401262750256435
0.917754625683970
0.942391540464056
0.461969759730635
-0.266036845566640
-0.851465534561465
-0.980565772275231
-0.584148485111123
0.125333233564275
0.767644740358002
0.998550122907323
0.694299574162873
0.017950993798120
-0.668018115955453
-0.995974293995234
-0.790155012375710
-0.160865609613715
0.554636976794261
0.972891321940134
0.869741133155707
0.300467997289516
-0.429835844221492
-0.929776485888237
-0.931419255684625
-0.433883739117613
0.296184377620434
0.867517521717702
0.973919425411319
0.558365800629707
-0.156434465040192
-0.787396343527997
-0.996366562457248
-0.671351092126039
0.013463561731153
0.691062648986852
0.998298479539761
0.770513242775815
0.129784556752315
-0.580499952001518
-0.979675398423224
-0.853810500668365
-0.270360406986372
0.457984742103013
0.940880768954209
0.919527772551461
0.405369527637500
-0.326039611452289
-0.882713373816664
-0.966311937657229
-0.532032076515391
0.187381314585677
0.806370881570443
0.993199708502820
0.647740067614477
-0.044864830350472
-0.713425186616663
-0.999637465011018
-0.750111069630493
-0.098575422202479
0.605790043840803
0.985492653565715
0.837037260298654
0.239986003602595
-0.485681664337246
-0.951056516295136
-0.906728826522724
-0.376455265374413
0.355573083550881
0.897038094386946
0.957750816684939
0.505173300974564
-0.218143241396485
-0.824549628907116
-0.989052686346547
-0.623489801858786
0.076221822798833
0.735083659720151
0.999989928992004
0.728968627421453
0.067269005612085
-0.630482294044690
-0.990337346439108
-0.819437965209763
-0.209374763007123
0.512899277405885
0.960293685676924
