1.000000000000000
0.134233265817656
-0.963962860695853
-0.393025031653924
0.858448793601866
0.623489801858734
-0.691062648986864
-0.809016994374948
0.473868662472998
0.936234870639737
-0.222520933956314
-0.995974293995239
-0.044864830350516
0.983929588598630
0.309016994374948
-0.900968867902419
-0.550896981452103
0.753071466003610
0.753071466003612
-0.550896981452102
-0.900968867902420
0.309016994374946
0.983929588598630
-0.044864830350514
-0.995974293995239
-0.222520933956316
0.936234870639737
0.473868662473000
-0.809016994374946
-0.691062648986866
0.623489801858732
0.858448793601867
-0.393025031653922
-0.963962860695854
0.134233265817654
1.000000000000000
0.134233265817657
-0.963962860695853
-0.393025031653926
0.858448793601865
0.623489801858735
-0.691062648986863
-0.809016994374949
0.473868662472997
0.936234870639738
-0.222520933956312
-0.995974293995239
-0.044864830350518
0.983929588598629
0.309016994374950
-0.900968867902418
-0.550896981452105
0.753071466003609
0.753071466003613
-0.550896981452100
-0.900968867902420
0.309016994374944
0.983929588598630
-0.044864830350512
-0.995974293995239
-0.222520933956318
0.936234870639736
0.473868662473002
-0.809016994374945
-0.691062648986867
0.623489801858731
0.858448793601868
-0.393025031653920
-0.963962860695854
0.134233265817652
1.000000000000000
0.134233265817659
-0.963962860695852
-0.393025031653927
0.858448793601864
0.623489801858737
-0.691062648986862
-0.809016994374950
0.473868662472995
0.936234870639739
-0.222520933956310
-0.995974293995239
-0.044864830350520
0.983929588598629
0.309016994374952
-0.900968867902417
-0.550896981452107
0.753071466003608
0.753071466003614
-0.550896981452098
-0.900968867902421
0.309016994374943
0.983929588598631
-0.044864830350510
-0.995974293995239
-0.222520933956320
0.936234870639735
0.473868662473003
-0.809016994374944
-0.691062648986869
0.623489801858729
0.858448793601869
-0.393025031653918
-0.963962860695855
0.134233265817650
1.000000000000000
0.134233265817661
-0.963962860695852
-0.393025031653929
0.858448793601863
0.623489801858738
-0.691062648986860
-0.809016994374951
0.473868662472993
0.936234870639739
-0.222520933956308
-0.995974293995240
-0.044864830350521
0.983929588598628
0.309016994374954
-0.900968867902416
-0.550896981452108
0.753071466003606
0.753071466003616
-0.550896981452097
-0.900968867902422
0.309016994374941
0.983929588598631
-0.044864830350508
-0.995974293995238
-0.222520933956321
0.936234870639735
0.473868662473005
-0.809016994374943
-0.691062648986870
0.623489801858728
0.858448793601870
-0.393025031653917
-0.963962860695855
0.134233265817648
1.000000000000000
0.134233265817663
-0.963962860695851
-0.393025031653931
0.858448793601862
0.623489801858740
-0.691062648986859
-0.809016994374952
0.473868662472991
0.936234870639740
-0.222520933956306
-0.995974293995240
-0.044864830350523
0.983929588598628
0.309016994374956
-0.900968867902415
-0.550896981452110
0.753071466003605
0.753071466003617
-0.550896981452095
-0.900968867902423
0.309016994374939
0.983929588598631
-0.044864830350506
-0.995974293995238
-0.222520933956323
0.936234870639734
0.473868662473007
-0.809016994374942
-0.691062648986872
0.623489801858726
0.858448793601871
-0.393025031653915
-0.963962860695856
0.134233265817646
1.000000000000000
0.134233265817665
-0.963962860695851
-0.393025031653933
0.858448793601861
0.623489801858741
-0.691062648986857
-0.809016994374953
0.473868662472990
0.936234870639741
-0.222520933956304
-0.995974293995240
-0.044864830350525
0.983929588598628
0.309016994374957
-0.900968867902414
-0.550896981452111
0.753071466003604
0.753071466003618
-0.550896981452093
-0.900968867902424
0.309016994374937
0.983929588598632
-0.044864830350504
-0.995974293995238
-0.222520933956325
0.936234870639733
0.473868662473009
-0.809016994374941
-0.691062648986873
0.623489801858725
0.858448793601872
-0.393025031653913
-0.963962860695856
0.134233265817644
1.000000000000000
0.134233265817667
-0.963962860695850
-0.393025031653935
0.858448793601860
0.623489801858743
-0.691062648986856
-0.809016994374955
0.473868662472988
0.936234870639742
-0.222520933956302
-0.995974293995240
-0.044864830350527
0.983929588598627
0.309016994374959
-0.900968867902414
-0.550896981452113
0.753071466003603
0.753071466003619
-0.550896981452092
-0.900968867902425
0.309016994374935
0.983929588598632
-0.044864830350502
-0.995974293995238
-0.222520933956327
0.936234870639733
0.473868662473010
-0.809016994374940
-0.691062648986874
0.623489801858723
0.858448793601873
-0.393025031653911
-0.963962860695857
0.134233265817642
1.000000000000000
0.134233265817669
-0.963962860695850
-0.393025031653936
0.858448793601859
0.623489801858744
-0.691062648986855
-0.809016994374956
0.473868662472986
0.936234870639742
-0.222520933956300
-0.995974293995240
-0.044864830350529
0.983929588598627
0.309016994374961
-0.900968867902413
-0.550896981452115
0.753071466003601
0.753071466003621
-0.550896981452090
-0.900968867902426
0.309016994374933
0.983929588598632
-0.044864830350500
-0.995974293995238
-0.222520933956329
0.936234870639732
0.473868662473012
-0.809016994374938
-0.691062648986876
0.623489801858721
0.858448793601874
-0.393025031653909
-0.963962860695857
0.134233265817640
1.000000000000000
0.134233265817671
-0.963962860695849
-0.393025031653938
0.858448793601858
0.623489801858746
-0.691062648986853
-0.809016994374957
0.473868662472984
0.936234870639743
-0.222520933956299
-0.995974293995241
-0.044864830350531
0.983929588598627
0.309016994374963
-0.900968867902412
-0.550896981452116
0.753071466003600
0.753071466003622
-0.550896981452089
-0.900968867902426
0.309016994374931
0.983929588598633
-0.044864830350498
-0.995974293995238
-0.222520933956331
0.936234870639731
0.473868662473014
-0.809016994374937
-0.691062648986877
0.623489801858720
0.858448793601875
-0.393025031653908
-0.963962860695858
0.134233265817638
1.000000000000000
0.134233265817673
-0.963962860695849
-0.393025031653940
0.858448793601857
0.623489801858748
-0.691062648986852
-0.809016994374958
0.473868662472983
0.936234870639744
-0.222520933956297
-0.995974293995241
-0.044864830350533
0.983929588598626
0.309016994374965
-0.900968867902411
-0.550896981452118
0.753071466003599
0.753071466003623
-0.550896981452087
-0.900968867902427
0.309016994374930
0.983929588598633
-0.044864830350496
-0.995974293995237
-0.222520933956333
0.936234870639731
0.473868662473016
-0.809016994374936
-0.691062648986879
0.623489801858718
0.858448793601876
-0.393025031653906
-0.963962860695858
0.134233265817636
1.000000000000000
0.134233265817675
-0.963962860695848
-0.393025031653942
0.858448793601856
0.623489801858749
-0.691062648986850
-0.809016994374993
0.473868662472981
0.936234870639724
-0.222520933956295
-0.995974293995246
-0.044864830350535
0.983929588598636
0.309016994374967
-0.900968867902386
-0.550896981452120
0.753071466003635
0.753071466003625
-0.550896981452038
-0.900968867902428
0.309016994374982
0.983929588598633
-0.044864830350437
-0.995974293995237
-0.222520933956279
0.936234870639730
0.473868662473067
-0.809016994374935
-0.691062648986839
0.623489801858717
0.858448793601906
-0.393025031653904
-0.963962860695844
0.134233265817634
1.000000000000000
0.134233265817677
-0.963962860695863
-0.393025031653944
0.858448793601826
0.623489801858751
-0.691062648986890
-0.809016994374960
0.473868662472929
0.936234870639745
-0.222520933956348
-0.995974293995241
-0.044864830350594
0.983929588598626
0.309016994374915
-0.900968867902409
-0.550896981452169
0.753071466003596
0.753071466003588
-0.550896981452084
-0.900968867902454
0.309016994374926
0.983929588598624
-0.044864830350492
-0.995974293995232
-0.222520933956337
0.936234870639749
0.473868662473019
-0.809016994374900
-0.691062648986881
0.623489801858760
0.858448793601878
-0.393025031653850
-0.963962860695860
0.134233265817689
1.000000000000000
0.134233265817735
-0.963962860695847
-0.393025031653893
0.858448793601854
0.623489801858797
-0.691062648986847
-0.809016994374928
0.473868662472978
0.936234870639766
-0.222520933956291
-0.995974293995236
-0.044864830350539
0.983929588598615
0.309016994374971
-0.900968867902433
-0.550896981452123
0.753071466003557
0.753071466003627
-0.550896981452129
-0.900968867902430
0.309016994374870
0.983929588598634
-0.044864830350547
-0.995974293995237
-0.222520933956394
0.936234870639728
0.473868662472971
-0.809016994374933
-0.691062648986924
0.623489801858714
0.858448793601850
-0.393025031653900
-0.963962860695875
0.134233265817630
1.000000000000000
0.134233265817681
-0.963962860695831
-0.393025031653947
0.858448793601882
0.623489801858754
-0.691062648986805
-0.809016994374963
0.473868662473026
0.936234870639746
-0.222520933956234
-0.995974293995241
-0.044864830350484
0.983929588598625
0.309016994375026
-0.900968867902408
-0.550896981452077
0.753071466003594
0.753071466003666
-0.550896981452080
-0.900968867902406
0.309016994374922
0.983929588598645
-0.044864830350488
-0.995974293995242
-0.222520933956341
0.936234870639708
0.473868662473022
-0.809016994374965
-0.691062648986884
0.623489801858668
0.858448793601880
-0.393025031653951
-0.963962860695861
0.134233265817572
1.000000000000000
0.134233265817626
-0.963962860695846
-0.393025031654001
0.858448793601852
0.623489801858711
-0.691062648986845
-0.809016994374997
0.473868662472974
0.936234870639727
-0.222520933956287
-0.995974293995247
-0.044864830350543
0.983929588598635
0.309016994374974
-0.900968867902382
-0.550896981452126
0.753071466003630
0.753071466003630
-0.550896981452031
-0.900968867902431
0.309016994374974
0.983929588598635
-0.044864830350429
-0.995974293995236
-0.222520933956287
0.936234870639727
0.473868662473074
-0.809016994374930
-0.691062648986845
0.623489801858711
0.858448793601910
-0.393025031653897
-0.963962860695846
0.134233265817626
1.000000000000000
0.134233265817685
-0.963962860695861
-0.393025031653951
0.858448793601822
0.623489801858757
-0.691062648986884
-0.809016994374965
0.473868662472922
0.936234870639748
-0.222520933956341
-0.995974293995242
-0.044864830350602
0.983929588598624
0.309016994374922
-0.900968867902406
-0.550896981452175
0.753071466003591
0.753071466003594
-0.550896981452077
-0.900968867902457
0.309016994374918
0.983929588598625
-0.044864830350484
-0.995974293995231
-0.222520933956344
0.936234870639746
0.473868662473026
-0.809016994374896
-0.691062648986887
0.623489801858754
0.858448793601882
-0.393025031653843
-0.963962860695862
0.134233265817681
1.000000000000000
0.134233265817743
-0.963962860695845
-0.393025031653900
0.858448793601850
0.623489801858803
-0.691062648986842
-0.809016994374933
0.473868662472971
0.936234870639768
-0.222520933956283
-0.995974293995237
-0.044864830350547
0.983929588598614
0.309016994374978
-0.900968867902430
-0.550896981452129
0.753071466003552
0.753071466003632
-0.550896981452123
-0.900968867902433
0.309016994374862
0.983929588598635
-0.044864830350539
-0.995974293995236
-0.222520933956402
0.936234870639726
0.473868662472978
-0.809016994374928
-0.691062648986930
0.623489801858708
0.858448793601854
-0.393025031653893
-0.963962860695877
0.134233265817623
1.000000000000000
0.134233265817689
-0.963962860695829
-0.393025031653954
0.858448793601878
0.623489801858760
-0.691062648986799
-0.809016994374967
0.473868662473019
0.936234870639749
-0.222520933956226
-0.995974293995242
-0.044864830350492
0.983929588598624
0.309016994375034
-0.900968867902404
-0.550896981452084
0.753071466003588
0.753071466003671
-0.550896981452074
-0.900968867902409
0.309016994374915
0.983929588598646
-0.044864830350480
-0.995974293995241
-0.222520933956348
0.936234870639705
0.473868662473029
-0.809016994374960
-0.691062648986890
0.623489801858662
0.858448793601884
-0.393025031653944
-0.963962860695863
0.134233265817564
1.000000000000000
0.134233265817634
-0.963962860695844
-0.393025031654008
0.858448793601848
0.623489801858717
-0.691062648986839
-0.809016994375002
0.473868662472967
0.936234870639730
-0.222520933956279
-0.995974293995247
-0.044864830350551
0.983929588598633
0.309016994374982
-0.900968867902379
-0.550896981452133
0.753071466003625
0.753071466003635
-0.550896981452025
-0.900968867902435
0.309016994374967
0.983929588598636
-0.044864830350422
-0.995974293995236
-0.222520933956295
0.936234870639724
0.473868662473081
-0.809016994374926
-0.691062648986850
0.623489801858705
0.858448793601914
-0.393025031653890
-0.963962860695848
0.134233265817619
1.000000000000000
0.134233265817692
-0.963962860695858
-0.393025031653958
0.858448793601818
0.623489801858763
-0.691062648986879
-0.809016994374970
0.473868662472915
0.936234870639750
-0.222520933956333
-0.995974293995242
-0.044864830350610
0.983929588598623
0.309016994374930
-0.900968867902403
-0.550896981452182
0.753071466003586
0.753071466003599
-0.550896981452071
-0.900968867902460
0.309016994374911
0.983929588598626
-0.044864830350476
-0.995974293995231
-0.222520933956352
0.936234870639744
0.473868662473033
-0.809016994374891
-0.691062648986893
0.623489801858748
0.858448793601886
-0.393025031653835
-0.963962860695864
0.134233265817673
1.000000000000000
0.134233265817751
-0.963962860695843
-0.393025031653908
0.858448793601846
0.623489801858809
-0.691062648986836
-0.809016994374937
0.473868662472964
0.936234870639771
-0.222520933956276
-0.995974293995238
-0.044864830350555
0.983929588598612
0.309016994375094
-0.900968867902426
-0.550896981452136
0.753071466003547
0.753071466003563
-0.550896981452116
-0.900968867902437
0.309016994374855
0.983929588598657
-0.044864830350531
-0.995974293995235
-0.222520933956409
0.936234870639763
0.473868662472984
-0.809016994374923
-0.691062648986935
0.623489801858613
0.858448793601858
-0.393025031653886
-0.963962860695879
0.134233265817727
1.000000000000000
0.134233265817696
-0.963962860695827
-0.393025031654066
0.858448793601874
0.623489801858766
-0.691062648986794
-0.809016994374905
0.473868662473012
0.936234870639752
-0.222520933956218
-0.995974293995253
-0.044864830350500
0.983929588598622
0.309016994375041
-0.900968867902450
-0.550896981452090
0.753071466003583
0.753071466003676
-0.550896981451972
-0.900968867902413
0.309016994374907
0.983929588598647
-0.044864830350586
-0.995974293995240
-0.222520933956356
0.936234870639702
0.473868662473136
-0.809016994374956
-0.691062648986896
0.623489801858656
0.858448793601830
-0.393025031653936
-0.963962860695865
0.134233265817556
1.000000000000000
0.134233265817642
-0.963962860695842
-0.393025031654016
0.858448793601902
0.623489801858723
-0.691062648986833
-0.809016994375006
0.473868662472860
0.936234870639733
-0.222520933956272
-0.995974293995248
-0.044864830350445
0.983929588598632
0.309016994374989
-0.900968867902375
-0.550896981452234
0.753071466003619
0.753071466003640
-0.550896981452018
-0.900968867902389
0.309016994374959
0.983929588598638
-0.044864830350414
-0.995974293995225
-0.222520933956302
0.936234870639722
0.473868662473088
-0.809016994374988
-0.691062648986856
0.623489801858699
0.858448793601918
-0.393025031653778
-0.963962860695850
0.134233265817611
1.000000000000000
0.134233265817588
-0.963962860695856
-0.393025031653965
0.858448793601814
0.623489801858858
-0.691062648986873
-0.809016994374974
0.473868662472909
0.936234870639713
-0.222520933956325
-0.995974293995243
-0.044864830350617
0.983929588598601
0.309016994374937
-0.900968867902399
-0.550896981452188
0.753071466003655
0.753071466003604
-0.550896981452064
-0.900968867902464
0.309016994374795
0.983929588598628
-0.044864830350469
-0.995974293995230
-0.222520933956249
0.936234870639741
0.473868662473040
-0.809016994374887
-0.691062648986981
0.623489801858741
0.858448793601890
-0.393025031653828
-0.963962860695835
0.134233265817665
1.000000000000000
0.134233265817758
-0.963962860695810
-0.393025031653915
0.858448793601842
0.623489801858815
-0.691062648986913
-0.809016994374942
0.473868662472957
0.936234870639774
-0.222520933956157
-0.995974293995238
-0.044864830350563
0.983929588598611
0.309016994374885
-0.900968867902423
-0.550896981452142
0.753071466003542
0.753071466003717
-0.550896981452110
-0.900968867902440
0.309016994374848
0.983929588598618
-0.044864830350523
-0.995974293995235
-0.222520933956417
0.936234870639680
0.473868662472991
-0.809016994374919
-0.691062648986941
0.623489801858784
0.858448793601862
-0.393025031653879
-0.963962860695881
0.134233265817494
1.000000000000000
0.134233265817704
-0.963962860695825
-0.393025031653864
0.858448793601870
0.623489801858772
-0.691062648986788
-0.809016994375043
0.473868662473005
0.936234870639755
-0.222520933956211
-0.995974293995233
-0.044864830350508
0.983929588598621
0.309016994375049
-0.900968867902348
-0.550896981452097
0.753071466003578
0.753071466003681
-0.550896981452156
-0.900968867902416
0.309016994374900
0.983929588598649
-0.044864830350351
-0.995974293995240
-0.222520933956364
0.936234870639699
0.473868662472943
-0.809016994374951
-0.691062648986901
0.623489801858649
0.858448793601950
-0.393025031653929
-0.963962860695867
0.134233265817549
1.000000000000000
0.134233265817650
-0.963962860695840
-0.393025031654023
0.858448793601782
0.623489801858729
-0.691062648986828
-0.809016994375011
0.473868662473054
0.936234870639735
-0.222520933956264
-0.995974293995249
-0.044864830350680
0.983929588598631
0.309016994374997
-0.900968867902372
-0.550896981452051
0.753071466003614
0.753071466003645
-0.550896981452012
-0.900968867902491
0.309016994374952
0.983929588598639
-0.044864830350406
-0.995974293995245
-0.222520933956310
0.936234870639719
0.473868662473095
-0.809016994374850
-0.691062648986862
0.623489801858692
0.858448793601922
-0.393025031653980
-0.963962860695852
0.134233265817603
1.000000000000000
0.134233265817821
-0.963962860695854
-0.393025031653972
0.858448793601810
0.623489801858686
-0.691062648986867
-0.809016994374979
0.473868662472902
0.936234870639796
-0.222520933956318
-0.995974293995244
-0.044864830350625
0.983929588598640
0.309016994374944
-0.900968867902396
-0.550896981452195
0.753071466003501
0.753071466003609
-0.550896981452057
-0.900968867902467
0.309016994375004
0.983929588598629
-0.044864830350461
-0.995974293995229
-0.222520933956478
0.936234870639738
0.473868662473047
-0.809016994374882
-0.691062648986822
0.623489801858735
0.858448793601894
-0.393025031653821
-0.963962860695898
0.134233265817657
1.000000000000000
0.134233265817766
-0.963962860695869
-0.393025031653922
0.858448793601838
0.623489801858821
-0.691062648986743
-0.809016994374946
0.473868662472950
0.936234870639777
-0.222520933956371
-0.995974293995239
-0.044864830350570
0.983929588598610
0.309016994375108
-0.900968867902420
-0.550896981452149
0.753071466003537
0.753071466003573
-0.550896981452103
-0.900968867902443
0.309016994374840
0.983929588598660
-0.044864830350516
-0.995974293995234
-0.222520933956425
0.936234870639757
0.473868662472998
-0.809016994374914
-0.691062648986947
0.623489801858600
0.858448793601866
-0.393025031653872
-0.963962860695884
0.134233265817712
1.000000000000000
0.134233265817712
-0.963962860695823
-0.393025031654081
0.858448793601866
0.623489801858778
-0.691062648986782
-0.809016994374914
0.473868662472998
