0.999999999999999
-0.441953229673226
-0.609354685562808
0.980565772275219
-0.257373734365301
-0.753071466003610
0.923018467515396
-0.062790519529311
-0.867517521717718
0.829594860571830
0.134233265817656
-0.948244511287227
0.703926182748942
0.326039611452344
-0.992114701314478
0.550896981452098
0.505173300974504
-0.997422925272833
0.376455265374389
0.664671684553427
-0.963962860695852
0.187381314585717
0.798335306372705
-0.893035048612881
-0.008975858481004
0.900968867902421
-0.787396343528008
-0.204984153792234
0.968583161128633
-0.651152758743565
-0.393025031653932
0.998550122907320
-0.489599871965045
-0.565789633582226
0.989704983719633
-0.309016994374934
-0.716562866343796
0.942391540464030
-0.116423103505818
-0.839484407258082
0.858448793601864
0.080695973575227
-0.929776485888256
0.741139468049848
0.274678522802404
-0.983929588598630
0.595023196102026
0.457984742103072
-0.999838867929057
0.425779291565055
0.623489801858741
-0.976885954764643
0.239986003602556
0.764760776027608
-0.915962993388162
0.044864830350500
0.876306680043873
-0.819437965209723
-0.152000169561287
0.953791896906695
-0.691062648986850
-0.342957157654142
0.994204695916452
-0.535826794978988
-0.520583930743622
0.995974293995236
-0.359764181061779
-0.677976410513226
0.959031909598961
-0.169718089100649
-0.809016994374962
0.884813436149735
0.026924682845674
-0.908612337232881
0.776203631076337
0.222520933956344
-0.972891321940146
0.637423989748677
0.409468140058910
-0.999355523643321
0.473868662472993
0.580499952001583
-0.986976319697492
0.291894792201008
0.728968627421433
-0.936234870639733
0.098575422202427
0.849103418222205
-0.849103418222177
-0.098575422202479
0.936234870639741
-0.728968627421397
-0.291894792201059
0.986976319697500
-0.580499952001563
-0.473868662473014
0.999355523643319
-0.409468140058862
-0.637423989748718
0.972891321940140
-0.222520933956293
-0.776203631076370
0.908612337232859
-0.026924682845650
-0.884813436149747
0.809016994374931
0.169718089100701
-0.959031909598976
0.677976410513208
0.359764181061829
-0.995974293995241
0.520583930743577
0.535826794979032
-0.994204695916448
0.342957157654105
0.691062648986889
-0.953791896906679
0.152000169561249
0.819437965209745
-0.876306680043848
-0.044864830350553
0.915962993388183
-0.764760776027583
-0.239986003602594
0.976885954764654
-0.623489801858700
-0.425779291565090
0.999838867929058
-0.457984742103038
-0.595023196102045
0.983929588598620
-0.274678522802367
-0.741139468049894
0.929776485888237
-0.080695973575202
-0.858448793601891
0.839484407258061
0.116423103505885
-0.942391540464047
0.716562866343778
0.309016994374998
-0.989704983719638
0.565789633582206
0.489599871965091
-0.998550122907319
0.393025031653870
0.651152758743600
-0.968583161128627
0.204984153792182
0.787396343528028
-0.900968867902392
0.008975858480958
0.893035048612893
-0.798335306372669
-0.187381314585755
0.963962860695870
-0.664671684553392
-0.376455265374412
0.997422925272837
-0.505173300974471
-0.550896981452113
0.992114701314471
-0.326039611452317
-0.703926182748987
0.948244511287213
-0.134233265817639
-0.829594860571859
0.867517521717702
0.062790519529378
-0.923018467515413
0.753071466003597
0.257373734365356
-0.980565772275226
0.609354685562753
0.441953229673268
-0.999999999999999
0.441953229673173
0.609354685562837
-0.980565772275205
0.257373734365253
0.753071466003629
-0.923018467515372
0.062790519529272
0.867517521717726
-0.829594860571800
-0.134233265817687
0.948244511287247
-0.703926182748912
-0.326039611452364
0.992114701314484
-0.550896981452072
-0.505173300974562
0.997422925272829
-0.376455265374366
-0.664671684553471
0.963962860695842
-0.187381314585651
-0.798335306372733
0.893035048612870
0.008975858481064
-0.900968867902437
0.787396343527962
0.204984153792286
-0.968583161128639
0.651152758743520
0.393025031653968
-0.998550122907321
0.489599871964999
0.565789633582246
-0.989704983719623
0.309016994374897
0.716562866343813
-0.942391540464012
0.116423103505780
0.839484407258119
-0.858448793601836
-0.080695973575251
0.929776485888276
-0.741139468049822
-0.274678522802469
0.983929588598639
-0.595023196102006
-0.457984742103132
0.999838867929056
-0.425779291564994
-0.623489801858783
0.976885954764638
-0.239986003602491
-0.764760776027633
0.915962993388152
-0.044864830350447
-0.876306680043885
0.819437965209685
0.152000169561325
-0.953791896906702
0.691062648986812
0.342957157654178
-0.994204695916460
0.535826794978943
0.520583930743643
-0.995974293995231
0.359764181061756
0.677976410513285
-0.959031909598946
0.169718089100625
0.809016994374994
-0.884813436149711
-0.026924682845699
0.908612337232903
-0.776203631076322
-0.222520933956396
0.972891321940158
-0.637423989748658
-0.409468140058958
0.999355523643324
-0.473868662472971
-0.580499952001626
0.986976319697478
-0.291894792201012
-0.728968627421450
0.936234870639704
-0.098575422202431
-0.849103418222218
0.849103418222149
0.098575422202560
-0.936234870639750
0.728968627421360
0.291894792201137
-0.986976319697499
0.580499952001520
0.473868662473086
-0.999355523643320
0.409468140058839
0.637423989748759
-0.972891321940115
0.222520933956269
0.776203631076404
-0.908612337232825
0.026924682845625
0.884813436149771
-0.809016994374884
-0.169718089100697
0.959031909598983
-0.677976410513148
-0.359764181061825
0.995974293995243
-0.520583930743532
-0.535826794979101
0.994204695916446
-0.342957157654056
-0.691062648986947
0.953791896906680
-0.152000169561196
-0.819437965209792
0.876306680043849
0.044864830350577
-0.915962993388205
0.764760776027512
0.239986003602618
-0.976885954764666
0.623489801858637
0.425779291565112
-0.999838867929059
0.457984742102966
0.595023196102065
-0.983929588598616
0.274678522802289
0.741139468049872
-0.929776485888228
0.080695973575121
0.858448793601932
-0.839484407258048
-0.116423103505909
0.942391540464075
-0.716562866343761
-0.309016994375021
0.989704983719650
-0.565789633582186
-0.489599871965112
0.998550122907314
-0.393025031653900
-0.651152758743619
0.968583161128606
-0.204984153792103
-0.787396343528043
0.900968867902381
-0.008975858480877
-0.893035048612904
0.798335306372654
0.187381314585834
-0.963962860695861
0.664671684553374
0.376455265374487
-0.997422925272843
0.505173300974449
0.550896981452180
-0.992114701314461
0.326039611452294
0.703926182749005
-0.948244511287187
0.134233265817615
0.829594860571873
-0.867517521717661
-0.062790519529345
0.923018467515422
-0.753071466003543
-0.257373734365434
0.980565772275230
-0.609354685562734
-0.441953229673341
0.999999999999999
-0.441953229673151
-0.609354685562902
0.980565772275211
-0.257373734365230
-0.753071466003682
0.923018467515341
-0.062790519529248
-0.867517521717767
0.829594860571755
0.134233265817712
-0.948244511287255
0.703926182748854
0.326039611452387
-0.992114701314487
0.550896981452004
0.505173300974534
-0.997422925272828
0.376455265374291
0.664671684553532
-0.963962860695835
0.187381314585627
0.798335306372782
-0.893035048612859
-0.008975858481089
0.900968867902473
-0.787396343527982
-0.204984153792310
0.968583161128659
-0.651152758743458
-0.393025031653990
0.998550122907326
-0.489599871964928
-0.565789633582266
0.989704983719620
-0.309016994374820
-0.716562866343830
0.942391540464004
-0.116423103505699
-0.839484407258101
0.858448793601824
0.080695973575332
-0.929776485888306
0.741139468049806
0.274678522802492
-0.983929588598654
0.595023196101986
0.457984742103154
-0.999838867929055
0.425779291565024
0.623489801858802
-0.976885954764620
0.239986003602412
0.764760776027649
-0.915962993388120
0.044864830350366
0.876306680043897
-0.819437965209671
-0.152000169561406
0.953791896906710
-0.691062648986794
-0.342957157654254
0.994204695916456
-0.535826794978922
-0.520583930743712
0.995974293995224
-0.359764181061733
-0.677976410513303
0.959031909598923
-0.169718089100600
-0.809016994375008
0.884813436149673
0.026924682845723
-0.908612337232913
0.776203631076270
0.222520933956475
-0.972891321940164
0.637423989748596
0.409468140059032
-0.999355523643323
0.473868662472899
0.580499952001693
-0.986976319697484
0.291894792200934
0.728968627421505
-0.936234870639715
0.098575422202350
0.849103418222261
-0.849103418222106
-0.098575422202528
0.936234870639779
-0.728968627421305
-0.291894792201106
0.986976319697513
-0.580499952001454
-0.473868662473057
0.999355523643317
-0.409468140058765
-0.637423989748821
0.972891321940122
-0.222520933956189
-0.776203631076455
0.908612337232838
-0.026924682845544
-0.884813436149809
0.809016994374902
0.169718089100777
-0.959031909599006
0.677976410513172
0.359764181061901
-0.995974293995250
0.520583930743462
0.535826794979074
-0.994204695916437
0.342957157653979
0.691062648986924
-0.953791896906656
0.152000169561116
0.819437965209774
-0.876306680043810
-0.044864830350658
0.915962993388192
-0.764760776027533
-0.239986003602696
0.976885954764683
-0.623489801858662
-0.425779291565186
0.999838867929060
-0.457984742102994
-0.595023196102130
0.983929588598602
-0.274678522802320
-0.741139468049926
0.929776485888198
-0.080695973575040
-0.858448793601916
0.839484407258004
0.116423103505990
-0.942391540464064
0.716562866343705
0.309016994375099
-0.989704983719645
0.565789633582119
0.489599871965183
-0.998550122907316
0.393025031653825
0.651152758743680
-0.968583161128586
0.204984153792135
0.787396343528093
-0.900968867902346
0.008975858480909
0.893035048612940
-0.798335306372605
-0.187381314585803
0.963962860695883
-0.664671684553313
-0.376455265374562
0.997422925272849
-0.505173300974477
-0.550896981452153
0.992114701314465
-0.326039611452217
-0.703926182749062
0.948244511287161
-0.134233265817421
-0.829594860571855
0.867517521717678
0.062790519529427
-0.923018467515453
0.753071466003490
0.257373734365513
-0.980565772275224
0.609354685562760
0.441953229673312
-0.999999999999999
0.441953229673078
0.609354685562966
-0.980565772275173
0.257373734365261
0.753071466003661
-0.923018467515353
0.062790519529166
0.867517521717807
-0.829594860571709
-0.134233265817680
0.948244511287244
-0.703926182748877
-0.326039611452464
0.992114701314497
-0.550896981451936
-0.505173300974702
0.997422925272830
-0.376455265374321
-0.664671684553508
0.963962860695813
-0.187381314585547
-0.798335306372831
0.893035048612772
0.008975858481056
-0.900968867902459
0.787396343527932
0.204984153792390
-0.968583161128679
0.651152758743396
0.393025031653960
-0.998550122907324
0.489599871964956
0.565789633582333
-0.989704983719608
0.309016994374743
0.716562866343966
-0.942391540464015
0.116423103505731
0.839484407258145
-0.858448793601782
-0.080695973575413
0.929776485888336
-0.741139468049828
-0.274678522802461
0.983929588598648
-0.595023196101921
-0.457984742103226
0.999838867929053
-0.425779291564847
-0.623489801858777
0.976885954764627
-0.239986003602443
-0.764760776027701
0.915962993388087
-0.044864830350285
-0.876306680043881
0.819437965209689
0.152000169561374
-0.953791896906734
0.691062648986736
0.342957157654331
-0.994204695916477
0.535826794978950
0.520583930743685
-0.995974293995227
0.359764181061658
0.677976410513363
-0.959031909598900
0.169718089100408
0.809016994374989
-0.884813436149688
-0.026924682845804
0.908612337232947
-0.776203631076219
-0.222520933956554
0.972891321940156
-0.637423989748621
-0.409468140059003
0.999355523643326
-0.473868662472828
-0.580499952001759
0.986976319697452
-0.291894792200965
-0.728968627421483
0.936234870639687
-0.098575422202269
-0.849103418222304
0.849103418222063
0.098575422202496
-0.936234870639767
0.728968627421327
0.291894792201184
-0.986976319697526
0.580499952001388
0.473868662473229
-0.999355523643318
0.409468140058795
0.637423989748797
-0.972891321940104
0.222520933956110
0.776203631076506
-0.908612337232852
0.026924682845576
0.884813436149794
-0.809016994374855
-0.169718089100857
0.959031909599029
-0.677976410513028
-0.359764181061871
0.995974293995247
-0.520583930743490
-0.535826794979142
0.994204695916428
-0.342957157653903
-0.691062648986901
0.953791896906665
-0.152000169561148
-0.819437965209820
0.876306680043771
0.044864830350740
-0.915962993388270
0.764760776027554
0.239986003602665
-0.976885954764676
0.623489801858598
0.425779291565260
-0.999838867929062
0.457984742102821
0.595023196102104
-0.983929588598607
0.274678522802242
0.741139468049981
-0.929776485888168
0.080695973574959
0.858448793601899
-0.839484407258021
-0.116423103505958
0.942391540464091
-0.716562866343648
-0.309016994375176
0.989704983719673
-0.565789633582145
-0.489599871965155
0.998550122907312
-0.393025031653750
-0.651152758743742
0.968583161128566
-0.204984153792166
-0.787396343528073
0.900968867902360
-0.008975858480828
-0.893035048612977
0.798335306372556
0.187381314585994
-0.963962860695874
0.664671684553337
0.376455265374532
-0.997422925272846
0.505173300974309
0.550896981452316
-0.992114701314469
0.326039611452248
0.703926182749039
-0.948244511287172
0.134233265817453
0.829594860571964
-0.867517521717581
-0.062790519529394
0.923018467515441
-0.753071466003511
-0.257373734365482
0.980565772275262
-0.609354685562605
-0.441953229673487
0.999999999999999
-0.441953229673107
-0.609354685562941
0.980565772275179
-0.257373734365073
-0.753071466003789
0.923018467515366
-0.062790519529199
-0.867517521717791
0.829594860571727
0.134233265817873
-0.948244511287306
0.703926182748739
0.326039611452433
-0.992114701314493
0.550896981451963
0.505173300974674
-0.997422925272816
0.376455265374140
0.664671684553484
-0.963962860695822
0.187381314585578
0.798335306372811
-0.893035048612786
-0.008975858481251
0.900968867902543
-0.787396343527952
-0.204984153792358
0.968583161128671
-0.651152758743421
-0.393025031654140
0.998550122907334
-0.489599871964984
-0.565789633582307
0.989704983719613
-0.309016994374774
-0.716562866343943
0.942391540463949
-0.116423103505538
-0.839484407258128
0.858448793601799
0.080695973575381
-0.929776485888324
0.741139468049697
0.274678522802649
-0.983929588598683
0.595023196101947
0.457984742103197
-0.999838867929054
0.425779291564877
0.623489801858929
-0.976885954764586
0.239986003602475
0.764760776027680
-0.915962993388100
0.044864830350317
0.876306680043975
-0.819437965209577
-0.152000169561566
0.953791896906724
-0.691062648986759
-0.342957157654301
0.994204695916474
-0.535826794978785
-0.520583930743851
0.995974293995230
-0.359764181061688
-0.677976410513339
0.959031909598909
-0.169718089100440
-0.809016994375104
0.884813436149597
0.026924682845772
-0.908612337232934
0.776203631076239
0.222520933956523
-0.972891321940201
0.637423989748470
0.409468140058973
-0.999355523643325
0.473868662472856
0.580499952001733
-0.986976319697457
0.291894792200779
0.728968627421617
-0.936234870639698
0.098575422202301
0.849103418222287
-0.849103418222080
-0.098575422202690
0.936234870639836
-0.728968627421349
-0.291894792201153
0.986976319697520
-0.580499952001414
-0.473868662473201
0.999355523643311
-0.409468140058617
-0.637423989748772
0.972891321940111
-0.222520933956142
-0.776203631076486
0.908612337232770
-0.026924682845381
-0.884813436149885
0.809016994374874
0.169718089100825
-0.959031909599020
0.677976410513052
0.359764181062053
-0.995974293995265
0.520583930743517
0.535826794979115
-0.994204695916432
0.342957157653933
0.691062648987042
-0.953791896906607
0.152000169560955
0.819437965209802
-0.876306680043787
-0.044864830350707
0.915962993388257
-0.764760776027428
-0.239986003602854
0.976885954764669
-0.623489801858624
-0.425779291565230
0.999838867929061
-0.457984742102850
-0.595023196102261
0.983929588598572
-0.274678522802273
-0.741139468049959
0.929776485888180
-0.080695973574991
-0.858448793601999
0.839484407257915
0.116423103505926
-0.942391540464080
0.716562866343670
0.309016994375145
-0.989704983719669
0.565789633581984
0.489599871965325
-0.998550122907313
0.393025031653780
0.651152758743717
-0.968583161128574
0.204984153791975
0.787396343528193
-0.900968867902275
0.008975858480860
0.893035048612962
-0.798335306372576
-0.187381314585962
0.963962860695926
-0.664671684553192
-0.376455265374502
0.997422925272844
-0.505173300974337
-0.550896981452289
0.992114701314444
-0.326039611452063
-0.703926182749178
0.948244511287182
-0.134233265817485
-0.829594860571946
0.867517521717597
0.062790519529589
-0.923018467515516
0.753071466003532
0.257373734365450
-0.980565772275256
0.609354685562631
0.441953229673458
-0.999999999999999
0.441953229672932
0.609354685562915
-0.980565772275186
0.257373734365104
0.753071466003768
-0.923018467515291
0.062790519529004
0.867517521717775
-0.829594860571745
-0.134233265817841
0.948244511287296
-0.703926182748762
-0.326039611452617
0.992114701314518
-0.550896981451990
-0.505173300974647
0.997422925272818
-0.376455265374170
-0.664671684553630
0.963962860695770
-0.187381314585387
-0.798335306372792
0.893035048612801
0.008975858481219
-0.900968867902529
0.787396343527832
0.204984153792549
-0.968583161128663
0.651152758743445
0.393025031654110
-0.998550122907333
0.489599871964814
0.565789633582468
-0.989704983719585
0.309016994374804
0.716562866343921
-0.942391540463960
0.116423103505570
0.839484407258234
-0.858448793601699
-0.080695973575349
0.929776485888312
-0.741139468049719
-0.274678522802618
0.983929588598677
-0.595023196101790
-0.457984742103371
0.999838867929055
-0.425779291564906
-0.623489801858904
0.976885954764592
-0.239986003602286
-0.764760776027806
0.915962993388113
-0.044864830350349
-0.876306680043959
0.819437965209596
0.152000169561534
-0.953791896906783
0.691062648986618
0.342957157654270
-0.994204695916470
0.535826794978812
0.520583930743824
-0.995974293995212
0.359764181061506
0.677976410513316
-0.959031909598918
0.169718089100472
0.809016994375085
-0.884813436149612
-0.026924682845967
0.908612337233015
-0.776203631076260
-0.222520933956491
0.972891321940194
-0.637423989748495
-0.409468140059151
0.999355523643332
-0.473868662472684
-0.580499952001706
0.986976319697463
-0.291894792200810
-0.728968627421595
0.936234870639630
-0.098575422202107
-0.849103418222270
0.849103418222097
0.098575422202658
-0.936234870639824
0.728968627421215
0.291894792201339
-0.986976319697552
0.580499952001440
0.473868662473172
-0.999355523643312
0.409468140058646
0.637423989748922
-0.972891321940066
0.222520933956173
0.776203631076465
-0.908612337232784
0.026924682845414
0.884813436149870
-0.809016994374759
-0.169718089101018
0.959031909599010
-0.677976410513076
-0.359764181062022
0.995974293995262
-0.520583930743351
-0.535826794979280
0.994204695916435
-0.342957157653964
-0.691062648987018
0.953791896906616
-0.152000169560987
-0.819437965209913
0.876306680043693
0.044864830350675
-0.915962993388244
0.764760776027449
0.239986003602823
-0.976885954764711
0.623489801858471
0.425779291565407
-0.999838867929060
0.457984742102878
0.595023196102235
-0.983929588598578
0.274678522802085
0.741139468050090
-0.929776485888192
0.080695973575024
0.858448793601983
-0.839484407258056
-0.116423103506120
0.942391540464069
-0.716562866343534
-0.309016994375115
0.989704983719697
-0.565789633582011
-0.489599871965099
0.998550122907303
-0.393025031653810
-0.651152758743865
0.968583161128582
-0.204984153791784
