0.999999999999999
-0.314229169070526
-0.802520058610492
0.818579591429737
0.288076888944377
-0.999623914312565
0.340145095010552
0.785856893175402
-0.834023412112257
-0.261707925628601
0.998495940131151
-0.365805173546810
-0.768602628680524
0.848839904258216
0.235142113102592
-0.996616925885648
0.391190103902747
0.750770243289702
-0.863017923326348
-0.208399433410085
0.993988284916785
-0.416280792260393
-0.732373150012776
0.876546805016554
0.181500001629224
-0.990611994413052
0.441058366122197
0.713425186616687
-0.889416373291295
-0.154464050742599
0.986490593923521
-0.465504188506357
-0.693940605217115
0.901616948029706
0.127311916418560
-0.981627183447666
0.489599871965048
0.673934061558440
-0.913139352308710
-0.100064021715304
0.976025421103625
-0.513327292414895
-0.653420603990118
0.923974919305648
0.072740861719273
-0.969689520376690
0.536668602769461
0.632415662147714
-0.934115498817182
-0.045362988129260
0.962624246950014
-0.559606246363221
-0.610935035347235
0.943553463389690
0.017950993798112
-0.954834915120032
0.582122970157282
0.588994880701253
-0.952281714056374
0.009474502756736
0.946327383799167
-0.604201837716524
-0.566611700966075
0.960293685676939
-0.036892872861805
-0.937108052108960
0.625826241948806
0.543802332128753
-0.967583351875666
0.064283493203985
0.927183854566797
-0.646979917596240
-0.520583930743616
0.974145229574314
-0.091625761342686
-0.916562255869979
0.667646953469545
0.496973961027570
-0.979974383116317
0.118899111206505
0.905251245281021
-0.687811804415952
-0.472990181723985
0.985066427979230
-0.146083028562377
-0.893259330618299
0.707459303011760
0.448650632745113
-0.989417534072674
0.173157066445838
0.880595531856753
-0.726574670970959
-0.423973621602947
0.993024428619196
-0.200100860540535
-0.867269374343293
0.745143530260949
0.398977709638939
-0.995884398615968
0.226894144495846
0.853290881632166
-0.763151913917309
-0.373681698062530
0.997995292875421
-0.253516765170543
-0.838670567945439
0.780586276549363
0.348104613809526
-0.999355523643319
0.279948697791456
0.823419430264560
-0.797433504528563
-0.322265695230528
0.999964067793017
-0.306170061015432
-0.807548940058708
0.813680925852295
0.296184377620502
-0.999820467595024
0.332161131883670
0.791071034656356
-0.829316319675326
-0.269880278599948
0.998924831061299
-0.357902360656661
-0.773998108266248
0.844327925502001
0.243373183359188
-0.997277831864004
0.383374385518996
0.756343002654900
-0.858704452032097
-0.216683029776468
0.994880708828791
-0.408558047142658
-0.738118997487354
0.872435085653901
0.189829893421358
-0.991735265002985
0.433434403098314
0.719339800338691
-0.885509498577847
-0.162833972454323
0.987843866299400
-0.457984742103050
-0.700019536383349
0.897917856604789
0.135715572434351
-0.983209439716745
0.482190598094650
0.680172737770932
-0.909650826523010
-0.108495091045670
0.977835471138035
-0.506033764121133
-0.659814332695197
0.920699583128417
0.081193002755191
-0.971726002708605
0.529496306035527
0.638959634165681
-0.931055815862519
-0.053829843412143
0.964885629795723
-0.552560575985423
-0.617624328489650
0.940711735063524
0.026426194801823
-0.957319497532086
0.575209225687182
0.595824463473307
-0.949660077825412
0.000997330835773
0.949033296945786
-0.597425219474819
-0.573576436351093
0.957894113460906
-0.028420106309663
-0.940033260679742
0.619191847113788
0.550896981452157
-0.965407648564099
0.055821504993117
0.930326158303591
-0.640492736369760
-0.527803157613272
0.972195031668964
-0.083180916338412
-0.919919291221874
0.661311865323624
0.504312335347616
-0.978251157500219
0.110477761379503
0.908820487182111
-0.681633574422532
-0.480442183779367
0.983571470813380
-0.137691508210924
-0.897038094386995
0.701442578258609
0.456210657353200
-0.988151969821048
0.164801687431307
0.884580975215116
-0.720723977066208
-0.431635982329662
0.991989209202996
-0.191787907539929
-0.871458499554927
0.739463267929075
0.406736643075853
-0.995080302697605
0.218629870274399
0.857680537756958
-0.757646355689041
-0.381531368162013
0.997422925272829
-0.245307385878756
-0.843257453209735
0.775259563548020
0.356039116274427
-0.999015314875026
0.271800388289412
0.828200094544563
-0.792289643355168
-0.330279061955245
0.999856273754319
-0.298088950228319
-0.812519787475613
0.808723785571980
0.304270581179889
-0.999945169365512
0.324153298191700
0.796228326281009
-0.824549628907110
-0.278033236783208
0.999281934843869
-0.349973827323112
-0.779337964931517
0.839755269614218
0.251586763744557
-0.997867069055414
0.375531116159658
0.761861407873457
-0.854329270445628
-0.224951054343922
0.995701636221692
-0.400805941240309
-0.743811800472777
0.868260669255097
0.198146143199463
-0.992787265119295
0.425779291565029
0.725202719127453
-0.881538987243229
-0.171192192198049
0.989126147854742
-0.450432382894623
-0.706048161055864
0.894154236839325
0.144109475330063
-0.984721038215639
0.474746671879489
0.686362533768250
-0.906096929213779
-0.116918363439886
0.979575249599359
-0.498703870007454
-0.666160644229954
0.917358081415197
0.089639308903476
-0.973692652520790
0.522285957359864
0.645457687723960
-0.927929223127270
-0.062292830244960
0.967077671701086
-0.545475196165652
-0.624269236421615
0.937802403039804
0.034899496702617
-0.959735282739455
0.568254144143183
0.602611227669423
-0.946970194829489
-0.007479912757857
0.951671008370696
-0.590605667619840
-0.580499952001604
0.955425702745770
-0.019945297363279
-0.942890914311149
0.612512954419479
0.557952040886777
-0.963162566797632
0.047355505202562
0.933401604696235
-0.633959526508067
-0.534984454218246
0.970174967537405
-0.074730093586389
-0.923210217113012
0.654929252387991
0.511614467557252
-0.976457630437983
0.102048472132979
0.912324417231490
-0.675406359231790
-0.487859659138794
0.982005829860174
-0.129290092739982
-0.900752393038735
0.695375444745684
0.463737896649779
-0.986815392607190
0.156434465040172
0.888502848680091
-0.714821488755255
-0.439267323789462
0.990882701063609
-0.183461171813716
-0.875584997912182
0.733729864502843
0.414466346622276
-0.994204695916447
0.210349884345421
0.862008557172580
-0.752086349649466
-0.389353619733314
0.996778878456243
-0.237080377715416
-0.847783738271381
0.769877136972455
0.363948032196888
-0.998603312456591
0.263632546011749
0.832921240710176
-0.787088844750847
-0.338268693368704
0.999676625630461
-0.289986417453490
-0.817432243634123
0.803708526830740
0.312334918512354
-0.999998010662407
0.316122169412921
0.801328397423578
-0.819723682363013
-0.286166214270927
0.999567225815808
-0.342020143325559
-0.784621814930622
0.835122265206112
0.259782263994671
-0.998384595114694
0.367660859476759
0.767325062368378
-0.849892692986807
-0.233202912935630
0.996451008100025
-0.393025031653801
-0.749451149859003
0.864023855812129
0.206448153321052
-0.993767919160606
0.418093581652426
0.731013521647841
-0.877505124625906
-0.179538109315152
0.990337346439132
-0.442847653626917
-0.712026045991054
0.890326359203639
0.152493021882727
-0.986161870314203
0.467268628273023
0.692503004724312
-0.902477915779688
-0.125333233564375
0.981244631459438
-0.491338136832466
-0.672459082520407
0.913950654301038
0.098079173175416
-0.975589328481146
0.515038074910002
0.651909355843860
-0.924735945302181
-0.070751340439924
0.969200215136344
-0.538350616090624
-0.630869281610838
0.934825676395996
0.043370290571419
-0.962082097133201
0.561258225348180
0.609354685562906
-0.944212258375491
-0.015956618811827
0.954240328516321
-0.583743672234720
-0.587381750363351
0.952888630922437
-0.011469055059675
-0.945680807639587
0.605790043840745
0.564967003425053
-0.960848267917766
0.038886102236264
0.936409972729544
-0.627380757516613
-0.542127304479034
0.968085182350376
-0.066273900399872
-0.926434797042910
0.648499573345534
0.518879832893051
-0.974593930820388
0.093611849232697
0.915762783621259
-0.669130606358770
-0.495242074749770
0.980369617633516
-0.120879385912181
-0.904401959647598
0.689258338483855
0.471231809694132
-0.985407898483471
0.148056000577771
0.892360870408516
-0.708867630216844
-0.446867097560413
0.989704983719618
-0.175121251757848
-0.879648572866661
0.727943732009813
0.422166264787539
-0.993257641197446
0.202054781745334
0.866274628848351
-0.746472295365050
-0.397147890634857
0.996063198709697
-0.228836331909723
-0.852249097851448
0.764439383627581
0.371830793207250
-0.998119545996319
0.255445757935720
0.837582529478884
-0.781831482467925
-0.346234015300698
0.999425136331746
-0.281863044974767
-0.822285955503556
0.798635510047255
0.320376810078832
-0.999978987688301
0.308068322699750
0.806370881570543
-0.814838826856904
-0.294278626591252
0.999780683474848
-0.334041880250895
-0.789849278542885
0.830429245225860
0.267959095144515
-0.998830372850139
0.359764181061709
0.772733573497447
-0.845395038487704
-0.241438012536775
0.997128770610614
-0.385215877553825
-0.755036640377625
0.859724949801142
0.214735327167200
-0.994677156652785
0.410377825689700
0.736771790309934
-0.873408200617079
-0.187871124031357
0.991477375010486
-0.435231099372211
-0.717952761591762
0.886434498785938
0.160865609613853
-0.987531832467875
0.459757004680321
0.698593709357732
-0.898794046299114
-0.133739096689597
0.982843496749111
-0.483937093930117
-0.678709194932939
0.910477546658763
0.106511989045110
-0.977415894286117
0.507753179550621
0.658314174879858
-0.921476211870355
-0.079204766131384
0.971253107566101
-0.531187347763969
-0.637423989748763
0.931781769052756
0.051837967659706
-0.964359772060821
0.554221972059637
0.616054352538924
-0.941386466660851
-0.024432178152737
