0.999999999999999
0.598224706513028
-0.284254401034802
-0.938320717781190
-0.838398870984691
-0.064781119290153
0.760891538834817
0.975149354305562
0.405825333736812
-0.489599871965051
-0.991606813167029
-0.696807517601280
0.157911867740835
0.885741079069649
0.901832526405114
0.193255917795556
-0.670611596994810
-0.995608769388462
-0.520583930743609
0.372756431019471
0.966568143838545
0.783693457325841
-0.028918566828682
-0.818293059633573
-0.950127684053201
-0.318486650251689
0.569074518302935
0.999355523643320
0.626603811364462
-0.249655761336420
-0.925304300473994
-0.857424025836178
-0.100560171952140
0.737108867130242
0.982473643366418
0.438371146789083
-0.457984742103065
-0.986326722653181
-0.722105286267252
0.122364276755718
0.868507953366984
0.916761554258674
0.228350870110662
-0.643551289750782
-0.998327432985149
-0.550896981452109
0.339207062888951
0.956741072739883
0.805485232008602
0.006981260297968
-0.797132507222916
-0.960709980668817
-0.352308385236564
0.539190819948376
0.997422925272832
0.654175253533042
-0.214735327167057
-0.911095209678021
-0.875344001663064
-0.136209607307633
0.712376096951336
0.988531570358855
0.470351920162242
-0.425779291565066
-0.979775303633911
-0.746472295365158
0.086658964004058
0.850155361981255
0.930508919819371
0.263151488952141
-0.615661475325647
-0.999759299728271
-0.580499952001577
0.305220472894327
0.945680807639531
0.826238774316002
0.042872088910222
-0.774944488704175
-0.970053967548099
-0.385676011372351
0.508612130123418
0.994204695916449
0.680903494733561
-0.179538109315088
-0.895711760239406
-0.892135700463890
-0.171683474920209
0.686725107669341
0.993315326901438
0.501726432151674
-0.393025031653907
-0.971961000578540
-0.769877136972502
0.050841951945609
0.830706960534925
0.943056903383066
0.297612917967905
-0.586978102371387
-0.999902524009303
-0.609354685562821
0.270840468142986
0.933401604696205
0.845927333913359
0.078707657427134
-0.751757603384008
-0.978147600733809
-0.418546519366795
0.477377863313303
0.989704983719632
0.706754083527018
-0.144109475329959
-0.879173780697048
-0.907777478532913
-0.206936050651934
0.660188962196475
0.996818746958192
0.532454242495015
-0.359764181061793
-0.962893885754200
-0.792289643355202
0.014959407015240
0.810187817097813
0.954389331192290
0.331690738005537
-0.557538142399383
-0.998756921218920
-0.637423989748699
0.236111362835360
0.919919291221849
0.864525533178372
0.114441775495457
-0.727601738061182
-0.984980447915486
-0.450877540689448
0.445528279010961
0.983929588598624
0.731693699726827
-0.108495091045597
-0.861502587724541
-0.922249174357857
-0.241921895599694
0.632801864369468
0.999037314786328
0.562495744497766
-0.326039611452331
-0.952585646243137
-0.813680925852326
-0.020942419883391
0.788624379875515
0.964491596283474
0.365341024366422
-0.527379542125945
-0.996323967984947
-0.664671684553443
0.201077921145952
0.905251245281001
0.882009399911620
0.150028383526734
-0.702508028503828
-0.990543701876218
-0.482627402182638
0.413104429824523
0.976885954764639
0.755690197347036
-0.072740861719246
-0.842720958654021
-0.935532134607126
-0.276595914663699
0.604599114862353
0.999968170756824
0.591812216084394
-0.291894792201012
-0.941049568878643
-0.834023412112274
-0.056817252993061
0.766044443118955
0.973350677314623
0.398520403422648
-0.496541174560702
-0.992606800269059
-0.691062648986889
0.165785299524473
0.889416373291278
0.898356398235653
0.185421612065955
-0.676508819316978
-0.994830191844720
-0.513755179776243
0.380148108562350
0.968583161128625
0.778712646036916
-0.036892872861796
-0.822853102117257
-0.947609238173060
-0.310913414672968
0.575617065685642
0.999610115040353
0.620365869709279
-0.257373734365270
-0.928300523118949
-0.853290881632175
-0.092618851350349
0.742477111298904
0.980955155349197
0.431186108523528
-0.465062788901215
-0.987610209324665
-0.716562866343804
0.130278988491337
0.872435085653910
0.913545457642617
0.220575840915217
-0.649637622251881
-0.997834392738113
-0.544220751236849
0.346701794364168
0.959031909598956
0.800731370948744
-0.000997330835767
-0.801924626841808
-0.958464918240247
-0.344830161992803
0.545893073330284
0.997963609153800
0.648119901063150
-0.222520933956272
-0.914354941881159
-0.871458499554899
-0.128301068387880
0.717952761591620
0.987295228574602
0.463296035119891
-0.432984959298117
-0.981340635521221
-0.741139468049873
0.094604754002492
0.854329270445646
0.927557000153166
0.255445757935829
-0.621929073010861
-0.999552432283504
-0.573984847883508
0.312808597947440
0.948244511287212
0.821717990987335
0.034899496702548
-0.779962508642683
-0.968085182350403
-0.378302439539689
0.515465450616831
0.995030775365396
0.675038536511965
-0.187381314585699
-0.899230800360059
-0.888502848680057
-0.163817911415186
0.692503004724219
0.992362724936246
0.494808795034698
-0.400349032556864
-0.973806160042894
-0.764760776027623
0.058808578459307
0.835122265206140
0.940372965551584
0.289986417453635
-0.593418886603668
-0.999982096009160
-0.603009105203061
0.278512206039600
0.936234870639718
0.841645455391827
0.070751340439866
-0.756995055651725
-0.976457630438014
-0.411287103130660
0.484373417312163
0.990815393959213
0.701087079207501
-0.152000169561202
-0.882947592858901
-0.904401959647583
-0.199123600901049
0.666160644229891
0.996151112670956
0.525683769810551
-0.367197074843806
-0.965016494472302
-0.787396343528025
0.022936601439291
0.814838826856911
0.951976834664487
0.324153298191800
-0.564143811312453
-0.999122830098854
-0.631256112300283
0.243856825068082
0.923018467515383
0.860488078602892
0.106511989045007
-0.733051871829786
-0.983571470813393
-0.443741637094056
0.452657049576997
0.985322898362542
0.726231953810033
-0.116423103505775
-0.865526307662187
-0.919135339255244
-0.234172629481293
0.638959634165609
0.998655508726068
0.555881163064915
-0.333571817464819
-0.954982968272710
-0.809016994374983
-0.012964939775328
0.793505099790873
0.962353650653287
0.357902360656770
-0.534141581324876
-0.996975742105718
-0.658689460118710
0.208887124180249
0.908612337232843
0.878221573370258
0.142135348732807
-0.708163818808640
-0.989417534072682
-0.475624209070341
0.420357228309507
0.978560368142503
0.750440749765135
-0.080695973575187
-0.846989399982702
-0.932683996873450
-0.268919820615317
0.610935035347186
0.999872685053500
0.585362051785890
-0.299516601786556
-0.943718514184968
-0.829594860571855
-0.048849769795646
0.771148582173361
0.971490038292882
0.391190103902802
-0.503450868096780
-0.993543599524644
-0.685273788370299
0.173648177666863
0.893035048612859
0.894823082057672
0.177575502677193
-0.682362976111699
-0.993988284916792
-0.506893723931756
0.387515586452060
0.970536519880764
0.773682263079650
-0.044864830350445
-0.827360763017953
-0.945030468923160
-0.303320386816884
0.582122970157222
0.999801072770521
0.614088436501872
-0.265075323371779
-0.931237651557724
-0.849103418222237
-0.084671634772695
0.747798090498491
0.979374221211607
0.423973621602970
-0.472111230506160
-0.988830826225117
-0.710974831112934
0.138185406863760
0.876306680043844
0.910271206105517
0.212786770195634
-0.655682599805244
-0.997277831864006
-0.537509876752326
0.354174455327987
0.961261695938297
0.795926536541856
-0.008975858480946
-0.806665697152788
-0.956158841385748
-0.337329987382901
0.552560575985412
0.998440764181977
0.642023290261384
-0.230292375399698
-0.917556467632702
-0.867517521717749
-0.120384362016302
0.723483722445830
0.985996037070509
0.456210657353232
-0.440163063864022
-0.982843496749083
-0.735759460917878
0.102544521605533
0.858448793601825
0.924546033612338
0.247723765629209
-0.628157079632671
-0.999281934843869
-0.567433204758847
0.320376810078665
0.950747851124620
0.817144898335154
0.026924682845698
-0.784930877348472
-0.966054770315347
-0.370904785546330
0.522285957359892
0.995793512661315
0.669130606358918
-0.195212591445425
-0.902692596809089
-0.884813436149760
-0.155941919509844
0.698236818086013
0.991346950662079
0.487859659138785
-0.407647547846397
-0.975589328481110
-0.759595731569332
0.066771461307886
0.839484407258043
0.937629165000511
0.282341456842913
-0.599821894687846
-0.999998010662407
-0.596625138196398
0.286166214270748
0.939008537288518
0.837309998994569
0.062790519529387
-0.762184318760034
-0.974705500327481
-0.404001504980032
0.491338136832436
0.991862730390559
0.695375444745753
-0.159881187691783
-0.886665197913492
-0.900968867902456
-0.191298475243162
0.672089919484998
0.995420064911706
0.518879832892954
-0.374606593415830
-0.967077671701056
-0.782452919241487
0.030912335754069
0.819437965209706
0.949503736732353
0.316595223269781
-0.570713567684376
-0.999425136331749
-0.625048050043214
0.251586763744421
0.926058885850391
0.856395846658827
0.098575422202500
-0.738455340625852
-0.982099881040255
-0.436577485577742
0.459757004680382
0.986653483962195
0.720723977066282
-0.124343704647394
-0.869494929505178
-0.915962993388194
-0.226408456287700
0.645076728758644
0.998210129767740
0.549231195078657
-0.341082788800290
-0.957319497532049
-0.804301562100312
-0.004986634338852
0.798335306372651
0.960154443046373
0.350440913424525
-0.540869617879291
-0.997564050259817
-0.652665304509992
0.216683029776376
0.911915588298641
0.874377840572828
0.134233265817751
-0.713774528476639
-0.988228381446563
-0.468590738440773
0.427583267489662
0.980172487848524
0.745143530261028
-0.088645948447567
-0.851203923248255
-0.929776485888270
-0.261226607538233
0.617232064632389
0.999713548968504
0.578874624225156
-0.307119344598648
-0.946327383799131
-0.825113498278344
