0.999999999999999
-0.409468140058890
-0.664671684553425
0.953791896906691
-0.116423103505822
-0.858448793601865
0.819437965209731
0.187381314585726
-0.972891321940144
0.609354685562806
0.473868662472999
-0.997422925272833
0.342957157654130
0.716562866343794
-0.929776485888250
0.044864830350510
0.893035048612886
-0.776203631076351
-0.257373734365306
0.986976319697496
-0.550896981452101
-0.535826794978999
0.989704983719633
-0.274678522802382
-0.764760776027600
0.900968867902416
0.026924682845670
-0.923018467515397
0.728968627421407
0.326039611452348
-0.995974293995239
0.489599871965048
0.595023196102042
-0.976885954764646
0.204984153792226
0.809016994374950
-0.867517521717712
-0.098575422202454
0.948244511287229
-0.677976410513209
-0.393025031653926
0.999838867929057
-0.425779291565065
-0.651152758743580
0.959031909598961
-0.134233265817641
-0.849103418222201
0.829594860571828
0.169718089100675
-0.968583161128632
0.623489801858724
0.457984742103079
-0.998550122907319
0.359764181061790
0.703926182748948
-0.936234870639734
0.062790519529303
0.884813436149743
-0.787396343528002
-0.239986003602582
0.983929588598632
-0.565789633582208
-0.520583930743616
0.992114701314475
-0.291894792201020
-0.753071466003621
0.908612337232872
0.008975858481018
-0.915962993388169
0.741139468049838
0.309016994374959
-0.994204695916454
0.505173300974486
0.580499952001577
-0.980565772275215
0.222520933956305
0.798335306372716
-0.876306680043856
-0.080695973575247
0.942391540464040
-0.691062648986860
-0.376455265374413
0.999355523643321
-0.441953229673202
-0.637423989748701
0.963962860695844
-0.152000169561248
-0.839484407258080
0.839484407258063
0.152000169561279
-0.963962860695860
0.637423989748677
0.441953229673256
-0.999355523643320
0.376455265374384
0.691062648986882
-0.942391540464030
0.080695973575188
0.876306680043871
-0.798335306372680
-0.222520933956336
0.980565772275221
-0.580499952001551
-0.505173300974513
0.994204695916447
-0.309016994374929
-0.741139468049878
0.915962993388156
-0.008975858480987
-0.908612337232885
0.753071466003600
0.291894792201064
-0.992114701314479
0.520583930743577
0.565789633582234
-0.983929588598626
0.239986003602538
0.787396343528022
-0.884813436149722
-0.062790519529335
0.936234870639750
-0.703926182748926
-0.359764181061819
0.998550122907322
-0.457984742103051
-0.623489801858760
0.968583161128625
-0.169718089100630
-0.829594860571846
0.849103418222170
0.134233265817686
-0.959031909598970
0.651152758743567
0.425779291565120
-0.999838867929057
0.393025031653897
0.677976410513232
-0.948244511287224
0.098575422202395
0.867517521717735
-0.809016994374932
-0.204984153792243
0.976885954764659
-0.595023196102000
-0.489599871965081
0.995974293995236
-0.326039611452332
-0.728968627421448
0.923018467515380
-0.026924682845632
-0.900968867902426
0.764760776027593
0.274678522802440
-0.989704983719640
0.535826794978973
0.550896981452115
-0.986976319697485
0.257373734365255
0.776203631076375
-0.893035048612874
-0.044864830350527
0.929776485888272
-0.716562866343760
-0.342957157654162
0.997422925272835
-0.473868662472990
-0.609354685562851
0.972891321940134
-0.187381314585695
-0.819437965209741
0.858448793601833
0.116423103505873
-0.953791896906703
0.664671684553405
0.409468140058904
-0.999999999999999
0.409468140058847
0.664671684553452
-0.953791896906684
0.116423103505811
0.858448793601894
-0.819437965209706
-0.187381314585756
0.972891321940149
-0.609354685562756
-0.473868662473045
0.997422925272830
-0.342957157654104
-0.716562866343804
0.929776485888228
-0.044864830350465
-0.893035048612902
0.776203631076336
0.257373734365316
-0.986976319697504
0.550896981452063
0.535826794979026
-0.989704983719631
0.274678522802325
0.764760776027634
-0.900968867902399
-0.026924682845695
0.923018467515404
-0.728968627421366
-0.326039611452391
0.995974293995242
-0.489599871965027
-0.595023196102050
0.976885954764633
-0.204984153792182
-0.809016994374969
0.867517521717704
0.098575422202514
-0.948244511287244
0.677976410513186
0.393025031653955
-0.999838867929058
0.425779291565011
0.651152758743615
-0.959031909598952
0.134233265817624
0.849103418222203
-0.829594860571795
-0.169718089100720
0.968583161128640
-0.623489801858711
-0.457984742103132
0.998550122907317
-0.359764181061761
-0.703926182748971
0.936234870639728
-0.062790519529244
-0.884813436149764
0.787396343527983
0.239986003602599
-0.983929588598633
0.565789633582159
0.520583930743655
-0.992114701314471
0.291894792201004
0.753071466003660
-0.908612337232847
-0.008975858481049
0.915962993388182
-0.741139468049836
-0.309016994375016
0.994204695916457
-0.505173300974459
-0.580499952001602
0.980565772275214
-0.222520933956247
-0.798335306372735
0.876306680043841
0.080695973575250
-0.942391540464060
0.691062648986816
0.376455265374442
-0.999355523643324
0.441953229673148
0.637423989748747
-0.963962860695836
0.152000169561217
0.839484407258097
-0.839484407258062
-0.152000169561282
0.963962860695853
-0.637423989748608
-0.441953229673309
0.999355523643317
-0.376455265374328
-0.691062648986905
0.942391540464019
-0.080695973575185
-0.876306680043873
0.798335306372696
0.222520933956422
-0.980565772275238
0.580499952001503
0.505173300974564
-0.994204695916444
0.309016994374899
0.741139468049880
-0.915962993388155
0.008975858480984
0.908612337232922
-0.753071466003542
-0.291894792201121
0.992114701314487
-0.520583930743550
-0.565789633582260
0.983929588598621
-0.239986003602535
-0.787396343528023
0.884813436149734
0.062790519529423
-0.936234870639771
0.703926182748884
0.359764181061875
-0.998550122907323
0.457984742103023
0.623489801858762
-0.968583161128624
0.169718089100655
0.829594860571895
-0.849103418222138
-0.134233265817746
0.959031909598987
-0.651152758743522
-0.425779291565122
0.999838867929056
-0.393025031653895
-0.677976410513234
0.948244511287187
-0.098575422202335
-0.867517521717765
0.809016994374897
0.204984153792301
-0.976885954764660
0.595023196101997
0.489599871965084
-0.995974293995236
0.326039611452329
0.728968627421489
-0.923018467515357
0.026924682845572
0.900968867902452
-0.764760776027555
-0.274678522802442
0.989704983719640
-0.535826794978970
-0.550896981452117
0.986976319697475
-0.257373734365198
-0.776203631076413
0.893035048612847
0.044864830350587
-0.929776485888273
0.716562866343758
0.342957157654165
-0.997422925272835
0.473868662472887
0.609354685562898
-0.972891321940120
0.187381314585636
0.819437965209776
-0.858448793601831
-0.116423103505876
0.953791896906704
-0.664671684553403
-0.409468140058906
0.999999999999999
-0.409468140058792
-0.664671684553496
0.953791896906666
-0.116423103505752
-0.858448793601896
0.819437965209704
0.187381314585759
-0.972891321940149
0.609354685562708
0.473868662473098
-0.997422925272826
0.342957157654047
0.716562866343845
-0.929776485888226
0.044864830350462
0.893035048612903
-0.776203631076334
-0.257373734365429
0.986976319697514
-0.550896981452013
-0.535826794979076
0.989704983719622
-0.274678522802322
-0.764760776027636
0.900968867902398
0.026924682845698
-0.923018467515405
0.728968627421326
0.326039611452448
-0.995974293995247
0.489599871964975
0.595023196102098
-0.976885954764633
0.204984153792179
0.809016994374971
-0.867517521717702
-0.098575422202573
0.948244511287263
-0.677976410513142
-0.393025031654010
0.999838867929059
-0.425779291565009
-0.651152758743617
0.959031909598952
-0.134233265817621
-0.849103418222265
0.829594860571761
0.169718089100779
-0.968583161128655
0.623489801858664
0.457984742103135
-0.998550122907316
0.359764181061758
0.703926182748973
-0.936234870639687
0.062790519529184
0.884813436149792
-0.787396343527946
-0.239986003602657
0.983929588598643
-0.565789633582157
-0.520583930743657
0.992114701314471
-0.291894792201001
-0.753071466003699
0.908612337232822
0.008975858481109
-0.915962993388206
0.741139468049795
0.309016994375019
-0.994204695916457
0.505173300974456
0.580499952001605
-0.980565772275191
0.222520933956188
0.798335306372771
-0.876306680043812
-0.080695973575310
0.942391540464061
-0.691062648986814
-0.376455265374444
0.999355523643322
-0.441953229673095
-0.637423989748793
0.963962860695820
-0.152000169561158
-0.839484407258130
0.839484407258029
0.152000169561341
-0.963962860695869
0.637423989748650
0.441953229673261
-0.999355523643315
0.376455265374273
0.691062648986948
-0.942391540463999
0.080695973575125
0.876306680043901
-0.798335306372660
-0.222520933956369
0.980565772275228
-0.580499952001454
-0.505173300974616
0.994204695916437
-0.309016994374843
-0.741139468049920
0.915962993388131
-0.008975858480924
-0.908612337232899
0.753071466003577
0.291894792201178
-0.992114701314494
0.520583930743499
0.565789633582309
-0.983929588598610
0.239986003602477
0.787396343528060
-0.884813436149706
-0.062790519529369
0.936234870639752
-0.703926182748841
-0.359764181061931
0.998550122907326
-0.457984742102970
-0.623489801858809
0.968583161128609
-0.169718089100597
-0.829594860571865
0.849103418222167
0.134233265817805
-0.959031909599004
0.651152758743476
0.425779291565176
-0.999838867929055
0.393025031653840
0.677976410513278
-0.948244511287204
0.098575422202389
0.867517521717795
-0.809016994374862
-0.204984153792360
0.976885954764672
-0.595023196101949
-0.489599871965136
0.995974293995230
-0.326039611452273
-0.728968627421452
0.923018467515378
-0.026924682845513
-0.900968867902478
0.764760776027516
0.274678522802500
-0.989704983719649
0.535826794978920
0.550896981452167
-0.986976319697484
0.257373734365250
0.776203631076451
-0.893035048612820
-0.044864830350647
0.929776485888295
