0.999999999999999
-0.235626767265316
-0.888960053096192
0.654552334343434
0.580499952001573
-0.928114988519038
-0.143122483211120
0.995561964603079
-0.326039611452341
-0.841914645309170
0.722794863827389
0.501295010989926
-0.959031909598964
-0.049347833863753
0.982287250728688
-0.413558504966519
-0.787396343528012
0.784621814930590
0.417640539972135
-0.981436395555739
0.044864830350510
0.960293685676942
-0.497406623913217
-0.725889056058888
0.839484407258074
0.330279061955168
-0.995129582585910
0.138679271154435
0.929776485888252
-0.576839726452744
-0.657938725939715
0.886895676556414
0.239986003602569
-0.999989928992004
0.231262784929949
0.891006524188370
-0.651152758743565
-0.584148485111086
0.926434797042885
0.147562812492464
-0.995974293995239
0.321793593854450
0.844327925502016
-0.719686113050185
-0.505173300974509
0.957750816684930
0.053829843412130
-0.983118320656126
0.409468140058882
0.790155012375697
-0.781831482468028
-0.421714162855312
0.980565772275217
-0.040380923169137
-0.961536119504148
0.493508218064342
0.728968627421416
-0.837037260298623
-0.334511859971846
0.994677156652777
-0.134233265817648
-0.931419255684621
0.573167882188921
0.661311865323654
-0.884813436149734
-0.244340406137904
0.999959716170870
-0.226894144495873
-0.893035048612888
0.647740067614425
0.587785252292484
-0.924735945302233
-0.152000169561287
0.996366562457242
-0.317541094684845
-0.846724199228285
0.716562866343787
0.509041415750379
-0.956450432738627
-0.058310768718955
0.983929588598632
-0.405369527637414
-0.792897765908473
0.779025402343245
0.425779291565077
-0.979675398423233
0.035896202634570
0.962759186055464
-0.489599871965035
-0.732033515886200
0.834573253721303
0.338737920245292
-0.994204695916450
0.129784556752281
0.933043264819447
-0.569484493168439
-0.664671684553439
0.882713373816672
0.248689887164879
-0.999909362145144
0.222520933956311
0.895045585511177
-0.644314329694486
-0.591410180293920
0.923018467515390
0.156434465040251
-0.996738762088016
0.313282199597433
0.849103418222194
-0.713425186616678
-0.512899277405914
0.955130783952418
0.062790519529330
-0.984721038215629
0.401262750256452
0.795624548881796
-0.776203631076351
-0.429835844221543
0.978765291933709
-0.031410759078116
-0.963962860695856
0.485681664337291
0.735083659720191
-0.832092437156139
-0.342957157654132
0.993712209893241
-0.125333233564296
-0.934648480581914
0.565789633582202
0.668018115955514
-0.880595531856727
-0.253034359076156
0.999838867929057
-0.218143241396539
-0.897038094386971
0.640875613985015
0.595023196102048
-0.921282398275815
-0.160865609613719
0.997090885390704
-0.309016994374921
-0.851465534561477
0.710273137068032
0.516746808236026
-0.953791896906679
-0.067269005612084
0.985492653565724
-0.397147890634785
-0.798335306372700
0.773366225503509
0.433883739117562
-0.977835471138024
0.026924682845651
0.965147119180895
-0.481753674101698
-0.738118997487355
0.829594860571816
0.347169487214446
-0.993199708502808
0.120879385912289
0.936234870639750
-0.562083377852094
-0.671351092126038
0.878459952927512
0.257373734365299
-0.999748234942506
0.213761154992111
0.899012535107125
-0.637423989748681
-0.598624226943446
0.919527772551443
0.165293514029505
-0.997422925272835
0.304745564927194
0.853810500668363
-0.707106781186522
-0.520583930743640
0.952433798569309
0.071746136761424
-0.986244419107048
0.393025031653928
0.801029983781114
-0.770513242775787
-0.437922894720371
0.976885954764645
-0.022438064295793
-0.966311937657227
0.477815980375898
0.741139468049869
-0.827080574274547
-0.351374824081370
0.992667202067969
-0.116423103505787
-0.937802403039842
0.558365800629626
0.674670545932108
-0.876306680043839
-0.261707925628597
0.999637465011020
-0.209374763007081
-0.900968867902421
0.633959526508153
0.602213200286093
-0.917754625683973
-0.169718089100689
0.997734875046457
-0.300467997289425
-0.856138269310477
0.703926182748920
0.524410567641397
-0.951056516295140
-0.076221822798930
0.986976319697502
-0.388894256356547
-0.803708526830787
0.767644740358009
0.441953229673231
-0.975916761938745
0.017950993798085
0.967457292663060
-0.473868662472981
-0.744145010569367
0.824549628907125
0.355573083550969
-0.992114701314473
0.111964476103272
0.939351046208936
-0.554636976794274
-0.677976410513254
0.874135756577031
0.266036845566726
-0.999506560365731
0.204984153792227
0.902907053368375
-0.630482294044705
-0.605790043840830
0.915962993388159
0.174139245707409
-0.998026728428272
0.296184377620451
0.858448793601881
-0.700731405818889
-0.528226641853116
0.949660077825412
0.080695973575262
-0.987688340595144
0.384755647944888
0.806370881570495
-0.764760776027596
-0.445974662797073
0.974927912181821
-0.013463561731173
-0.968583161128634
0.469911799899888
0.747135564508164
-0.822002075447894
