0.999999999999999
-0.518027009373130
-0.463296035119862
0.998026728428271
-0.570713567684430
-0.406736643075801
0.992114701314477
-0.621147780278309
-0.348572047321816
0.982287250728688
-0.669130606358856
-0.289031796944473
0.968583161128631
-0.714472679632801
-0.228350870110658
0.951056516295154
-0.756995055651754
-0.166768746716102
0.929776485888252
-0.796529918024191
-0.104528463267657
0.904827052466019
-0.832921240710096
-0.041875653729208
0.876306680043865
-0.866025403784437
0.020942419883352
0.844327925502019
-0.895711760239409
0.083677843332313
0.809016994374950
-0.921863151588496
0.146083028562405
0.770513242775790
-0.944376370237480
0.207911690817749
0.728968627421416
-0.963162566797656
0.268919820615251
0.684547105928696
-0.978147600733803
0.328866646738578
0.637423989748690
-0.989272332962986
0.387515586452094
0.587785252292477
-0.996492859249502
0.444635179184915
0.535826794979004
-0.999780683474844
0.499999999999997
0.481753674101727
-0.999122830098858
0.553391549243338
0.425779291565088
-0.994521895368274
0.604599114862365
0.368124552684685
-0.985996037070505
0.653420603990093
0.309016994374959
-0.973578902873165
0.699663340513351
0.248689887164870
-0.957319497532070
0.743144825477387
0.187381314585730
-0.937281989491892
0.783693457325839
0.125333233564328
-0.913545457642609
0.821149209133693
0.062790519529328
-0.886203579231219
0.855364260160502
0.000000000000004
-0.855364260160521
0.886203579231202
-0.062790519529291
-0.821149209133714
0.913545457642593
-0.125333233564291
-0.783693457325845
0.937281989491889
-0.187381314585722
-0.743144825477412
0.957319497532059
-0.248689887164834
-0.699663340513377
0.973578902873156
-0.309016994374937
-0.653420603990111
0.985996037070498
-0.368124552684650
-0.604599114862395
0.994521895368270
-0.425779291565055
-0.553391549243357
0.999122830098857
-0.481753674101707
-0.500000000000005
0.999780683474845
-0.535826794978973
-0.444635179184949
0.996492859249505
-0.587785252292458
-0.387515586452116
0.989272332962989
-0.637423989748661
-0.328866646738614
0.978147600733811
-0.684547105928669
-0.268919820615287
0.963162566797662
-0.728968627421400
-0.207911690817771
0.944376370237483
-0.770513242775767
-0.146083028562442
0.921863151588510
-0.809016994374932
-0.083677843332336
0.895711760239432
-0.844327925501991
-0.020942419883396
0.866025403784456
-0.876306680043847
0.041875653729171
0.832921240710113
-0.904827052466009
0.104528463267634
0.796529918024205
-0.929776485888246
0.166768746716093
0.756995055651759
-0.951056516295152
0.228350870110657
0.714472679632839
-0.968583161128618
0.289031796944428
0.669130606358889
-0.982287250728680
0.348572047321781
0.621147780278335
-0.992114701314473
0.406736643075776
0.570713567684449
-0.998026728428269
0.463296035119848
0.518027009373140
-0.999999999999999
0.518027009373125
0.463296035119914
-0.998026728428274
0.570713567684388
0.406736643075845
-0.992114701314483
0.621147780278277
0.348572047321851
-0.982287250728694
0.669130606358834
0.289031796944499
-0.968583161128636
0.714472679632787
0.228350870110674
-0.951056516295157
0.756995055651748
0.166768746716111
-0.929776485888252
0.796529918024160
0.104528463267709
-0.904827052466041
0.832921240710072
0.041875653729245
-0.876306680043883
0.866025403784418
-0.020942419883322
-0.844327925502031
0.895711760239399
-0.083677843332290
-0.809016994374960
0.921863151588492
-0.146083028562396
-0.770513242775796
0.944376370237459
-0.207911690817698
-0.728968627421451
0.963162566797642
-0.268919820615215
-0.684547105928723
0.978147600733795
-0.328866646738543
-0.637423989748719
0.989272332962982
-0.387515586452073
-0.587785252292496
0.996492859249501
-0.444635179184908
-0.535826794979012
0.999780683474844
-0.499999999999989
-0.481753674101772
0.999122830098860
-0.553391549243295
-0.425779291565122
0.994521895368278
-0.604599114862336
-0.368124552684720
0.985996037070511
-0.653420603990076
-0.309016994374980
0.973578902873167
-0.699663340513344
-0.248689887164879
0.957319497532073
-0.743144825477381
-0.187381314585795
0.937281989491914
-0.783693457325799
-0.125333233564365
0.913545457642624
-0.821149209133672
-0.062790519529365
0.886203579231236
-0.855364260160482
-0.000000000000042
0.855364260160526
-0.886203579231198
0.062790519529282
0.821149209133719
-0.913545457642590
0.125333233564283
0.783693457325850
-0.937281989491866
0.187381314585657
0.743144825477437
-0.957319497532048
0.248689887164798
0.699663340513404
-0.973578902873148
0.309016994374901
0.653420603990139
-0.985996037070497
0.368124552684642
0.604599114862447
-0.994521895368269
0.425779291564995
0.553391549243364
-0.999122830098854
0.481753674101699
0.500000000000061
-0.999780683474845
0.535826794978941
0.444635179184931
-0.996492859249508
0.587785252292474
0.387515586452150
-0.989272332963003
0.637423989748655
0.328866646738676
-0.978147600733813
0.684547105928621
0.268919820615296
-0.963162566797680
0.728968627421394
0.207911690817836
-0.944376370237486
0.770513242775743
0.146083028562423
-0.921863151588525
0.809016994374944
0.083677843332373
-0.895711760239411
0.844327925501987
0.020942419883462
-0.866025403784460
0.876306680043815
-0.041875653729162
-0.832921240710149
0.904827052466005
-0.104528463267569
-0.796529918024210
0.929776485888222
-0.166768746716085
-0.756995055651802
0.951056516295149
-0.228350870110593
-0.714472679632806
0.968583161128616
-0.289031796944365
-0.669130606358896
0.982287250728668
-0.348572047321773
-0.621147780278386
0.992114701314472
-0.406736643075716
-0.570713567684457
0.998026728428265
-0.463296035119840
-0.518027009373196
0.999999999999999
-0.518027009373069
-0.463296035119871
0.998026728428275
-0.570713567684334
-0.406736643075853
0.992114701314491
-0.621147780278270
-0.348572047321913
0.982287250728696
-0.669130606358785
-0.289031796944507
0.968583161128653
-0.714472679632781
-0.228350870110738
0.951056516295160
-0.756995055651705
-0.166768746716119
0.929776485888277
-0.796529918024189
-0.104528463267717
0.904827052466069
-0.832921240710067
-0.041875653729311
0.876306680043887
-0.866025403784386
0.020942419883313
0.844327925502066
-0.895711760239395
0.083677843332225
0.809016994374965
-0.921863151588467
0.146083028562388
0.770513242775838
-0.944376370237474
0.207911690817690
0.728968627421418
-0.963162566797640
0.268919820615152
0.684547105928730
-0.978147600733782
0.328866646738535
0.637423989748769
-0.989272332962981
0.387515586452013
0.587785252292503
-0.996492859249496
0.444635179184900
0.535826794979067
-0.999780683474844
0.499999999999932
0.481753674101730
-0.999122830098860
0.553391549243240
0.425779291565130
-0.994521895368285
0.604599114862329
0.368124552684781
-0.985996037070512
0.653420603990026
0.309016994374989
-0.973578902873181
0.699663340513338
0.248689887164942
-0.957319497532075
0.743144825477337
0.187381314585748
-0.937281989491918
0.783693457325758
0.125333233564374
-0.913545457642650
0.821149209133667
0.062790519529430
-0.886203579231240
0.855364260160448
0.000000000000050
-0.855364260160560
0.886203579231194
-0.062790519529216
-0.821149209133724
0.913545457642563
-0.125333233564274
-0.783693457325891
0.937281989491882
-0.187381314585649
-0.743144825477481
0.957319497532046
-0.248689887164735
-0.699663340513410
0.973578902873133
-0.309016994374893
-0.653420603990188
0.985996037070496
-0.368124552684581
-0.604599114862409
0.994521895368262
-0.425779291565039
-0.553391549243419
0.999122830098856
-0.481753674101641
-0.500000000000020
0.999780683474846
-0.535826794978886
-0.444635179184990
0.996492859249514
-0.587785252292421
-0.387515586452211
0.989272332962996
-0.637423989748604
-0.328866646738630
0.978147600733826
-0.684547105928656
-0.268919820615359
0.963162566797667
-0.728968627421349
-0.207911690817789
0.944376370237508
-0.770513242775701
-0.146083028562488
0.921863151588550
-0.809016994374905
-0.083677843332439
0.895711760239440
-0.844327925501952
-0.020942419883414
0.866025403784493
-0.876306680043839
0.041875653729096
0.832921240710123
-0.904827052465977
0.104528463267617
0.796529918024250
-0.929776485888198
0.166768746716020
0.756995055651845
-0.951056516295129
0.228350870110529
0.714472679632852
-0.968583161128599
0.289031796944411
0.669130606358944
-0.982287250728677
0.348572047321712
0.621147780278349
-0.992114701314464
0.406736643075760
0.570713567684511
-0.998026728428268
0.463296035119782
0.518027009373252
-0.999999999999999
0.518027009373013
0.463296035119929
-0.998026728428279
0.570713567684374
0.406736643075913
-0.992114701314485
0.621147780278218
0.348572047321868
-0.982287250728708
0.669130606358821
0.289031796944570
-0.968583161128641
0.714472679632735
0.228350870110691
-0.951056516295180
0.756995055651662
0.166768746716184
-0.929776485888301
0.796529918024149
0.104528463267783
-0.904827052466048
0.832921240710030
0.041875653729263
-0.876306680043919
0.866025403784410
-0.020942419883247
-0.844327925502041
0.895711760239366
-0.083677843332273
-0.809016994375003
0.921863151588442
-0.146083028562323
-0.770513242775880
0.944376370237453
-0.207911690817737
-0.728968627421463
0.963162566797622
-0.268919820615089
-0.684547105928695
0.978147600733792
-0.328866646738473
-0.637423989748820
0.989272332962988
-0.387515586452057
-0.587785252292556
0.996492859249490
-0.444635179184739
-0.535826794979027
0.999780683474843
-0.499999999999876
-0.481753674101887
0.999122830098858
-0.553391549243280
-0.425779291565190
0.994521895368291
-0.604599114862367
-0.368124552684736
0.985996037070523
-0.653420603989976
-0.309016994374943
0.973578902873171
