0.999999999999999
0.965147119180891
0.863017923326349
0.700731405818913
0.489599871965052
0.244340406137894
-0.017950993798097
-0.278991106039229
-0.520583930743608
-0.725889056058888
-0.880595531856737
-0.973919425411303
-0.999355523643320
-0.955130783952422
-0.844327925502015
-0.674670545932074
-0.457984742103068
-0.209374763007085
0.053829843412128
0.313282199597432
0.550896981452102
0.750111069630458
0.897038094386967
0.981436395555739
0.997422925272833
0.943883330308367
0.824549628907140
0.647740067614433
0.425779291565073
0.174139245707389
-0.089639308903432
-0.347169487214417
-0.580499952001572
-0.773366225503510
-0.912324417231453
-0.987688340595137
-0.994204695916451
-0.931419255684618
-0.803708526830789
-0.619974682979091
-0.393025031653924
-0.138679271154438
0.125333233564303
0.380609289778863
0.609354685562806
0.795624548881779
0.926434797042886
0.992667202067972
0.989704983719634
0.917754625683981
0.781831482468030
0.591410180293910
0.359764181061808
0.103040545578645
-0.160865609613696
-0.413558504966519
-0.637423989748687
-0.816857349838954
-0.939351046208922
-0.996366562457242
-0.983929588598629
-0.902907053368372
-0.758946694294557
-0.562083377852131
-0.326039611452344
-0.067269005612043
0.196190637499094
0.445974662797066
0.664671684553422
0.837037260298629
0.951056516295152
0.998781653462334
0.976885954764647
0.886895676556415
0.735083659720179
0.532032076515337
0.291894792201036
0.031410759078132
-0.231262784929950
-0.477815980375912
-0.691062648986863
-0.856138269310460
-0.961536119504147
-0.999909362145144
-0.968583161128631
-0.869741133155696
-0.710273137068057
-0.501295010989927
-0.257373734365306
0.004487974438924
0.266036845566672
0.509041415750367
0.716562866343790
0.874135756577054
0.970776348122916
0.999748234942506
0.959031909598966
0.851465534561478
0.684547105928690
0.469911799899908
0.222520933956319
-0.040380923169146
-0.300467997289448
-0.539610720810780
-0.741139468049852
-0.891006524188365
-0.978765291933709
-0.998298479539764
-0.948244511287227
-0.832092437156156
-0.657938725939714
-0.437922894720370
-0.187381314585730
0.076221822798882
0.334511859971841
0.569484493168450
0.764760776027595
0.906728826522705
0.985492653565725
0.995561964603079
0.936234870639738
0.811646811946198
0.630482294044716
0.405369527637437
0.152000169561273
-0.111964476103304
-0.368124552684676
-0.598624226943429
-0.787396343528009
-0.921282398275821
-0.990949761767933
-0.991542217370804
-0.923018467515397
-0.790155012375694
-0.602213200286085
-0.372293658401947
-0.116423103505830
0.147562812492453
0.401262750256472
0.626992362396812
0.809016994374944
0.934648480581909
0.995129582585910
0.986244419107041
0.908612337232875
0.767644740358015
0.573167882188926
0.338737920245294
0.080695973575225
-0.182970947394049
-0.433883739117555
-0.654552334343428
-0.829594860571827
-0.946809845192916
-0.998026728428270
-0.979675398423236
-0.893035048612886
-0.744145010569358
-0.543383777794810
-0.304745564927224
-0.044864830350517
0.218143241396536
0.465945472355821
0.681268619282664
0.849103418222189
0.957750816684928
0.999637465011020
0.971843622476424
0.876306680043865
0.719686113050191
0.512899277405912
0.270360406986357
0.008975858481000
-0.253034359076124
-0.497406623913217
-0.707106781186545
-0.867517521717713
-0.967457292663054
-0.999959716170870
-0.962759186055462
-0.858448793601868
-0.694299574162847
-0.481753674101722
-0.235626767265321
0.026924682845659
0.287599327432009
0.528226641853079
0.732033515886182
0.884813436149734
0.975916761938745
0.998993066541314
0.952433798569324
0.839484407258080
0.668018115955504
0.449987113092129
0.200589415783279
-0.062790519529309
-0.321793593854441
-0.558365800629656
-0.756016693999249
-0.900968867902414
-0.983118320656124
-0.996738762088014
-0.940880768954228
-0.819437965209735
-0.640875613985027
-0.417640539972139
-0.165293514029492
0.098575422202438
0.355573083550933
0.587785252292466
0.779025402343243
0.915962993388162
0.989052686346542
0.993199708502812
0.928114988519042
0.798335306372705
0.612907053652980
0.384755647944945
0.129784556752296
-0.134233265817650
-0.388894256356585
-0.616447076559463
-0.801029983781111
-0.929776485888247
-0.993712209893241
-0.988380467458431
-0.914152911751094
-0.776203631076358
-0.584148485111092
-0.351374824081346
-0.094108313318523
0.169718089100662
0.421714162855303
0.644314329694487
0.822002075447905
0.942391540464032
0.997090885390701
0.982287250728689
0.899012535107124
0.753071466003616
0.554636976794316
0.317541094684855
0.058310768718941
-0.204984153792223
-0.453990499739535
-0.671351092126001
-0.841914645309165
-0.953791896906687
-0.999184357885973
-0.974927912181824
-0.882713373816688
-0.728968627421413
-0.524410567641372
-0.283298069832762
-0.022438064295808
0.239986003602558
0.485681664337296
0.697522514745699
0.860742027003938
0.963962860695849
0.999989928992004
0.966311937657225
0.865276436727952
0.703926182748947
0.493508218064354
0.248689887164868
-0.013463561731181
-0.274678522802381
-0.516746808235982
-0.722794863827388
-0.878459952927504
-0.972891321940141
-0.999506560365731
-0.956450432738633
-0.846724199228291
-0.677976410513224
-0.461969759730598
-0.213761154992128
0.049347833863746
0.309016994374938
0.547145889934073
0.747135564508145
0.895045585511169
0.980565772275216
0.997734875046456
0.945356108439571
0.827080574274570
0.651152758743577
0.429835844221548
0.178556894798652
-0.085168498971953
-0.342957157654121
-0.576839726452731
-0.770513242775784
-0.910477546658810
-0.986976319697492
-0.994677156652778
-0.933043264819447
-0.806370881570472
-0.623489801858738
-0.397147890634791
-0.143122483211135
0.120879385912319
0.376455265374381
0.605790043840806
0.792897765908470
0.924735945302235
0.992114701314475
0.990337346439118
0.919527772551454
0.784621814930602
0.595023196102043
0.363948032196795
0.107503593510542
-0.156434465040223
-0.409468140058879
-0.633959526508148
-0.814260281314373
-0.937802403039824
-0.995974293995238
-0.984721038215627
-0.904827052466024
-0.761861407873408
-0.565789633582221
-0.330279061955179
-0.071746136761383
0.191787907539951
0.441953229673214
0.661311865323648
0.834573253721297
0.949660077825421
0.998550122907320
0.977835471138028
0.888960053096199
0.738118997487343
0.535826794979004
0.296184377620491
0.035896202634587
-0.226894144495867
-0.473868662472986
-0.687811804415954
-0.853810500668341
-0.960293685676938
-0.999838867929057
-0.969689520376688
-0.871947226253869
-0.713425186616686
-0.505173300974509
-0.261707925628614
-0.000000000000005
0.261707925628590
0.505173300974488
0.713425186616678
0.871947226253856
0.969689520376682
0.999838867929057
0.960293685676945
0.853810500668354
0.687811804415962
0.473868662473008
0.226894144495891
-0.035896202634576
-0.296184377620467
-0.535826794978983
-0.738118997487336
-0.888960053096187
-0.977835471138023
-0.998550122907320
-0.949660077825429
-0.834573253721311
-0.661311865323656
-0.441953229673237
-0.191787907539976
0.071746136761372
0.330279061955156
0.565789633582200
0.761861407873401
0.904827052466013
0.984721038215623
0.995974293995239
0.937802403039832
0.814260281314388
0.633959526508167
0.409468140058902
0.156434465040248
-0.107503593510517
-0.363948032196772
-0.595023196102022
-0.784621814930586
-0.919527772551445
-0.990337346439115
-0.992114701314478
-0.924735945302245
-0.792897765908485
-0.605790043840826
-0.376455265374404
-0.120879385912343
0.143122483211111
0.397147890634768
0.623489801858718
0.806370881570457
0.933043264819438
0.994677156652775
0.986976319697496
0.910477546658821
0.770513242775800
0.576839726452752
0.342957157654144
0.085168498971978
-0.178556894798627
-0.429835844221526
-0.651152758743558
-0.827080574274556
-0.945356108439563
-0.997734875046454
-0.980565772275221
-0.895045585511180
-0.747135564508162
-0.547145889934094
-0.309016994374961
-0.049347833863771
0.213761154992104
0.461969759730576
0.677976410513205
0.846724199228278
0.956450432738626
0.999506560365730
0.972891321940146
0.878459952927516
0.722794863827405
0.516746808236003
0.274678522802405
0.013463561731206
-0.248689887164844
-0.493508218064332
-0.703926182748929
-0.865276436727939
-0.966311937657219
-0.999989928992004
-0.963962860695855
-0.860742027003951
-0.697522514745717
-0.485681664337318
-0.239986003602582
0.022438064295783
0.283298069832738
0.524410567641351
0.728968627421396
0.882713373816676
0.974927912181819
0.999184357885974
0.953791896906695
0.841914645309178
0.671351092126009
0.453990499739558
0.204984153792247
-0.058310768718931
-0.317541094684832
-0.554636976794295
-0.753071466003605
-0.899012535107116
-0.982287250728684
-0.997090885390702
-0.942391540464038
-0.822002075447919
-0.644314329694500
-0.421714162855319
-0.169718089100687
0.094108313318505
0.351374824081330
0.584148485111071
0.776203631076346
0.914152911751087
0.988380467458427
0.993712209893243
0.929776485888256
0.801029983781126
0.616447076559477
0.388894256356608
0.134233265817674
-0.129784556752279
-0.384755647944922
-0.612907053652960
-0.798335306372686
-0.928114988519027
-0.993199708502811
-0.989052686346545
-0.915962993388172
-0.779025402343258
-0.587785252292492
-0.355573083550969
-0.098575422202449
0.165293514029474
0.417640539972117
0.640875613985008
0.819437965209717
0.940880768954214
0.996738762088013
0.983118320656127
0.900968867902425
0.756016693999265
0.558365800629683
0.321793593854478
0.062790519529320
-0.200589415783261
-0.449987113092106
-0.668018115955485
-0.839484407258062
-0.952433798569312
-0.998993066541313
-0.975916761938749
