0.999999999999999
-0.765402990234617
0.171683474920189
0.502588900079051
-0.941049568878656
0.937975407878392
-0.494808795034658
-0.180519145250562
0.771148582173413
-0.999959716170870
0.759595731569275
-0.162833972454280
-0.510328512712698
0.944047911718851
-0.934825676396012
0.486988824404363
0.189340271576131
-0.776832044476774
0.999838867929057
-0.753727274054617
0.153971350836525
0.518027009373137
-0.946970194829517
0.931600628198004
-0.479129618224891
-0.198146143199402
0.782452919241449
-0.999637465011020
0.747798090498526
-0.145096324107599
-0.525683769810512
0.949816182769143
-0.928300523118953
0.471231809694070
0.206936050651930
-0.788010753606729
0.999355523643320
-0.741808658601430
0.136209607307610
0.533298177137574
-0.952585646243150
0.924925627040592
-0.463296035119845
-0.215709285751448
0.793505099790909
-0.998993066541313
0.735759460917834
-0.127311916418528
-0.540869617879340
0.955278362122345
-0.921476211870403
0.455322933869004
0.224465141658934
-0.798935515127374
0.998550122907319
-0.729650984817441
0.118403968306486
0.548397482022582
-0.957894113460924
0.917952555519678
-0.447313148315616
-0.233202912935610
0.804301562100295
-0.998026728428269
0.723483722445846
-0.109486480663976
-0.555881163064902
0.960432689513922
-0.914354941881163
0.439267323789362
0.241921895599692
-0.809602808379824
0.997422925272831
-0.717258170684945
0.100560171952107
0.563320058063645
-0.962893885754212
0.910683660806164
-0.431186108523480
-0.250621387183164
0.814838826856963
-0.996738762088011
0.710974831112867
-0.091625761342670
-0.570713567684461
0.965277503888976
-0.906939008081200
0.423070153602561
0.259300686788362
-0.820009195677965
0.995974293995234
-0.704634209963565
0.082683968660205
0.578061096249591
-0.967583351875682
0.903121285404172
-0.414920112910113
-0.267959095144413
0.825113498278305
-0.995129582585908
0.698236818086058
-0.073735514324039
-0.585362051785844
0.969811243937552
-0.899230800360068
0.406736643075778
0.276595914663686
-0.830151323416307
0.994204695916448
-0.691783170903189
0.064781119290124
0.592615846072375
-0.971961000578552
0.895267866396135
-0.398520403422583
-0.285210449497832
0.835122265206183
-0.993199708502808
0.685273788370217
-0.055821504993129
-0.599821894687941
0.974032448597818
-0.891232802796692
0.390272055913716
0.293802005593951
-0.840025923150792
0.992114701314472
-0.678709194932851
0.046857393288197
0.606979617058080
-0.976025421103633
0.887125934657365
-0.381992265099221
-0.302369890750487
0.844861902173896
-0.990949761767927
0.672089919485011
-0.037889506392815
-0.614088436501863
0.977939757526869
-0.882947592858902
0.373681698062454
0.310913414672998
-0.849629812651991
0.989704983719626
-0.665416495326220
0.028918566828630
0.621147780278353
-0.979775303633924
0.878698114040519
-0.365341024366341
-0.319431889029768
0.854329270445695
-0.988380467458421
0.658689460118634
-0.019945297363236
-0.628157079632755
0.981531911539147
-0.874377840572772
0.356970915999428
0.327924627507266
-0.858959896930698
0.986976319697484
-0.651909355843727
0.010970420951940
0.635115769842232
-0.983209439716751
0.869987120529977
-0.348572047321748
-0.336390945865441
0.863521319028267
-0.985492653565713
0.645076728758623
-0.001994660679518
-0.642023290261410
0.984807753012220
-0.865526307662167
0.340145095010480
0.344830161992848
-0.868013169235307
0.983929588598614
-0.638192129352086
-0.006981260298044
0.648879084367545
-0.986326722653195
0.860995761366587
-0.331690738005439
-0.353241595961606
0.872435085653964
-0.982287250728671
0.631256112300169
0.015956618811812
-0.655682599805317
0.987766226259840
-0.856395846658774
0.323209657454426
0.361624570082126
-0.876786712020761
0.980565772275212
-0.624269236421568
-0.024930691738112
0.662433288431505
-0.989126147854738
0.851726934143025
-0.314702536658131
-0.369978408957919
0.881067697735406
-0.978765291933701
0.617232064632421
0.033902756057017
-0.669130606358893
0.990406377872182
-0.846989399982716
0.306170061015410
0.378302439539696
-0.885277697888878
0.976885954764636
-0.610145163901225
-0.042872088910258
0.675774014000257
-0.991606813167036
0.842183625869882
-0.297612917967844
-0.386595991179806
0.889416373291323
-0.974927912181810
0.603009105202977
0.051837967659691
-0.682362976111802
0.992727357023042
-0.837309998994488
0.289031796944411
0.394858395686215
-0.893483390499356
0.972891321940129
-0.595824463473213
-0.060799669945460
0.688896961836279
-0.993767919160603
0.832368912013240
-0.280427389305935
-0.403088987376340
0.897478421842924
-0.970776348122900
0.588591817561696
0.069756473744199
-0.695375444745761
0.994728415744066
-0.827360763017943
0.271800388289392
0.411287103130682
-0.901401145451707
0.968583161128610
-0.581311750185767
-0.078707657427200
0.701797902884049
-0.995608769388470
0.822285955503436
-0.263151488952050
-0.419452082446254
0.905251245281050
-0.966311937657201
0.573984847883408
0.087652499818556
-0.708163818808731
0.996408909165783
-0.817144898335076
0.254481388115477
0.427583267489791
-0.909028411137426
0.963962860695827
-0.566611700965979
-0.096590280253260
0.714472679632870
-0.997128770610617
0.811938005715799
-0.245790784309393
-0.435680003150757
0.912732338703426
-0.961536119504120
0.559192903470663
0.105520278635274
-0.720723977066320
0.997768295725421
-0.806665697152751
0.237080377715396
0.443741637094118
-0.916362729562281
0.959031909598934
-0.551729053112599
-0.114441775495540
0.726917207456689
-0.998327432985155
0.801328397423487
-0.228350870110547
-0.451767519812908
0.919919291221900
-0.956450432738597
0.544220751236733
0.123354052049947
-0.733051871829905
0.998806137341439
-0.795926536541746
0.219602964810832
0.459757004680549
-0.923401737138440
0.953791896906655
-0.536668602769364
-0.132256390257244
0.739127475930426
-0.999204370226183
0.790460549722812
-0.210837366614496
-0.467709448002956
0.926809786739386
-0.951056516295113
0.529073216169410
0.141148072876888
-0.745143530261057
0.999522099554697
-0.784930877348440
0.202054781745259
0.475624209070392
-0.930143165446165
0.948244511287183
-0.521435203379382
-0.150028383526832
0.751099550122389
-0.999759299728273
0.779337964931387
-0.193255917795417
-0.483500650209092
0.933401604696259
-0.945356108439522
0.513755179776085
0.158896606741244
-0.756995055651850
0.999915951636249
-0.773682263079507
0.184441483668833
0.491338136832639
-0.936584841964848
0.942391540463984
-0.506033764121035
-0.167752028028146
0.762829571862363
-0.999992042657546
0.767964227459455
-0.175612189523824
-0.499136037493088
0.939692620785960
-0.939351046208869
0.498271578510610
0.176593933926981
-0.768602628680622
0.999987566661690
-0.762184318759972
0.166768746715944
0.506893723931845
-0.942724690773134
0.936234870639679
-0.490469248325928
-0.185421612066097
0.774313760984957
-0.999902524009301
0.756343002654764
-0.157911867740671
-0.514610571130278
0.945680807639590
-0.933043264819382
0.482627402182462
0.194234351220139
-0.779962508642813
0.999736921552066
-0.750440749764993
0.149042266176003
0.522285957360081
-0.948560733217914
0.929776485888186
-0.474746671879390
-0.203031441367350
0.785548416547818
-0.999490772632188
0.744478035621352
-0.140160656625079
-0.529919264233262
0.951364235479214
-0.926434797042861
0.466827692348800
0.211812173746666
-0.791071034656384
0.999164097081313
-0.738455340625834
0.131267754658160
0.537509876752355
-0.954091088551946
0.923018467515367
-0.458871101604127
-0.220575840915263
0.796529918024243
-0.998756921218917
0.732373150012717
-0.122364276755642
-0.545057183359387
0.956741072739909
-0.919527772551417
0.450877540689356
0.229321736804891
-0.801924626841874
0.998269277850210
-0.726231953809933
0.113450940249892
0.552560575985539
-0.959313974540082
0.915962993388130
-0.442847653626970
-0.238049156779196
0.807254726470221
-0.997701206263476
0.720032246799278
-0.104528463267559
-0.560019450100039
0.961809586659792
-0.912324417231414
0.434782087366166
0.246757397690389
-0.812519787475639
0.997052752226912
-0.713774528476628
0.095597564671720
0.567433204758865
-0.964227708033415
0.908612337232830
-0.426681491730731
-0.255445757935892
0.817719385664492
-0.996323967984941
0.707459303011695
-0.086658964003959
-0.574801242653166
0.966568143838574
-0.904827052465972
0.418546519366686
0.264113537514866
-0.822853102117329
0.995514912254003
-0.701087079207406
0.077713381426402
0.582122970157383
-0.968830705511838
0.900968867902367
-0.410377825689702
-0.272760038084609
0.827920523222639
-0.994625650217825
0.694658370458909
-0.068761537663687
-0.589397797377076
0.971015210763910
-0.897038094386913
0.402176068832303
0.281384563016817
-0.832921240710169
0.993656253522165
-0.688173694712216
0.059804153944905
0.596625138196452
-0.973121483594318
0.893035048612825
-0.393941909590829
-0.289986417453713
0.837854851683821
-0.992606800269045
0.681633574422465
-0.050841951945486
-0.603804410325586
0.975149354305593
-0.888960053096129
0.385676011372211
0.298564908364028
-0.842720958654114
0.991477375010457
-0.675038536511833
0.041875653729057
0.610935035347334
-0.977098659516939
0.884813436149670
-0.377379040140510
-0.307119344598838
0.847519169570203
-0.990268068741549
0.668389112327080
-0.032905981689269
-0.618016438763936
0.978969242177401
-0.880595531856665
0.369051664363269
0.315649036947248
-0.852249097851471
0.988978978893294
-0.661685837596742
0.023933658491594
0.625048050043302
-0.980760951578514
0.876306680043786
-0.360694554957654
-0.324153298191920
0.856910362418672
-0.987610209324644
0.654929252387966
-0.014959407015100
-0.632029302664977
