0.999999999999999
-0.114441775495432
-0.973806160042905
0.337329987382829
0.896596874675020
-0.542546263865758
-0.772416959224600
0.719339800338650
0.607771911354031
-0.858448793601864
-0.411287103130612
0.952585646243144
0.193255917795556
-0.996818746958190
0.034899496702500
0.988830826225128
-0.261226607538135
-0.929040352678503
0.473868662472994
0.820579610508394
-0.661685837596857
-0.669130606358863
0.814838826856941
0.482627402182612
-0.925304300473993
-0.270840468143008
0.987295228574593
0.044864830350520
-0.997564050259823
0.183461171813775
0.955572805786141
-0.402176068832409
-0.863521319028233
0.599821894687910
0.726231953809998
-0.766044443118974
-0.550896981452110
0.892135700463879
0.346701794364217
-0.971490038292864
-0.124343704647491
0.999950266955942
-0.104528463267639
-0.976025421103626
0.327924627507195
0.900968867902421
-0.534141581324925
-0.778712646036903
0.712376096951335
0.615661475325665
-0.853290881632151
-0.420357228309569
0.949503736732320
0.203031441367189
-0.995974293995237
0.024930691738065
0.990268068741570
-0.251586763744492
-0.932683996873432
0.465062788901240
0.826238774315999
-0.654175253533029
-0.676508819317017
0.809016994374938
0.491338136832521
-0.921476211870403
-0.280427389306009
0.985661428529859
0.054825701469375
-0.998210129767735
0.173648177666920
0.958464918240237
-0.393025031653906
-0.868507953366996
0.591812216084356
0.733051871829833
-0.759595731569263
-0.559192903470763
0.887585789004545
0.356039116274370
-0.969077286229074
-0.134233265817664
0.999801072770522
-0.094604754002534
-0.978147600733811
0.318486650251659
0.905251245281024
-0.525683769810486
-0.784930877348533
0.705341536300397
0.623489801858743
-0.848048096156420
-0.429385542199416
0.946327383799162
0.212786770195592
-0.995030775365398
0.014959407015238
0.991606813167032
-0.241921895599648
-0.936234870639742
0.456210657353150
0.831815755384875
-0.646599601215792
-0.683819742589324
0.803114692137282
0.500000000000025
-0.917556467632722
-0.289986417453609
0.983929588598625
0.064781119290170
-0.998756921218922
0.163817911415125
0.961261695938321
-0.383834901812993
-0.873408200617145
0.583743672234764
0.739798876047602
-0.753071466003593
-0.567433204758800
0.882947592858917
0.365341024366411
-0.966568143838542
-0.144109475329992
0.999552432283502
-0.084671634772588
-0.980172487848549
0.309016994374919
0.909443580859492
-0.517173670587891
-0.791071034656354
0.698236818086059
0.631256112300251
-0.842720958654031
-0.438371146789112
0.943056903383047
0.222520933956347
-0.993988284916781
0.004986634338730
0.992846926341839
-0.232232964430220
-0.939692620785914
0.447313148315616
0.837309998994531
-0.638959634165624
-0.691062648986891
0.797132507222900
0.508612130123459
-0.913545457642588
-0.299516601786645
0.982099881040233
0.074730093586446
-0.999204370226179
0.153971350836489
0.963962860695863
-0.374606593415875
-0.878221573370245
0.575617065685645
0.746472295365170
-0.746472295365130
-0.575617065685694
0.878221573370217
0.374606593415931
-0.963962860695848
-0.153971350836548
0.999204370226178
-0.074730093586415
-0.982099881040239
0.299516601786615
0.913545457642624
-0.508612130123383
-0.797132507222954
0.691062648986828
0.638959634165692
-0.837309998994498
-0.447313148315670
0.939692620785894
0.232232964430278
-0.992846926341832
-0.004986634338789
0.993988284916787
-0.222520933956289
-0.943056903383067
0.438371146789058
0.842720958654048
-0.631256112300226
-0.698236818086081
0.791071034656334
0.517173670587918
-0.909443580859456
-0.309016994375003
0.980172487848532
0.084671634772676
-0.999552432283504
0.144109475329933
0.966568143838558
-0.365341024366355
-0.882947592858945
0.567433204758751
0.753071466003633
-0.739798876047562
-0.583743672234813
0.873408200617116
0.383834901813022
-0.961261695938312
-0.163817911415155
0.998756921218921
-0.064781119290139
-0.983929588598641
0.289986417453524
0.917556467632757
-0.499999999999949
-0.803114692137334
0.683819742589280
0.646599601215838
-0.831815755384842
-0.456210657353203
0.936234870639721
0.241921895599706
-0.991606813167024
-0.014959407015298
0.995030775365404
-0.212786770195533
-0.946327383799172
0.429385542199387
0.848048096156436
-0.623489801858718
-0.705341536300419
0.784930877348478
0.525683769810561
-0.905251245280987
-0.318486650251743
0.978147600733792
0.094604754002593
-0.999801072770524
0.134233265817605
0.969077286229089
-0.356039116274314
-0.887585789004573
0.559192903470713
0.759595731569302
-0.733051871829802
-0.591812216084393
0.868507953366974
0.393025031653948
-0.958464918240228
-0.173648177666951
0.998210129767733
-0.054825701469287
-0.985661428529874
0.280427389305938
0.921476211870432
-0.491338136832457
-0.809016994374981
0.676508819316963
0.654175253533074
-0.826238774315965
-0.465062788901293
0.932683996873410
0.251586763744550
-0.990268068741564
-0.024930691738110
0.995974293995241
-0.203031441367144
-0.949503736732335
0.420357228309541
0.853290881632167
-0.615661475325596
-0.712376096951397
0.778712646036848
0.534141581324987
-0.900968867902389
-0.327924627507265
0.976025421103610
0.104528463267712
-0.999950266955943
0.124343704647431
0.971490038292879
-0.346701794364161
-0.892135700463903
0.550896981452066
0.766044443119003
-0.726231953809966
-0.599821894687941
0.863521319028214
0.402176068832444
-0.955572805786132
-0.183461171813862
0.997564050259818
-0.044864830350439
-0.987295228574606
0.270840468142937
0.925304300474021
-0.482627402182553
-0.814838826856980
0.669130606358813
0.661685837596901
-0.820579610508360
-0.473868662473043
0.929040352678484
0.261226607538183
-0.988830826225121
-0.034899496702542
0.996818746958193
-0.193255917795518
-0.952585646243172
0.411287103130584
0.858448793601908
-0.607771911354010
-0.719339800338705
0.772416959224587
0.542546263865820
-0.896596874675014
-0.337329987382894
0.973806160042903
0.114441775495494
-0.999999999999999
0.114441775495375
0.973806160042931
-0.337329987382781
-0.896596874675067
0.542546263865720
0.772416959224663
-0.719339800338622
-0.607771911354105
0.858448793601847
0.411287103130693
-0.952585646243136
-0.193255917795636
0.996818746958188
-0.034899496702422
-0.988830826225130
0.261226607538067
0.929040352678507
-0.473868662472938
-0.820579610508396
0.661685837596812
0.669130606358944
-0.814838826856911
-0.482627402182708
0.925304300473976
0.270840468143107
-0.987295228574587
-0.044864830350615
0.997564050259826
-0.183461171813689
-0.955572805786150
0.402176068832335
0.863521319028245
-0.599821894687846
-0.726231953810009
0.766044443118926
0.550896981452118
-0.892135700463849
-0.346701794364220
0.971490038292850
0.124343704647607
-0.999950266955941
0.104528463267537
0.976025421103636
-0.327924627507099
-0.900968867902441
0.534141581324838
0.778712646036923
-0.712376096951273
-0.615661475325690
0.853290881632105
0.420357228309598
-0.949503736732297
-0.203031441367206
0.995974293995230
-0.024930691738048
-0.990268068741580
0.251586763744489
0.932683996873453
-0.465062788901237
-0.826238774316033
0.654175253532941
0.676508819317051
-0.809016994374878
-0.491338136832561
0.921476211870363
0.280427389306053
-0.985661428529844
-0.054825701469407
0.998210129767740
-0.173648177666889
-0.958464918240262
0.393025031653890
0.868507953367033
-0.591812216084342
-0.733051871829883
0.759595731569261
0.559192903470812
-0.887585789004544
-0.356039116274426
0.969077286229045
0.134233265817723
-0.999801072770520
0.094604754002474
0.978147600733829
-0.318486650251629
-0.905251245281061
0.525683769810460
0.784930877348588
-0.705341536300375
-0.623489801858812
0.848048096156403
0.429385542199495
-0.946327383799151
-0.212786770195650
0.995030775365397
-0.014959407015179
-0.991606813167032
0.241921895599590
0.936234870639783
-0.456210657353096
-0.831815755384939
0.646599601215746
0.683819742589409
-0.803114692137263
-0.500000000000101
0.917556467632710
0.289986417453693
-0.983929588598619
-0.064781119290258
0.998756921218924
-0.163817911415037
-0.961261695938329
0.383834901812911
0.873408200617147
-0.583743672234716
-0.739798876047604
0.753071466003554
0.567433204758802
-0.882947592858889
-0.365341024366519
0.966568143838527
0.144109475330107
-0.999552432283500
0.084671634772500
0.980172487848555
-0.309016994374835
-0.909443580859505
0.517173670587816
0.791071034656373
-0.698236818085996
-0.631256112300275
0.842720958653984
0.438371146789115
-0.943056903383028
-0.222520933956350
0.993988284916774
-0.004986634338727
-0.992846926341846
0.232232964430107
0.939692620785935
-0.447313148315512
-0.837309998994563
0.638959634165556
0.691062648986914
-0.797132507222847
-0.508612130123486
0.913545457642552
0.299516601786675
-0.982099881040217
-0.074730093586477
0.999204370226182
-0.153971350836486
-0.963962860695879
0.374606593415872
0.878221573370274
-0.575617065685643
-0.746472295365210
0.746472295365053
0.575617065685743
-0.878221573370161
-0.374606593415986
0.963962860695816
0.153971350836607
-0.999204370226173
0.074730093586355
0.982099881040261
-0.299516601786558
-0.913545457642648
0.508612130123381
0.797132507222990
-0.691062648986826
-0.638959634165738
0.837309998994496
0.447313148315723
-0.939692620785893
-0.232232964430336
0.992846926341832
0.004986634338849
-0.993988284916800
0.222520933956231
0.943056903383106
-0.438371146789005
-0.842720958654111
0.631256112300180
0.698236818086165
-0.791071034656298
-0.517173670588018
0.909443580859454
0.309016994375060
-0.980172487848531
-0.084671634772736
0.999552432283504
-0.144109475329874
-0.966568143838558
0.365341024366300
0.882947592858946
-0.567433204758702
-0.753071466003709
0.739798876047522
0.583743672234908
-0.873408200617087
-0.383834901813129
0.961261695938296
0.163817911415270
-0.998756921218918
0.064781119290023
0.983929588598641
-0.289986417453467
-0.917556467632759
0.499999999999897
0.803114692137336
-0.683819742589237
-0.646599601215840
0.831815755384808
0.456210657353205
-0.936234870639700
-0.241921895599819
0.991606813167017
0.014959407015415
-0.995030775365410
0.212786770195420
0.946327383799191
-0.429385542199282
-0.848048096156468
0.623489801858627
0.705341536300462
-0.784930877348441
-0.525683769810564
0.905251245280961
0.318486650251745
-0.978147600733780
-0.094604754002596
0.999801072770525
-0.134233265817602
-0.969077286229104
0.356039116274311
0.887585789004600
-0.559192903470616
-0.759595731569341
0.733051871829723
0.591812216084441
-0.868507953366916
-0.393025031654003
0.958464918240195
0.173648177667010
-0.998210129767726
0.054825701469284
0.985661428529884
-0.280427389305935
-0.921476211870455
0.491338136832454
0.809016994375017
-0.676508819316961
-0.654175253533120
0.826238774315964
0.465062788901346
-0.932683996873368
-0.251586763744608
0.990268068741547
0.024930691738170
-0.995974293995252
0.203031441367086
0.949503736732371
-0.420357228309486
-0.853290881632228
0.615661475325594
0.712376096951439
-0.778712646036846
-0.534141581325038
0.900968867902388
0.327924627507322
-0.976025421103609
-0.104528463267772
0.999950266955943
-0.124343704647372
-0.971490038292906
0.346701794364105
0.892135700463956
-0.550896981452016
-0.766044443119078
0.726231953809925
0.599821894688034
-0.863521319028184
-0.402176068832551
0.955572805786114
0.183461171813921
-0.997564050259818
0.044864830350379
0.987295228574607
-0.270840468142880
-0.925304300474023
0.482627402182501
0.814838826857048
-0.669130606358769
-0.661685837596904
0.820579610508261
0.473868662473146
-0.929040352678462
-0.261226607538185
0.988830826225095
0.034899496702658
-0.996818746958198
0.193255917795516
0.952585646243208
-0.411287103130478
-0.858448793601910
0.607771911354008
0.719339800338786
-0.772416959224512
-0.542546263865823
0.896596874675013
0.337329987383003
-0.973806160042877
-0.114441775495497
0.999999999999999
-0.114441775495259
-0.973806160042931
0.337329987382778
0.896596874675118
-0.542546263865622
-0.772416959224664
0.719339800338620
0.607771911354198
-0.858448793601787
-0.411287103130696
0.952585646243135
0.193255917795750
-0.996818746958179
0.034899496702419
0.988830826225131
-0.261226607537955
-0.929040352678550
0.473868662472936
0.820579610508397
-0.661685837596724
-0.669130606358947
0.814838826856909
0.482627402182810
-0.925304300473932
-0.270840468143110
0.987295228574587
0.044864830350732
-0.997564050259834
0.183461171813686
0.955572805786151
-0.402176068832228
-0.863521319028304
0.599821894687843
0.726231953810011
-0.766044443118851
-0.550896981452216
0.892135700463848
0.346701794364223
-0.971490038292823
-0.124343704647609
0.999950266955941
-0.104528463267421
-0.976025421103661
0.327924627507096
0.900968867902442
-0.534141581324740
-0.778712646036996
0.712376096951271
0.615661475325692
-0.853290881632044
-0.420357228309703
0.949503736732296
0.203031441367209
-0.995974293995220
0.024930691737931
0.990268068741581
-0.251586763744486
-0.932683996873495
0.465062788901134
0.826238774316034
-0.654175253532853
-0.676508819317137
0.809016994374876
0.491338136832564
-0.921476211870318
-0.280427389306165
0.985661428529844
0.054825701469410
-0.998210129767747
0.173648177666774
0.958464918240263
-0.393025031653887
-0.868507953367091
0.591812216084248
0.733051871829885
-0.759595731569259
-0.559192903470909
0.887585789004490
0.356039116274428
-0.969077286229017
-0.134233265817839
0.999801072770520
-0.094604754002471
-0.978147600733853
0.318486650251519
0.905251245281063
-0.525683769810457
-0.784930877348660
0.705341536300292
0.623489801858814
-0.848048096156401
-0.429385542199601
0.946327383799114
0.212786770195653
-0.995030775365397
0.014959407015062
0.991606813167048
-0.241921895599587
-0.936234870639824
0.456210657352993
0.831815755384941
-0.646599601215744
-0.683819742589494
0.803114692137194
0.500000000000104
-0.917556467632709
-0.289986417453805
0.983929588598598
0.064781119290261
-0.998756921218924
0.163817911414922
0.961261695938362
-0.383834901812909
-0.873408200617148
0.583743672234621
0.739798876047683
-0.753071466003552
-0.567433204758805
0.882947592858834
0.365341024366522
-0.966568143838526
-0.144109475330223
0.999552432283497
-0.084671634772497
-0.980172487848556
0.309016994374724
0.909443580859554
-0.517173670587813
-0.791071034656375
0.698236818085912
0.631256112300366
-0.842720958653982
-0.438371146789117
0.943056903382989
0.222520933956464
-0.993988284916774
0.004986634338724
0.992846926341860
-0.232232964430104
-0.939692620785936
0.447313148315408
0.837309998994627
-0.638959634165554
-0.691062648986916
0.797132507222777
0.508612130123586
-0.913545457642551
-0.299516601786677
0.982099881040195
0.074730093586593
-0.999204370226183
0.153971350836483
0.963962860695910
-0.374606593415764
-0.878221573370275
0.575617065685640
0.746472295365288
-0.746472295365051
-0.575617065685745
0.878221573370105
0.374606593416094
-0.963962860695816
-0.153971350836610
0.999204370226168
-0.074730093586239
-0.982099881040262
0.299516601786555
0.913545457642695
-0.508612130123280
-0.797132507222992
0.691062648986823
0.638959634165828
-0.837309998994433
-0.447313148315726
0.939692620785892
0.232232964430450
-0.992846926341818
-0.004986634338852
0.993988284916813
-0.222520933956117
-0.943056903383107
0.438371146789002
0.842720958654174
-0.631256112300090
-0.698236818086167
0.791071034656296
0.517173670588118
-0.909443580859406
-0.309016994375062
0.980172487848531
0.084671634772852
-0.999552432283507
0.144109475329871
0.966568143838559
-0.365341024366191
-0.882947592859001
0.567433204758699
0.753071466003786
-0.739798876047443
-0.583743672234910
0.873408200617086
0.383834901813237
-0.961261695938263
-0.163817911415273
0.998756921218917
-0.064781119289906
-0.983929588598662
0.289986417453464
0.917556467632760
-0.499999999999796
-0.803114692137406
0.683819742589235
0.646599601215842
-0.831815755384744
-0.456210657353309
0.936234870639699
0.241921895599933
-0.991606813167002
-0.014959407015418
0.995030775365410
-0.212786770195306
-0.946327383799229
0.429385542199279
0.848048096156469
-0.623489801858536
-0.705341536300544
0.784930877348440
0.525683769810566
-0.905251245280912
-0.318486650251856
0.978147600733779
0.094604754002599
-0.999801072770527
0.134233265817486
0.969077286229104
-0.356039116274308
-0.887585789004654
0.559192903470614
0.759595731569342
-0.733051871829643
-0.591812216084535
0.868507953366914
0.393025031654005
-0.958464918240161
-0.173648177667125
0.998210129767726
-0.054825701469282
-0.985661428529904
0.280427389305823
0.921476211870456
-0.491338136832452
-0.809016994375085
0.676508819316875
0.654175253533122
-0.826238774315962
-0.465062788901449
0.932683996873367
0.251586763744611
-0.990268068741531
-0.024930691738287
0.995974293995252
-0.203031441367083
-0.949503736732408
0.420357228309381
0.853290881632230
-0.615661475325591
-0.712376096951521
0.778712646036773
0.534141581325041
-0.900968867902386
-0.327924627507432
0.976025421103584
0.104528463267775
-0.999950266955943
0.124343704647256
0.971490038292907
-0.346701794364102
-0.892135700464009
0.550896981451919
0.766044443119080
-0.726231953809923
-0.599821894688128
0.863521319028125
0.402176068832554
-0.955572805786113
-0.183461171814035
0.997564050259809
-0.044864830350377
-0.987295228574607
0.270840468142767
0.925304300474067
-0.482627402182499
-0.814838826856984
0.669130606358682
0.661685837596991
-0.820579610508324
-0.473868662473249
0.929040352678418
0.261226607538298
-0.988830826225112
-0.034899496702775
0.996818746958207
-0.193255917795401
-0.952585646243174
0.411287103130371
0.858448793601970
-0.607771911353915
-0.719339800338709
0.772416959224438
0.542546263865921
-0.896596874674961
-0.337329987382899
0.973806160042850
0.114441775495613
-0.999999999999999
0.114441775495143
0.973806160042958
-0.337329987382668
-0.896596874675069
0.542546263865524
0.772416959224738
-0.719339800338539
-0.607771911354109
0.858448793601727
0.411287103130802
-0.952585646243100
-0.193255917795641
0.996818746958169
-0.034899496702303
-0.988830826225148
0.261226607538061
0.929040352678593
-0.473868662472833
-0.820579610508464
0.661685837596637
0.669130606359033
-0.814838826856842
-0.482627402182713
0.925304300473888
0.270840468143222
-0.987295228574568
-0.044864830350621
0.997564050259842
-0.183461171813571
-0.955572805786186
0.402176068832329
0.863521319028363
-0.599821894687750
-0.726231953810092
0.766044443118923
0.550896981452313
-0.892135700463795
-0.346701794364332
0.971490038292849
0.124343704647725
-0.999950266955940
0.104528463267531
0.976025421103687
-0.327924627506986
-0.900968867902493
0.534141581324833
0.778712646037069
-0.712376096951189
-0.615661475325784
0.853290881632102
0.420357228309809
-0.949503736732260
-0.203031441367323
0.995974293995230
-0.024930691737815
-0.990268068741597
0.251586763744373
0.932683996873455
-0.465062788901031
-0.826238774316100
0.654175253532937
0.676508819317223
-0.809016994374807
-0.491338136832665
0.921476211870361
0.280427389306277
-0.985661428529824
-0.054825701469526
0.998210129767741
-0.173648177666660
-0.958464918240296
0.393025031653780
0.868507953367036
-0.591812216084154
-0.733051871829965
0.759595731569183
0.559192903470817
-0.887585789004437
