0.999999999999999
0.142135348732755
-0.959595085281235
-0.414920112910128
0.841645455391804
0.654175253533034
-0.655682599805292
-0.840566603495684
0.416734145163358
0.959031909598964
-0.144109475329980
-0.999998010662407
-0.140160656625144
0.960154443046353
0.413104429824542
-0.842720958654039
-0.652665304509928
0.657187337329460
0.839484407258075
-0.418546519366787
-0.958464918240235
0.146083028562414
0.999992042657546
0.138185406863810
-0.960709980668816
-0.411287103130613
0.843793109003307
0.651152758743571
-0.658689460118678
-0.838398870984690
0.420357228309568
0.957894113460920
-0.148056000577923
-0.999982096009160
-0.136209607307626
0.961261695938318
0.409468140058887
-0.844861902173871
-0.649637622251894
0.660188962196493
0.837309998994523
-0.422166264787472
-0.957319497532065
0.150028383526698
0.999968170756824
0.134233265817658
-0.961809586659766
-0.407647547846439
0.845927333913355
0.648119901063125
-0.661685837596856
-0.836217795619841
0.423973621602935
0.956741072739884
-0.152000169561272
-0.999950266955942
-0.132256390257126
0.962353650653279
0.405825333736809
-0.846989399982744
-0.646599601215794
0.663180080364212
0.835122265206167
-0.425779291565072
-0.956158841385739
0.153971350836538
0.999928384677748
0.130278988491376
-0.962893885754204
-0.404001504979995
0.848048096156426
0.645076728758677
-0.664671684553431
-0.834023412112261
0.427583267489706
0.955572805786140
-0.155941919509810
-0.999902524009303
-0.128301068387834
0.963430289813120
0.402176068832418
-0.849103418222193
-0.643551289750786
0.666160644229912
0.832921240710094
-0.429385542199406
-0.954982968272731
0.157911867740837
0.999872685053500
0.126322637816029
-0.963962860695851
-0.400349032556884
0.850155361981261
0.642023290261339
-0.667646953469569
-0.831815755384872
0.431186108523517
0.954389331192286
-0.159881187691849
-0.999838867929057
-0.124343704647494
0.964491596283473
0.398520403422615
-0.851203923248296
-0.640492736369780
0.669130606358850
0.830706960534931
-0.432984959298132
-0.953791896906688
0.161849871527519
0.999801072770522
0.122364276755718
-0.965016494472309
-0.396690188705080
0.852249097851389
0.638959634165644
-0.670611596994813
-0.829594860571836
0.434782087366261
0.953190667792947
-0.163817911415150
-0.999759299728270
-0.120384362016231
0.965537553173972
0.394858395686162
-0.853290881632160
-0.637423989748690
0.672089919485058
0.828479459920240
-0.436577485577662
-0.952585646243143
0.165785299524493
0.999713548968502
0.118403968306499
-0.966054770315327
-0.393025031653917
0.854329270445661
0.635885809228704
-0.673565567947797
-0.827360763017977
0.438371146789081
0.951976834664475
-0.167752028028008
-0.999663820673246
-0.116423103505808
0.966568143838547
0.391190103902758
-0.855364260160510
-0.634345098725651
0.675038536511947
0.826238774315993
-0.440163063864097
-0.951364235479191
0.169718089100663
0.999610115040353
0.114441775495433
-0.967077671701080
-0.389353619733215
0.856395846658788
0.632801864369473
-0.676508819317003
-0.825113498278286
0.441953229673228
0.950747851124640
-0.171683474920197
-0.999552432283503
-0.112459992158377
0.967583351875671
0.387515586452087
-0.857424025836178
-0.631256112300243
0.677976410513228
0.823984939381996
-0.443741637094038
-0.950127684053199
0.173648177666922
0.999490772632193
0.110477761379569
-0.968085182350400
-0.385676011372337
0.858448793601860
0.629707848667962
-0.679441304261533
-0.822853102117275
0.445528279010982
0.949503736732320
-0.175612189524008
-0.999425136331751
-0.108495091045605
0.968583161128637
0.383834901813013
-0.859470145878644
-0.628157079632691
0.680903494733540
0.821717990987320
-0.447313148315644
-0.948876011644486
0.177575502677149
0.999355523643320
0.106511989044915
-0.969077286229073
-0.381992265099263
0.860488078602888
0.626603811364434
-0.682362976111752
-0.820579610508386
0.449096237906583
0.948244511287230
-0.179538109315100
-0.999281934843867
-0.104528463267674
0.969567555685772
0.380148108562367
-0.861502587724566
-0.625048050043188
0.683819742589323
0.819437965209718
-0.450877540689414
-0.947609238173050
0.181500001629231
0.999204370226177
0.102544521605574
-0.970053967548099
-0.378302439539626
0.862513669207249
0.623489801858732
-0.685273788370255
-0.818293059633587
0.452657049577014
0.946970194829510
-0.183461171813810
-0.999122830098858
-0.100560171952130
0.970536519880777
0.376455265374409
-0.863521319028229
-0.621929073010873
0.686725107669370
0.817144898335133
-0.454434757489244
-0.946327383799155
0.185421612065921
0.999037314786326
0.098575422202426
-0.971015210763889
-0.374606593415917
0.864525533178366
0.620365869709245
-0.688173694712300
-0.815993485882550
0.456210657353181
0.945680807639541
-0.187381314585722
-0.998947824628822
-0.096590280253135
0.971490038292864
0.372756431019468
-0.865526307662218
-0.618800198173371
0.689619543735669
0.814838826856934
-0.457984742103097
-0.945030468923147
0.189340271576136
0.998854359982398
0.094604754002550
-0.971961000578546
-0.370904785546257
0.866523638498000
0.617232064632460
-0.691062648986874
-0.813680925852299
0.459757004680435
0.944376370237478
-0.191298475243110
-0.998756921218922
-0.092618851350321
0.972428095747115
0.369051664363380
-0.867517521717713
-0.615661475325650
0.692503004724266
0.812519787475589
-0.461527438034037
-0.943718514184980
0.193255917795589
0.998655508726066
0.090632580197767
-0.972891321940151
-0.367197074843857
0.868507953366991
0.614088436501807
-0.693940605217097
-0.811355416346531
0.463296035119875
0.943056903383049
-0.195212591445487
-0.998550122907319
-0.088645948447616
0.973350677314614
0.365341024366393
-0.869494929505227
-0.612512954419540
0.695375444745704
0.810187817097813
-0.465062788901276
-0.942391540464038
0.197168488407947
0.998440764181979
0.086658964004085
-0.973806160042905
-0.363483520315660
0.870478446205565
0.610935035347227
-0.696807517601285
-0.809016994374932
0.466827692348848
0.941722428075172
-0.199123600901036
-0.998327432985147
-0.084671634772628
0.974257768312793
0.361624570082066
-0.871458499554883
-0.609354685562804
0.698236818086088
0.807842952836245
-0.468590738440716
-0.941049568878651
0.201077921145995
0.998210129767735
0.082683968660240
-0.974705500327475
-0.359764181061821
0.872435085653922
0.607771911354015
-0.699663340513389
-0.806665697152816
0.470351920162242
0.940372965551563
-0.203031441367164
-0.998088854996447
-0.080695973575197
0.975149354305570
0.357902360656704
-0.873408200617136
-0.606186719018205
0.701087079207480
0.805485232008596
-0.472111230506255
-0.939692620785913
0.204984153792230
0.997963609153801
0.078707657427086
-0.975589328481117
-0.356039116274347
0.874377840572816
0.604599114862385
-0.702508028503848
-0.804301562100305
0.473868662472981
0.939008537288532
-0.206936050651931
-0.997834392738108
-0.076719028126772
0.976025421103637
0.354174455328046
-0.875344001663053
-0.603009105203024
0.703926182748956
0.803114692137281
-0.475624209070318
-0.938320717781167
0.208887124180247
0.997701206263483
0.074730093586421
-0.976457630438011
-0.352308385236522
0.876306680043888
0.601416696366347
-0.705341536300389
-0.801924626841830
0.477377863313319
0.937629165000486
-0.210837366614657
-0.997564050259819
-0.072740861719302
0.976885954764641
0.350440913424476
-0.877265871885027
-0.599821894687893
0.706754083527035
0.800731370948697
-0.479129618224861
-0.936933881697915
0.212786770195557
0.997422925272832
0.070751340439808
-0.977310392379391
-0.348572047321757
0.878221573370211
0.598224706513042
-0.708163818808668
-0.799534929205598
0.480879466835381
0.936234870639719
-0.214735327167127
-0.997277831864004
-0.068761537663824
0.977730941593510
0.346701794364190
-0.879173780697069
-0.596625138196307
0.709570736536568
0.798335306372718
-0.482627402182600
-0.935532134607117
0.216683029776467
0.997128770610607
0.066771461307904
-0.978147600733796
-0.344830161992797
0.880122490076970
0.595023196102030
-0.710974831112908
-0.797132507222897
0.484373417312250
0.934825676396028
-0.218629870274415
-0.996975742105722
-0.064781119290141
0.978560368142520
0.342957157654090
-0.881067697735414
-0.593418886603730
0.712376096951330
0.795926536541819
-0.486117505277305
-0.934115498817177
0.220575840915234
0.996818746958185
0.062790519529346
-0.978969242177367
-0.341082788800357
0.882009399911619
0.591812216084340
-0.713774528476734
-0.794717399127514
0.487859659138706
0.933401604696213
-0.222520933956317
-0.996657785792645
-0.060799669945356
0.979374221211607
0.339207062888996
-0.882947592858913
-0.590203190936464
0.715170120125054
0.793505099790883
-0.489599871965087
-0.932683996873406
0.224465141658883
0.996492859249505
0.058808578459342
-0.979775303633915
-0.337329987382805
0.883882272844584
0.588591817561707
-0.716562866343765
-0.792289643355203
0.491338136832507
0.931962678203968
-0.226408456287671
-0.996323967984946
-0.056817252992982
0.980172487848536
0.335451569750271
-0.884813436149737
-0.586978102371383
0.717952761591662
0.791071034656310
-0.493074446825175
-0.931237651557749
0.228350870110641
0.996151112670950
0.054825701469341
-0.980565772275226
-0.333571817464794
0.885741079069682
0.585362051785850
-0.719339800338643
-0.789849278542793
0.494808795034678
0.930508919819354
-0.230292375399782
-0.995974293995242
-0.052833931812043
0.980955155349189
0.331690738005513
-0.886665197913523
-0.583743672234756
0.720723977066290
0.788624379875553
-0.496541174560708
-0.929776485888252
0.232232964430253
0.995793512661316
0.050841951945577
-0.981340635521241
-0.329808338856522
0.887585789004544
0.582122970157291
-0.722105286267256
-0.787396343527992
0.498271578510787
0.929040352678478
-0.234172629481192
-0.995608769388463
-0.048849769795612
0.981722211257636
0.327924627507172
-0.888502848680066
-0.580499952001518
0.723483722445839
0.786165174386209
-0.500000000000003
-0.928300523118949
0.236111362835411
0.995420064911696
0.046857393288167
-0.982099881040233
-0.326039611452351
0.889416373291300
0.578874624225084
-0.724859280117769
-0.784930877348486
0.501726432151627
0.927557000153166
-0.238049156779100
-0.995227399981829
-0.044864830350488
0.982473643366426
0.324153298191711
-0.890326359203681
-0.577246993294548
0.726231953809990
0.783693457325831
-0.503450868096844
-0.926809786739321
0.239986003602627
0.995030775365404
0.042872088910222
-0.982843496749093
-0.322265695230495
0.891232802796723
0.575617065685632
-0.727601738061237
-0.782452919241465
0.505173300974488
0.926058885850420
-0.241921895599686
-0.994830191844714
-0.040879176895725
0.983209439716751
0.320376810078756
-0.892135700463878
-0.573984847883474
0.728968627421426
0.781209268031015
-0.506893723931754
-0.925304300473968
0.243856825068103
0.994625650217838
0.038886102236376
-0.983571470813389
-0.318486650251644
0.893035048612911
0.572350346382046
-0.730332616452228
-0.779962508642708
0.508612130123441
0.924546033612301
-0.245790784309531
-0.994417151298559
-0.036892872861857
0.983929588598625
0.316595223269709
-0.893930843665507
-0.570713567684405
0.731693699726850
0.778712646036853
-0.510328512712668
-0.923784088282274
0.247723765629156
0.994204695916449
0.034899496702466
-0.984283791647644
-0.314702536658107
0.894823082057638
0.569074518302948
-0.733051871829829
-0.777459685186388
0.512042864870603
0.923018467515375
-0.249655761336491
-0.993988284916787
-0.032905981689428
0.984634078551147
0.312808597947440
-0.895711760239430
-0.567433204758734
0.734407127357516
0.776203631076367
-0.513755179776201
-0.922249174357849
0.251586763744535
0.993767919160590
0.030912335754063
-0.984980447915476
-0.310913414672968
0.896596874675019
0.565789633582203
-0.735759460917869
-0.774944488704149
0.515465450616912
0.921476211870420
-0.253516765170564
-0.993543599524648
-0.028918566828668
0.985322898362560
0.309016994374899
-0.897478421842922
-0.564143811312497
0.737108867130235
0.773682263079597
-0.517173670587929
-0.920699583128409
0.255445757935842
0.993315326901428
0.026924682845690
-0.985661428529860
-0.307119344598692
0.898356398235650
0.562495744497715
-0.738455340625921
-0.772416959224552
0.518879832892897
0.919919291221859
-0.257373734365311
-0.993083102199181
-0.024930691738030
0.985996037070514
0.305220472894370
-0.899230800360069
-0.560845439695167
0.739798876047592
0.771148582173392
-0.520583930743647
-0.919135339255209
0.259300686788291
0.992846926341838
0.022936601439359
-0.986326722653184
-0.303320386816819
0.900101624737268
0.559192903470692
-0.741139468049833
-0.769877136972505
0.522285957359934
0.918347730347638
-0.261226607538172
-0.992606800269055
-0.020942419883288
0.986653483962199
0.301419093926080
-0.900968867902420
-0.557538142399383
0.742477111298941
0.768602628680486
-0.523985905970140
-0.917556467632743
0.263151488952123
0.992362724936242
0.018948155004244
-0.986976319697501
-0.299516601786563
0.901832526405145
0.555881163064902
-0.743811800472715
-0.767325062368334
0.525683769810528
0.916761554258654
-0.265075323371885
-0.992114701314481
-0.016953814736646
0.987295228574594
0.297612917967885
-0.902692596809128
-0.554221972059739
0.745143530261013
0.766044443118998
-0.527379542125946
-0.915962993388165
0.266998103142926
0.991862730390564
0.014959407015213
-0.987610209324680
-0.295708050044075
0.903549075692477
0.552560575985463
-0.746472295365163
-0.764760776027574
0.529073216169565
0.915160788198399
-0.268919820615240
-0.991606813167030
-0.012964939775271
0.987921260694516
0.293802005593984
-0.904401959647589
-0.550896981452135
0.747798090498591
0.763474066201501
-0.530764785202707
-0.914354941881162
0.270840468142937
0.991346950662062
0.010970420952046
-0.988228381446566
-0.291894792201037
0.905251245281068
0.549231195078564
-0.749120910386163
-0.762184318760034
0.532454242494977
0.913545457642561
-0.272760038084494
-0.991083143909581
-0.008975858480965
0.988531570358844
0.289986417453523
-0.906096929213785
-0.547563223492466
0.750440749765109
0.760891538834731
-0.534141581324958
-0.912732338703411
0.274678522802457
0.990815393959221
0.006981260297859
-0.988830826225128
-0.288076888944463
0.906939008081232
0.545893073330350
-0.751757603384067
-0.759595731569293
0.535826794979085
0.911915588298662
-0.276595914663578
-0.990543701876210
-0.004986634338813
0.989126147854743
0.286166214270817
-0.907777478532953
-0.544220751236819
0.753071466003554
0.758296902119020
-0.537509876752248
-0.911095209677992
0.278512206039616
0.990268068741554
0.002991988539341
-0.989417534072666
-0.284254401034756
0.908612337232853
0.542546263865690
-0.754382332396437
-0.756995055651681
0.539190819948395
0.910271206105515
-0.280427389306052
-0.989988495651938
-0.000997330835719
0.989704983719632
0.282341456842763
-0.909443580859490
-0.540869617879396
0.755690197347055
0.755690197347047
-0.540869617879406
-0.909443580859485
0.282341456842992
0.989704983719630
-0.000997330835731
-0.989988495651940
-0.280427389306040
0.910271206105520
0.539190819948385
-0.756995055651837
-0.754382332396429
0.542546263865700
0.908612337232848
-0.284254401034767
-0.989417534072664
0.002991988539353
0.990268068741587
0.278512206039605
-0.911095209677997
-0.537509876752238
0.758296902119028
0.753071466003546
-0.544220751236829
-0.907777478532853
0.286166214270829
0.989126147854741
-0.004986634338825
-0.990543701876212
-0.276595914663567
0.911915588298667
0.535826794978883
-0.759595731569301
-0.751757603384059
0.545893073330360
0.906939008081227
-0.288076888944475
-0.988830826225127
0.006981260298098
0.990815393959223
0.274678522802445
-0.912732338703416
-0.534141581324949
0.760891538834887
0.750440749765101
-0.547563223492476
-0.906096929213780
0.289986417453534
0.988531570358842
-0.008975858480977
-0.991083143909613
-0.272760038084483
0.913545457642566
0.532454242494967
-0.762184318760041
-0.749120910386155
0.549231195078574
0.905251245280966
-0.291894792201048
-0.988228381446564
0.010970420952058
0.991346950662063
0.270840468142926
-0.914354941881166
-0.530764785202504
0.763474066201508
0.747798090498583
-0.550896981452145
-0.904401959647584
0.293802005593996
0.987921260694514
-0.012964939775397
-0.991606813167032
-0.268919820615338
0.915160788198450
0.529073216169555
-0.764760776027654
-0.746472295365155
0.552560575985567
0.903549075692472
-0.295708050043977
-0.987610209324660
0.014959407015225
0.991862730390580
0.266998103142915
-0.915962993388216
-0.527379542125936
0.766044443118933
0.745143530260930
-0.554221972059748
-0.902692596809074
0.297612917967896
0.987295228574574
-0.016953814736658
-0.992114701314469
-0.265075323371764
0.916761554258659
0.525683769810421
-0.767325062368342
-0.743811800472632
0.555881163064912
0.901832526405140
-0.299516601786683
-0.986976319697499
0.018948155004370
0.992362724936243
0.263151488952002
-0.917556467632748
-0.523985905970130
0.768602628680566
0.742477111298933
-0.557538142399487
-0.900968867902415
0.301419093926200
0.986653483962198
-0.020942419883300
-0.992606800269070
-0.261226607538161
0.918347730347688
0.522285957359924
-0.769877136972440
-0.741139468049825
0.559192903470702
0.900101624737214
-0.303320386816830
-0.986326722653163
0.022936601439371
0.992846926341826
0.259300686788279
-0.919135339255214
-0.520583930743540
0.771148582173400
0.739798876047507
-0.560845439695177
-0.899230800360114
0.305220472894382
0.985996037070512
-0.024930691738156
-0.993083102199182
-0.257373734365190
0.919919291221864
0.518879832892984
-0.772416959224632
-0.738455340625913
0.562495744497819
0.898356398235644
-0.307119344598812
-0.985661428529858
0.026924682845588
0.993315326901443
0.255445757935830
-0.920699583128458
-0.517173670587919
0.773682263079676
0.737108867130227
-0.564143811312413
-0.897478421842867
0.309016994374911
0.985322898362539
-0.028918566828680
-0.993543599524662
-0.253516765170553
0.921476211870380
0.515465450616805
-0.774944488704156
-0.735759460917784
0.565789633582212
0.896596874674963
-0.310913414672979
-0.984980447915494
0.030912335754188
0.993767919160592
0.251586763744413
-0.922249174357854
-0.513755179776094
0.776203631076374
0.734407127357586
-0.567433204758837
-0.895711760239425
0.312808597947559
0.984634078551145
-0.032905981689553
-0.993988284916788
-0.249655761336480
0.923018467515424
0.512042864870593
-0.777459685186466
-0.733051871829821
0.569074518303051
0.894823082057633
-0.314702536658118
-0.984283791647622
0.034899496702478
0.994204695916462
0.247723765629144
-0.923784088282322
-0.510328512712658
0.778712646036860
0.731693699726764
-0.570713567684415
-0.893930843665451
0.316595223269720
0.983929588598644
-0.036892872861869
-0.994417151298560
-0.245790784309410
0.924546033612306
0.508612130123333
-0.779962508642716
-0.730332616452297
0.572350346382056
0.893035048612906
-0.318486650251763
-0.983571470813387
0.038886102236502
0.994625650217839
0.243856825068202
-0.925304300474016
-0.506893723931744
0.781209268031094
0.728968627421418
-0.573984847883577
-0.892135700463872
0.320376810078659
0.983209439716728
-0.040879176895737
-0.994830191844726
-0.241921895599675
0.926058885850468
0.505173300974478
-0.782452919241401
-0.727601738061151
0.575617065685642
0.891232802796666
-0.322265695230507
-0.982843496749070
