0.999999999999999
0.910477546658815
0.657938725939712
0.287599327432017
-0.134233265817655
-0.532032076515336
-0.834573253721301
-0.987688340595137
-0.963962860695852
-0.767644740358011
-0.433883739117559
-0.022438064295806
0.393025031653922
0.738118997487339
0.951056516295152
0.993712209893242
0.858448793601866
0.569484493168452
0.178556894798638
-0.244340406137893
-0.623489801858731
-0.891006524188366
-0.998993066541314
-0.928114988519039
-0.691062648986866
-0.330279061955168
0.089639308903431
0.493508218064345
0.809016994374945
0.979675398423234
0.974927912181823
0.795624548881781
0.473868662473000
0.067269005612043
-0.351374824081340
-0.707106781186545
-0.936234870639736
-0.997734875046455
-0.880595531856738
-0.605790043840821
-0.222520933956318
0.200589415783269
0.587785252292471
0.869741133155694
0.995974293995238
0.943883330308368
0.722794863827393
0.372293658401946
-0.044864830350511
-0.453990499739543
-0.781831482468027
-0.969689520376685
-0.983929588598629
-0.822002075447911
-0.512899277405908
-0.111964476103313
0.309016994374943
0.674670545932071
0.919527772551449
0.999748234942506
0.900968867902420
0.640875613985026
0.266036845566678
-0.156434465040225
-0.550896981452098
-0.846724199228281
-0.990949761767933
-0.957750816684931
-0.753071466003613
-0.413558504966524
-0.000000000000006
0.413558504966515
0.753071466003607
0.957750816684928
0.990949761767935
0.846724199228286
0.550896981452106
0.156434465040238
-0.266036845566672
-0.640875613985019
-0.900968867902415
-0.999748234942506
-0.919527772551452
-0.674670545932081
-0.309016994374952
0.111964476103300
0.512899277405903
0.822002075447906
0.983929588598627
0.969689520376687
0.781831482468033
0.453990499739555
0.044864830350520
-0.372293658401938
-0.722794863827388
-0.943883330308365
-0.995974293995239
-0.869741133155697
-0.587785252292478
-0.200589415783282
0.222520933956309
0.605790043840813
0.880595531856732
0.997734875046455
0.936234870639739
0.707106781186550
0.351374824081349
-0.067269005612030
-0.473868662472993
-0.795624548881775
-0.974927912181820
-0.979675398423236
-0.809016994374952
-0.493508218064356
-0.089639308903441
0.330279061955157
0.691062648986860
0.928114988519035
0.998993066541314
0.891006524188370
0.623489801858740
0.244340406137905
-0.178556894798629
-0.569484493168443
-0.858448793601862
-0.993712209893241
-0.951056516295156
-0.738118997487344
-0.393025031653932
0.022438064295793
0.433883739117551
0.767644740358004
0.963962860695849
0.987688340595138
0.834573253721308
0.532032076515342
0.134233265817665
-0.287599327432005
-0.657938725939706
-0.910477546658811
-0.999999999999999
-0.910477546658819
-0.657938725939720
-0.287599327432023
0.134233265817646
0.532032076515326
0.834573253721298
0.987688340595135
0.963962860695856
0.767644740358016
0.433883739117568
0.022438064295812
-0.393025031653914
-0.738118997487332
-0.951056516295148
-0.993712209893244
-0.858448793601868
-0.569484493168459
-0.178556894798648
0.244340406137880
0.623489801858720
0.891006524188365
0.998993066541313
0.928114988519042
0.691062648986874
0.330279061955182
-0.089639308903415
-0.493508218064340
-0.809016994374941
-0.979675398423232
-0.974927912181826
-0.795624548881791
-0.473868662473004
-0.067269005612049
0.351374824081331
0.707106781186537
0.936234870639730
0.997734875046456
0.880595531856741
0.605790043840828
0.222520933956327
-0.200589415783257
-0.587785252292457
-0.869741133155691
-0.995974293995237
-0.943883330308371
-0.722794863827401
-0.372293658401962
0.044864830350508
0.453990499739538
0.781831482468021
0.969689520376682
0.983929588598632
0.822002075447921
0.512899277405913
0.111964476103319
-0.309016994374934
-0.674670545932061
-0.919527772551442
-0.999748234942506
-0.900968867902423
-0.640875613985034
-0.266036845566690
0.156434465040212
0.550896981452084
0.846724199228278
0.990949761767932
0.957750816684934
0.753071466003622
0.413558504966539
0.000000000000009
-0.413558504966510
-0.753071466003601
-0.957750816684925
-0.990949761767936
-0.846724199228295
-0.550896981452111
-0.156434465040244
0.266036845566659
0.640875613985009
0.900968867902409
0.999748234942505
0.919527772551455
0.674670545932085
0.309016994374964
-0.111964476103287
-0.512899277405886
-0.822002075447902
-0.983929588598626
-0.969689520376690
-0.781831482468041
-0.453990499739566
-0.044864830350526
0.372293658401932
0.722794863827379
0.943883330308360
0.995974293995240
0.869741133155700
0.587785252292483
0.200589415783288
-0.222520933956296
-0.605790043840803
-0.880595531856726
-0.997734875046454
-0.936234870639742
-0.707106781186559
-0.351374824081361
0.067269005612017
0.473868662472988
0.795624548881772
0.974927912181819
0.979675398423238
0.809016994374960
0.493508218064368
0.089639308903446
-0.330279061955152
-0.691062648986851
-0.928114988519030
-0.998993066541315
-0.891006524188373
-0.623489801858745
-0.244340406137911
0.178556894798616
0.569484493168433
0.858448793601852
0.993712209893240
0.951056516295158
0.738118997487353
0.393025031653944
-0.022438064295780
-0.433883739117546
-0.767644740358000
-0.963962860695847
-0.987688340595140
-0.834573253721315
-0.532032076515359
-0.134233265817670
0.287599327432000
0.657938725939696
0.910477546658805
0.999999999999999
0.910477546658821
0.657938725939725
0.287599327432036
-0.134233265817633
-0.532032076515315
-0.834573253721294
-0.987688340595134
-0.963962860695857
-0.767644740358024
-0.433883739117580
-0.022438064295832
0.393025031653909
0.738118997487328
0.951056516295146
0.993712209893244
0.858448793601879
0.569484493168464
0.178556894798654
-0.244340406137874
-0.623489801858715
-0.891006524188355
-0.998993066541313
-0.928114988519049
-0.691062648986878
-0.330279061955201
0.089639308903409
0.493508218064335
0.809016994374929
0.979675398423231
0.974927912181831
0.795624548881795
0.473868662473009
0.067269005612069
-0.351374824081326
-0.707106781186522
-0.936234870639728
-0.997734875046456
-0.880595531856751
-0.605790043840833
-0.222520933956347
0.200589415783251
0.587785252292464
0.869741133155681
0.995974293995237
0.943883330308378
0.722794863827406
0.372293658401954
-0.044864830350488
-0.453990499739533
-0.781831482468009
-0.969689520376681
-0.983929588598635
-0.822002075447924
-0.512899277405918
-0.111964476103339
0.309016994374928
0.674670545932047
0.919527772551440
0.999748234942506
0.900968867902431
0.640875613985038
0.266036845566709
-0.156434465040207
-0.550896981452091
-0.846724199228267
-0.990949761767931
-0.957750816684940
-0.753071466003626
-0.413558504966531
-0.000000000000029
0.413558504966504
0.753071466003588
0.957750816684923
0.990949761767939
0.846724199228298
0.550896981452116
0.156434465040264
-0.266036845566654
-0.640875613984994
-0.900968867902406
-0.999748234942505
-0.919527772551463
-0.674670545932089
-0.309016994374983
0.111964476103281
0.512899277405893
0.822002075447891
0.983929588598625
0.969689520376695
0.781831482468045
0.453990499739559
0.044864830350546
-0.372293658401927
-0.722794863827366
-0.943883330308358
-0.995974293995239
-0.869741133155709
-0.587785252292488
-0.200589415783307
0.222520933956291
0.605790043840787
0.880595531856723
0.997734875046454
0.936234870639749
0.707106781186563
0.351374824081380
-0.067269005612011
-0.473868662472983
-0.795624548881760
-0.974927912181818
-0.979675398423242
-0.809016994374963
-0.493508218064361
-0.089639308903466
0.330279061955146
0.691062648986836
0.928114988519028
0.998993066541314
0.891006524188382
0.623489801858749
0.244340406137930
-0.178556894798611
-0.569484493168416
-0.858448793601849
-0.993712209893239
-0.951056516295164
-0.738118997487357
-0.393025031653962
0.022438064295774
0.433883739117540
0.767644740357987
0.963962860695846
0.987688340595143
0.834573253721318
0.532032076515352
0.134233265817690
-0.287599327431994
-0.657938725939681
-0.910477546658803
-0.999999999999999
-0.910477546658829
-0.657938725939729
-0.287599327432055
0.134233265817627
0.532032076515322
0.834573253721283
0.987688340595133
0.963962860695863
0.767644740358028
0.433883739117598
0.022438064295838
-0.393025031653904
-0.738118997487314
-0.951056516295144
-0.993712209893246
-0.858448793601882
-0.569484493168468
-0.178556894798673
0.244340406137869
0.623489801858699
0.891006524188353
0.998993066541313
0.928114988519052
0.691062648986882
0.330279061955206
-0.089639308903403
-0.493508218064330
-0.809016994374926
-0.979675398423230
-0.974927912181832
-0.795624548881798
-0.473868662473039
-0.067269005612075
0.351374824081320
0.707106781186518
0.936234870639726
0.997734875046458
0.880595531856753
0.605790043840837
0.222520933956353
-0.200589415783245
-0.587785252292436
-0.869741133155678
-0.995974293995236
-0.943883330308379
-0.722794863827410
-0.372293658401986
0.044864830350482
0.453990499739528
0.781831482468005
0.969689520376679
0.983929588598636
0.822002075447927
0.512899277405923
0.111964476103345
-0.309016994374923
-0.674670545932042
-0.919527772551438
-0.999748234942507
-0.900968867902434
-0.640875613985043
-0.266036845566715
0.156434465040201
0.550896981452063
0.846724199228264
0.990949761767930
0.957750816684941
0.753071466003630
0.413558504966562
0.000000000000035
-0.413558504966499
-0.753071466003584
-0.957750816684921
-0.990949761767940
-0.846724199228301
-0.550896981452121
-0.156434465040270
0.266036845566648
0.640875613984989
0.900968867902404
0.999748234942504
0.919527772551465
0.674670545932094
0.309016994374989
-0.111964476103276
-0.512899277405863
-0.822002075447888
-0.983929588598624
-0.969689520376696
-0.781831482468049
-0.453990499739590
