0.999999999999999
-0.684547105928688
-0.062790519529313
0.770513242775788
-0.992114701314477
0.587785252292474
0.187381314585724
-0.844327925502014
0.968583161128630
-0.481753674101716
-0.309016994374945
0.904827052466019
-0.929776485888251
0.368124552684679
0.425779291565073
-0.951056516295151
0.876306680043863
-0.248689887164853
-0.535826794978993
0.982287250728687
-0.809016994374950
0.125333233564307
0.637423989748689
-0.998026728428270
0.728968627421412
0.000000000000000
-0.728968627421408
0.998026728428271
-0.637423989748688
-0.125333233564301
0.809016994374942
-0.982287250728687
0.535826794978998
0.248689887164847
-0.876306680043864
0.951056516295153
-0.425779291565078
-0.368124552684680
0.929776485888250
-0.904827052466021
0.309016994374957
0.481753674101714
-0.968583161128629
0.844327925502020
-0.187381314585725
-0.587785252292469
0.992114701314476
-0.770513242775788
0.062790519529317
0.684547105928682
-0.999999999999999
0.684547105928691
0.062790519529305
-0.770513242775789
0.992114701314477
-0.587785252292479
-0.187381314585727
0.844327925502013
-0.968583161128632
0.481753674101725
0.309016994374932
-0.904827052466022
0.929776485888249
-0.368124552684679
-0.425779291565067
0.951056516295149
-0.876306680043870
0.248689887164873
0.535826794979000
-0.982287250728688
0.809016994374949
-0.125333233564313
-0.637423989748679
0.998026728428269
-0.728968627421407
-0.000000000000001
0.728968627421409
-0.998026728428271
0.637423989748698
0.125333233564288
-0.809016994374934
0.982287250728687
-0.535826794978998
-0.248689887164848
0.876306680043857
-0.951056516295157
0.425779291565090
0.368124552684681
-0.929776485888250
0.904827052466021
-0.309016994374956
-0.481753674101702
0.968583161128626
-0.844327925502011
0.187381314585724
0.587785252292469
-0.992114701314476
0.770513242775797
-0.062790519529331
-0.684547105928672
0.999999999999999
-0.684547105928690
-0.062790519529306
0.770513242775781
-0.992114701314479
0.587785252292489
0.187381314585728
-0.844327925502014
0.968583161128632
-0.481753674101724
-0.309016994374933
0.904827052466010
-0.929776485888249
0.368124552684704
0.425779291565068
-0.951056516295141
0.876306680043869
-0.248689887164845
-0.535826794978977
0.982287250728688
-0.809016994374965
0.125333233564312
0.637423989748701
-0.998026728428269
0.728968627421406
-0.000000000000026
-0.728968627421409
0.998026728428273
-0.637423989748698
-0.125333233564317
0.809016994374935
-0.982287250728687
0.535826794979021
0.248689887164849
-0.876306680043844
0.951056516295157
-0.425779291565064
-0.368124552684656
0.929776485888251
-0.904827052466032
0.309016994374955
0.481753674101728
-0.968583161128626
0.844327925502011
-0.187381314585751
-0.587785252292470
0.992114701314472
-0.770513242775796
0.062790519529301
0.684547105928673
-0.999999999999999
0.684547105928710
0.062790519529307
-0.770513242775763
0.992114701314479
-0.587785252292465
-0.187381314585701
0.844327925502014
-0.968583161128638
0.481753674101723
0.309016994374907
-0.904827052466011
0.929776485888248
-0.368124552684703
-0.425779291565069
0.951056516295141
-0.876306680043869
0.248689887164844
0.535826794978978
-0.982287250728688
0.809016994374965
-0.125333233564311
-0.637423989748658
0.998026728428270
-0.728968627421405
0.000000000000025
0.728968627421410
-0.998026728428273
0.637423989748697
0.125333233564261
-0.809016994374935
0.982287250728687
-0.535826794979020
-0.248689887164850
0.876306680043845
-0.951056516295157
0.425779291565063
0.368124552684657
-0.929776485888251
0.904827052466032
-0.309016994374954
-0.481753674101679
0.968583161128626
-0.844327925502010
0.187381314585750
0.587785252292471
-0.992114701314472
0.770513242775795
-0.062790519529357
-0.684547105928673
0.999999999999999
-0.684547105928709
-0.062790519529308
0.770513242775764
-0.992114701314479
0.587785252292465
0.187381314585702
-0.844327925502015
0.968583161128638
-0.481753674101722
-0.309016994374908
0.904827052466011
-0.929776485888248
0.368124552684702
0.425779291565070
-0.951056516295142
0.876306680043868
-0.248689887164898
-0.535826794978979
0.982287250728688
-0.809016994374964
0.125333233564366
0.637423989748659
-0.998026728428270
0.728968627421405
0.000000000000033
-0.728968627421372
0.998026728428273
-0.637423989748696
-0.125333233564319
0.809016994374902
-0.982287250728697
0.535826794979019
0.248689887164851
-0.876306680043873
0.951056516295174
-0.425779291565113
-0.368124552684658
0.929776485888251
-0.904827052466007
0.309016994375008
0.481753674101680
-0.968583161128626
0.844327925502010
-0.187381314585693
-0.587785252292426
0.992114701314473
-0.770513242775795
0.062790519529299
0.684547105928633
-0.999999999999999
0.684547105928708
0.062790519529309
-0.770513242775801
0.992114701314486
-0.587785252292510
-0.187381314585703
0.844327925502015
-0.968583161128624
0.481753674101771
0.309016994374909
-0.904827052466012
0.929776485888248
-0.368124552684648
-0.425779291565019
0.951056516295142
-0.876306680043868
0.248689887164842
0.535826794978931
-0.982287250728678
0.809016994374964
-0.125333233564309
-0.637423989748704
0.998026728428266
-0.728968627421443
0.000000000000023
0.728968627421411
-0.998026728428269
0.637423989748739
0.125333233564263
-0.809016994374936
0.982287250728686
-0.535826794978970
-0.248689887164797
0.876306680043846
-0.951056516295156
0.425779291565061
0.368124552684606
-0.929776485888231
0.904827052466031
-0.309016994374953
-0.481753674101731
0.968583161128612
-0.844327925502040
0.187381314585748
0.587785252292473
-0.992114701314480
0.770513242775830
-0.062790519529355
-0.684547105928675
0.999999999999999
-0.684547105928666
-0.062790519529253
0.770513242775765
-0.992114701314478
0.587785252292463
0.187381314585648
-0.844327925501985
0.968583161128638
-0.481753674101720
-0.309016994374964
0.904827052465988
-0.929776485888268
0.368124552684700
0.425779291565072
-0.951056516295160
0.876306680043895
-0.248689887164896
-0.535826794978980
0.982287250728689
-0.809016994374996
0.125333233564364
0.637423989748661
-0.998026728428270
0.728968627421403
-0.000000000000079
-0.728968627421373
0.998026728428273
-0.637423989748695
-0.125333233564321
0.809016994374904
-0.982287250728697
0.535826794979017
0.248689887164853
-0.876306680043873
0.951056516295173
-0.425779291565112
-0.368124552684659
0.929776485888252
-0.904827052466055
0.309016994375006
0.481753674101682
-0.968583161128627
0.844327925502009
-0.187381314585803
-0.587785252292427
0.992114701314473
-0.770513242775794
0.062790519529297
0.684547105928634
-0.999999999999999
0.684547105928707
0.062790519529311
-0.770513242775802
0.992114701314485
-0.587785252292508
-0.187381314585704
0.844327925502016
-0.968583161128652
0.481753674101769
0.309016994374911
-0.904827052466012
0.929776485888247
-0.368124552684752
-0.425779291565021
0.951056516295142
-0.876306680043867
0.248689887164840
0.535826794978933
-0.982287250728678
0.809016994374962
-0.125333233564307
-0.637423989748705
0.998026728428266
-0.728968627421442
0.000000000000021
0.728968627421413
-0.998026728428276
0.637423989748738
0.125333233564265
-0.809016994374938
0.982287250728686
-0.535826794979065
-0.248689887164799
0.876306680043847
-0.951056516295156
0.425779291565059
0.368124552684607
-0.929776485888232
0.904827052466030
-0.309016994374951
-0.481753674101732
0.968583161128613
-0.844327925502039
0.187381314585746
0.587785252292474
-0.992114701314466
0.770513242775829
-0.062790519529353
-0.684547105928676
0.999999999999999
-0.684547105928748
-0.062790519529255
0.770513242775767
-0.992114701314478
0.587785252292462
0.187381314585650
-0.844327925501986
0.968583161128637
-0.481753674101719
-0.309016994374966
0.904827052465989
-0.929776485888268
0.368124552684699
0.425779291565073
-0.951056516295125
0.876306680043894
-0.248689887164894
-0.535826794978982
0.982287250728689
-0.809016994374995
0.125333233564362
0.637423989748662
-0.998026728428270
0.728968627421402
-0.000000000000077
-0.728968627421374
0.998026728428272
-0.637423989748693
-0.125333233564323
0.809016994374905
-0.982287250728696
0.535826794979016
0.248689887164855
-0.876306680043820
0.951056516295173
-0.425779291565110
-0.368124552684661
0.929776485888253
-0.904827052466054
0.309016994375004
0.481753674101683
-0.968583161128599
0.844327925502008
-0.187381314585801
-0.587785252292521
0.992114701314473
-0.770513242775865
0.062790519529295
0.684547105928636
-0.999999999999999
0.684547105928706
0.062790519529200
-0.770513242775804
0.992114701314485
-0.587785252292415
-0.187381314585706
0.844327925501956
-0.968583161128623
0.481753674101768
0.309016994374804
-0.904827052466013
0.929776485888288
-0.368124552684645
-0.425779291565023
0.951056516295108
-0.876306680043866
0.248689887164948
0.535826794979031
-0.982287250728679
0.809016994375028
-0.125333233564305
-0.637423989748619
0.998026728428273
-0.728968627421440
0.000000000000133
0.728968627421414
-0.998026728428276
0.637423989748649
0.125333233564267
-0.809016994374872
0.982287250728686
-0.535826794979063
-0.248689887164911
0.876306680043848
-0.951056516295190
0.425779291565057
0.368124552684609
-0.929776485888274
0.904827052466030
-0.309016994375057
-0.481753674101734
0.968583161128613
-0.844327925501977
0.187381314585744
0.587785252292384
-0.992114701314480
0.770513242775828
-0.062790519529465
-0.684547105928678
0.999999999999999
-0.684547105928663
-0.062790519529257
0.770513242775695
-0.992114701314478
0.587785252292552
0.187381314585763
-0.844327925501987
0.968583161128665
-0.481753674101717
-0.309016994374859
0.904827052466038
