0.999999999999999
-0.007479912757733
-0.999888101810272
0.022438064295805
0.999552432283502
-0.037391194276326
-0.998993066541314
0.052335956242944
0.998210129767734
-0.067269005612040
-0.997203797181179
0.082187000421229
0.995974293995238
-0.097086602077288
-0.994521895368272
0.111964476103308
0.992846926341836
-0.126817292884949
-0.990949761767934
0.141641728415590
0.988830826225127
-0.156434465040232
-0.986490593923521
0.171192192197977
0.983929588598629
-0.185911607162917
-0.981148383394172
0.200589415783275
0.978147600733805
-0.215222333218625
-0.974927912181823
0.229807084675023
0.971490038292866
-0.244340406137891
-0.967834748450665
0.258819045102518
0.963962860695852
-0.273239761301918
-0.959875241542888
0.287599327432016
0.955572805786139
-0.301894529873901
-0.951056516295152
0.316122169413030
0.946327383799164
-0.330279061955167
-0.941386466660901
0.344362039239042
0.936234870639737
-0.358367949545301
-0.930873748644202
0.372293658401939
0.925304300473997
-0.386136049285748
-0.919527772551448
0.399892024319736
0.913545457642600
-0.413558504966523
-0.907358694567861
0.427132432717193
0.900968867902418
-0.440610769775887
-0.894377407666333
0.453990499739544
0.887585789004553
-0.467268628273066
-0.880595531856740
0.480442183779335
0.873408200617128
-0.493508218064351
-0.866025403784440
0.506463806996921
0.858448793601864
-0.519306051163174
-0.850680065687341
0.532032076515336
0.842720958654036
-0.544639035015033
-0.834573253721303
0.557124105270572
0.826238774315992
-0.569484493168447
-0.817719385664432
0.581717432498607
0.809016994374943
-0.593820185573509
-0.800133548011198
0.605790043840810
0.791071034656345
-0.617624328489614
-0.781831482468029
0.629320391049840
0.772416959224594
-0.640875613985032
-0.762829571862256
0.652287411278113
0.753071466003614
-0.663553229010209
-0.743144825477392
0.674670545932078
0.733051871829819
-0.685636874028443
-0.722794863827399
0.696449759074761
0.712376096951347
-0.707106781186547
-0.701797902883988
0.717605555360816
0.691062648986856
-0.727943732009920
-0.680172737770926
0.738118997487336
0.669130606358859
-0.748129074605527
-0.657938725939708
0.757971723145458
0.646599601215789
-0.767644740358003
-0.635115769842184
0.777145961456968
0.623489801858733
-0.786473260103451
-0.611724299115000
0.795624548881787
0.599821894687901
-0.804597779766662
-0.587785252292477
0.813390944581526
0.575617065685672
-0.822002075447912
-0.563320058063614
0.830429245225910
0.550896981452112
-0.838670567945419
-0.538350616090685
0.846724199228283
0.525683769810501
-0.854588336700964
-0.512899277405896
0.862261220397969
0.500000000000008
-0.869741133155692
-0.486988824404369
0.877026400996766
0.473868662472993
-0.884115393504613
-0.460642450450620
0.891006524188362
0.447313148315639
-0.897698250837941
-0.433883739117558
0.904189075869141
0.420357228309559
-0.910477546658820
-0.406736643075786
0.916562255869971
0.393025031653929
-0.922441841766728
-0.379225462652927
0.928114988519040
0.365341024366386
-0.933580426497206
-0.351374824081353
0.938836932555992
0.337329987382834
-0.943883330308376
-0.323209657454456
0.948718490388792
0.309016994374937
-0.953341330705958
-0.294755174410886
0.957750816684928
0.280427389305977
-0.961945961498705
-0.266036845566697
0.965925826289070
0.251586763744523
-0.969689520376690
-0.237080377715505
0.973236201460456
0.222520933956315
-0.976565075805970
-0.207911690817752
0.979675398423231
0.193255917795539
-0.982566473233285
-0.178556894798615
0.985237653224058
0.163817911415108
-0.987688340595138
-0.149042266176193
0.989917986891564
0.134233265817667
-0.991926093126568
-0.119394224540248
0.993712209893245
0.104528463267650
-0.995275937465123
-0.089639308903423
0.996616925885647
0.074730093586406
-0.997734875046455
-0.059804153945008
0.998629534754573
0.044864830350538
-0.999300704788398
-0.029915466169414
0.999748234942506
0.014959407015272
-0.999972025061269
-0.000000000000000
0.999972025061269
-0.014959407015271
-0.999748234942506
0.029915466169413
0.999300704788398
-0.044864830350537
-0.998629534754573
0.059804153945064
0.997734875046455
-0.074730093586405
-0.996616925885647
0.089639308903422
0.995275937465123
-0.104528463267649
-0.993712209893238
0.119394224540247
0.991926093126568
-0.134233265817666
-0.989917986891564
0.149042266176193
0.987688340595138
-0.163817911415163
-0.985237653224058
0.178556894798614
0.982566473233286
-0.193255917795538
-0.979675398423231
0.207911690817751
0.976565075805970
-0.222520933956314
-0.973236201460456
0.237080377715504
0.969689520376690
-0.251586763744522
-0.965925826289070
0.266036845566696
0.961945961498706
-0.280427389306031
-0.957750816684928
0.294755174410885
0.953341330705958
-0.309016994374936
-0.948718490388792
0.323209657454456
0.943883330308357
-0.337329987382833
-0.938836932555993
0.351374824081352
0.933580426497206
-0.365341024366412
-0.928114988519040
0.379225462652952
0.922441841766728
-0.393025031653902
-0.916562255869972
0.406736643075785
0.910477546658808
-0.420357228309558
-0.904189075869129
0.433883739117557
0.897698250837929
-0.447313148315638
-0.891006524188375
0.460642450450645
0.884115393504614
-0.473868662473018
-0.877026400996767
0.486988824404393
0.869741133155692
-0.499999999999983
-0.862261220397955
0.512899277405895
0.854588336700950
-0.525683769810500
-0.846724199228268
0.538350616090684
0.838670567945435
-0.550896981452111
-0.830429245225911
0.563320058063637
0.822002075447913
-0.575617065685694
-0.813390944581526
0.587785252292454
0.804597779766662
-0.599821894687900
-0.795624548881770
0.611724299114999
0.786473260103434
-0.623489801858732
-0.777145961456950
0.635115769842183
0.767644740358022
-0.646599601215810
-0.757971723145459
0.657938725939729
0.748129074605528
-0.669130606358880
-0.738118997487336
0.680172737770904
0.727943732009902
-0.691062648986855
-0.717605555360797
0.701797902883987
0.707106781186527
-0.712376096951346
-0.696449759074782
0.722794863827398
0.685636874028444
-0.733051871829838
-0.674670545932078
0.743144825477411
0.663553229010210
-0.753071466003595
-0.652287411278157
0.762829571862292
0.640875613985011
-0.772416959224593
-0.629320391049862
0.781831482468064
0.617624328489592
-0.791071034656345
-0.605790043840833
0.800133548011180
0.593820185573464
-0.809016994374960
-0.581717432498607
0.817719385664415
0.569484493168494
-0.826238774316015
-0.557124105270561
0.834573253721295
0.544639035015057
-0.842720958654066
-0.532032076515313
0.850680065687340
0.519306051163187
-0.858448793601841
-0.506463806996885
0.866025403784447
0.493508218064352
-0.873408200617114
-0.480442183779286
0.880595531856753
0.467268628273054
-0.887585789004546
-0.453990499739583
0.894377407666358
0.440610769775862
-0.900968867902418
-0.427132432717219
0.907358694567843
0.413558504966485
-0.913545457642606
-0.399892024319750
0.919527772551436
0.386136049285696
-0.925304300474007
-0.372293658401940
0.930873748644196
0.358367949545341
-0.936234870639752
-0.344362039239016
0.941386466660901
0.330279061955194
-0.946327383799182
-0.316122169412991
0.951056516295156
0.301894529873915
-0.955572805786128
-0.287599327431969
0.959875241542895
0.273239761301919
-0.963962860695846
-0.258819045102567
0.967834748450676
0.244340406137878
-0.971490038292864
-0.229807084675052
0.974927912181835
0.215222333218591
-0.978147600733806
-0.200589415783290
0.981148383394163
0.185911607162869
-0.983929588598633
-0.171192192197978
0.986490593923516
0.156434465040170
-0.988830826225133
-0.141641728415577
0.990949761767932
0.126817292884985
-0.992846926341843
-0.111964476103280
0.994521895368273
0.097086602077310
-0.995974293995234
-0.082187000421188
0.997203797181180
0.067269005612046
-0.998210129767732
-0.052335956242886
0.998993066541315
0.037391194276317
-0.999552432283502
-0.022438064295846
0.999888101810273
0.007479912757709
-0.999999999999999
0.007479912757707
0.999888101810273
-0.022438064295844
-0.999552432283502
0.037391194276315
0.998993066541315
-0.052335956242998
-0.998210129767732
0.067269005612044
0.997203797181181
-0.082187000421186
-0.995974293995234
0.097086602077308
0.994521895368273
-0.111964476103279
-0.992846926341829
0.126817292884983
0.990949761767932
-0.141641728415575
-0.988830826225133
0.156434465040280
0.986490593923516
-0.171192192197976
-0.983929588598633
0.185911607162867
0.981148383394164
-0.200589415783288
-0.978147600733806
0.215222333218589
0.974927912181810
-0.229807084675050
-0.971490038292865
0.244340406137876
0.967834748450676
-0.258819045102565
-0.963962860695847
0.273239761301917
0.959875241542896
-0.287599327432076
-0.955572805786129
0.301894529873913
0.951056516295156
-0.316122169412989
-0.946327383799146
0.330279061955193
0.941386466660901
-0.344362039239014
-0.936234870639753
0.358367949545340
0.930873748644197
-0.372293658401939
-0.925304300474008
0.386136049285799
0.919527772551437
-0.399892024319748
-0.913545457642607
0.413558504966483
0.907358694567844
-0.427132432717218
-0.900968867902419
0.440610769775860
0.894377407666358
-0.453990499739581
-0.887585789004547
0.467268628273052
0.880595531856754
-0.480442183779384
-0.873408200617115
0.493508218064350
0.866025403784448
-0.506463806996884
-0.858448793601842
0.519306051163185
0.850680065687341
-0.532032076515311
-0.842720958654006
0.544639035015056
0.834573253721296
-0.557124105270560
-0.826238774316016
0.569484493168493
0.817719385664416
-0.581717432498606
-0.809016994374961
0.593820185573462
0.800133548011181
-0.605790043840832
-0.791071034656346
0.617624328489591
0.781831482467994
-0.629320391049861
-0.772416959224595
0.640875613985009
0.762829571862293
-0.652287411278155
-0.753071466003596
0.663553229010208
0.743144825477412
-0.674670545932119
-0.733051871829801
0.685636874028442
0.722794863827399
-0.696449759074739
-0.712376096951308
0.707106781186566
0.701797902883989
-0.717605555360796
-0.691062648986898
0.727943732009939
0.680172737770906
-0.738118997487335
-0.669130606358881
0.748129074605564
0.657938725939687
-0.757971723145458
-0.646599601215812
0.767644740357984
0.635115769842141
-0.777145961456985
-0.623489801858734
0.786473260103433
0.611724299114956
-0.795624548881804
-0.599821894687902
0.804597779766661
0.587785252292501
-0.813390944581558
-0.575617065685649
0.822002075447912
0.563320058063638
-0.830429245225878
-0.550896981452065
0.838670567945434
0.538350616090686
-0.846724199228267
-0.525683769810454
0.854588336700979
0.512899277405897
-0.862261220397954
-0.500000000000033
0.869741133155719
0.486988824404345
-0.877026400996766
-0.473868662473019
0.884115393504586
0.460642450450596
-0.891006524188374
-0.447313148315640
0.897698250837928
0.433883739117508
-0.904189075869152
-0.420357228309559
0.910477546658807
0.406736643075839
-0.916562255869994
-0.393025031653904
0.922441841766727
0.379225462652954
-0.928114988519061
-0.365341024366361
0.933580426497205
0.351374824081354
-0.938836932555972
-0.337329987382781
0.943883330308376
0.323209657454457
-0.948718490388792
-0.309016994374992
0.953341330705974
0.294755174410887
-0.957750816684927
-0.280427389306033
0.961945961498721
0.266036845566643
-0.965925826289069
-0.251586763744524
0.969689520376676
0.237080377715451
-0.973236201460456
-0.222520933956316
0.976565075805970
0.207911690817698
-0.979675398423242
-0.193255917795540
0.982566473233285
0.178556894798671
-0.985237653224067
-0.163817911415109
0.987688340595137
0.149042266176194
-0.989917986891556
-0.134233265817612
0.991926093126568
0.119394224540249
-0.993712209893238
-0.104528463267594
0.995275937465129
0.089639308903424
-0.996616925885647
-0.074730093586463
0.997734875046458
0.059804153945009
-0.998629534754573
-0.044864830350539
0.999300704788396
0.029915466169358
-0.999748234942506
-0.014959407015273
0.999972025061268
-0.000000000000055
-0.999972025061268
0.014959407015270
0.999748234942506
-0.029915466169355
-0.999300704788396
0.044864830350536
0.998629534754573
-0.059804153945006
-0.997734875046451
0.074730093586461
0.996616925885647
-0.089639308903421
-0.995275937465129
0.104528463267705
0.993712209893239
-0.119394224540246
-0.991926093126568
0.134233265817609
0.989917986891572
-0.149042266176079
-0.987688340595120
0.163817911415218
0.985237653224048
-0.178556894798669
-0.982566473233286
0.193255917795537
0.979675398423243
-0.207911690817695
-0.976565075805995
0.222520933956424
0.973236201460430
-0.237080377715558
-0.969689520376677
0.251586763744521
0.965925826289070
-0.266036845566640
-0.961945961498721
0.280427389305921
0.957750816684896
-0.294755174410993
-0.953341330705941
0.309016994374989
0.948718490388793
-0.323209657454455
-0.943883330308377
0.337329987382778
0.938836932556013
-0.351374824081245
-0.933580426497165
0.365341024366464
0.928114988519020
-0.379225462652951
-0.922441841766728
0.393025031653901
0.916562255869995
-0.406736643075733
-0.910477546658856
0.420357228309660
0.904189075869105
-0.433883739117607
-0.897698250837929
0.447313148315638
0.891006524188375
-0.460642450450593
-0.884115393504641
0.473868662472917
0.877026400996713
-0.486988824404441
-0.869741133155664
0.500000000000031
0.862261220397956
-0.512899277405894
-0.854588336700980
0.525683769810451
0.846724199228330
-0.538350616090779
-0.838670567945373
0.550896981452157
0.830429245225880
-0.563320058063636
-0.822002075447913
0.575617065685647
0.813390944581560
-0.587785252292407
-0.804597779766595
0.599821894687991
0.795624548881737
-0.611724299115043
-0.786473260103435
0.623489801858732
0.777145961456987
-0.635115769842139
-0.767644740358059
0.646599601215723
0.757971723145385
-0.657938725939771
-0.748129074605491
0.669130606358879
0.738118997487337
-0.680172737770904
-0.727943732009941
0.691062648986813
0.717605555360877
-0.701797902884068
-0.707106781186488
0.712376096951385
0.696449759074742
-0.722794863827397
-0.685636874028444
0.733051871829799
0.674670545932121
-0.743144825477334
-0.663553229010125
0.753071466003669
0.652287411278072
-0.762829571862292
-0.640875613985012
0.772416959224593
0.629320391049863
-0.781831482467993
-0.617624328489683
0.791071034656414
0.605790043840744
-0.800133548011248
-0.593820185573464
0.809016994374959
0.581717432498608
-0.817719385664414
-0.569484493168495
0.826238774315950
0.557124105270657
-0.834573253721357
-0.544639035014963
0.842720958654066
0.532032076515313
-0.850680065687340
-0.519306051163188
0.858448793601841
0.506463806996984
-0.866025403784390
-0.493508218064254
0.873408200617169
0.480442183779287
-0.880595531856752
-0.467268628273055
0.887585789004545
0.453990499739583
-0.894377407666306
-0.440610769775965
0.900968867902467
0.427132432717117
-0.907358694567890
-0.413558504966486
0.913545457642605
0.399892024319751
-0.919527772551436
-0.386136049285802
0.925304300473964
0.372293658401836
-0.930873748644237
-0.358367949545236
0.936234870639752
0.344362039239017
-0.941386466660900
-0.330279061955195
0.946327383799145
0.316122169413099
-0.951056516295191
-0.301894529873808
0.955572805786162
0.287599327431970
-0.959875241542895
-0.273239761301920
0.963962860695846
0.258819045102568
-0.967834748450647
-0.244340406137989
0.971490038292891
0.229807084674942
-0.974927912181835
-0.215222333218592
0.978147600733806
0.200589415783291
-0.981148383394163
-0.185911607162981
0.983929588598612
0.171192192197867
-0.986490593923534
-0.156434465040171
0.988830826225133
0.141641728415578
-0.990949761767932
-0.126817292884986
0.992846926341829
0.111964476103394
-0.994521895368284
-0.097086602077198
0.995974293995244
0.082187000421188
-0.997203797181180
-0.067269005612047
0.998210129767732
0.052335956243001
-0.998993066541310
-0.037391194276204
0.999552432283505
0.022438064295733
-0.999888101810273
-0.007479912757710
0.999999999999999
-0.007479912757706
-0.999888101810273
0.022438064295729
0.999552432283505
-0.037391194276428
-0.998993066541310
0.052335956242997
0.998210129767732
-0.067269005612043
-0.997203797181181
0.082187000421185
0.995974293995244
-0.097086602077194
-0.994521895368261
0.111964476103391
0.992846926341829
-0.126817292884982
-0.990949761767932
0.141641728415574
0.988830826225134
-0.156434465040167
-0.986490593923535
0.171192192198087
0.983929588598613
-0.185911607162978
-0.981148383394164
0.200589415783287
0.978147600733807
-0.215222333218588
-0.974927912181836
0.229807084674938
0.971490038292838
-0.244340406137986
-0.967834748450648
0.258819045102564
0.963962860695847
-0.273239761301916
-0.959875241542896
0.287599327431966
0.955572805786163
-0.301894529873804
-0.951056516295122
0.316122169413096
0.946327383799147
-0.330279061955192
-0.941386466660902
0.344362039239013
0.936234870639753
-0.358367949545233
-0.930873748644239
0.372293658402043
0.925304300473965
-0.386136049285798
-0.919527772551437
0.399892024319747
0.913545457642607
-0.413558504966482
-0.907358694567892
0.427132432717114
0.900968867902370
-0.440610769775961
-0.894377407666308
0.453990499739580
0.887585789004547
-0.467268628273051
-0.880595531856754
0.480442183779284
0.873408200617171
-0.493508218064448
-0.866025403784391
0.506463806996981
0.858448793601843
-0.519306051163184
-0.850680065687342
0.532032076515310
0.842720958654068
-0.544639035014960
-0.834573253721234
0.557124105270653
0.826238774315953
-0.569484493168492
-0.817719385664416
0.581717432498605
0.809016994374961
-0.593820185573461
-0.800133548011250
0.605790043840741
0.791071034656277
-0.617624328489680
-0.781831482467995
0.629320391049860
0.772416959224595
-0.640875613985009
-0.762829571862294
0.652287411278069
0.753071466003671
-0.663553229010293
-0.743144825477337
0.674670545932118
0.733051871829801
-0.685636874028442
-0.722794863827400
0.696449759074739
0.712376096951388
-0.707106781186485
-0.701797902883909
0.717605555360874
0.691062648986816
-0.727943732009939
-0.680172737770906
0.738118997487335
0.669130606358882
-0.748129074605488
-0.657938725939774
0.757971723145531
0.646599601215726
-0.767644740358056
-0.635115769842142
0.777145961456984
0.623489801858735
-0.786473260103433
-0.611724299115046
0.795624548881734
0.599821894687994
-0.804597779766728
-0.587785252292410
0.813390944581558
0.575617065685650
-0.822002075447911
-0.563320058063639
0.830429245225877
0.550896981452161
-0.838670567945371
-0.538350616090591
0.846724199228327
0.525683769810455
-0.854588336700978
-0.512899277405898
0.862261220397954
0.500000000000034
-0.869741133155662
-0.486988824404445
0.877026400996820
0.473868662472920
-0.884115393504639
-0.460642450450597
0.891006524188374
0.447313148315641
-0.897698250837927
-0.433883739117611
0.904189075869103
0.420357228309457
-0.910477546658854
-0.406736643075736
0.916562255869993
0.393025031653904
-0.922441841766727
-0.379225462652955
0.928114988519018
0.365341024366467
-0.933580426497245
-0.351374824081249
0.938836932556011
0.337329987382782
-0.943883330308375
-0.323209657454458
0.948718490388791
0.309016994374993
-0.953341330705940
-0.294755174410997
0.957750816684960
0.280427389305925
-0.961945961498720
-0.266036845566644
0.965925826289069
0.251586763744525
-0.969689520376676
-0.237080377715562
0.973236201460429
0.222520933956206
-0.976565075805994
-0.207911690817698
0.979675398423242
