0.999999999999999
-0.591410180293908
-0.300467997289452
0.946809845192917
-0.819437965209731
0.022438064295804
0.792897765908475
-0.960293685676942
0.342957157654130
0.554636976794311
-0.998993066541314
0.626992362396815
0.257373734365302
-0.931419255684618
0.844327925502013
-0.067269005612037
-0.764760776027599
0.971843622476421
-0.384755647944932
-0.516746808235998
0.995974293995239
-0.661311865323647
-0.213761154992121
0.914152911751095
-0.867517521717716
0.111964476103306
0.735083659720177
-0.981436395555739
0.425779291565069
0.477815980375918
-0.990949761767934
0.694299574162836
0.169718089100674
-0.895045585511173
0.888960053096189
-0.156434465040230
-0.703926182748950
0.989052686346543
-0.465945472355816
-0.437922894720368
0.983929588598631
-0.725889056058885
-0.125333233564316
0.874135756577058
-0.908612337232868
0.200589415783266
0.671351092126014
-0.994677156652777
0.505173300974499
0.397147890634789
-0.974927912181823
0.756016693999245
0.080695973575221
-0.851465534561481
0.926434797042885
-0.244340406137881
-0.637423989748694
0.998298479539763
-0.543383777794799
-0.355573083550943
0.963962860695855
-0.784621814930581
-0.035896202634606
0.827080574274563
-0.942391540464030
0.287599327431999
0.602213200286080
-0.999909362145144
0.580499952001562
0.313282199597453
-0.951056516295153
0.811646811946189
-0.008975858480982
-0.801029983781129
0.956450432738630
-0.330279061955156
-0.565789633582229
0.999506560365731
-0.616447076559465
-0.270360406986365
0.936234870639744
-0.837037260298629
0.053829843412120
0.773366225503520
-0.968583161128624
0.372293658401942
0.528226641853093
-0.997090885390703
0.651152758743553
0.226894144495881
-0.919527772551455
0.860742027003932
-0.098575422202415
-0.744145010569357
0.978765291933707
-0.413558504966499
-0.489599871965054
0.992667202067974
-0.684547105928675
-0.182970947394080
0.900968867902420
-0.882713373816676
0.143122483211099
0.713425186616702
-0.986976319697493
0.453990499739533
0.449987113092141
-0.986244419107045
0.716562866343785
0.138679271154453
-0.880595531856749
0.902907053368357
-0.187381314585712
-0.681268619282680
0.993199708502809
-0.493508218064340
-0.409468140058904
0.977835471138025
-0.747135564508148
-0.094108313318524
0.858448793601874
-0.921282398275812
0.231262784929920
0.647740067614464
-0.997422925272830
0.532032076515337
0.368124552684684
-0.967457292663059
0.776203631076338
0.049347833863781
-0.834573253721323
0.937802403039812
-0.274678522802393
-0.612907053652979
0.999637465011020
-0.569484493168435
-0.326039611452367
0.955130783952432
-0.803708526830763
-0.004487974438976
0.809016994374947
-0.952433798569319
0.317541094684828
0.576839726452764
-0.999838867929058
0.605790043840787
0.283298069832795
-0.940880768954224
0.829594860571827
-0.040380923169135
-0.781831482468043
0.965147119180883
-0.359764181061772
-0.539610720810822
0.998026728428274
-0.640875613985021
-0.239986003602577
0.924735945302247
-0.853810500668332
0.085168498971925
0.753071466003638
-0.975916761938736
0.401262750256473
0.501295010989932
-0.994204695916452
0.674670545932056
0.196190637499126
-0.906728826522724
0.876306680043840
-0.129784556752234
-0.722794863827395
0.984721038215623
-0.441953229673207
-0.461969759730615
0.988380467458435
-0.707106781186515
-0.152000169561318
0.886895676556415
-0.897038094386963
0.174139245707370
0.691062648986883
-0.991542217370799
0.481753674101678
0.421714162855352
-0.980565772275230
0.738118997487335
0.107503593510540
-0.865276436727957
0.915962993388153
-0.218143241396504
-0.657938725939747
0.996366562457238
-0.520583930743604
-0.380609289778876
0.970776348122922
-0.767644740357992
-0.062790519529349
0.841914645309193
-0.933043264819425
0.261707925628543
0.623489801858741
-0.999184357885973
0.558365800629641
0.338737920245322
-0.959031909598976
0.795624548881751
0.017950993798154
-0.816857349838992
0.948244511287221
-0.304745564927198
-0.587785252292497
0.999989928992004
-0.595023196102000
-0.296184377620529
0.945356108439588
-0.822002075447902
0.026924682845643
0.790155012375707
-0.961536119504138
0.347169487214378
0.550896981452144
-0.998781653462337
0.630482294044662
0.253034359076148
-0.929776485888260
0.846724199228266
-0.071746136761339
-0.761861407873437
0.972891321940131
-0.388894256356536
-0.512899277405918
0.995561964603081
-0.664671684553403
-0.209374763007121
0.912324417231449
-0.869741133155668
0.116423103505819
0.732033515886231
-0.982287250728684
0.429835844221463
0.473868662473029
-0.990337346439115
0.697522514745666
0.165293514029486
-0.893035048612914
0.891006524188359
-0.160865609613618
-0.700731405818936
0.989704983719620
-0.469911799899863
-0.433883739117556
0.983118320656137
-0.728968627421401
-0.120879385912403
0.871947226253876
-0.910477546658776
0.204984153792186
0.668018115955497
-0.995129582585904
0.509041415750361
0.393025031653993
-0.973919425411309
0.758946694294495
0.076221822798927
-0.849103418222189
0.928114988519017
-0.248689887164847
-0.633959526508217
0.998550122907319
-0.547145889934011
-0.351374824081379
0.962759186055488
-0.787396343527977
-0.031410759078134
0.824549628907180
-0.943883330308360
0.291894792200951
0.598624226943464
-0.999959716170869
0.584148485111044
0.309016994374950
-0.949660077825446
0.814260281314367
-0.013463561731103
-0.798335306372721
0.957750816684901
-0.334511859971799
-0.562083377852130
0.999355523643323
-0.619974682979078
-0.266036845566752
0.934648480581921
-0.839484407258025
0.058310768718892
0.770513242775787
-0.969689520376671
0.376455265374380
0.524410567641431
-0.996738762088016
0.654552334343365
0.222520933956357
-0.917754625684023
0.863017923326320
-0.103040545578633
-0.741139468049904
0.979675398423229
-0.417640539972049
-0.485681664337343
0.992114701314490
-0.687811804415916
-0.178556894798643
0.899012535107153
-0.884813436149727
0.147562812492371
0.710273137068083
-0.987688340595121
0.457984742103020
0.445974662797072
-0.985492653565737
0.719686113050176
0.134233265817739
-0.878459952927526
0.904827052465976
-0.191787907539910
-0.677976410513221
0.993712209893234
-0.497406623913207
-0.405369527637510
0.976885954764654
-0.750111069630395
-0.089639308903481
0.856138269310519
-0.923018467515372
0.235626767265302
0.644314329694554
-0.997734875046453
0.535826794978916
0.363948032196826
-0.966311937657251
0.779025402343208
0.044864830350526
-0.832092437156195
0.939351046208913
-0.278991106039141
-0.609354685562841
0.999748234942503
-0.573167882188874
-0.321793593854457
0.953791896906713
-0.806370881570448
-0.000000000000089
0.806370881570486
-0.953791896906660
0.321793593854397
0.573167882188927
-0.999748234942507
0.609354685562791
0.278991106039311
-0.939351046208935
0.832092437156097
-0.044864830350463
-0.779025402343319
0.966311937657206
-0.363948032196767
-0.535826794979066
0.997734875046457
-0.644314329694418
-0.235626767265364
0.923018467515440
-0.856138269310427
0.089639308903418
0.750111069630512
-0.976885954764640
0.405369527637348
0.497406623913262
-0.993712209893254
0.677976410513174
0.191787907539973
-0.904827052466052
0.878459952927495
-0.134233265817563
-0.719686113050220
0.985492653565707
-0.445974662797015
-0.457984742103076
0.987688340595148
-0.710273137068038
-0.147562812492547
0.884813436149757
-0.899012535107075
0.178556894798581
0.687811804416045
-0.992114701314468
0.485681664337288
0.417640539972210
-0.979675398423242
0.741139468049785
0.103040545578696
-0.863017923326409
0.917754625683953
-0.222520933956295
-0.654552334343499
0.996738762088011
-0.524410567641280
-0.376455265374439
0.969689520376714
-0.770513242775746
-0.058310768718956
0.839484407258121
-0.934648480581898
0.266036845566581
0.619974682979128
-0.999355523643316
0.562083377852077
0.334511859971966
-0.957750816684952
0.798335306372683
0.013463561731280
-0.814260281314404
0.949660077825391
-0.309016994374889
-0.584148485111188
0.999959716170871
-0.598624226943413
-0.291894792201121
0.943883330308381
-0.824549628907079
0.031410759078070
0.787396343528087
-0.962759186055440
0.351374824081319
0.547145889934160
-0.998550122907322
0.633959526508080
0.248689887164908
-0.928114988519083
0.849103418222155
-0.076221822798863
-0.758946694294611
0.973919425411295
-0.393025031653830
-0.509041415750416
0.995129582585922
-0.668018115955450
-0.204984153792360
0.910477546658850
-0.871947226253845
0.120879385912227
0.728968627421445
-0.983118320656104
0.433883739117499
0.469911799900020
-0.989704983719645
0.700731405818891
0.160865609613793
-0.891006524188388
0.893035048612834
-0.165293514029423
-0.697522514745793
0.990337346439107
-0.473868662472973
-0.429835844221623
0.982287250728696
-0.732033515886110
-0.116423103505882
0.869741133155700
-0.912324417231423
0.209374763006948
0.664671684553408
-0.995561964603075
0.512899277405815
0.388894256356752
-0.972891321940146
0.761861407873359
0.071746136761516
-0.846724199228270
0.929776485888236
-0.253034359076032
-0.630482294044843
0.998781653462334
-0.550896981452044
-0.347169487214544
0.961536119504140
-0.790155012375668
-0.026924682845763
0.822002075448003
-0.945356108439567
0.296184377620413
0.595023196102142
-0.999989928992003
0.587785252292446
0.304745564927313
-0.948244511287277
0.816857349838956
-0.017950993798033
-0.795624548881858
0.959031909598910
-0.338737920245262
-0.558365800629741
0.999184357885980
-0.623489801858735
-0.261707925628659
0.933043264819489
-0.841914645309066
0.062790519529286
0.767644740358070
-0.970776348122879
0.380609289778869
0.520583930743658
-0.996366562457253
0.657938725939571
0.218143241396567
