0.999999999999999
-0.552560575985466
-0.389353619733219
0.982843496749093
-0.696807517601278
-0.212786770195564
0.931962678203973
-0.817144898335127
-0.028918566828687
0.849103418222194
-0.909443580859480
0.155941919509803
0.737108867130245
-0.970536519880772
0.335451569750252
0.599821894687919
-0.998327432985148
0.503450868096817
0.441953229673231
-0.991862730390569
0.654175253533028
0.268919820615270
-0.951364235479195
0.782452919241442
0.086658964004070
-0.878221573370231
0.883882272844562
-0.098575422202435
-0.774944488704183
0.954982968272728
-0.280427389305989
-0.645076728758684
0.993315326901435
-0.452657049577007
-0.493074446825120
0.997564050259824
-0.609354685562798
-0.324153298191783
0.967583351875673
-0.745143530260964
-0.144109475329994
0.904401959647567
-0.855364260160501
0.040879176895765
0.810187817097830
-0.936234870639734
0.224465141658911
0.688173694712321
-0.984980447915482
0.400349032556885
0.542546263865771
-0.999928384677748
0.562495744497740
0.378302439539661
-0.980565772275222
0.705341536300393
0.201077921145976
-0.927557000153163
0.823984939381983
0.016953814736638
-0.842720958654054
0.914354941881165
-0.167752028027989
-0.728968627421429
0.973350677314613
-0.346701794364200
-0.590203190936477
0.998947824628822
-0.513755179776201
-0.431186108523530
0.990268068741571
-0.663180080364181
-0.257373734365324
0.947609238173054
-0.789849278542777
-0.074730093586446
0.872435085653927
-0.889416373291283
0.110477761379546
0.767325062368348
-0.958464918240227
0.291894792201015
0.635885809228720
-0.994625650217834
0.463296035119846
0.482627402182642
-0.996657785792649
0.618800198173345
0.312808597947496
-0.964491596283478
0.753071466003601
0.132256390257155
-0.899230800360089
0.861502587724545
-0.052833931811986
-0.803114692137314
0.940372965551569
-0.236111362835346
-0.679441304261531
0.986976319697488
-0.411287103130585
-0.532454242495022
0.999713548968503
-0.572350346381993
-0.367197074843864
0.978147600733812
-0.713774528476680
-0.189340271576142
0.923018467515410
-0.830706960534920
-0.004986634338801
0.836217795619858
-0.919135339255224
0.179538109315057
0.720723977066271
-0.976025421103619
0.357902360656664
0.580499952001598
-0.999425136331751
0.523985905970045
0.420357228309617
-0.988531570358856
0.672089919485019
0.245790784309542
-0.943718514184992
0.797132507222900
0.062790519529368
-0.866523638498018
0.894823082057636
-0.122364276755670
-0.759595731569287
0.961809586659756
-0.303320386816800
-0.626603811364470
0.995793512661316
-0.473868662472954
-0.472111230506244
0.995608769388465
-0.628157079632668
-0.301419093926079
0.961261695938326
-0.760891538834787
-0.120384362016314
0.893930843665512
-0.867517521717694
0.064781119290087
0.795926536541834
-0.944376370237465
0.247723765629093
0.670611596994830
-0.988830826225121
0.422166264787415
0.522285957359952
-0.999355523643322
0.582122970157240
0.356039116274377
-0.975589328481127
0.722105286267205
0.177575502677180
-0.918347730347661
0.837309998994491
-0.006981260297942
-0.829594860571852
0.923784088282247
-0.191298475243070
-0.712376096951370
0.978560368142503
-0.369051664363343
-0.570713567684460
0.999759299728269
-0.534141581324867
-0.409468140058921
0.986653483962213
-0.680903494733504
-0.234172629481255
0.939692620785925
-0.804301562100242
-0.050841951945652
0.860488078602905
-0.900101624737218
0.134233265817626
0.751757603384051
-0.965016494472293
0.314702536658145
0.617232064632494
-0.996818746958185
0.484373417312176
0.461527438034075
-0.994417151298572
0.637423989748670
0.289986417453628
-0.957894113460937
0.768602628680506
0.108495091045657
-0.888502848680070
0.873408200617090
-0.076719028126778
-0.788624379875565
0.948244511287201
-0.259300686788286
-0.661685837596902
0.990543701876206
-0.432984959298103
-0.512042864870619
0.998854359982403
-0.591812216084338
-0.344830161992825
0.972891321940161
-0.730332616452218
-0.165785299524549
0.913545457642629
-0.843793109003289
0.018948155004217
0.822853102117305
-0.928300523118945
0.203031441367126
0.703926182748994
-0.980955155349185
0.380148108562333
0.560845439695220
-0.999950266955941
0.544220751236789
0.398520403422672
-0.984634078551161
0.689619543735635
0.222520933956378
-0.935532134607148
0.811355416346504
0.038886102236449
-0.854329270445707
0.905251245280995
-0.146083028562350
-0.743811800472773
0.968085182350386
-0.326039611452284
-0.607771911354092
0.997701206263479
-0.494808795034608
-0.450877540689500
0.993083102199188
-0.646599601215711
-0.278512206039707
0.954389331192297
-0.776203631076281
-0.096590280253241
0.882947592858943
-0.879173780696999
0.088645948447568
0.781209268031062
-0.951976834664439
0.270840468142935
0.652665304509954
-0.992114701314463
0.443741637093960
0.501726432151690
-0.998210129767741
0.601416696366256
0.333571817464873
-0.970053967548123
0.738455340625837
0.153971350836563
-0.908612337232917
0.850155361981226
-0.030912335754095
-0.815993485882612
0.932683996873403
-0.214735327167037
-0.695375444745781
0.983209439716727
-0.391190103902727
-0.550896981452186
0.999998010662407
-0.554221972059758
-0.387515586452194
0.982473643366429
-0.698236818086056
-0.210837366614715
0.931237651557759
-0.818293059633562
-0.026924682845759
0.848048096156456
-0.910271206105474
0.157911867740742
0.735759460917887
-0.971015210763849
0.337329987382741
0.598224706513072
-0.998440764181973
0.505173300974421
0.440163063864130
-0.991606813167046
0.655682599805223
0.266998103142960
-0.950747851124677
0.783693457325783
0.084671634772674
-0.877265871885083
0.884813436149696
-0.100560171952085
-0.773682263079678
0.955572805786114
-0.282341456842830
-0.643551289750884
0.993543599524638
-0.454434757489195
-0.491338136832617
0.997422925272839
-0.610935035347184
-0.322265695230625
0.967077671701096
-0.746472295365120
-0.142135348732874
0.903549075692517
-0.856395846658770
0.042872088910087
0.809016994374994
-0.936933881697893
0.226408456287529
0.686725107669404
-0.985322898362548
0.402176068832311
0.540869617879397
-0.999902524009304
0.564143811312378
0.376455265374462
-0.980172487848550
0.706754083526926
0.199123600901091
-0.926809786739352
0.825113498278232
0.014959407015336
-0.841645455391823
0.915160788198384
-0.169718089100598
-0.727601738061292
0.973806160042881
-0.348572047321749
-0.588591817561872
0.999037314786322
-0.515465450616799
-0.429385542199539
0.989988495651947
-0.664671684553375
-0.255445757935928
0.946970194829547
-0.791071034656300
-0.072740861719402
0.871458499554939
-0.890326359203669
0.112459992158250
0.766044443119042
-0.959031909598947
0.293802005593782
0.634345098725725
-0.994830191844711
0.465062788901129
0.480879466835439
-0.996492859249508
0.620365869709160
0.310913414673041
-0.963962860695868
0.754382332396359
0.130278988491466
-0.898356398235665
0.862513669207189
-0.054825701469266
-0.801924626841857
0.941049568878612
-0.238049156779017
-0.677976410513260
0.987295228574574
-0.413104429824458
-0.530764785202647
0.999663820673249
-0.573984847883406
-0.365341024366443
0.977730941593536
-0.715170120124988
-0.187381314585774
0.922249174357902
-0.831815755384820
-0.002991988539405
0.835122265206234
-0.919919291221822
0.181500001629170
0.719339800338736
-0.976457630437988
0.359764181061658
0.578874624225202
-0.999490772632191
0.525683769810369
0.418546519366896
-0.988228381446564
0.673565567947681
0.243856825068242
-0.943056903383086
0.798335306372607
0.060799669945510
-0.865526307662245
0.895711760239343
-0.124343704647370
-0.758296902119100
0.962353650653238
-0.305220472894226
-0.625048050043238
0.995974293995225
-0.475624209070175
-0.470351920162298
0.995420064911715
-0.629707848667881
-0.299516601786689
0.960709980668856
-0.762184318760003
-0.118403968306572
0.893035048612951
-0.868507953366934
0.066771461307888
0.794717399127643
-0.945030468923110
0.249655761336356
0.669130606358965
-0.989126147854716
0.423973621602874
0.520583930743730
-0.999281934843871
0.583743672234736
0.354174455328147
-0.975149354305585
0.723483722445815
0.175612189524113
-0.917556467632773
0.838398870984656
-0.008975858480859
-0.828479459920298
0.924546033612289
-0.193255917795418
-0.710974831112960
0.978969242177335
-0.370904785546150
-0.569074518303018
0.999801072770519
-0.535826794978883
-0.407647547846529
0.986326722653210
-0.682362976111660
-0.232232964430334
0.939008537288590
-0.805485232008522
-0.048849769795706
0.859470145878729
-0.900968867902362
0.136209607307534
0.750440749765218
-0.965537553173937
0.316595223269621
0.615661475325788
-0.996975742105712
0.486117505277215
0.459757004680589
-0.994204695916464
0.638959634165588
0.288076888944532
-0.957319497532102
0.769877136972441
0.106511989045099
-0.887585789004610
0.874377840572762
-0.078707657426960
-0.787396343528086
0.948876011644469
-0.261226607537985
-0.660188962196580
0.990815393959206
-0.434782087366113
-0.510328512712798
0.998756921218925
-0.593418886603575
-0.342957157654348
0.972428095747130
-0.731693699726711
-0.163817911415364
0.912732338703418
-0.844861902173790
0.020942419883129
0.821717990987361
-0.929040352678446
0.204984153792008
0.702508028503899
-0.981340635521200
0.381992265099054
0.559192903470807
-0.999968170756823
0.545893073330113
0.396690188705155
-0.984283791647661
0.691062648986703
0.220575840915257
-0.934825676396065
0.812519787475452
0.036892872861891
-0.853290881632230
0.906096929213705
-0.148056000577855
-0.742477111299011
0.968583161128576
-0.327924627507141
-0.606186719018343
0.997834392738096
-0.496541174560670
-0.449096237906685
0.992846926341862
-0.648119901063082
