0.999999999999999
0.859979539938274
0.479129618224894
-0.035896202634582
-0.540869617879332
-0.894377407666336
-0.997422925272833
-0.821149209133704
-0.414920112910129
0.107503593510524
0.599821894687913
0.924165520566707
0.989704983719634
0.778086552580951
0.348572047321816
-0.178556894798636
-0.655682599805291
-0.949190346253537
-0.976885954764647
-0.731013521647791
-0.280427389306003
0.248689887164853
0.708163818808668
0.969322903035167
0.959031909598965
0.680172737770920
0.210837366614621
-0.317541094684842
-0.756995055651754
-0.984459424705047
-0.936234870639737
-0.625826241948815
-0.140160656625148
0.384755647944933
0.801924626841821
0.994521895368272
0.908612337232874
0.568254144143265
0.068761537663813
-0.449987113092120
-0.842720958654037
-0.999458451547163
-0.876306680043864
-0.507753179550757
0.002991988539354
0.512899277405903
0.879173780697051
0.999243649493385
0.839484407258079
0.444635179184929
-0.074730093586421
-0.573167882188918
-0.911095209678022
-0.993878596328826
-0.798335306372703
-0.379225462652932
0.146083028562407
0.630482294044709
0.938320717781189
0.983390944339327
0.753071466003611
0.311861161409530
-0.216683029776444
-0.684547105928685
-0.960709980668814
-0.967834748450667
-0.703926182748949
-0.242889481131228
0.286166214270789
0.735083659720175
0.978147600733804
0.947290187621395
0.651152758743576
0.172665912166284
-0.354174455328009
-0.781831482468025
-0.990543701876215
-0.921863151588503
-0.595023196102038
-0.101552397284367
0.420357228309561
0.824549628907137
0.997834392738110
0.891684695095880
0.535826794979002
0.029915466169407
-0.484373417312191
-0.863017923326348
-0.999982096009160
-0.856910362418592
-0.473868662473003
0.041875653729193
0.545893073330295
0.897038094386964
0.996975742105722
0.817719385664436
0.409468140058900
-0.113450940249975
-0.604599114862370
-0.926434797042884
-0.988830826225129
-0.774313760984858
-0.342957157654139
0.184441483668967
0.660188962196482
0.951056516295149
0.975589328481119
0.726917207456617
0.274678522802396
-0.254481388115558
-0.712376096951338
-0.970776348122915
-0.957319497532069
-0.675774014000225
-0.204984153792241
0.323209657454455
0.760891538834814
0.985492653565724
0.934115498817191
0.621147780278317
0.134233265817658
-0.390272055913741
-0.805485232008597
-0.995129582585909
-0.906096929213800
-0.563320058063633
-0.062790519529321
0.455322933868999
0.845927333913348
0.999637465011020
0.873408200617134
0.502588900079054
-0.008975858480985
-0.518027009373124
-0.882009399911605
-0.998993066541314
-0.836217795619849
-0.439267323789392
0.080695973575214
0.578061096249547
0.913545457642598
0.993199708502813
0.794717399127559
0.373681698062516
-0.152000169561258
-0.635115769842165
-0.940372965551569
-0.982287250728688
-0.749120910386215
-0.306170061015463
0.222520933956301
0.688896961836225
0.962353650653275
0.966311937657225
0.699663340513377
0.237080377715508
-0.291894792201029
-0.739127475930334
-0.979374221211595
-0.945356108439573
-0.646599601215805
-0.166768746716118
0.359764181061797
0.785548416547697
0.991346950662068
0.919527772551452
0.590203190936466
0.095597564671827
-0.425779291565059
-0.827920523222567
-0.998210129767733
-0.888960053096197
-0.530764785202618
-0.023933658491762
0.489599871965047
0.866025403784431
0.999928384677748
0.853810500668354
0.468590738440726
-0.047853605341158
-0.550896981452093
-0.899666659983943
-0.996492859249504
-0.814260281314381
-0.404001504980008
0.119394224540236
0.609354685562795
0.928670899758823
0.987921260694515
0.770513242775796
0.337329987382848
-0.190319468062036
-0.664671684553409
-0.952888630922453
-0.974257768312792
-0.722794863827402
-0.268919820615275
0.260263776601374
0.716562866343783
0.972195031668975
0.955572805786144
0.671351092126019
0.199123600901033
-0.328866646738574
-0.764760776027587
-0.986490593923519
-0.931962678203979
-0.616447076559479
-0.128301068387862
0.395774489027925
0.809016994374934
0.995701636221686
0.903549075692486
0.558365800629677
0.056817252993056
-0.460642450450615
-0.849103418222186
-0.999780683474844
-0.870478446205557
-0.497406623913241
0.014959407015247
0.523136191838684
0.884813436149729
0.998706711663819
0.832921240710110
0.433883739117570
-0.086658964004045
-0.582933611109035
-0.915962993388156
-0.992485256199835
-0.791071034656347
-0.368124552684695
0.157911867740823
0.639726503425777
0.942391540464029
0.981148383394176
0.745143530260981
0.300467997289474
-0.228350870110638
-0.693222149733966
-0.963962860695851
-0.964754525183624
-0.695375444745722
-0.231262784929980
0.297612917967890
0.743144825477382
0.980565772275214
0.943388177963533
0.642023290261361
0.160865609613718
-0.365341024366369
-0.789237221724074
-0.992114701314475
-0.917159467080777
-0.585362051785852
-0.089639308903444
0.431186108523491
0.831261771375062
0.998550122907320
0.886203579231220
0.525683769810523
0.017950993798127
-0.494808795034651
-0.869001873620726
-0.999838867929058
-0.850680065687356
-0.463296035119873
0.053829843412107
0.555881163064860
0.902263010333653
0.995974293995240
0.810772019947104
0.398520403422641
-0.125333233564292
-0.614088436501809
-0.930873748644193
-0.986976319697496
-0.766685134042653
-0.331690738005542
0.196190637499065
0.669130606358850
0.954686624531118
0.972891321940150
0.718646638372951
0.263151488952145
-0.266036845566654
-0.720723977066229
-0.973578902873157
-0.953791896906696
-0.666904130524202
-0.193255917795586
0.334511859971833
0.768602628680508
0.987453210044197
0.929776485888254
0.611724299115018
0.122364276755746
-0.401262750256444
-0.812519787475574
-0.996238035791515
-0.900968867902430
-0.553391549243373
-0.050841951945637
0.465945472355804
0.852249097851374
0.999888101810272
0.867517521717726
0.492206536620140
-0.020942419883323
-0.528226641853072
-0.887585789004543
-0.998384595114691
-0.829594860571836
-0.428484617944767
0.092618851350296
0.587785252292446
0.918347730347641
0.991735265002985
0.787396343528029
0.362554225509650
-0.163817911415122
-0.644314329694475
-0.944376370237470
-0.979974383116321
-0.741139468049867
-0.294755174410930
0.234172629481189
0.697522514745691
0.965537553173965
0.963162566797665
0.691062648986872
0.225436911090859
-0.303320386816825
-0.747135564508126
-0.981722211257630
-0.941386466660910
-0.637423989748712
-0.154956712238530
0.370904785546260
0.792897765908459
0.992846926341832
0.914758319980697
0.580499952001590
0.083677843332344
-0.436577485577637
-0.834573253721293
-0.998854359982398
-0.883415372204722
-0.520583930743618
-0.011967686315607
0.499999999999976
0.871947226253844
0.999713548968503
0.847519169570137
0.457984742103094
-0.059804153944995
-0.560845439695148
-0.904827052466007
-0.995420064911704
-0.807254726470175
-0.393025031653943
0.131267754658203
0.618800198173329
0.933043264819437
0.985996037070508
0.762829571862287
0.326039611452353
-0.202054781745368
-0.673565567947776
-0.956450432738620
-0.971490038292870
-0.714472679632819
-0.257373734365333
0.271800388289428
0.724859280117728
0.974927912181817
0.951976834664484
0.662433288431486
0.187381314585747
-0.340145095010525
-0.772416959224574
-0.988380467458427
-0.927557000153167
-0.606979617058074
-0.116423103505865
0.406736643075780
0.815993485882535
0.996738762088011
0.898356398235647
0.548397482022590
0.044864830350548
-0.471231809694044
-0.855364260160495
-0.999959716170870
-0.864525533178379
-0.486988824404381
0.026924682845639
0.533298177137534
0.890326359203680
0.998026728428272
0.826238774316009
0.423070153602627
-0.098575422202400
-0.592615846072334
-0.920699583128411
-0.990949761767939
-0.783693457325850
-0.356970915999513
0.169718089100635
0.648879084367450
0.946327383799156
0.978765291933716
0.737108867130270
0.289031796944488
-0.239986003602541
-0.701797902883967
-0.967077671701065
-0.961536119504153
-0.686725107669368
-0.219602964810983
0.309016994374905
0.751099550122283
0.982843496749087
0.939351046208936
0.632801864369495
0.149042266176201
-0.376455265374359
-0.796529918024169
-0.993543599524645
-0.912324417231466
-0.575617065685705
-0.077713381426535
0.441953229673203
0.837854851683730
0.999122830098856
0.880595531856747
0.515465450616883
0.005983950294422
-0.505173300974461
-0.874861356216674
-0.999552432283503
-0.844327925502036
-0.452657049577037
0.065776323011863
0.565789633582184
0.907358694567845
0.994830191844720
0.803708526830807
0.387515586452139
-0.137197575318789
-0.623489801858712
-0.935179370598539
-0.984980447915490
-0.758946694294570
-0.320376810078758
0.207911690817721
0.677976410513186
0.958179992386558
0.970053967548105
0.710273137068086
0.251586763744529
-0.277554198388905
-0.728968627421385
-0.976242011289659
-0.950127684053208
-0.657938725939737
-0.181500001629256
0.345766150139914
0.776203631076334
0.989272332962982
0.925304300474013
0.602213200286100
0.110477761379597
-0.412195971476827
-0.819437965209704
-0.997203797181177
-0.895711760239428
-0.543383777794841
-0.038886102236436
0.476501273172300
0.858448793601860
0.999995523992272
0.861502587724565
0.481753674101769
-0.032905981689377
-0.538350616090664
-0.893035048612859
-0.997633124419048
-0.822853102117275
-0.417640539972179
0.104528463267621
0.597425219474864
0.923018467515378
0.990128774621975
0.779962508642710
0.351374824081384
-0.175612189523952
-0.653420603990059
-0.948244511287213
-0.977521153141465
-0.733051871829863
-0.283298069832783
0.245790784309474
0.706048161055795
0.968583161128623
0.959875241542891
0.682362976111791
0.213761154992139
-0.314702536658113
-0.755036640377492
-0.983929588598625
-0.937281989491911
