0.999999999999999
0.013962180339145
-0.999610115040353
-0.041875653729200
0.998440764181980
0.069756473744126
-0.996492859249503
-0.097582899759149
0.993767919160595
0.125333233564306
-0.990268068741569
-0.152985836284038
0.985996037070504
0.180519145250562
-0.980955155349191
-0.207911690817759
0.975149354305562
0.235142113102592
-0.968583161128629
-0.262189178640865
0.961261695938317
0.289031796944474
-0.953190667792946
-0.315649036947106
0.944376370237480
0.342020143325668
-0.934825676396012
-0.368124552684679
0.924546033612313
0.393941909590954
-0.913545457642600
-0.419452082446181
0.901832526405112
0.444635179184927
-0.889416373291295
-0.469471562785892
0.876306680043860
0.493941866584234
-0.862513669207256
-0.518027009373135
0.848048096156423
0.541708210282740
-0.832921240710096
-0.564967003424945
0.817144898335128
0.587785252292476
-0.800731370948727
-0.610145163901266
0.783693457325837
0.632029302664857
-0.766044443118978
-0.653420603990107
0.747798090498526
0.674302387583721
-0.728968627421409
-0.694658370459002
0.709570736536522
0.714472679632804
-0.689619543735664
-0.733729864502883
0.669130606358857
0.752414908895727
-0.648119901063122
-0.770513242775789
0.626603811364456
0.788010753606727
-0.604599114862374
-0.804893797355916
0.582122970157282
0.821149209133703
-0.559192903470743
-0.836764313458965
0.535826794978985
0.851726934143048
-0.512042864870564
-0.866025403784444
0.487859659138730
0.879648572866619
-0.463296035119851
-0.892585818452125
0.438371146789071
0.904827052466023
-0.413104429824540
-0.916362729562247
0.387515586452093
0.927183854566787
-0.361624570082074
-0.937281989491894
0.335451569750255
0.946649260115701
-0.309016994374939
-0.955278362122343
0.282341456842859
0.963162566797659
-0.255445757935792
-0.970295726276000
0.228350870110648
0.976672278334166
-0.201077921145948
-0.982287250728689
0.173648177666933
0.987136265072989
-0.146083028562405
-0.991215540251540
0.118403968306485
0.994521895368273
-0.090632580197784
-0.997052752226920
0.062790519529308
0.998806137341433
-0.034899496702487
-0.999780683474845
0.006981260297967
0.999975630705394
0.020942419883361
-0.999390827019094
-0.048849769795626
0.998026728428270
0.076719028126840
-0.995884398615968
-0.104528463267656
0.992965508106533
0.132256390257134
-0.989272332962987
-0.159881187691855
0.984807753012205
0.187381314585726
-0.979575249599339
-0.214735327167073
0.973578902873159
0.241921895599686
-0.966823388604456
-0.268919820615265
0.959313974540051
0.295708050044055
-0.951056516295153
-0.322265695230528
0.942057452787293
0.348572047321814
-0.932323801215505
-0.374606593415919
0.921863151588500
0.400349032556910
-0.910683660806173
-0.425779291565096
0.898794046299159
0.450877540689436
-0.886203579231202
-0.475624209070288
0.872922077269806
0.500000000000021
-0.858959896930656
-0.523985905970083
0.844327925502001
0.547563223492561
-0.829037572555038
-0.570713567684450
0.813100761047019
0.593418886603704
-0.796529918024182
-0.615661475325668
0.779337964931471
0.637423989748706
-0.761538307536728
-0.658689460118682
0.743144825477379
0.679441304261545
-0.724171861437465
-0.699663340513380
0.704634209963566
0.719339800338651
-0.684547105928673
-0.738455340625909
0.663926212652240
0.756995055651768
-0.642787609686509
-0.774944488704179
0.621147780278295
0.792289643355213
-0.599023598515586
-0.809016994374957
0.576432316169763
0.825113498278294
-0.553391549243329
-0.840566603495703
0.529919264233206
0.855364260160514
-0.506033764121133
-0.869494929505217
0.481753674101701
0.882947592858942
-0.457097927058697
-0.895711760239419
0.432085748801951
0.907777478532906
-0.406736643075786
-0.919135339255247
0.381070376350278
0.929776485888256
-0.355106962408106
-0.939692620785906
0.328866646738570
0.948876011644506
-0.302369890750450
-0.957319497532070
0.275637355816969
0.965016494472309
-0.248689887164843
-0.971961000578553
0.221548497619474
0.978147600733807
-0.194234351219942
-0.983571470813383
0.166768746716091
0.988228381446556
-0.139173100960074
-0.992114701314478
0.111468932206297
0.995227399981829
-0.083677843332306
-0.997564050259825
0.055821504993173
0.999122830098858
-0.027921638723541
-0.999902524009303
-0.000000000000008
0.999902524009303
0.027921638723615
-0.999122830098857
-0.055821504993190
0.997564050259820
0.083677843332322
-0.995227399981828
-0.111468932206370
0.992114701314476
0.139173100960090
-0.988228381446545
-0.166768746716108
0.983571470813380
0.194234351220014
-0.978147600733804
-0.221548497619490
0.971961000578535
0.248689887164859
-0.965016494472304
-0.275637355817039
0.957319497532065
0.302369890750466
-0.948876011644483
-0.328866646738586
0.939692620785900
0.355106962408175
-0.929776485888250
-0.381070376350293
0.919135339255218
0.406736643075802
-0.907777478532899
-0.432085748802017
0.895711760239411
0.457097927058711
-0.882947592858908
-0.481753674101715
0.869494929505209
0.506033764121196
-0.855364260160506
-0.529919264233220
0.840566603495663
0.553391549243343
-0.825113498278284
-0.576432316169823
0.809016994374947
0.599023598515599
-0.792289643355168
-0.621147780278308
0.774944488704168
0.642787609686566
-0.756995055651757
-0.663926212652253
0.738455340625860
0.684547105928686
-0.719339800338640
-0.704634209963618
0.699663340513368
0.724171861437477
-0.679441304261491
-0.743144825477390
0.658689460118669
0.761538307536757
-0.637423989748649
-0.779337964931482
0.615661475325632
0.796529918024226
-0.593418886603691
-0.813100761047045
0.570713567684390
0.829037572555048
-0.547563223492524
-0.844327925502041
0.523985905970069
0.858959896930679
-0.499999999999957
-0.872922077269814
0.475624209070249
0.886203579231236
-0.450877540689421
-0.898794046299179
0.425779291565029
0.910683660806180
-0.400349032556869
-0.921863151588518
0.374606593415903
0.932323801215521
-0.348572047321771
-0.942057452787299
0.322265695230485
0.951056516295167
-0.295708050044039
-0.959313974540064
0.268919820615222
0.966823388604460
-0.241921895599643
-0.973578902873169
0.214735327167057
0.979575249599348
-0.187381314585681
-0.984807753012208
0.159881187691811
0.989272332962994
-0.132256390257117
-0.992965508106539
0.104528463267611
0.995884398615975
-0.076719028126739
-0.998026728428270
0.048849769795609
0.999390827019096
-0.020942419883316
-0.999975630705394
-0.006981260298040
0.999780683474845
0.034899496702503
-0.998806137341432
-0.062790519529353
0.997052752226915
0.090632580197857
-0.994521895368274
-0.118403968306502
0.991215540251538
0.146083028562450
-0.987136265072978
-0.173648177667005
0.982287250728691
0.201077921145964
-0.976672278334163
-0.228350870110692
0.970295726275982
0.255445757935863
-0.963162566797663
-0.282341456842875
0.955278362122338
0.309016994374981
-0.946649260115678
-0.335451569750324
0.937281989491898
0.361624570082089
-0.927183854566781
-0.387515586452135
0.916362729562217
0.413104429824607
-0.904827052466028
-0.438371146789073
0.892585818452118
0.463296035119891
-0.879648572866591
-0.487859659138794
0.866025403784450
0.512042864870566
-0.851726934143040
-0.535826794979023
0.836764313458933
0.559192903470804
-0.821149209133718
-0.582122970157284
0.804893797355906
0.604599114862399
-0.788010753606691
-0.626603811364513
0.770513242775733
0.648119901063124
-0.752414908895716
-0.669130606358880
0.733729864502843
0.689619543735718
-0.714472679632743
-0.709570736536514
0.694658370458990
0.728968627421430
-0.674302387583688
-0.747798090498575
0.653420603990041
0.766044443118971
-0.632029302664844
-0.783693457325856
0.610145163901231
0.800731370948771
-0.587785252292405
-0.817144898335121
0.564967003424932
0.832921240710113
-0.541708210282702
-0.848048096156459
0.518027009373060
0.862513669207250
-0.493941866584226
-0.876306680043874
0.469471562785852
0.889416373291325
-0.444635179184855
-0.901832526405107
0.419452082446173
0.913545457642609
-0.393941909590912
-0.924546033612335
0.368124552684604
0.934825676396008
-0.342020143325665
-0.944376370237487
0.315649036947064
0.953190667792964
-0.289031796944397
-0.961261695938313
0.262189178640863
0.968583161128635
-0.235142113102552
-0.975149354305575
0.207911690817684
0.980955155349187
-0.180519145250559
-0.985996037070507
0.152985836284000
0.990268068741577
-0.125333233564229
-0.993767919160593
0.097582899759150
0.996492859249505
-0.069756473744089
-0.998440764181983
0.041875653729126
0.999610115040353
-0.013962180339147
-0.999999999999999
-0.013962180339181
0.999610115040352
0.041875653729272
-0.998440764181975
-0.069756473744122
0.996492859249502
0.097582899759183
-0.993767919160589
-0.125333233564375
0.990268068741557
0.152985836284033
-0.985996037070502
-0.180519145250592
0.980955155349181
0.207911690817828
-0.975149354305543
-0.235142113102584
0.968583161128627
0.262189178640895
-0.961261695938304
-0.289031796944537
0.953190667792919
0.315649036947095
-0.944376370237476
-0.342020143325697
0.934825676395996
0.368124552684740
-0.924546033612279
-0.393941909590943
0.913545457642596
0.419452082446203
-0.901832526405092
-0.444635179184987
0.889416373291258
0.469471562785882
-0.876306680043858
-0.493941866584254
0.862513669207233
0.518027009373185
-0.848048096156381
-0.541708210282730
0.832921240710095
0.564967003424959
-0.817144898335102
-0.587785252292524
0.800731370948683
0.610145163901257
-0.783693457325835
-0.632029302664870
0.766044443118949
0.653420603990152
-0.747798090498477
-0.674302387583713
0.728968627421407
0.694658370459014
-0.709570736536490
-0.714472679632846
0.689619543735611
0.733729864502865
-0.669130606358855
-0.752414908895738
0.648119901063099
0.770513242775827
-0.626603811364399
-0.788010753606781
0.604599114862372
0.804893797355926
-0.582122970157256
-0.821149209133737
0.559192903470682
0.836764313459013
-0.535826794978995
-0.851726934143057
0.512042864870538
0.866025403784466
-0.487859659138666
-0.879648572866661
0.463296035119861
0.892585818452133
-0.438371146789043
-0.904827052466042
0.413104429824473
0.916362729562276
-0.387515586452104
-0.927183854566793
0.361624570082058
0.937281989491910
-0.335451569750185
-0.946649260115725
0.309016994374950
0.955278362122347
-0.282341456842843
-0.963162566797672
0.255445757935720
0.970295726276017
-0.228350870110659
-0.976672278334170
0.201077921145932
0.982287250728697
-0.173648177666860
-0.987136265073001
0.146083028562417
0.991215540251542
-0.118403968306469
-0.994521895368278
0.090632580197711
0.997052752226926
-0.062790519529320
-0.998806137341434
0.034899496702470
0.999780683474845
-0.006981260297893
-0.999975630705393
-0.020942419883349
0.999390827019094
0.048849769795643
-0.998026728428268
-0.076719028126885
0.995884398615962
0.104528463267644
-0.992965508106535
-0.132256390257150
0.989272332962980
0.159881187691900
-0.984807753012192
-0.187381314585826
0.979575249599341
0.214735327167089
-0.973578902873149
-0.241921895599730
0.966823388604437
0.268919820615364
-0.959313974540055
-0.295708050044071
0.951056516295139
0.322265695230570
-0.942057452787268
-0.348572047321909
0.932323801215509
0.374606593415934
-0.921863151588483
-0.400349032556951
0.910683660806143
0.425779291565162
-0.898794046299164
-0.450877540689451
0.886203579231194
0.475624209070328
-0.872922077269770
-0.500000000000084
0.858959896930662
0.523985905970097
-0.844327925501993
-0.547563223492599
0.829037572554997
0.570713567684511
-0.813100761047026
-0.593418886603717
0.796529918024172
0.615661475325703
-0.779337964931425
-0.637423989748763
0.761538307536736
0.658689460118694
-0.743144825477368
-0.679441304261557
0.724171861437415
0.699663340513432
-0.704634209963595
-0.719339800338663
0.684547105928661
0.738455340625920
-0.663926212652186
-0.756995055651816
0.642787609686540
0.774944488704189
-0.621147780278282
-0.792289643355223
0.599023598515527
0.809016994375000
-0.576432316169796
-0.825113498278303
0.553391549243315
0.840566603495712
-0.529919264233144
-0.855364260160552
0.506033764121167
0.869494929505225
-0.481753674101686
-0.882947592858950
0.457097927058631
0.895711760239452
-0.432085748801885
-0.907777478532913
0.406736643075771
0.919135339255253
-0.381070376350210
-0.929776485888283
0.355106962408037
0.939692620785911
-0.328866646738554
-0.948876011644511
0.302369890750380
0.957319497532091
-0.275637355816898
-0.965016494472313
0.248689887164827
0.971961000578556
-0.221548497619513
-0.978147600733822
0.194234351219982
0.983571470813407
-0.166768746716075
-0.988228381446576
0.139173100960001
0.992114701314473
-0.111468932206224
-0.995227399981831
0.083677843332176
0.997564050259826
-0.055821504993214
-0.999122830098861
0.027921638723581
0.999902524009305
0.000000000000025
-0.999902524009301
-0.027921638723631
0.999122830098859
0.055821504993264
-0.997564050259823
-0.083677843332452
0.995227399981826
0.111468932206273
-0.992114701314467
-0.139173100960050
0.988228381446534
0.166768746716124
-0.983571470813357
-0.194234351220030
0.978147600733812
0.221548497619562
-0.971961000578545
-0.248689887164985
0.965016494472300
0.275637355816946
-0.957319497532044
-0.302369890750427
0.948876011644459
0.328866646738602
-0.939692620785855
-0.355106962408190
0.929776485888264
0.381070376350361
-0.919135339255234
-0.406736643075921
0.907777478532892
0.432085748802135
-0.895711760239379
-0.457097927058676
0.882947592858873
0.481753674101730
-0.869494929505144
-0.506033764121210
0.855364260160527
0.529919264233283
-0.840566603495685
-0.553391549243451
0.825113498278275
0.576432316169929
-0.809016994374904
-0.599023598515567
0.792289643355123
0.621147780278321
-0.774944488704086
-0.642787609686579
0.756995055651784
0.663926212652308
-0.738455340625887
-0.684547105928781
0.719339800338628
0.704634209963711
-0.699663340513315
-0.724171861437449
0.679441304261437
0.743144825477401
-0.658689460118571
-0.761538307536768
0.637423989748724
0.779337964931528
-0.615661475325664
-0.796529918024271
0.593418886603677
0.813100761047121
-0.570713567684376
-0.829037572555025
0.547563223492462
0.844327925502019
-0.523985905969958
-0.858959896930688
0.500000000000041
0.872922077269850
-0.475624209070284
-0.886203579231270
0.450877540689406
0.898794046299236
-0.425779291565014
-0.910683660806164
0.400349032556801
0.921863151588502
-0.374606593415783
-0.932323801215527
0.348572047321862
0.942057452787323
-0.322265695230523
-0.951056516295189
0.295708050044023
0.959313974540101
-0.268919820615206
-0.966823388604450
0.241921895599571
0.973578902873160
-0.214735327166929
-0.979575249599351
0.187381314585553
0.984807753012221
-0.159881187691850
-0.989272332963004
0.132256390257101
0.992965508106554
-0.104528463267595
-0.995884398615966
0.076719028126722
0.998026728428271
-0.048849769795479
-0.999390827019096
0.020942419883185
0.999975630705394
0.006981260297943
-0.999780683474842
-0.034899496702520
0.998806137341426
0.062790519529370
-0.997052752226922
-0.090632580197874
0.994521895368272
0.118403968306631
-0.991215540251536
-0.146083028562579
0.987136265072975
0.173648177666910
-0.982287250728667
-0.201077921145981
0.976672278334135
0.228350870110708
-0.970295726276005
-0.255445757935879
0.963162566797658
0.282341456843000
-0.955278362122333
-0.309016994375105
0.946649260115672
0.335451569750233
-0.937281989491853
-0.361624570082105
0.927183854566732
0.387515586452150
-0.916362729562256
-0.413104429824622
0.904827052466021
0.438371146789191
-0.892585818452110
-0.463296035120006
0.879648572866583
0.487859659138709
-0.866025403784385
-0.512042864870581
0.851726934142971
0.535826794979037
-0.836764313458986
-0.559192903470818
0.821149209133708
0.582122970157389
-0.804893797355896
-0.604599114862503
0.788010753606680
0.626603811364437
-0.770513242775722
-0.648119901063137
0.752414908895631
0.669130606358892
-0.733729864502754
-0.689619543735730
0.714472679632811
0.709570736536606
-0.694658370458978
-0.728968627421519
0.674302387583676
0.747798090498510
-0.653420603990028
-0.766044443118981
0.632029302664743
0.783693457325866
-0.610145163901128
-0.800731370948781
0.587785252292484
0.817144898335196
-0.564967003424918
-0.832921240710185
0.541708210282688
0.848048096156407
-0.518027009373045
-0.862513669207258
0.493941866584112
0.876306680043882
-0.469471562785737
-0.889416373291332
0.444635179184942
0.901832526405163
-0.419452082446158
-0.913545457642662
0.393941909590897
0.924546033612298
-0.368124552684588
-0.934825676396014
0.342020143325543
0.944376370237493
-0.315649036946940
-0.953190667792969
0.289031796944489
0.961261695938349
-0.262189178640847
-0.968583161128668
0.235142113102535
0.975149354305554
-0.207911690817668
-0.980955155349190
0.180519145250431
0.985996037070510
-0.152985836283872
-0.990268068741580
0.125333233564326
0.993767919160608
-0.097582899759134
-0.996492859249516
0.069756473744072
0.998440764181978
-0.041875653729109
-0.999610115040353
0.013962180339017
0.999999999999999
0.013962180339311
-0.999610115040351
-0.041875653729175
0.998440764181974
0.069756473744138
-0.996492859249491
-0.097582899759200
0.993767919160575
0.125333233564392
-0.990268068741570
-0.152985836284162
0.985996037070499
0.180519145250720
-0.980955155349177
-0.207911690817733
0.975149354305539
0.235142113102600
-0.968583161128595
-0.262189178640911
0.961261695938268
0.289031796944553
-0.953190667792949
-0.315649036947219
0.944376370237471
0.342020143325819
-0.934825676395990
-0.368124552684650
0.924546033612273
0.393941909590958
-0.913545457642543
-0.419452082446218
0.901832526405036
0.444635179185001
-0.889416373291302
-0.469471562785997
0.876306680043850
0.493941866584368
-0.862513669207225
-0.518027009373102
0.848048096156372
0.541708210282744
-0.832921240710022
-0.564967003424973
0.817144898335027
0.587785252292538
-0.800731370948741
-0.610145163901361
0.783693457325825
0.632029302664971
-0.766044443118938
-0.653420603990079
0.747798090498466
0.674302387583725
-0.728968627421318
-0.694658370459026
0.709570736536398
0.714472679632857
-0.689619543735681
-0.733729864502954
0.669130606358842
0.752414908895824
-0.648119901063086
-0.770513242775910
0.626603811364386
0.788010753606721
-0.604599114862269
-0.804893797355936
0.582122970157150
0.821149209133746
-0.559192903470763
-0.836764313459022
0.535826794978981
0.851726934143125
-0.512042864870524
-0.866025403784532
0.487859659138651
0.879648572866615
-0.463296035119746
-0.892585818452140
0.438371146788926
0.904827052466050
-0.413104429824562
-0.916362729562283
0.387515586452089
0.927183854566842
-0.361624570082043
-0.937281989491955
0.335451569750170
0.946649260115694
-0.309016994374826
-0.955278362122352
0.282341456842718
0.963162566797676
-0.255445757935814
-0.970295726276021
0.228350870110643
0.976672278334198
-0.201077921145915
-0.982287250728722
0.173648177666844
0.987136265072986
-0.146083028562288
-0.991215540251545
0.118403968306340
0.994521895368279
-0.090632580197807
-0.997052752226927
0.062790519529303
0.998806137341440
-0.034899496702453
-0.999780683474848
0.006981260297877
0.999975630705394
0.020942419883479
-0.999390827019094
-0.048849769795773
0.998026728428266
0.076719028126789
-0.995884398615960
-0.104528463267661
0.992965508106519
0.132256390257167
-0.989272332962961
