0.999999999999999
-0.780274489610406
0.217656558273561
0.440610769775885
-0.905251245281015
0.972078136985773
-0.611724299115002
-0.017452406437288
0.638959634165659
-0.979675398423236
0.889871808811465
-0.409013144454876
-0.251586763744517
0.801626611801845
-0.999390827019094
0.757971723145448
-0.183461171813772
-0.471671578744812
0.919527772551454
-0.963296548075550
0.583743672234780
0.052335956242959
-0.665416495326269
0.986079076295146
-0.873408200617120
0.376917199620991
0.285210449497813
-0.822002075447922
0.997564050259822
-0.734745484892428
0.149042266176162
0.502157728550474
-0.932683996873434
0.953341330705957
-0.555051843608751
-0.087155742747683
0.691062648986879
-0.991281368706427
0.855880479068543
-0.344362039239011
-0.318486650251705
0.841376056184775
-0.994521895368269
0.710624072444931
-0.114441775495409
-0.532032076515364
0.944703889414179
-0.942224613775870
0.525683769810472
0.121869343405182
-0.715866849259739
0.995275937465128
-0.837309998994509
0.311387326757138
0.351374824081385
-0.859724949801211
0.990268068741564
-0.685636874028407
0.079701855139620
0.561258225348268
-0.955572805786147
0.929959941292467
-0.495675231314056
-0.156434465040274
0.739798876047611
-0.998057915804533
0.817719385664411
-0.278033236783138
-0.383834901813052
0.877026400996791
-0.984807753012198
0.659814332695143
-0.044864830350472
-0.589800567488798
0.965277503888976
-0.916562255869951
0.465062788901199
0.190808995376598
-0.762829571862298
0.999623914312566
-0.797132507222895
0.244340406137854
0.415827335842092
-0.893259330618316
0.978147600733792
-0.633187909234096
0.009973144676440
0.617624328489656
-0.973806160042916
0.902047880524249
-0.433883739117497
-0.224951054343927
0.784930877348559
-0.999972025061268
0.775574445610178
-0.210349884345446
-0.447313148315700
0.908403961341534
-0.970295726275979
0.605790043840767
0.024930691738135
-0.644695609383983
0.981148383394182
-0.886434498785965
0.402176068832373
0.258819045102564
-0.806075865470086
0.999101823931314
-0.753071466003550
0.176103083620851
0.478253978621393
-0.922441841766760
0.961261695938296
-0.577654116593821
-0.059804153945106
0.670981427986020
-0.987295228574605
0.869741133155664
-0.369978408957824
-0.292371704722789
0.826238774316023
-0.997014371128736
0.729650984817380
-0.141641728415491
-0.508612130123513
0.935355868899066
-0.951056516295125
0.548814406786600
0.094604754002618
-0.696449759074822
0.992239206600180
-0.851988121927964
0.337329987382765
0.325568154457218
-0.845395038487782
0.993712209893235
-0.705341536300329
0.107007804582293
0.538350616090770
-0.947130308985643
0.939692620785874
-0.519306051163087
-0.129290092740124
0.721069573412053
-0.995974293995246
0.833197094412403
-0.304270581179782
-0.358367949545370
0.863521319028266
-0.989199363399605
0.680172737770830
-0.072243508222500
-0.567433204758876
0.957750816684962
-0.927183854566746
0.489165001109197
0.163817911415238
-0.744810875546333
0.998495940131156
-0.813390944581474
0.270840468142920
0.390731128489351
-0.880595531856776
0.983481329856153
-0.654175253532934
0.037391194276198
0.595824463473367
-0.967204452544352
0.913545457642552
-0.458427978851548
-0.198146143199506
0.767644740358080
-0.999801072770525
0.792593803177842
-0.237080377715402
-0.422618261740785
0.896596874675060
-0.976565075805957
0.627380757516582
-0.002493324919341
-0.623489801858838
0.975479698764741
-0.898794046299110
0.427132432717084
0.232232964430360
-0.789543348300307
0.999888101810271
-0.770831008314753
0.203031441367071
0.453990499739639
-0.911505852311714
0.968459027639207
-0.599821894687792
-0.032407582169862
0.650395513961985
-0.982566473233313
0.882947592858861
-0.395316491508061
-0.266036845566801
0.810480019292459
-0.998756921218915
0.748129074605446
-0.168735142482029
-0.484809620246436
0.925304300474038
-0.959173061326957
0.571532241275852
0.067269005612197
-0.676508819317076
0.988456141807004
-0.866025403784392
0.363018918048026
0.299516601786699
-0.830429245225948
0.996408909165759
-0.724515660859143
0.134233265817473
0.515038074910209
-0.937975407878454
0.948718490388744
-0.542546263865615
-0.102048472133189
0.701797902884108
-0.993141528831916
0.848048096156342
-0.330279061955021
-0.332631443164424
0.849366721042010
-0.992846926341819
0.700019536383242
-0.099567846595680
-0.544639035015139
0.949503736732366
-0.937108052108908
0.512899277405799
0.136703608310192
-0.726231953810073
0.996616925885657
-0.829037572554979
0.297136811700721
0.365341024366491
-0.867269374343336
0.988075312474463
-0.674670545931921
0.064781119289948
0.573576436351210
-0.959875241542943
0.924355892017967
-0.482627402182444
-0.171192192198159
0.749781202967855
-0.998878098732284
0.809016994374843
-0.263632546011671
-0.397605493806944
0.884115393504687
-0.982099881040207
0.648499573345495
-0.029915466169242
-0.601815023152170
0.969077286229114
-0.910477546658754
0.451767519812680
0.205472204769956
-0.772416959224686
0.999922292480976
-0.788010753606641
0.229807084674896
0.429385542199520
-0.899884254246535
0.974927912181797
-0.621538503922563
-0.004986634338982
0.629320391050008
-0.977098659516954
0.895489924657205
-0.420357228309374
-0.239501881110918
0.794111644398484
-0.999748234942501
0.766044443118851
-0.195701638804402
-0.460642450450800
0.914556744641175
-0.966568143838499
0.593820185573356
0.039882659401281
-0.656059028990637
0.983929588598659
-0.879411286122160
0.388434796274544
0.273239761302073
-0.814838826857035
0.998356138179161
-0.743144825477293
0.161357760632662
0.491338136832635
-0.928114988519090
0.957030761100372
-0.565378388798924
-0.074730093586667
0.681998360062673
-0.989561751039410
0.862261220397844
-0.356039116274142
-0.306644740933550
0.834573253721425
-0.995747698246417
0.719339800338500
-0.126817292884737
-0.521435203379676
0.940542467248691
-0.946327383799098
0.536247765547699
0.109486480664192
-0.707106781186683
0.993988284916805
-0.844060622197689
0.323209657454287
0.339676121183091
-0.853290881632247
0.991926093126543
-0.694658370458875
0.092122317800251
0.550896981452238
-0.951824039861370
0.934471052351259
-0.506463806996791
-0.144109475330240
0.731353701619347
-0.997203797181198
0.824831666146896
-0.289986417453347
-0.372293658402173
0.870968906043242
-0.986895978856682
0.669130606358682
-0.057315105861767
-0.579687576412169
0.961945961498767
-0.921476211870320
0.476062800311728
0.178556894798849
-0.754709580222911
0.999204370226187
-0.804597779766545
0.256409873671832
0.404457613145828
-0.887585789004643
0.980663483856272
-0.642787609686394
0.022438064295619
0.607771911354174
-0.970895900158461
0.907358694567790
-0.445081784436438
-0.212786770195838
0.777145961457146
-0.999987566661692
0.783383614930268
-0.222520933956052
-0.436128798589888
0.903121285404303
-0.973236201460391
0.615661475325456
0.012466314595667
-0.635115769842370
0.978662951718888
-0.892135700463773
0.413558504966303
0.246757397690522
-0.798635510047432
0.999552432283496
-0.761215017830263
0.188360886759079
0.467268628273255
-0.917556467632819
0.964623180668600
-0.587785252292304
-0.047355505202794
0.661685837597010
-0.985237653224092
0.875825776431761
-0.381531368161774
-0.280427389306293
0.819152044289162
-0.997899497235806
0.738118997487143
-0.153971350836248
-0.497839163110385
0.930873748644306
-0.954834915119943
0.559192903470518
0.082187000421501
-0.687449743083512
0.990611994413088
-0.858448793601731
0.349039394155436
0.313755723344612
-0.838670567945560
0.995030775365376
-0.714123692844176
0.119394224540004
0.527803157613411
-0.943056903383138
0.943883330308290
-0.529919264233011
-0.116918363440018
0.712376096951500
-0.994779427478955
0.840025923150654
-0.316122169412823
-0.346701794364402
0.857167300702275
-0.990949761767891
0.689258338483721
-0.084671634772429
-0.557124105270825
0.954091088551980
-0.931781769052699
0.499999999999843
0.151507279442689
-0.736434530278479
0.997734875046474
-0.820579610508295
0.282819798501560
0.379225462653077
-0.874619707139527
0.985661428529798
-0.663553229010012
0.049845885660322
0.585766283024261
-0.963962860695950
0.918544975241536
-0.469471562785571
-0.185911607163155
0.759595731569508
-0.999474736358017
0.800133548010997
-0.249172855230982
-0.411287103130922
0.891006524188469
-0.979172218670562
0.637039682139297
-0.014959407014936
-0.613694794792213
0.972660192581194
-0.904189075869052
0.438371146788794
0.220089430227780
-0.781831482468221
0.999996891660591
-0.778712646036704
0.215222333218442
0.442847653627315
-0.906307787036724
0.971490038292798
-0.609750000544158
-0.019945297363579
0.640875613985324
-0.980172487848597
0.888731561387169
-0.406736643075555
-0.253999108224071
0.803114692137456
-0.999300704788384
0.756343002654706
-0.181009595945111
-0.473868662473216
0.920504853452579
-0.962624246949946
0.581717432498320
0.054825701469594
-0.667275624961936
0.986490593923558
-0.872191264396439
0.374606593415707
0.287599327432334
-0.823419430264660
0.997387023937869
-0.733051871829685
0.146576326361735
0.504312335347767
-0.933580426497312
0.952585646243017
-0.552976131367686
-0.089639308903846
0.692862663375466
-0.991606813167082
0.854588336700810
-0.342020143325292
-0.320849151161401
0.842720958654251
-0.994258180634383
0.708867630216665
-0.111964476103039
-0.534141581325250
0.945518575599402
-0.941386466660776
0.523561114000425
0.124343704647850
-0.717605555360986
0.995514912254048
-0.835944224756155
0.309016994374610
0.353708069622803
-0.860995761366807
0.989917986891529
-0.683819742589071
0.077216214377018
0.563320058063897
-0.956304755963098
