0.999999999999999
0.716562866343792
0.026924682845663
-0.677976410513220
-0.998550122907320
-0.753071466003611
-0.080695973575218
0.637423989748689
0.994204695916450
0.787396343528012
0.134233265817657
-0.595023196102035
-0.986976319697495
-0.819437965209732
-0.187381314585726
0.550896981452100
0.976885954764646
0.849103418222193
0.239986003602568
-0.505173300974499
-0.963962860695852
-0.876306680043864
-0.291894792201036
0.457984742103065
0.948244511287225
0.900968867902419
0.342957157654135
-0.409468140058887
-0.929776485888250
-0.923018467515397
-0.393025031653927
0.359764181061803
0.908612337232872
0.942391540464035
0.441953229673228
-0.309016994374943
-0.884813436149736
-0.959031909598966
-0.489599871965054
0.257373734365297
0.858448793601863
0.972891321940145
0.535826794979002
-0.204984153792224
-0.829594860571827
-0.983929588598630
-0.580499952001576
0.152000169561263
0.798335306372699
0.992114701314477
0.623489801858734
-0.098575422202436
-0.764760776027593
-0.997422925272833
-0.664671684553429
0.044864830350510
0.728968627421408
0.999838867929057
0.703926182748946
0.008975858481000
-0.691062648986858
-0.999355523643320
-0.741139468049859
-0.062790519529320
0.651152758743568
0.995974293995238
0.776203631076355
0.116423103505827
-0.609354685562805
-0.989704983719633
-0.809016994374952
-0.169718089100677
0.565789633582207
0.980565772275218
0.839484407258080
0.222520933956320
-0.520583930743604
-0.968583161128629
-0.867517521717722
-0.274678522802400
0.473868662472990
0.953791896906688
0.893035048612888
0.326039611452355
-0.425779291565060
-0.936234870639732
-0.915962993388171
-0.376455265374403
0.376455265374381
0.915962993388161
0.936234870639740
0.425779291565080
-0.326039611452334
-0.893035048612881
-0.953791896906693
-0.473868662473004
0.274678522802384
0.867517521717714
0.968583161128631
0.520583930743611
-0.222520933956311
-0.839484407258067
-0.980565772275222
-0.565789633582226
0.169718089100655
0.809016994374939
0.989704983719636
0.609354685562817
-0.116423103505811
-0.776203631076345
-0.995974293995239
-0.651152758743580
0.062790519529304
0.741139468049848
0.999355523643321
0.691062648986869
-0.008975858480992
-0.703926182748940
-0.999838867929057
-0.728968627421423
-0.044864830350533
0.664671684553412
0.997422925272832
0.764760776027608
0.098575422202458
-0.623489801858722
-0.992114701314475
-0.798335306372709
-0.152000169561279
0.580499952001563
0.983929588598627
0.829594860571836
0.204984153792240
-0.535826794978988
-0.972891321940142
-0.858448793601869
-0.257373734365309
0.489599871965046
0.959031909598959
0.884813436149746
0.309016994374965
-0.441953229673210
-0.942391540464028
-0.908612337232880
-0.359764181061821
0.393025031653909
0.923018467515391
0.929776485888256
0.409468140058902
-0.342957157654120
-0.900968867902413
-0.948244511287229
-0.457984742103076
0.291894792201024
0.876306680043858
0.963962860695854
0.505173300974519
-0.239986003602545
-0.849103418222182
-0.976885954764651
-0.550896981452118
0.187381314585706
0.819437965209721
0.986976319697497
0.595023196102050
-0.134233265817640
-0.787396343527993
-0.994204695916452
-0.637423989748711
0.080695973575204
0.753071466003593
0.998550122907321
0.677976410513239
-0.026924682845653
-0.716562866343775
-0.999999999999999
-0.716562866343807
-0.026924682845670
0.677976410513205
0.998550122907320
0.753071466003623
0.080695973575222
-0.637423989748675
-0.994204695916447
-0.787396343528022
-0.134233265817685
0.595023196102024
0.986976319697490
0.819437965209739
0.187381314585752
-0.550896981452091
-0.976885954764641
-0.849103418222199
-0.239986003602590
0.505173300974492
0.963962860695846
0.876306680043867
0.291894792201054
-0.457984742103061
-0.948244511287219
-0.900968867902421
-0.342957157654150
0.409468140058860
0.929776485888244
0.923018467515409
0.393025031653939
-0.359764181061778
-0.908612337232867
-0.942391540464044
-0.441953229673239
0.309016994374921
0.884813436149732
0.959031909598972
0.489599871965062
-0.257373734365278
-0.858448793601860
-0.972891321940149
-0.535826794979003
0.204984153792208
0.829594860571826
0.983929588598632
0.580499952001601
-0.152000169561248
-0.798335306372681
-0.992114701314479
-0.623489801858758
0.098575422202427
0.764760776027578
0.997422925272834
0.664671684553447
-0.044864830350501
-0.728968627421392
-0.999838867929057
-0.703926182748963
-0.008975858481009
0.691062648986846
0.999355523643320
0.741139468049870
0.062790519529350
-0.651152758743556
-0.995974293995235
-0.776203631076365
-0.116423103505857
0.609354685562792
0.989704983719629
0.809016994374957
0.169718089100700
-0.565789633582200
-0.980565772275213
-0.839484407258085
-0.222520933956342
0.520583930743596
0.968583161128623
0.867517521717723
0.274678522802415
-0.473868662472988
-0.953791896906684
-0.893035048612902
-0.326039611452364
0.425779291565039
0.936234870639729
0.915962993388180
0.376455265374411
-0.376455265374360
-0.915962993388158
-0.936234870639748
-0.425779291565088
0.326039611452312
0.893035048612877
0.953791896906700
0.473868662473012
-0.274678522802362
-0.867517521717710
-0.968583161128637
-0.520583930743619
0.222520933956289
0.839484407258055
0.980565772275224
0.565789633582245
-0.169718089100646
-0.809016994374925
-0.989704983719637
-0.609354685562836
0.116423103505802
0.776203631076331
0.995974293995240
0.651152758743598
-0.062790519529295
-0.741139468049833
-0.999355523643321
-0.691062648986886
0.008975858480983
0.703926182748924
0.999838867929056
0.728968627421429
0.044864830350556
-0.664671684553406
-0.997422925272830
-0.764760776027613
-0.098575422202481
0.623489801858715
0.992114701314472
0.798335306372714
0.152000169561302
-0.580499952001556
-0.983929588598623
-0.829594860571841
-0.204984153792262
0.535826794978981
0.972891321940137
0.858448793601874
0.257373734365331
-0.489599871965014
-0.959031909598957
-0.884813436149757
-0.309016994374973
0.441953229673190
0.942391540464025
0.908612337232890
0.359764181061829
-0.393025031653888
-0.923018467515387
-0.929776485888264
-0.409468140058910
0.342957157654098
0.900968867902409
0.948244511287236
0.457984742103084
-0.291894792201002
-0.876306680043854
-0.963962860695861
-0.505173300974539
0.239986003602509
0.849103418222170
0.976885954764653
0.550896981452113
-0.187381314585670
-0.819437965209708
-0.986976319697499
-0.595023196102045
0.134233265817603
0.787396343527988
0.994204695916453
0.637423989748695
-0.080695973575167
-0.753071466003587
-0.998550122907321
-0.677976410513224
0.026924682845615
0.716562866343769
0.999999999999999
0.716562866343833
0.026924682845707
-0.677976410513198
-0.998550122907319
-0.753071466003648
-0.080695973575259
0.637423989748668
0.994204695916449
0.787396343528045
0.134233265817694
-0.595023196102017
-0.986976319697493
-0.819437965209761
-0.187381314585760
0.550896981452084
0.976885954764633
0.849103418222218
0.239986003602599
-0.505173300974484
-0.963962860695836
-0.876306680043885
-0.291894792201063
0.457984742103053
0.948244511287207
0.900968867902437
0.342957157654158
-0.409468140058878
-0.929776485888230
-0.923018467515412
-0.393025031653947
0.359764181061797
0.908612337232852
0.942391540464046
0.441953229673247
-0.309016994374885
-0.884813436149714
-0.959031909598975
-0.489599871965070
0.257373734365242
0.858448793601841
0.972891321940151
0.535826794979011
-0.204984153792172
-0.829594860571806
-0.983929588598634
-0.580499952001585
0.152000169561211
0.798335306372675
0.992114701314480
0.623489801858742
-0.098575422202390
-0.764760776027572
-0.997422925272835
-0.664671684553474
0.044864830350464
0.728968627421386
0.999838867929058
0.703926182748989
0.008975858481046
-0.691062648986840
-0.999355523643320
-0.741139468049895
-0.062790519529359
0.651152758743549
0.995974293995237
0.776203631076389
0.116423103505866
-0.609354685562785
-0.989704983719632
-0.809016994374979
-0.169718089100709
0.565789633582193
0.980565772275206
0.839484407258105
0.222520933956351
-0.520583930743589
-0.968583161128614
-0.867517521717741
-0.274678522802424
0.473868662472981
0.953791896906672
0.893035048612906
0.326039611452372
-0.425779291565057
-0.936234870639715
-0.915962993388183
-0.376455265374419
0.376455265374378
0.915962993388143
0.936234870639751
0.425779291565096
-0.326039611452277
-0.893035048612860
-0.953791896906703
-0.473868662473019
0.274678522802327
0.867517521717691
0.968583161128639
0.520583930743626
-0.222520933956252
-0.839484407258050
-0.980565772275226
-0.565789633582229
0.169718089100609
0.809016994374920
0.989704983719638
0.609354685562820
-0.116423103505765
-0.776203631076325
-0.995974293995241
-0.651152758743626
0.062790519529258
0.741139468049827
0.999355523643321
0.691062648986913
-0.008975858480946
-0.703926182748918
-0.999838867929057
-0.728968627421455
-0.044864830350565
0.664671684553399
0.997422925272832
0.764760776027637
0.098575422202490
-0.623489801858708
-0.992114701314468
-0.798335306372736
-0.152000169561311
0.580499952001549
0.983929588598616
0.829594860571862
0.204984153792271
-0.535826794978974
-0.972891321940128
-0.858448793601893
-0.257373734365340
0.489599871965031
0.959031909598946
0.884813436149761
0.309016994374981
-0.441953229673207
-0.942391540464013
-0.908612337232894
-0.359764181061838
0.393025031653854
0.923018467515373
0.929776485888267
0.409468140058918
-0.342957157654063
-0.900968867902393
-0.948244511287239
-0.457984742103092
0.291894792200966
0.876306680043836
0.963962860695863
0.505173300974522
-0.239986003602500
-0.849103418222165
-0.976885954764655
-0.550896981452121
0.187381314585661
