0.999999999999999
0.955572805786140
0.826238774315994
0.623489801858733
0.365341024366395
0.074730093586425
-0.222520933956314
-0.499999999999999
-0.733051871829825
-0.900968867902418
-0.988830826225127
-0.988830826225128
-0.900968867902418
-0.733051871829826
-0.500000000000000
-0.222520933956315
0.074730093586423
0.365341024366394
0.623489801858732
0.826238774315994
0.955572805786139
0.999999999999999
0.955572805786140
0.826238774315995
0.623489801858734
0.365341024366395
0.074730093586426
-0.222520933956312
-0.499999999999999
-0.733051871829825
-0.900968867902417
-0.988830826225127
-0.988830826225128
-0.900968867902419
-0.733051871829826
-0.500000000000001
-0.222520933956316
0.074730093586423
0.365341024366393
0.623489801858731
0.826238774315992
0.955572805786139
0.999999999999999
0.955572805786141
0.826238774315995
0.623489801858735
0.365341024366397
0.074730093586426
-0.222520933956312
-0.499999999999997
-0.733051871829824
-0.900968867902417
-0.988830826225127
-0.988830826225128
-0.900968867902420
-0.733051871829828
-0.500000000000001
-0.222520933956318
0.074730093586421
0.365341024366393
0.623489801858729
0.826238774315992
0.955572805786139
0.999999999999999
0.955572805786141
0.826238774315995
0.623489801858736
0.365341024366398
0.074730093586426
-0.222520933956310
-0.499999999999997
-0.733051871829824
-0.900968867902416
-0.988830826225127
-0.988830826225128
-0.900968867902420
-0.733051871829828
-0.500000000000001
-0.222520933956319
0.074730093586421
0.365341024366389
0.623489801858729
0.826238774315992
0.955572805786138
0.999999999999999
0.955572805786141
0.826238774315997
0.623489801858736
0.365341024366398
0.074730093586430
-0.222520933956310
-0.499999999999997
-0.733051871829822
-0.900968867902416
-0.988830826225127
-0.988830826225128
-0.900968867902420
-0.733051871829828
-0.500000000000005
-0.222520933956319
0.074730093586421
0.365341024366389
0.623489801858729
0.826238774315992
0.955572805786138
0.999999999999999
0.955572805786141
0.826238774315997
0.623489801858739
0.365341024366398
0.074730093586430
-0.222520933956306
-0.499999999999996
-0.733051871829821
-0.900968867902415
-0.988830826225127
-0.988830826225128
-0.900968867902422
-0.733051871829828
-0.500000000000005
-0.222520933956322
0.074730093586420
0.365341024366389
0.623489801858726
0.826238774315992
0.955572805786138
0.999999999999999
0.955572805786141
0.826238774315998
0.623489801858740
0.365341024366398
0.074730093586430
-0.222520933956306
-0.499999999999996
-0.733051871829821
-0.900968867902414
-0.988830826225127
-0.988830826225129
-0.900968867902422
-0.733051871829828
-0.500000000000005
-0.222520933956323
0.074730093586420
0.365341024366389
0.623489801858726
0.826238774315992
0.955572805786138
0.999999999999999
0.955572805786141
0.826238774315998
0.623489801858740
0.365341024366398
0.074730093586431
-0.222520933956306
-0.499999999999996
-0.733051871829821
-0.900968867902414
-0.988830826225127
-0.988830826225129
-0.900968867902422
-0.733051871829833
-0.500000000000005
-0.222520933956323
0.074730093586413
0.365341024366388
0.623489801858726
0.826238774315988
0.955572805786138
0.999999999999999
0.955572805786143
0.826238774315998
0.623489801858740
0.365341024366405
0.074730093586431
-0.222520933956305
-0.499999999999990
-0.733051871829821
-0.900968867902414
-0.988830826225126
-0.988830826225129
-0.900968867902422
-0.733051871829833
-0.500000000000005
-0.222520933956323
0.074730093586413
0.365341024366388
0.623489801858726
0.826238774315988
0.955572805786138
0.999999999999999
0.955572805786143
0.826238774315998
0.623489801858740
0.365341024366406
0.074730093586431
-0.222520933956305
-0.499999999999989
-0.733051871829821
-0.900968867902414
-0.988830826225126
-0.988830826225129
-0.900968867902422
-0.733051871829834
-0.500000000000006
-0.222520933956323
0.074730093586412
0.365341024366388
0.623489801858725
0.826238774315987
0.955572805786138
0.999999999999999
0.955572805786143
0.826238774315998
0.623489801858740
0.365341024366406
0.074730093586438
-0.222520933956298
-0.499999999999995
-0.733051871829821
-0.900968867902414
-0.988830826225126
-0.988830826225130
-0.900968867902425
-0.733051871829829
-0.500000000000006
-0.222520933956324
0.074730093586412
0.365341024366381
0.623489801858720
0.826238774315991
0.955572805786138
0.999999999999999
0.955572805786143
0.826238774316002
0.623489801858746
0.365341024366399
0.074730093586432
-0.222520933956305
-0.499999999999989
-0.733051871829816
-0.900968867902411
-0.988830826225127
-0.988830826225129
-0.900968867902423
-0.733051871829834
-0.500000000000012
-0.222520933956331
0.074730093586419
0.365341024366388
0.623489801858725
0.826238774315987
0.955572805786135
0.999999999999999
0.955572805786141
0.826238774315998
0.623489801858741
0.365341024366406
0.074730093586439
-0.222520933956297
-0.499999999999983
-0.733051871829820
-0.900968867902414
-0.988830826225126
-0.988830826225130
-0.900968867902426
-0.733051871829839
-0.500000000000006
-0.222520933956324
0.074730093586412
0.365341024366381
0.623489801858719
0.826238774315983
0.955572805786137
0.999999999999999
0.955572805786143
0.826238774316003
0.623489801858746
0.365341024366413
0.074730093586432
-0.222520933956304
-0.499999999999988
-0.733051871829815
-0.900968867902411
-0.988830826225125
-0.988830826225129
-0.900968867902423
-0.733051871829834
-0.500000000000013
-0.222520933956331
0.074730093586404
0.365341024366387
0.623489801858725
0.826238774315987
0.955572805786135
0.999999999999999
0.955572805786146
0.826238774315999
0.623489801858741
0.365341024366407
0.074730093586439
-0.222520933956297
-0.499999999999982
-0.733051871829820
-0.900968867902414
-0.988830826225126
-0.988830826225130
-0.900968867902426
-0.733051871829839
-0.500000000000007
-0.222520933956325
0.074730093586411
0.365341024366380
0.623489801858719
0.826238774315983
0.955572805786137
0.999999999999999
0.955572805786144
0.826238774316003
0.623489801858747
0.365341024366414
0.074730093586447
-0.222520933956304
-0.499999999999988
-0.733051871829815
-0.900968867902410
-0.988830826225125
-0.988830826225131
-0.900968867902423
-0.733051871829835
-0.500000000000013
-0.222520933956332
0.074730093586404
0.365341024366373
0.623489801858724
0.826238774315987
0.955572805786135
0.999999999999999
0.955572805786146
0.826238774316007
0.623489801858741
0.365341024366407
0.074730093586440
-0.222520933956296
-0.499999999999982
-0.733051871829810
-0.900968867902413
-0.988830826225126
-0.988830826225130
-0.900968867902426
-0.733051871829840
-0.500000000000019
-0.222520933956325
0.074730093586411
0.365341024366380
0.623489801858718
0.826238774315982
0.955572805786133
0.999999999999999
0.955572805786144
0.826238774316003
0.623489801858747
0.365341024366414
0.074730093586447
-0.222520933956303
-0.499999999999988
-0.733051871829815
-0.900968867902410
-0.988830826225124
-0.988830826225131
-0.900968867902423
-0.733051871829835
-0.500000000000013
-0.222520933956332
0.074730093586403
0.365341024366373
0.623489801858724
0.826238774315986
0.955572805786135
0.999999999999999
0.955572805786146
0.826238774316007
0.623489801858742
0.365341024366408
0.074730093586440
-0.222520933956296
-0.499999999999981
-0.733051871829810
-0.900968867902407
-0.988830826225125
-0.988830826225130
-0.900968867902426
-0.733051871829840
-0.500000000000020
-0.222520933956339
0.074730093586410
0.365341024366379
0.623489801858718
0.826238774315982
0.955572805786133
0.999999999999999
0.955572805786144
0.826238774316003
0.623489801858748
0.365341024366414
0.074730093586448
-0.222520933956289
-0.499999999999987
-0.733051871829814
-0.900968867902410
-0.988830826225124
-0.988830826225131
-0.900968867902430
-0.733051871829835
-0.500000000000014
-0.222520933956333
0.074730093586403
0.365341024366372
0.623489801858712
0.826238774315986
0.955572805786135
0.999999999999999
0.955572805786146
0.826238774316008
0.623489801858753
0.365341024366408
0.074730093586441
-0.222520933956295
-0.499999999999981
-0.733051871829809
-0.900968867902407
-0.988830826225123
-0.988830826225132
-0.900968867902433
-0.733051871829831
-0.500000000000008
-0.222520933956326
0.074730093586410
0.365341024366379
0.623489801858718
0.826238774315982
0.955572805786133
0.999999999999999
0.955572805786148
0.826238774316012
0.623489801858759
0.365341024366402
0.074730093586434
-0.222520933956302
-0.499999999999987
-0.733051871829814
-0.900968867902410
-0.988830826225124
-0.988830826225131
-0.900968867902430
-0.733051871829845
-0.500000000000027
-0.222520933956347
0.074730093586388
0.365341024366385
0.623489801858723
0.826238774315986
0.955572805786135
0.999999999999999
0.955572805786146
0.826238774316008
0.623489801858754
0.365341024366422
0.074730093586456
-0.222520933956281
-0.499999999999968
-0.733051871829819
-0.900968867902413
-0.988830826225125
-0.988830826225130
-0.900968867902427
-0.733051871829841
-0.500000000000021
-0.222520933956340
0.074730093586395
0.365341024366365
0.623489801858706
0.826238774315974
0.955572805786137
0.999999999999999
0.955572805786144
0.826238774316004
0.623489801858748
0.365341024366415
0.074730093586449
-0.222520933956288
-0.499999999999974
-0.733051871829804
-0.900968867902403
-0.988830826225122
-0.988830826225129
-0.900968867902424
-0.733051871829836
-0.500000000000015
-0.222520933956334
0.074730093586402
0.365341024366372
0.623489801858712
0.826238774315977
0.955572805786130
0.999999999999999
0.955572805786151
0.826238774316000
0.623489801858743
0.365341024366409
0.074730093586442
-0.222520933956295
-0.499999999999980
