0.999999999999999
-0.480004781253072
-0.539190819948380
0.997633124419045
-0.418546519366786
-0.595824463473267
0.990543701876216
-0.355106962408137
-0.649637622251895
0.978765291933710
-0.289986417453584
-0.700375558181371
0.962353650653279
-0.223493148958477
-0.747798090498531
0.941386466660902
-0.155941919509806
-0.791680732735923
0.915962993388165
-0.087652499818469
-0.831815755384870
0.886203579231214
-0.018948155004265
-0.868013169235267
0.852249097851391
0.049845885660699
-0.900101624737247
0.814260281314376
0.118403968306501
-0.927929223127295
0.772416959224598
0.186401556029757
-0.951364235479193
0.726917207456609
0.253516765170577
-0.970295726275996
0.677976410513217
0.319431889029720
-0.984634078551146
0.625826241948812
0.383834901813006
-0.994311418112901
0.570713567684431
0.446420935683853
-0.999281934843868
0.512899277405907
0.506893723931708
-0.999522099554693
0.452657049577022
0.564967003424938
-0.995030775365400
0.390272055913743
0.620365869709265
-0.985829223087088
0.326039611452335
0.672828078337060
-0.971961000578545
0.260263776601388
0.722105286267252
-0.953491756554186
0.193255917795551
0.767964227459557
-0.930508919819369
0.125333233564290
0.810187817097823
-0.903121285404193
0.056817252993032
0.848576179215538
-0.871458499554892
-0.011967686315598
0.882947592858926
-0.835670446020754
-0.080695973575226
0.913139352308715
-0.795926536541808
-0.149042266176181
0.939008537288530
-0.752414908895714
-0.216683029776451
0.960432689513915
-0.705341536300399
-0.283298069832752
0.977310392379379
-0.654929252388081
-0.348572047321815
0.989561751039379
-0.601416696366304
-0.412195971476861
0.997128770610611
-0.545057183359313
-0.473868662472995
0.999975630705394
-0.486117505277289
-0.533298177137556
0.998088854996447
-0.424876667889835
-0.590203190936450
0.991477375010474
-0.361624570082091
-0.644314329694508
0.980172487848541
-0.296660631545547
-0.695375444745719
0.964227708033386
-0.230292375399732
-0.743144825477403
0.943718514184985
-0.162833972454290
-0.787396343528019
0.918741991723548
-0.094604754002516
-0.827920523222578
0.889416373291296
-0.025927700186589
-0.864525533178365
0.855880479068558
0.042872088910222
-0.897038094386971
0.818293059633576
0.111468932206340
-0.925304300473998
0.776832044476773
0.179538109315111
-0.949190346253538
0.731693699726822
0.246757397690277
-0.968583161128637
0.683091699075608
0.312808597947472
-0.983390944339326
0.631256112300247
0.377379040140678
-0.993543599524651
0.576432316169780
0.440163063864086
-0.998993066541313
0.518879832892930
0.500863465172550
-0.999713548968502
0.458871101604185
0.559192903470747
-0.995701636221688
0.396690188705054
0.614875261712457
-0.986976319697492
0.332631443164275
0.667646953469563
-0.973578902873162
0.266998103142877
0.717258170684981
-0.955572805786136
0.200100860540554
0.763474066201492
-0.933043264819449
0.132256390257093
0.806075865470073
-0.906096929213794
0.063785851132639
0.844861902173866
-0.874861356216669
-0.004986634338784
0.879648572866623
-0.839484407258073
-0.073735514324054
0.910271206105476
-0.800133548011187
-0.142135348732777
0.936584841964800
-0.756995055651755
-0.209862349769231
0.958464918240245
-0.710273137068037
-0.276595914663680
0.975807860095308
-0.660188962196492
-0.342020143325656
0.988531570358859
-0.606979617058028
-0.405825333736823
0.996575818152633
-0.550896981452108
-0.467709448002880
0.999902524009304
-0.492206536620100
-0.527379542125968
0.998495940131151
-0.431186108523518
-0.584553152728800
0.992362724936240
-0.368124552684663
-0.638959634165659
0.981531911539136
-0.303320386816864
-0.690341439691919
0.966054770315323
-0.237080377715486
-0.738455340625884
0.946004566200080
-0.169718089100631
-0.783073577733183
0.921476211870400
-0.101552397284356
-0.823984939381993
0.892585818452130
-0.032905981689385
-0.860995761366643
0.859470145878636
0.035896202634586
-0.893930843665497
0.822285955503461
0.104528463267683
-0.922634279794511
0.781209268031034
0.172665912166279
-0.946970194829510
0.736434530278337
0.239986003602591
-0.966823388604462
0.688173694712305
0.306170061015453
-0.982099881040246
0.636655216119294
0.370904785546296
-0.992727357023036
0.582122970157288
0.433883739117550
-0.998655508726068
0.524835098908880
0.494808795034675
-0.999856273754320
0.465062788901252
0.553391549243380
-0.996323967984947
0.403088987376253
0.609354685562819
-0.988075312474495
0.339207062888961
0.662433288431505
-0.975149354305555
0.273719416573538
0.712376096951351
-0.957607281747652
0.206936050651929
0.758946694294578
-0.935532134607110
0.139173100960049
0.801924626841827
-0.909028411137389
0.070751340439851
0.841106447755034
-0.878221573370244
0.001994660679582
0.876306680043891
-0.843257453209719
-0.066771461307997
0.907358694567852
-0.804301562100273
-0.135221503813026
0.934115498817187
-0.761538307536707
-0.203031441367154
0.956450432738638
-0.715170120125000
-0.269880278599918
0.974257768312802
-0.665416495326273
-0.335451569750283
0.987453210044196
-0.612512954419560
-0.399434916642578
0.995974293995237
-0.556709929603179
-0.461527438034008
0.999780683474845
-0.498271578510691
-0.521435203379494
0.998854359982397
-0.437474533754583
-0.578874624225122
0.993199708502804
-0.374606593415910
-0.633573796645723
0.982843496749097
-0.309965358680394
-0.685273788370296
0.967834748450663
-0.243856825068073
-0.733729864502867
0.948244511287214
-0.176593933926859
-0.778712646036902
0.924165520566684
-0.108495091045621
-0.820009195677965
0.895711760239424
-0.039882659401084
-0.857424025836210
0.863017923326349
0.028918566828732
-0.890780024015851
0.826238774315979
0.097582899759222
-0.919919291221859
0.785548416547675
0.165785299524483
-0.944703889414180
0.741139468049877
0.233202912935604
-0.965016494472326
0.693222149733990
0.299516601786656
-0.980760951578478
0.642023290261337
0.364412453575989
-0.991862730390569
0.587785252292436
0.427583267489688
-0.998269277850217
0.530764785202542
0.488730008614201
-0.999950266955942
0.471231809694094
0.547563223492575
-0.996897740323611
0.409468140058880
0.603804410325522
-0.989126147854733
0.345766150139898
0.657187337329438
-0.976672278334163
0.280427389305942
0.707459303011769
-0.959595085281223
0.213761154992138
0.754382332396462
-0.937975407878369
0.146083028562409
0.797734303538649
-0.911915588298673
0.077713381426488
0.837309998994564
-0.881538987243265
0.008975858480943
0.872922077269803
-0.846989399982724
-0.059804153945002
0.904401959647571
-0.808430375665888
-0.128301068387836
0.931600628198023
-0.766044443118994
-0.196190637499115
0.954389331192305
-0.720032246799343
-0.263151488952177
0.972660192581115
-0.670611596994792
-0.328866646738653
0.986326722653183
-0.618016438763776
-0.393025031653911
0.995324227455867
-0.562495744497682
-0.455322933869025
0.999610115040355
-0.504312335347600
-0.515465450616891
0.999164097081317
-0.443741637094007
-0.573167882188976
0.993988284916784
-0.381070376350232
-0.628157079632689
0.984107179553601
-0.316595223269639
-0.680172737770922
0.969567555685761
-0.250621387183148
-0.728968627421432
0.950438240274642
-0.183461171813771
-0.774313760984889
0.926809786739342
-0.115432496909156
-0.815993485882535
0.898794046299159
-0.046857393288174
-0.853810500668345
0.866523638497988
0.021939521572616
-0.887585789004564
0.830151323416255
0.090632580197783
-0.917159467080787
0.789849278542807
0.158896606741132
-0.942391540464059
0.745808283729260
0.226408456287697
-0.963162566797654
0.698236818086047
0.292848544541243
-0.979374221211600
0.647360073093930
0.357902360656697
-0.990949761767939
0.593418886603721
0.421261956056651
-0.997834392738115
0.536668602769466
0.482627402182652
-0.999995523992272
0.477377863313290
0.541708210282802
-0.997422925272832
0.415827335841984
0.598224706513017
-0.990128774621966
0.352308385236481
0.651909355843789
-0.978147600733792
0.287121694403123
0.702508028503874
-0.961536119504124
0.220575840915169
0.749781202967777
-0.940372965551573
0.152985836283993
0.793505099790884
-0.914758319980681
0.084671634772551
0.833472740925948
-0.884813436149713
0.015956618811738
0.869494929505234
-0.850680065687297
-0.052833931812029
0.901401145451698
-0.812519787475586
-0.121374379749692
0.929040352678533
-0.770513242775777
-0.189340271576189
0.952281714056379
-0.724859280117711
-0.256409873672006
0.971015210763886
-0.675774014000165
-0.322265695230514
0.985152163089207
-0.623489801858746
-0.386595991179781
0.994625650217845
-0.568254144143255
-0.449096237906610
0.999390827019094
-0.510328512712665
-0.509470574795439
0.999425136331751
-0.449987113092065
-0.567433204758777
0.994728415744054
-0.387515586452021
-0.622709747129880
0.985322898362543
-0.323209657454458
-0.675038536511973
0.971253107566078
-0.257373734365275
-0.724171861437518
0.952585646243143
-0.190319468061995
-0.769877136972488
0.929408881510485
-0.122364276755642
-0.811938005715864
0.901832526405087
-0.053829843412135
-0.850155361981282
0.869987120529969
0.014959407015283
-0.884348294314118
0.834023412112259
0.083677843332361
-0.914354941881164
0.794111644398345
0.152000169561339
-0.940033260679734
0.750440749765073
0.219602964810934
-0.961261695938327
0.703217455360656
0.286166214270808
-0.977939757526871
0.652665304509935
0.351374824081272
-0.989988495651928
0.599023598515571
0.414920112910187
-0.997350874585446
0.542546263865817
0.476501273172307
-0.999992042657546
0.483500650208908
0.535826794979095
-0.997899497235829
0.422166264787486
0.592615846072377
-0.991083143909588
0.358833449319401
0.646599601215755
-0.979575249599345
0.293802005593879
0.697522514745761
-0.963430289813086
0.227379776283011
0.745143530260968
-0.942724690773066
0.159881187691747
0.789237221724162
-0.917556467632751
0.091625761342703
0.829594860571857
-0.888044760497570
0.022936601439216
0.866025403784418
-0.854329270445660
-0.045861134627756
0.898356398235684
-0.816569598217005
-0.114441775495399
0.926434797042892
-0.774944488704140
-0.182480677475545
0.950127684053178
-0.729650984817468
-0.249655761336442
0.969322903035184
-0.680903494733472
-0.315649036947038
0.983929588598625
-0.628932776940298
-0.380148108562446
0.993878596328839
-0.573984847883529
-0.442847653627038
0.999122830098859
-0.516319817385986
-0.503450868096927
0.999637465011022
-0.456210657353170
-0.561670871434802
0.995420064911693
-0.393941909590829
-0.617232064632419
0.986490593923521
-0.329808338856447
-0.669871434827092
0.972891321940112
-0.264113537514799
-0.719339800338653
0.954686624531109
-0.197168488407846
-0.765402990234710
0.931962678203986
-0.129290092740023
-0.807842952836268
0.904827052465975
-0.060799669945243
-0.846458787921208
0.873408200617121
0.007978563357558
-0.881067697735437
0.837854851683787
0.076719028126794
-0.911505852311682
0.798335306372659
0.145096324107721
-0.937629165000472
0.755036640377531
0.212786770195590
-0.959313974540078
0.708163818808583
0.279469936662809
-0.976457630438004
0.657938725939686
0.344830161992850
-0.988978978893336
0.604599114862416
0.408558047142682
-0.996818746958193
0.548397482022495
0.470351920162351
-0.999939823121438
0.489599871965052
0.529919264233244
-0.998327432985143
0.428484617944624
0.586978102371363
-0.991989209203001
0.365341024366345
0.641258332235549
-0.980955155349162
0.300467997289484
0.692503004724256
-0.965277503888951
0.234172629481121
0.740469540309886
-0.945030468923154
0.166768746716084
0.784930877348562
-0.920309894876977
0.098575422202512
0.825676546934582
-0.891232802796697
0.029915466169327
0.862513669207316
-0.857936836400659
-0.038886102236369
0.895267866396162
-0.820579610508346
-0.107503593510648
0.923784088282247
-0.779337964931479
-0.175612189524012
0.947927346167157
-0.734407127357455
-0.242889481131172
0.967583351875670
-0.685999789191140
-0.309016994375033
0.982659058768054
-0.634345098725682
-0.373681698062504
0.993083102199189
-0.579687576411903
-0.436577485577798
0.998806137341431
-0.522285957359925
-0.497406623913270
0.999801072770520
-0.462411966550250
-0.555881163064858
0.996063198709707
-0.400349032556838
-0.611724299115091
0.987610209324645
-0.336390945865396
-0.664671684553441
0.974482118963713
-0.270840468142895
-0.714472679632756
0.956741072739890
-0.204007899039847
-0.760891538834866
0.934471052351272
-0.136209607307684
-0.803708526830780
0.907777478532894
-0.067766533188440
-0.842720958654106
0.876786712020769
0.000997330835797
-0.877744159160116
0.841645455391758
0.069756473744258
-0.908612337232854
0.802520058610492
0.138185406863855
-0.935179370598584
0.759595731569187
0.205960204653153
-0.957319497532068
0.713075667351131
0.272760038084589
-0.974927912181855
0.663180080364233
0.338268693368602
-0.987921260694521
0.610145163901184
0.402176068832556
-0.996238035791514
0.554221972059764
0.464179642863173
-0.999838867929059
0.495675231313960
0.523985905970059
-0.998706711663817
0.434782087366191
0.581311750185927
-0.992846926341844
0.371830793207181
0.635885809228736
-0.982287250728673
0.307119344598581
0.687449743083275
-0.967077671701078
0.240954069435859
0.735759460917904
-0.947290187621353
0.173648177666981
0.780586276549372
-0.923018467515380
0.105520278635085
0.821717990987395
-0.894377407666356
0.036892872861821
0.858959896930688
-0.861502587724503
-0.031909174591446
0.892135700463865
-0.824549628907136
-0.100560171952189
0.921088355588491
-0.783693457325747
-0.168735142482112
0.945680807639539
-0.739127475930302
-0.236111362835479
0.965796642068701
-0.691062648986884
-0.302369890750463
0.981340635521242
-0.639726503425706
-0.367197074843996
0.992239206600169
-0.585362051785806
-0.430286039357625
0.998440764181987
-0.528226641853136
-0.491338136832498
0.999915951636247
-0.468590738440649
-0.550064361831446
0.996657785792651
-0.406736643075808
-0.606186719018260
0.988681689997513
-0.342957157654008
-0.659439539119595
0.976025421103624
-0.277554198388891
-0.709570736536584
0.958748890738482
-0.210837366614661
-0.756343002654875
0.936933881697890
-0.143122483211023
-0.799534929205694
0.910683660806192
-0.074730093586415
-0.838942056356261
0.880122490076925
-0.005983950294235
-0.874377840572788
0.845395038487741
0.062790519529376
-0.905674537670665
0.806665697152721
0.131267754658208
-0.932683996873435
0.764117801136664
0.199123600901131
-0.955278362122391
0.717952761591652
0.266036845566702
-0.973350677314634
0.668389112327100
0.331690738005464
-0.986815392607209
0.615661475325631
0.395774489028013
-0.995608769388474
0.560019450100004
0.457984742103061
-0.999689182000816
0.501726432151586
0.518027009373244
-0.999037314786329
0.441058366122206
0.575617065685711
-0.993656253522169
0.378302439539520
0.630482294044681
-0.983571470813384
0.313755723344320
0.682362976111830
-0.968830705511773
0.247723765629188
0.731013521647798
-0.949503736732307
0.180519145250456
0.776203631076448
-0.925682053535861
0.112459992158371
0.817719385664468
-0.897478421842843
0.043868481447512
0.855364260160494
-0.865026350627737
-0.024930691738144
0.888960053096246
-0.828479459920150
-0.093611849232817
0.918347730347658
-0.788010753606674
-0.161849871527642
0.943388177963588
-0.743811800472726
-0.229321736804844
0.963962860695874
-0.696091827363896
-0.295708050043998
0.979974383116318
-0.645076728758648
-0.360694554957887
0.991346950662088
-0.591007997439127
-0.423973621602937
0.998026728428274
-0.534141581324847
-0.485245702624310
0.999982096009160
-0.474746671879538
-0.544220751236875
0.997203797181172
-0.413104429824406
-0.600619594235945
0.989704983719632
-0.349506654194809
-0.654175253533115
0.977521153141428
-0.284254401034827
-0.704634209963608
0.960709980668796
-0.217656558273451
-0.751757603384125
0.939351046208930
-0.150028383526672
-0.795322363375998
0.913545457642551
-0.081690011744829
-0.835122265206158
0.883415372204691
-0.012964939775199
-0.870968906043185
0.849103418222101
0.055821504993156
-0.902692596809131
0.810772019947040
0.124343704647616
-0.930143165446098
0.768602628680522
0.192277292145500
-0.953190667792974
0.722794863827295
0.259300686788283
-0.971726002708594
0.673565567947759
0.325096616503917
-0.985661428529886
0.621147780278338
0.389353619733228
-0.994930978418587
0.565789633582128
0.451767519812942
-0.999490772632193
0.507753179550739
0.512042864870625
-0.999319226239539
0.447313148315492
0.569894326421787
-0.994417151298563
0.384755647944872
0.625048050043270
-0.984807753012179
0.320376810078746
0.677242951731433
-0.970536519880754
0.254481388115447
0.726231953810109
-0.951671008370682
0.187381314585690
0.771783154533463
-0.928300523118909
0.119394224540070
0.813680925852313
-0.900535694187304
0.050841951945534
0.851726934143117
-0.868507953367011
-0.017950993798098
0.885741079069672
-0.832368912013226
-0.086658964004207
0.915562346134042
-0.792289643355186
-0.154956712238545
0.941049568878690
-0.748459872677205
-0.222520933956281
0.962082097133166
-0.701087079207445
-0.289031796944573
0.978560368142545
-0.650395513961897
-0.354174455328032
0.990406377872184
-0.596625138196258
-0.417640539972275
0.997564050259822
-0.540030487489639
-0.479129618224957
0.999999502665477
-0.480879466835208
-0.538350616090669
0.997701206263480
-0.419452082446106
-0.595023196102137
0.990680040617078
-0.356039116274365
-0.648879084367510
0.978969242177353
-0.290940749522063
-0.699663340513492
0.962624246950012
-0.224465141658880
-0.747135564508209
0.941722428075126
-0.156926971670565
-0.791071034656342
0.916362729562219
-0.088645948447545
-0.831261771375156
0.886665197913529
-0.019945297363289
-0.867517521717744
0.852770413853885
0.048849769795762
-0.899666659983937
0.814838826856935
0.117413594300057
-0.927557000153197
0.773049995616450
0.185421612065912
-0.951056516295159
0.727601738061145
0.252551890060429
-0.970053967548136
0.678709194932895
0.318486650251710
-0.984459424705061
0.626603811364366
0.382913773892524
-0.994204695916449
0.571532241275910
0.445528279011054
-0.999243649493390
0.513755179776058
0.506033764121157
-0.999552432283501
0.453546129097198
0.564143811312582
-0.995129582585893
0.391190103902751
0.619583342081533
-0.985996037070489
0.326982282099218
0.672089919485016
-0.972195031668978
0.261226607538088
0.721414990451395
-0.953791896906647
0.194234351220007
0.767325062368348
-0.930873748644182
0.126322637815932
0.809602808379898
-0.903549075692495
0.057812944478545
0.848048096156459
-0.871947226253807
-0.010970420952166
0.882478935272497
-0.836217795619827
-0.079701855139722
0.912732338703434
-0.796529918024097
-0.148056000577906
0.938665094365505
-0.753071466003709
-0.215709285751327
0.960154443046337
-0.706048161055839
-0.282341456842911
0.977098659516926
-0.655682599805194
-0.347637093735103
0.989417534072710
-0.602213200285867
-0.411287103130485
0.997052752226912
-0.545893073330339
-0.472990181723963
0.999968170756824
-0.486988824404284
-0.532454242495126
0.998149988796527
-0.425779291564860
-0.589397797377204
0.991606813167046
-0.362554225509690
-0.643551289750764
0.980369617633533
-0.297612917967841
-0.694658370459074
0.964491596283431
-0.231262784929757
-0.742477111299081
0.944047911718753
-0.163817911415250
-0.786781150250492
0.919135339255242
-0.095597564671795
