0.999999999999999
-0.654552334343435
-0.143122483211119
0.841914645309169
-0.959031909598965
0.413558504966521
0.417640539972131
-0.960293685676942
0.839484407258076
-0.138679271154436
-0.657938725939711
0.999989928992004
-0.651152758743571
-0.147562812492459
0.844327925502015
-0.957750816684929
0.409468140058890
0.421714162855307
-0.961536119504148
0.837037260298630
-0.134233265817657
-0.661311865323649
0.999959716170870
-0.647740067614435
-0.152000169561271
0.846724199228285
-0.956450432738630
0.405369527637434
0.425779291565074
-0.962759186055460
0.834573253721301
-0.129784556752288
-0.664671684553425
0.999909362145144
-0.644314329694494
-0.156434465040229
0.849103418222192
-0.955130783952423
0.401262750256476
0.429835844221536
-0.963962860695851
0.832092437156155
-0.125333233564309
-0.668018115955497
0.999838867929057
-0.640875613985028
-0.160865609613692
0.851465534561472
-0.953791896906689
0.397147890634774
0.433883739117563
-0.965147119180893
0.829594860571827
-0.120879385912321
-0.671351092126007
0.999748234942506
-0.637423989748686
-0.165293514029488
0.853810500668348
-0.952433798569321
0.393025031653922
0.437922894720367
-0.966311937657223
0.827080574274561
-0.116423103505823
-0.674670545932073
0.999637465011020
-0.633959526508162
-0.169718089100667
0.856138269310460
-0.951056516295153
0.388894256356597
0.441953229673223
-0.967457292663055
0.824549628907142
-0.111964476103313
-0.677976410513216
0.999506560365731
-0.630482294044718
-0.174139245707382
0.858448793601862
-0.949660077825427
0.384755647944943
0.445974662797060
-0.968583161128628
0.822002075447914
-0.107503593510534
-0.681268619282658
0.999355523643321
-0.626992362396826
-0.178556894798625
0.860742027003937
-0.948244511287229
0.380609289778876
0.449987113092109
-0.969689520376683
0.819437965209723
-0.103040545578629
-0.684547105928698
0.999184357885973
-0.623489801858723
-0.182970947394066
0.863017923326355
-0.946809845192914
0.376455265374382
0.453990499739555
-0.970776348122920
0.816857349838950
-0.098575422202435
-0.687811804415963
0.998993066541313
-0.619974682979084
-0.187381314585731
0.865276436727948
-0.945356108439566
0.372293658401939
0.457984742103072
-0.971843622476423
0.814260281314375
-0.094108313318510
-0.691062648986867
0.998781653462334
-0.616447076559467
-0.191787907539962
0.867517521717718
-0.943883330308366
0.368124552684677
0.461969759730590
-0.972891321940144
0.811646811946195
-0.089639308903434
-0.694299574162844
0.998550122907320
-0.612907053652978
-0.196190637499092
0.869741133155693
-0.942391540464035
0.363948032196788
0.465945472355821
-0.973919425411302
0.809016994374950
-0.085168498971965
-0.697522514745697
0.998298479539764
-0.609354685562813
-0.200589415783265
0.871947226253858
-0.940880768954227
0.359764181061815
0.469911799899897
-0.974927912181820
0.806370881570468
-0.080695973575228
-0.700731405818905
0.998026728428271
-0.605790043840829
-0.204984153792218
0.874135756577049
-0.939351046208927
0.355573083550955
0.473868662472986
-0.975916761938743
0.803708526830797
-0.076221822798900
-0.703926182748933
0.997734875046456
-0.602213200286095
-0.209374763007067
0.876306680043854
-0.937802403039834
0.351374824081360
0.477815980375898
-0.976885954764642
0.801029983781127
-0.071746136761400
-0.707106781186532
0.997422925272835
-0.598624226943452
-0.213761154992093
0.878459952927498
-0.936234870639744
0.347169487214440
0.481753674101694
-0.977835471138021
0.798335306372716
-0.067269005612065
-0.710273137068038
0.997090885390704
-0.595023196102058
-0.218143241396516
0.880595531856724
-0.934648480581920
0.342957157654104
0.485681664337332
-0.978765291933716
0.795624548881764
-0.062790519529287
-0.713425186616701
0.996738762088012
-0.591410180293888
-0.222520933956338
0.882713373816694
-0.933043264819435
0.338737920245269
0.489599871965072
-0.979675398423239
0.792897765908461
-0.058310768718917
-0.716562866343806
0.996366562457240
-0.587785252292456
-0.226894144495896
0.884813436149747
-0.931419255684610
0.334511859971827
0.493508218064362
-0.980565772275222
0.790155012375679
-0.053829843412111
-0.719686113050201
0.995974293995237
-0.584148485111074
-0.231262784929967
0.886895676556421
-0.929776485888245
0.330279061955154
0.497406623913233
-0.981436395555742
0.787396343528003
-0.049347833863739
-0.722794863827399
0.995561964603078
-0.580499952001564
-0.235626767265326
0.888960053096197
-0.928114988519035
0.326039611452333
0.501295010989932
-0.982287250728689
0.784621814930586
-0.044864830350508
-0.725889056058892
0.995129582585910
-0.576839726452739
-0.239986003602571
0.891006524188369
-0.926434797042885
0.321793593854445
0.505173300974504
-0.983118320656126
0.781831482468027
-0.040380923169146
-0.728968627421412
0.994677156652777
-0.573167882188921
-0.244340406137894
0.893035048612885
-0.924735945302240
0.317541094684845
0.509041415750370
-0.983929588598628
0.779025402343247
-0.035896202634585
-0.732033515886182
0.994204695916451
-0.569484493168455
-0.248689887164850
0.895045585511171
-0.923018467515398
0.313282199597438
0.512899277405900
-0.984721038215625
0.776203631076357
-0.031410759078136
-0.735083659720171
0.993712209893242
-0.565789633582221
-0.253034359076123
0.897038094386963
-0.921282398275826
0.309016994374957
0.516746808235984
-0.985492653565724
0.773366225503518
-0.026924682845675
-0.738118997487331
0.993199708502813
-0.562083377852141
-0.257373734365288
0.899012535107115
-0.919527772551456
0.304745564927235
0.520583930743594
-0.986244419107037
0.770513242775799
-0.022438064295822
-0.741139468049842
0.992667202067975
-0.558365800629677
-0.261707925628581
0.900968867902410
-0.917754625683988
0.300467997289471
0.524410567641347
-0.986976319697491
0.767644740358024
-0.017950993798119
-0.744145010569337
0.992114701314480
-0.554636976794329
-0.266036845566652
0.902907053368361
-0.915962993388176
0.296184377620501
0.528226641853062
-0.987688340595133
0.764760776027615
-0.013463561731212
-0.747135564508131
0.991542217370807
-0.550896981452126
-0.270360406986325
0.904827052466006
-0.914152911751104
0.291894792201062
0.532032076515310
-0.988380467458425
0.761861407873426
-0.008975858481030
-0.750111069630437
0.990949761767938
-0.547145889934113
-0.274678522802358
0.906728826522693
-0.912324417231468
0.287599327432051
0.535826794978966
-0.989052686346538
0.758946694294578
-0.004487974438962
-0.753071466003586
0.990337346439123
-0.543383777794837
-0.278991106039192
0.908612337232857
-0.910477546658831
0.283298069832787
0.539610720810750
-0.989704983719628
0.756016693999279
-0.000000000000042
-0.756016693999224
0.989704983719640
-0.539610720810820
-0.283298069832707
0.910477546658797
-0.908612337232892
0.278991106039272
0.543383777794767
-0.990337346439111
0.753071466003640
0.004487974438879
-0.758946694294524
0.989052686346550
-0.535826794979037
-0.287599327431971
0.912324417231434
-0.906728826522728
0.274678522802438
0.547145889934043
-0.990949761767927
0.750111069630492
0.008975858480947
-0.761861407873372
0.988380467458438
-0.532032076515381
-0.291894792200982
0.914152911751071
-0.904827052466042
0.270360406986405
0.550896981452056
-0.991542217370796
0.747135564508186
0.013463561731129
-0.764760776027634
0.987688340595128
-0.528226641853036
-0.296184377620530
0.915962993388188
-0.902907053368348
0.266036845566622
0.554636976794354
-0.992114701314484
0.744145010569317
0.017950993798150
-0.767644740358044
0.986976319697486
-0.524410567641322
-0.300467997289500
0.917754625684000
-0.900968867902397
0.261707925628552
0.558365800629703
-0.992667202067978
0.741139468049822
0.022438064295853
-0.770513242775819
0.986244419107032
-0.520583930743568
-0.304745564927264
0.919527772551468
-0.899012535107102
0.257373734365259
0.562083377852166
-0.993199708502817
0.738118997487311
0.026924682845705
-0.773366225503537
0.985492653565719
-0.516746808235958
-0.309016994374986
0.921282398275837
-0.897038094386950
0.253034359076093
0.565789633582246
-0.993712209893246
0.735083659720150
0.031410759078166
-0.776203631076376
0.984721038215619
-0.512899277405874
-0.313282199597467
0.923018467515410
-0.895045585511158
0.248689887164821
0.569484493168480
-0.994204695916454
0.732033515886162
0.035896202634615
-0.779025402343266
0.983929588598623
-0.509041415750344
-0.317541094684874
0.924735945302251
-0.893035048612871
0.244340406137865
0.573167882188946
-0.994677156652780
0.728968627421391
0.040380923169063
-0.781831482468046
0.983118320656141
-0.505173300974477
-0.321793593854366
0.926434797042896
-0.891006524188407
0.239986003602541
0.576839726452671
-0.995129582585913
0.725889056058950
0.044864830350538
-0.784621814930535
0.982287250728684
-0.501295010990004
-0.326039611452362
0.928114988519004
-0.888960053096183
0.235626767265407
0.580499952001589
-0.995561964603070
0.722794863827378
0.049347833863656
-0.787396343528022
0.981436395555758
-0.497406623913207
-0.330279061955075
0.929776485888256
-0.886895676556459
0.231262784929937
0.584148485111006
-0.995974293995239
0.719686113050259
0.053829843412142
-0.790155012375628
0.980565772275217
-0.493508218064435
-0.334511859971856
0.931419255684580
-0.884813436149733
0.226894144495977
0.587785252292481
-0.996366562457233
0.716562866343785
0.058310768718834
-0.792897765908479
0.979675398423256
-0.489599871965046
-0.338737920245190
0.933043264819446
-0.882713373816733
0.222520933956309
0.591410180293821
-0.996738762088014
0.713425186616759
0.062790519529317
-0.795624548881713
0.978765291933710
-0.485681664337405
-0.342957157654133
0.934648480581870
-0.880595531856737
0.218143241396653
