0.999999999999999
-0.724515660859272
0.049845885660697
0.652287411278121
-0.995030775365400
0.789543348300235
-0.149042266176174
-0.573576436351045
0.980172487848543
-0.846724199228283
0.246757397690293
0.489165001109289
-0.955572805786140
0.895489924657300
-0.342020143325668
-0.399892024319744
0.921476211870407
-0.935355868899035
0.433883739117558
0.306644740933337
-0.878221573370228
0.965925826289068
-0.521435203379498
-0.210349884345499
0.826238774315994
-0.986895978856721
0.603804410325477
0.111964476103311
-0.766044443118977
0.998057915804531
-0.680172737770914
-0.012466314595418
0.698236818086072
-0.999300704788397
0.749781202967738
-0.087155742747655
-0.623489801858733
0.990611994413051
-0.811938005715852
0.185911607162911
0.542546263865759
-0.972078136985773
0.866025403784441
-0.282819798501824
-0.456210657353162
0.943883330308365
-0.911505852311669
0.376917199621002
0.365341024366394
-0.906307787036647
0.947927346167133
-0.467268628273059
-0.270840468143005
0.859724949801187
-0.974927912181821
0.552976131367936
0.173648177666930
-0.804597779766665
0.992239206600172
-0.633187909234148
-0.074730093586438
0.741474155515833
-0.999689182000815
0.707106781186545
-0.024930691738073
-0.670981427985967
0.997203797181179
-0.773998108266234
0.124343704647500
0.593820185573509
-0.984807753012208
0.833197094412446
-0.222520933956315
-0.510757291371682
0.962624246950009
-0.884115393504614
0.318486650251671
0.422618261740708
-0.930873748644206
0.926246956610307
-0.411287103130612
-0.330279061955163
0.889871808811464
-0.959173061326990
0.500000000000012
0.234657400467725
-0.840025923150774
0.982566473233287
-0.583743672234790
-0.136703608310069
0.781831482468024
-0.996194698091746
0.661685837596849
0.037391194276336
-0.715866849259722
0.999922292480974
-0.733051871829826
0.062292830244856
0.642787609686533
-0.993712209893240
0.797132507222931
-0.161357760632797
-0.563320058063627
0.977626168919304
-0.853290881632155
0.258819045102525
0.478253978621311
-0.951824039861318
0.900968867902412
-0.353708069622598
-0.388434796274700
0.916562255869965
-0.939692620785908
0.445081784436570
0.294755174410896
-0.872191264396613
0.969077286229081
-0.532032076515328
-0.198146143199376
0.819152044288993
-0.988830826225123
0.613694794792050
0.099567846595837
-0.757971723145445
0.998756921218921
-0.689258338483960
-0.000000000000006
0.689258338483928
-0.998756921218921
0.757971723145436
-0.099567846595824
-0.613694794792060
0.988830826225125
-0.819152044288985
0.198146143199419
0.532032076515338
-0.969077286229070
0.872191264396607
-0.294755174410884
-0.445081784436582
0.939692620785912
-0.916562255869983
0.388434796274689
0.353708069622557
-0.900968867902418
0.951824039861314
-0.478253978621325
-0.258819045102537
0.853290881632147
-0.977626168919301
0.563320058063640
0.161357760632809
-0.797132507222938
0.993712209893242
-0.642787609686523
-0.062292830244840
0.733051871829835
-0.999922292480974
0.715866849259713
-0.037391194276351
-0.661685837596858
0.996194698091747
-0.781831482468034
0.136703608310057
0.583743672234777
-0.982566473233289
0.840025923150783
-0.234657400467713
-0.499999999999974
0.959173061326986
-0.889871808811458
0.330279061955178
0.411287103130623
-0.926246956610301
0.930873748644201
-0.422618261740722
-0.318486650251683
0.884115393504620
-0.962624246950013
0.510757291371671
0.222520933956299
-0.833197094412453
0.984807753012211
-0.593820185573499
-0.124343704647512
0.773998108266224
-0.997203797181178
0.670981427985978
0.024930691738086
-0.707106781186533
0.999689182000815
-0.741474155515843
0.074730093586425
0.633187909234157
-0.992239206600170
0.804597779766658
-0.173648177666945
-0.552976131367947
0.974927912181818
-0.859724949801188
0.270840468143033
0.467268628273057
-0.947927346167137
0.906307787036654
-0.365341024366382
-0.376917199620987
0.911505852311675
-0.943883330308375
0.456210657353164
0.282819798501850
-0.866025403784434
0.972078136985770
-0.542546263865772
-0.185911607162924
0.811938005715843
-0.990611994413051
0.623489801858712
0.087155742747653
-0.749781202967709
0.999300704788396
-0.698236818086063
0.012466314595434
0.680172737770881
-0.998057915804533
0.766044443118978
-0.111964476103341
-0.603804410325515
0.986895978856723
-0.826238774316003
0.210349884345542
0.521435203379527
-0.965925826289068
0.878221573370242
-0.306644740933285
-0.433883739117576
0.935355868899029
-0.921476211870424
0.399892024319706
0.342020143325674
-0.895489924657288
0.955572805786123
-0.489165001109268
-0.246757397690285
0.846724199228262
-0.980172487848535
0.573576436351038
0.149042266176152
-0.789543348300201
0.995030775365398
-0.652287411278124
-0.049845885660660
0.724515660859303
-0.999999999999999
0.724515660859285
-0.049845885660748
-0.652287411278144
0.995030775365400
-0.789543348300255
0.149042266176127
0.573576436351059
-0.980172487848540
0.846724199228309
-0.246757397690260
-0.489165001109291
0.955572805786131
-0.895489924657277
0.342020143325650
0.399892024319729
-0.921476211870390
0.935355868899020
-0.433883739117553
-0.306644740933309
0.878221573370200
-0.965925826289061
0.521435203379505
0.210349884345456
-0.826238774316017
0.986895978856719
-0.603804410325495
-0.111964476103253
0.766044443118994
-0.998057915804531
0.680172737770946
0.012466314595460
-0.698236818086081
0.999300704788397
-0.749781202967767
0.087155742747628
0.623489801858732
-0.990611994413047
0.811938005715828
-0.185911607162899
-0.542546263865745
0.972078136985762
-0.866025403784421
0.282819798501825
0.456210657353136
-0.943883330308384
0.911505852311664
-0.376917199621016
-0.365341024366353
0.906307787036665
-0.947927346167129
0.467268628273085
0.270840468143058
-0.859724949801201
0.974927912181825
-0.552976131367973
-0.173648177666970
0.804597779766673
-0.992239206600174
0.633187909234182
0.074730093586451
-0.741474155515822
0.999689182000816
-0.707106781186515
0.024930691738060
0.670981427985955
-0.997203797181175
0.773998108266208
-0.124343704647487
-0.593820185573474
0.984807753012215
-0.833197094412439
0.222520933956330
0.510757291371644
-0.962624246950020
0.884115393504608
-0.318486650251713
-0.422618261740746
0.930873748644210
-0.926246956610313
0.411287103130652
0.330279061955202
-0.889871808811470
0.959173061326995
-0.500000000000050
-0.234657400467737
0.840025923150766
-0.982566473233295
0.583743672234756
0.136703608310082
-0.781831482468014
0.996194698091749
-0.661685837596839
-0.037391194276320
0.715866849259692
-0.999922292480974
0.733051871829817
-0.062292830244872
-0.642787609686499
0.993712209893245
-0.797132507222923
0.161357760632840
0.563320058063661
-0.977626168919307
0.853290881632163
-0.258819045102567
-0.478253978621347
0.951824039861322
-0.900968867902431
0.353708069622533
0.388434796274712
-0.916562255869970
0.939692620785923
-0.445081784436559
-0.294755174410909
0.872191264396591
-0.969077286229063
0.532032076515317
0.198146143199388
-0.819152044288967
0.988830826225122
-0.613694794792040
-0.099567846595793
0.757971723145416
-0.998756921218920
0.689258338483951
-0.000000000000038
-0.689258338483978
0.998756921218922
-0.757971723145465
0.099567846595868
0.613694794792070
-0.988830826225127
0.819152044289011
-0.198146143199351
-0.532032076515349
0.969077286229073
-0.872191264396628
0.294755174410872
0.445081784436593
-0.939692620785897
0.916562255869955
-0.388434796274677
-0.353708069622569
0.900968867902399
-0.951824039861310
0.478253978621314
0.258819045102494
-0.853290881632124
0.977626168919299
-0.563320058063629
-0.161357760632766
0.797132507222946
-0.993712209893241
0.642787609686557
0.062292830244796
-0.733051871829843
0.999922292480974
-0.715866849259744
0.037391194276282
0.661685837596868
-0.996194698091743
0.781831482468062
-0.136703608310044
-0.583743672234787
0.982566473233281
-0.840025923150745
0.234657400467700
0.499999999999985
-0.959173061326973
0.889871808811453
-0.330279061955166
-0.411287103130583
0.926246956610327
-0.930873748644196
0.422618261740711
0.318486650251641
-0.884115393504626
0.962624246950010
-0.510757291371709
-0.222520933956367
0.833197094412398
-0.984807753012209
0.593820185573443
0.124343704647412
-0.773998108266232
0.997203797181172
-0.670981427986011
-0.024930691738099
0.707106781186623
-0.999689182000814
0.741474155515797
-0.074730093586526
-0.633187909234123
0.992239206600179
-0.804597779766718
0.173648177666933
0.552976131368005
-0.974927912181808
0.859724949801182
-0.270840468142912
-0.467268628273018
0.947927346167141
-0.906307787036697
0.365341024366424
0.376917199621052
-0.911505852311633
0.943883330308371
-0.456210657353102
-0.282819798501753
0.866025403784440
-0.972078136985753
0.542546263865809
0.185911607162936
-0.811938005715916
0.990611994413057
-0.623489801858702
-0.087155742747553
0.749781202967717
-0.999300704788395
0.698236818086135
-0.012466314595421
-0.680172737770974
0.998057915804527
-0.766044443118970
0.111964476103215
0.603804410325435
-0.986895978856725
0.826238774315932
-0.210349884345530
-0.521435203379538
0.965925826289042
-0.878221573370236
0.306644740933272
0.433883739117485
-0.935355868899033
0.921476211870375
-0.399892024319799
-0.342020143325686
0.895489924657345
-0.955572805786153
0.489165001109257
0.246757397690187
-0.846724199228268
0.980172487848532
-0.573576436351121
-0.149042266176164
0.789543348300279
-0.995030775365408
0.652287411278115
0.049845885660786
-0.724515660859233
0.999999999999999
-0.724515660859198
0.049845885660736
0.652287411278153
-0.995030775365390
0.789543348300247
-0.149042266176114
-0.573576436350976
