0.999999999999999
-0.514610571130134
-0.470351920162233
0.998706711663818
-0.557538142399400
-0.424876667889840
0.994830191844717
-0.599023598515584
-0.378302439539651
0.988380467458430
-0.638959634165652
-0.330749702924252
0.979374221211597
-0.677242951731409
-0.282341456842879
0.967834748450667
-0.713774528476696
-0.233202912935599
0.953791896906692
-0.748459872677299
-0.183461171813789
0.937281989491891
-0.781209268031037
-0.133244894304682
0.918347730347647
-0.811938005715853
-0.082683968660255
0.897038094386972
-0.840566603495680
-0.031909174591313
0.873408200617134
-0.867021011307340
0.018948155004261
0.847519169570130
-0.891232802796702
0.069756473744109
0.819437965209734
-0.913139352308713
0.120384362016239
0.789237221724086
-0.932683996873422
0.170700866905847
0.756995055651759
-0.949816182769137
0.220575840915178
0.722794863827399
-0.964491596283467
0.269880278599897
0.686725107669352
-0.976672278334165
0.318486650251674
0.648879084367492
-0.986326722653179
0.366269231763437
0.609354685562824
-0.993429957280054
0.413104429824531
0.568254144143274
-0.997963609153801
0.458871101604178
0.525683769810522
-0.999915951636247
0.503450868096808
0.481753674101740
-0.999281934843868
0.546728420318338
0.436577485577690
-0.996063198709709
0.588591817561733
0.390272055913765
-0.990268068741574
0.628932776940303
0.342957157654139
-0.981911534487444
0.667646953469555
0.294755174410933
-0.971015210763885
0.704634209963589
0.245790784309511
-0.957607281747656
0.739798876047564
0.196190637499112
-0.941722428075184
0.773049995616535
0.146083028562422
-0.923401737138404
0.804301562100274
0.095597564671852
-0.902692596809123
0.833472740925925
0.044864830350540
-0.879648572866622
0.860488078602864
-0.005983950294366
-0.854329270445682
0.885277697888843
-0.056817252993033
-0.826800179863278
0.907777478532901
-0.107503593510492
-0.797132507222935
0.927929223127279
-0.157911867740809
-0.765402990234627
0.945680807639525
-0.207911690817740
-0.731693699726842
0.960986316235229
-0.257373734365262
-0.696091827364010
0.973806160042901
-0.306170061015424
-0.658689460118697
0.984107179553598
-0.354174455327988
-0.619583342081533
0.991862730390565
-0.401262750256454
-0.578874624225134
0.997052752226917
-0.447313148315594
-0.536668602769493
0.999663820673245
-0.492206536620110
-0.493074446825139
0.999689182000816
-0.535826794978947
-0.448204916018889
0.997128770610612
-0.578061096249515
-0.402176068832427
0.991989209203005
-0.618800198173323
-0.355106962408194
0.984283791647639
-0.657938725939683
-0.307119344598750
0.974032448597813
-0.695375444745685
-0.258337339056936
0.961261695938336
-0.731013521647773
-0.208887124180317
0.946004566200096
-0.764760776027586
-0.158896606741137
0.928300523118976
-0.796529918024155
-0.108495091045642
0.908195359559814
-0.826238774315960
-0.057812944478583
0.885741079069667
-0.853810500668318
-0.006981260297976
0.860995761366646
-0.879173780697030
0.043868481447606
0.834023412112272
-0.902263010333639
0.094604754002480
0.804893797355924
-0.923018467515383
0.145096324107557
0.773682263079642
-0.941386466660893
0.195212591445451
0.740469540309824
-0.957319497532060
0.244823926448162
0.705341536300446
-0.970776348122900
0.293802005593885
0.668389112327226
-0.981722211257621
0.342020143325646
0.629707848667999
-0.990128774621963
0.389353619733151
0.589397797377004
-0.995974293995234
0.435680003150608
0.547563223492572
-0.999243649493384
0.480879466835300
0.504312335347660
-0.999928384677748
0.524835098908859
0.459757004680506
-0.998026728428272
0.567433204758743
0.414012477270090
-0.993543599524650
0.608563601118074
0.367197074843900
-0.986490593923532
0.648119901063105
0.319431889029760
-0.976885954764661
0.685999789191152
0.270840468143047
-0.964754525183637
0.722105286267193
0.221548497619503
-0.950127684053217
0.756343002654827
0.171683474920219
-0.933043264819460
0.788624379875490
0.121374379749734
-0.913545457642616
0.818865919671911
0.070751340439909
-0.891684695095892
0.846989399982716
0.019945297363364
-0.867517521717758
0.872922077269788
-0.030912335754064
-0.841106447755058
0.896596874675004
-0.081690011744942
-0.812519787475622
0.917952555519650
-0.132256390257076
-0.781831482468068
0.936933881697880
-0.182480677475401
-0.749120910386245
0.953491756554163
-0.232232964430155
-0.714472679632837
0.967583351875655
-0.281384563016617
-0.677976410513252
0.979172218670618
-0.329808338856417
-0.639726503425820
0.988228381446544
-0.377379040140581
-0.599821894687982
0.994728415744053
-0.423973621602878
-0.558365800629681
0.998655508726061
-0.469471562785841
-0.515465450616871
0.999999502665477
-0.513755179776164
-0.471231809694188
0.998756921218925
-0.556709929603174
-0.425779291565177
0.994930978418589
-0.598224706512999
-0.379225462653029
0.988531570358864
-0.638192129352127
-0.331690738005617
0.979575249599356
-0.676508819316988
-0.283298069832841
0.968085182350410
-0.713075667351157
-0.234172629481310
0.954091088551938
-0.747798090498450
-0.184441483669057
0.937629165000509
-0.780586276549303
-0.134233265817730
0.918741991723563
-0.811355416346467
-0.083677843332384
0.897478421842905
-0.840025923150715
-0.032905981689481
0.873893455212360
-0.866523638497962
0.017950993798042
0.848048096156493
-0.890780024015820
0.068761537663761
0.820009195678012
-0.912732338703352
0.119394224540203
0.789849278542867
-0.932323801215484
0.169718089100634
0.757646355689161
-0.949503736732304
0.219602964810920
0.723483722445930
-0.964227708033371
0.268919820615135
0.687449743083386
-0.976457630437994
0.317541094684722
0.649637622251962
-0.986161870314177
0.365341024366281
0.610145163901332
-0.993315326901431
0.412195971476758
0.569074518303000
-0.997899497235823
0.457984742102971
0.526531917830790
-0.999902524009303
0.502588900078963
0.482627402182664
-0.999319226239548
0.545893073330222
0.437474533754610
-0.996151112670961
0.587785252292401
0.391190103902795
-0.990406377872192
0.628157079632643
0.343893830853765
-0.982099881040259
0.666904130524127
0.295708050044079
-0.971253107566099
0.703926182748896
0.246757397690430
-0.957894113460949
0.739127475930302
0.197168488408074
-0.942057452787328
0.772416959224564
0.147069587713077
-0.923784088282302
0.803708526830760
0.096590280253286
-0.903121285404226
0.832921240710076
0.045861134627816
-0.880122490077009
0.859979539938199
-0.004986634338650
-0.854847190448139
0.884813436149672
-0.055821504993063
-0.827360763018020
0.907358694567807
-0.106511989044844
-0.797734303538652
0.927557000153109
-0.156926971670435
-0.766044443119008
0.945356108439528
-0.206936050651839
-0.732373150012799
0.960709980668783
-0.256409873671957
-0.696807517601385
0.973578902873135
-0.305220472894271
-0.659439539119738
0.983929588598611
-0.353241595961469
-0.620365869709372
0.991735265002971
-0.400349032556845
-0.579687576412085
0.996975742105715
-0.446420935683807
-0.537509876752393
0.999637465011018
-0.491338136832377
-0.493941866584329
0.999713548968504
-0.534984454218075
-0.449096237906655
0.997203797181184
-0.577246993294417
-0.403088987376367
0.992114701314484
-0.618016438763712
-0.356039116274444
0.984459424705057
-0.657187337329365
-0.308068322699917
0.974257768312801
-0.694658370458910
-0.259300686788401
0.961536119504190
-0.730332616452165
-0.209862349769311
0.946327383799211
-0.764117801136639
-0.159881187691901
0.928670899758879
-0.795926536541757
-0.109486480664056
0.908612337232929
-0.825676546934542
-0.058808578459388
0.886203579231273
-0.853290881632110
-0.007978563357655
0.861502587724612
-0.878698114040508
0.042872088910051
0.834573253721364
-0.901832526405081
0.093611849232687
0.805485232008663
-0.922634279794478
0.144109475329842
0.774313760984916
-0.941049568878636
0.194234351219841
0.741139468049916
-0.957030761100363
0.243856825068004
0.706048161055892
-0.970536519880734
0.292848544541050
0.669130606358917
-0.981531911539105
0.341082788800251
0.630482294044770
-0.989988495651911
0.388434796274596
0.590203190936509
-0.995884398615957
0.434782087366165
0.548397482022618
-0.999204370226173
0.480004781252991
0.505173300974644
-0.999939823121440
0.523985905970005
0.460642450450773
-0.998088854996455
0.566611700965992
0.414920112910267
-0.993656253522192
0.607771911353972
0.368124552684813
-0.986653483962221
0.647360073093927
0.320376810078861
-0.977098659516929
0.685273788370116
0.271800388289594
-0.965016494472335
0.721414990451212
0.222520933956437
-0.950438240274693
0.755690197346915
0.172665912166396
-0.933401604696236
0.788010753606627
0.122364276755834
-0.913950654301127
0.818293059633491
0.071746136761485
-0.892135700463964
0.846458787921150
0.020942419883456
-0.868013169235352
0.872435085653857
-0.029915466169306
-0.841645455391894
0.896154763145861
-0.080695973575132
-0.813100761047119
0.917556467632686
-0.131267754658155
-0.782452919241540
0.936584841964757
-0.181500001629145
-0.749781202967830
0.953190667792914
-0.231262784929778
-0.715170120125147
0.967330992875445
-0.280427389305837
-0.678709194932978
0.978969242177351
-0.328866646738427
-0.640492736369877
0.988075312474464
-0.376455265374350
-0.600619594236066
0.994625650217817
-0.423070153602561
-0.559192903470839
0.998603312456584
-0.468590738440690
-0.516319817386144
0.999998010662407
-0.512899277405884
-0.472111230506320
0.998806137341441
-0.555881163064680
-0.426681491730909
0.995030775365417
-0.597425219474682
-0.380148108562457
0.988681689997550
-0.637423989748510
-0.332631443164355
0.979775303633943
-0.675774014000051
-0.284254401034870
0.968334653325801
-0.712376096951191
-0.235142113102653
