0.999999999999999
0.150028383526698
-0.954982968272731
-0.436577485577670
0.823984939381995
0.683819742589320
-0.618800198173358
-0.869494929505218
0.357902360656701
0.976885954764647
-0.064781119290150
-0.996323967984950
-0.234172629481224
0.926058885850420
0.512042864870572
-0.772416959224597
-0.743811800472720
0.549231195078589
0.908612337232875
-0.276595914663662
-0.991606813167030
-0.020942419883359
0.985322898362554
0.316595223269713
-0.890326359203698
-0.583743672234792
0.715170120125046
0.798335306372701
-0.475624209070273
-0.941049568878657
0.193255917795547
0.999037314786327
0.106511989044942
-0.967077671701074
-0.396690188705089
0.848048096156424
0.651152758743576
-0.652665304509923
-0.846989399982743
0.398520403422607
0.966568143838548
-0.108495091045614
-0.999122830098857
-0.191298475243093
0.941722428075170
0.473868662473000
-0.799534929205601
-0.713774528476703
0.585362051785826
0.889416373291302
-0.318486650251678
-0.984980447915483
0.022936601439348
0.991862730390568
0.274678522802390
-0.909443580859477
-0.547563223492553
0.745143530260971
0.771148582173416
-0.513755179776204
-0.925304300474001
0.236111362835368
0.996151112670950
0.062790519529325
-0.977310392379379
-0.356039116274358
0.870478446205544
0.617232064632462
-0.685273788370241
-0.822853102117271
0.438371146789072
0.954389331192289
-0.152000169561257
-0.999998010662407
-0.148056000577936
0.955572805786137
0.434782087366258
-0.825113498278287
-0.682362976111763
0.620365869709264
0.868507953366994
-0.359764181061800
-0.976457630438007
0.066771461307947
0.996492859249503
0.232232964430258
-0.926809786739334
-0.510328512712701
0.773682263079590
0.742477111298922
-0.550896981452098
-0.907777478532908
0.278512206039612
0.991346950662072
0.018948155004283
-0.985661428529861
-0.314702536658175
0.891232802796709
0.582122970157307
-0.716562866343780
-0.797132507222929
0.477377863313308
0.940372965551573
-0.195212591445469
-0.998947824628824
-0.104528463267669
0.967583351875669
0.394858395686161
-0.849103418222192
-0.649637622251913
0.654175253533020
0.845927333913360
-0.400349032556887
-0.966054770315330
0.110477761379567
0.999204370226177
0.189340271576143
-0.942391540464030
-0.472111230506240
0.800731370948731
0.712376096951362
-0.586978102371379
-0.888502848680050
0.320376810078719
0.984634078551147
-0.024930691738072
-0.992114701314474
-0.272760038084513
0.910271206105476
0.545893073330309
-0.746472295365147
-0.769877136972513
0.515465450616838
0.924546033612319
-0.238049156779095
-0.995974293995239
-0.060799669945395
0.977730941593504
0.354174455328034
-0.871458499554881
-0.615661475325666
0.686725107669343
0.821717990987334
-0.440163063864059
-0.953791896906697
0.153971350836519
0.999992042657546
0.146083028562416
-0.956158841385731
-0.432984959298158
0.826238774315984
0.680903494733564
-0.621929073010878
-0.867517521717718
0.361624570082067
0.976025421103628
-0.068761537663793
-0.996657785792645
-0.230292375399735
0.927557000153146
0.508612130123452
-0.774944488704166
-0.741139468049864
0.552560575985458
0.906939008081217
-0.280427389305976
-0.991083143909602
-0.016953814736645
0.985996037070502
0.312808597947471
-0.892135700463868
-0.580499952001594
0.717952761591624
0.795926536541828
-0.479129618224884
-0.939692620785910
0.197168488407913
0.998854359982401
0.102544521605586
-0.968085182350393
-0.393025031653932
0.850155361981244
0.648119901063130
-0.655682599805274
-0.844861902173897
0.402176068832405
0.965537553173980
-0.112459992158385
-0.999281934843866
-0.187381314585718
0.943056903383054
0.470351920162268
-0.801924626841819
-0.710974831112912
0.588591817561757
0.887585789004563
-0.322265695230469
-0.984283791647637
0.026924682845629
0.992362724936243
0.270840468143028
-0.911095209678005
-0.544220751236840
0.747798090498506
0.768602628680524
-0.517173670587889
-0.923784088282287
0.239986003602549
0.995793512661322
0.058808578459342
-0.978147600733798
-0.352308385236554
0.872435085653911
0.614088436501859
-0.688173694712301
-0.820579610508410
0.441953229673226
0.953190667792953
-0.155941919509760
-0.999982096009160
-0.144109475330017
0.956741072739884
0.431186108523533
-0.827360763017958
-0.679441304261529
0.623489801858701
0.866523638498014
-0.363483520315646
-0.975589328481118
0.070751340439815
0.996818746958186
0.228350870110666
-0.928300523118944
-0.506893723931707
0.776203631076337
0.739798876047615
-0.554221972059766
-0.906096929213814
0.282341456842872
0.990815393959221
0.014959407015315
-0.986326722653179
-0.310913414672988
0.893035048612881
0.578874624225129
-0.719339800338613
-0.794717399127567
0.480879466835314
0.939008537288535
-0.199123600900984
-0.998756921218921
-0.100560171952159
0.968583161128618
0.391190103902764
-0.851203923248269
-0.646599601215803
0.657187337329440
0.843793109003334
-0.404001504979978
-0.965016494472321
0.114441775495424
0.999355523643319
0.185421612065991
-0.943718514184979
-0.468590738440758
0.803114692137294
0.709570736536545
-0.590203190936454
-0.886665197913523
0.324153298191722
0.983929588598631
-0.028918566828647
-0.992606800269061
-0.268919820615293
0.911915588298644
0.542546263865774
-0.749120910386180
-0.767325062368347
0.518879832892890
0.923018467515418
-0.241921895599646
-0.995608769388466
-0.056817252993056
0.978560368142507
0.350440913424523
-0.873408200617117
-0.612512954419607
0.689619543735658
0.819437965209753
-0.443741637094019
-0.952585646243154
0.157911867740784
0.999968170756824
0.142135348732797
-0.957319497532064
-0.429385542199438
0.828479459920211
0.677976410513236
-0.625048050043144
-0.865526307662212
0.365341024366362
0.975149354305575
-0.072740861719235
-0.996975742105718
-0.226408456287658
0.929040352678487
0.505173300974505
-0.777459685186383
-0.738455340625918
0.555881163064868
0.905251245281032
-0.284254401034793
-0.990543701876221
-0.012964939775334
0.986653483962200
0.309016994374991
-0.893930843665494
-0.577246993294561
0.720723977066208
0.793505099790912
-0.482627402182567
-0.938320717781195
0.201077921145926
0.998655508726069
0.098575422202473
-0.969077286229064
-0.389353619733237
0.852249097851368
0.645076728758687
-0.658689460118655
-0.842720958654068
0.405825333736790
0.964491596283483
-0.116423103505810
-0.999425136331750
-0.183461171813841
0.944376370237472
0.466827692348905
-0.804301562100274
-0.708163818808697
0.591812216084316
0.885741079069664
-0.326039611452291
-0.983571470813388
0.030912335754080
0.992846926341835
0.266998103142941
-0.912732338703363
-0.540869617879352
0.750440749765077
0.766044443118986
-0.520583930743577
-0.922249174357877
0.243856825068101
0.995420064911706
0.054825701469376
-0.978969242177362
-0.348572047321874
0.874377840572789
0.610935035347262
-0.691062648986850
-0.818293059633599
0.445528279010922
0.951976834664500
-0.159881187691835
-0.999950266955942
-0.140160656625192
0.957894113460899
0.427583267489793
-0.829594860571829
-0.676508819317024
0.626603811364421
0.864525533178397
-0.367197074843757
-0.974705500327471
0.074730093586394
0.997128770610605
0.224465141658998
-0.929776485888255
-0.503450868096827
0.778712646036872
0.737108867130283
-0.557538142399334
-0.904401959647561
0.286166214270783
0.990268068741574
0.010970420952069
-0.986976319697481
-0.307119344598692
0.894823082057644
0.575617065685706
-0.722105286267202
-0.792289643355243
0.484373417312202
0.937629165000501
-0.203031441367133
-0.998550122907324
-0.096590280253256
0.969567555685773
0.387515586452125
-0.853290881632130
-0.643551289750843
0.660188962196419
0.841645455391807
-0.407647547846416
-0.963962860695866
0.118403968306427
0.999490772632191
0.181500001629224
-0.945030468923135
-0.465062788901298
0.805485232008554
0.706754083527077
-0.593418886603692
-0.884813436149753
0.327924627507150
0.983209439716753
-0.032905981689428
-0.993083102199182
-0.265075323371862
0.913545457642575
0.539190819948451
-0.751757603384023
-0.764760776027609
0.522285957359897
0.921476211870432
-0.245790784309402
-0.995227399981830
-0.052833931812039
0.979374221211588
0.346701794364271
-0.875344001663017
-0.609354685562809
0.692503004724229
0.817144898335155
-0.447313148315568
-0.951364235479222
0.161849871527515
0.999928384677748
0.138185406863861
-0.958464918240213
-0.425779291565161
0.830706960534929
0.675038536511961
-0.628157079632663
-0.863521319028269
0.369051664363316
0.974257768312793
-0.076719028126784
-0.997277831863998
-0.222520933956394
0.930508919819329
0.501726432151674
-0.779962508642681
-0.735759460917890
0.559192903470676
0.903549075692480
-0.288076888944358
-0.989988495651938
-0.008975858481063
0.987295228574581
0.305220472894333
-0.895711760239402
-0.573984847883516
0.723483722445812
0.791071034656397
-0.486117505277292
-0.936933881697916
0.204984153792183
0.998440764181984
0.094604754002632
-0.970053967548096
-0.385676011372365
0.854329270445637
0.642023290261409
-0.661685837596785
-0.840566603495688
0.409468140058861
0.963430289813136
-0.120384362016170
-0.999552432283499
-0.179538109315110
0.945680807639523
0.463296035119914
-0.806665697152764
-0.705341536300483
0.595023196102024
0.883882272844582
-0.329808338856430
-0.982843496749109
0.034899496702392
0.993315326901434
0.263151488952172
-0.914354941881146
-0.537509876752367
0.753071466003611
0.763474066201511
-0.523985905970040
-0.920699583128450
0.247723765629065
0.995030775365401
0.050841951945647
-0.979775303633903
-0.344830161992841
0.876306680043816
0.607771911354034
-0.693940605217088
-0.815993485882583
0.449096237906492
0.950747851124668
-0.163817911415128
-0.999902524009304
