0.999999999999999
0.250138605360421
-0.874861356216686
-0.687811804415958
0.530764785202602
0.953341330705962
-0.053829843412127
-0.980271174621721
-0.436577485577671
0.761861407873405
0.817719385664431
-0.352775034460843
-0.994204695916451
-0.144602917697804
0.921863151588499
0.605790043840821
-0.618800198173356
-0.915361680976492
0.160865609613694
0.995839079454940
0.337329987382832
-0.827080574274559
-0.751099550122301
0.451322586365694
0.976885954764648
0.037391194276328
-0.958179992386563
-0.516746808235998
0.699663340513364
0.866772432671649
-0.266036845566672
-0.999864603720714
-0.234172629481228
0.882713373816681
0.675774014000222
-0.544639035015023
-0.948244511287228
0.070253915826900
0.983390944339326
0.421714162855314
-0.772416959224596
-0.808136764729669
0.368124552684672
0.992301089144612
0.128301068387850
-0.928114988519036
-0.592615846072360
0.631642786016985
0.908612337232878
-0.177084740319575
-0.997203797181179
-0.321793593854452
0.836217795619832
0.740134300202281
-0.465945472355817
-0.973236201460452
-0.020942419883360
0.962759186055456
0.502588900079061
-0.711325412984650
-0.858448793601869
0.281863044974840
0.999458451547164
0.218143241396555
-0.890326359203694
-0.663553229010216
0.558365800629658
0.942890914311133
-0.086658964004054
-0.986244419107038
-0.406736643075807
0.782763345811117
0.798335306372711
-0.383374385519004
-0.990128774621973
-0.111964476103316
0.934115498817186
0.579281172342692
-0.644314329694483
-0.901616948029713
0.193255917795544
0.998298479539764
0.306170061015474
-0.845128575408713
-0.728968627421419
0.480442183779329
0.969322903035169
0.004487974438944
-0.967077671701072
-0.488294894587956
0.722794863827384
0.849892692986867
-0.297612917967880
-0.998781653462335
-0.202054781745401
0.897698250837938
0.651152758743589
-0.571941364940511
-0.937281989491896
0.103040545578629
0.988830826225126
0.391648982040057
-0.792897765908471
-0.788317664755530
0.398520403422585
0.987688340595141
0.095597564671844
-0.939863057589406
-0.565789633582228
0.656811397846125
0.894377407666341
-0.209374763007075
-0.999122830098857
-0.290463619602289
0.853810500668331
0.717605555360830
-0.494808795034638
-0.965147119180897
0.011967686315568
0.971134279909631
0.473868662473010
-0.734068587199620
-0.841106447755021
0.313282199597427
0.997834392738112
0.185911607162942
-0.904827052466008
-0.638575961155392
0.585362051785811
0.931419255684624
-0.119394224540230
-0.991149465313787
-0.376455265374400
0.802817475191093
0.778086552580971
-0.413558504966494
-0.984980447915487
-0.079204766131226
0.945356108439561
0.552144883199275
-0.669130606358846
-0.886895676556420
0.225436911090831
0.999676625630461
0.274678522802422
-0.862261220397946
-0.706048161055851
0.509041415750349
0.960709980668821
-0.028420106309683
-0.974927912181819
-0.459314110250526
0.745143530260963
0.832092437156174
-0.328866646738551
-0.996616925885650
-0.169718089100697
0.911710833661483
0.625826241948832
-0.598624226943418
-0.925304300474003
0.135715572434289
0.993199708502810
0.361159607424271
-0.812519787475561
-0.767644740358031
0.428484617944724
0.982005829860201
0.062790519529338
-0.950593163890352
-0.538350616090698
0.681268619282654
0.879173780697059
-0.241438012536609
-0.999959716170870
-0.258819045102553
0.870478446205534
0.694299574162865
-0.523136191838671
-0.956012689043036
0.044864830350495
0.978457541230245
0.444635179184940
-0.756016693999226
-0.822853102117286
0.344362039239002
0.995129582585913
0.153478612642869
-0.918347730347635
-0.612907053652995
0.611724299114989
0.918938779744400
-0.152000169561224
-0.994981000601594
-0.345766150139969
0.822002075447905
0.756995055651777
-0.443294700476928
-0.978765291933716
-0.046359269722040
0.955572805786133
0.524410567641406
-0.693222149733972
-0.871213811120209
0.257373734365291
0.999972025061269
0.242889481131227
-0.878459952927494
-0.682362976111799
0.537089306539125
0.951056516295169
-0.061297405329107
-0.981722211257624
-0.429835844221552
0.766685134042618
0.813390944581533
-0.359764181061774
-0.993372765600402
-0.137197575318837
0.924735945302219
0.599821894687933
-0.624658720898441
-0.912324417231461
0.168243606173367
0.996492859249502
0.330279061955204
-0.831261771375072
-0.746140382317578
0.457984742103014
0.975259711649589
0.029915466169452
-0.960293685676936
-0.510328512712737
0.704987960785707
0.863017923326371
-0.273239761301908
-0.999713548968503
-0.226894144495938
0.886203579231199
0.670241599244537
-0.550896981452080
-0.945842804519900
0.077713381426495
0.984721038215618
0.414920112910142
-0.777145961456944
-0.803708526830794
0.375068901421473
0.991346950662078
0.120879385912356
-0.930873748644183
-0.586574308417321
0.637423989748650
0.905463004055334
-0.184441483668932
-0.997734875046454
-0.314702536658209
0.840296367800296
0.735083659720199
-0.472550764869001
-0.971490038292873
-0.013463561731240
0.964754525183615
0.496108264620400
-0.716562866343779
-0.854588336700983
0.289031796944405
0.999184357885975
0.210837366614681
-0.893707228200270
-0.657938725939756
0.564555477561919
0.940372965551591
-0.094108313318493
-0.987453210044195
-0.399892024319755
0.787396343527985
0.793808470791765
-0.390272055913717
-0.989052686346553
-0.104528463267684
0.936759478302046
0.573167882188943
-0.650016648925781
-0.898356398235648
0.200589415783228
0.998706711663815
0.299040792256125
-0.849103418222158
-0.723827881937841
0.486988824404314
0.967457292663063
-0.002991988539301
-0.968954116344028
-0.481753674101758
0.727943732009898
0.845927333913376
-0.304745564927154
-0.998384595114692
-0.194723495543477
0.900968867902404
0.645457687723995
-0.578061096249534
-0.934648480581929
0.110477761379544
0.989917986891555
0.384755647945004
-0.797433504528554
-0.783693457325881
0.405369527637402
0.986490593923531
0.088149235093001
-0.942391540464015
-0.559606246363255
0.662433288431436
0.891006524188376
-0.216683029776401
-0.999408105935466
-0.283298069832788
0.857680537756909
0.712376096951369
-0.501295010989872
-0.963162566797665
0.019446728601611
0.972891321940138
0.467268628273106
-0.739127475930292
-0.837037260298654
0.320376810078663
0.997314477224460
0.178556894798700
-0.907986531939606
-0.632801864369526
0.591410180293886
0.928670899758847
-0.126817292884869
-0.992114701314471
-0.369515082603868
0.807254726470141
0.773366225503554
-0.420357228309531
-0.983661367188575
-0.071746136761411
0.947768410009566
0.545893073330324
-0.674670545932035
-0.883415372204743
0.232717967617543
0.999838867929056
0.267478632400284
-0.866025403784404
-0.700731405818939
0.515465450616805
0.958607023676485
-0.035896202634526
-0.976565075805958
-0.452657049577064
0.750111069630408
0.827920523222597
-0.335921299574064
-0.995974293995242
-0.162341942175531
0.914758319980678
0.619974682979137
-0.604599114862351
-0.922441841766749
0.143122483211040
0.994042758459022
0.354174455328084
-0.816857349838930
-0.762829571862311
0.435231099372293
0.980565772275232
0.055323610109880
-0.952888630922439
-0.532032076515407
0.686725107669309
0.875584997912165
-0.248689887164809
-0.999998880997441
-0.251586763744549
0.874135756577022
0.688896961836257
-0.529496306035511
-0.953791896906718
0.052335956242887
0.979974383116303
0.437922894720412
-0.760891538834768
-0.818579591429764
0.351374824081329
0.994364408338688
0.146083028562477
-0.921282398275808
-0.606979617058141
0.617624328489549
0.915962993388188
-0.159388917033849
-0.995701636221677
-0.338737920245362
0.826238774315969
0.752086349649512
-0.449987113092035
-0.977204647447567
-0.038886102236418
0.957750816684896
0.518027009373202
-0.698593709357643
-0.867517521717728
0.264594463341183
0.999888101810274
0.235626767265357
-0.882009399911606
-0.676875969682729
0.543383777794752
0.948718490388809
-0.068761537663695
-0.983118320656110
-0.423070153602642
0.771465964272568
0.809016994375007
-0.366733198900857
-0.992485256199837
-0.129784556752298
0.927557000153122
0.593820185573550
-0.630482294044690
-0.909236109047114
0.175612189523895
0.997090885390698
0.323209657454478
-0.835396459481290
-0.741139468049901
0.464621273650202
0.973578902873187
0.022438064295896
-0.962353650653263
-0.503881664371671
0.710273137067978
0.859215128234037
-0.280427389305956
-0.999506560365731
-0.219602964811045
0.889644201664051
0.664671684553453
-0.557124105270472
-0.943388177963561
0.085168498971902
0.985996037070499
0.408102848235576
-0.781831482467980
-0.799235321538351
0.381992265099247
0.990337346439131
0.113450940250046
-0.933580426497188
-0.580499952001669
0.643169529686204
0.902263010333681
-0.191787907539935
-0.998210129767728
-0.307593871893604
0.844327925501990
0.729991891397481
-0.479129618224809
-0.969689520376702
-0.005983950294419
0.966695886414289
0.489599871965127
-0.721760228098324
-0.850680065687351
0.296184377620376
0.998854359982403
0.203519695507912
-0.897038094386912
-0.652287411278193
0.570713567684379
0.937802403039839
-0.101552397284249
-0.988606753095251
-0.393025031653972
0.791985286515955
0.789237221724143
-0.397147890634713
-0.987921260694519
-0.097086602077412
0.939351046208891
0.567022523362444
-0.655682599805268
-0.895045585511224
0.207911690817678
0.999059066269734
0.291894792201052
-0.853030753803410
-0.718646638372977
0.493508218064311
0.965537553174003
-0.010471784116154
-0.970776348122903
-0.475185499556478
0.733051871829749
0.841914645309213
-0.311861161409480
-0.997931677271298
-0.187381314585824
0.904189075869109
0.639726503425823
-0.584148485110988
-0.931962678204005
0.117908795963219
0.990949761767930
0.377840786818569
