0.999999999999999
0.174139245707389
-0.939351046208923
-0.501295010989924
0.764760776027597
0.767644740358011
-0.497406623913222
-0.940880768954225
0.169718089100668
0.999989928992004
0.178556894798639
-0.937802403039828
-0.505173300974500
0.761861407873406
0.770513242775789
-0.493508218064345
-0.942391540464035
0.165293514029482
0.999959716170870
0.182970947394058
-0.936234870639735
-0.509041415750372
0.758946694294553
0.773366225503512
-0.489599871965052
-0.943883330308368
0.160865609613697
0.999909362145144
0.187381314585727
-0.934648480581908
-0.512899277405908
0.756016693999247
0.776203631076355
-0.485681664337306
-0.945356108439570
0.156434465040228
0.999838867929057
0.191787907539964
-0.933043264819440
-0.516746808235998
0.753071466003604
0.779025402343250
-0.481753674101712
-0.946809845192920
0.152000169561263
0.999748234942505
0.196190637499101
-0.931419255684614
-0.520583930743608
0.750111069630456
0.781831482468034
-0.477815980375904
-0.948244511287226
0.147562812492451
0.999637465011020
0.200589415783287
-0.929776485888249
-0.524410567641373
0.747135564508140
0.784621814930593
-0.473868662472992
-0.949660077825428
0.143122483211104
0.999506560365730
0.204984153792239
-0.928114988519033
-0.528226641853087
0.744145010569347
0.787396343528018
-0.469911799899891
-0.951056516295154
0.138679271154426
0.999355523643320
0.209374763007088
-0.926434797042884
-0.532032076515346
0.741139468049843
0.790155012375693
-0.465945472355815
-0.952433798569326
0.134233265817637
0.999184357885973
0.213761154992127
-0.924735945302233
-0.535826794979002
0.738118997487333
0.792897765908484
-0.461969759730572
-0.953791896906694
0.129784556752275
0.998993066541313
0.218143241396549
-0.923018467515392
-0.539610720810797
0.735083659720163
0.795624548881795
-0.457984742103067
-0.955130783952423
0.125333233564296
0.998781653462333
0.222520933956330
-0.921282398275814
-0.543383777794826
0.732033515886165
0.798335306372703
-0.453990499739539
-0.956450432738634
0.120879385912309
0.998550122907319
0.226894144495901
-0.919527772551438
-0.547145889934089
0.728968627421405
0.801029983781123
-0.449987113092105
-0.957750816684936
0.116423103505797
0.998298479539762
0.231262784929957
-0.917754625683976
-0.550896981452113
0.725889056058875
0.803708526830801
-0.445974662797045
-0.959031909598973
0.111964476103302
0.998026728428270
0.235626767265330
-0.915962993388158
-0.554636976794328
0.722794863827372
0.806370881570481
-0.441953229673220
-0.960293685676945
0.107503593510510
0.997734875046454
0.239986003602588
-0.914152911751081
-0.558365800629688
0.719686113050185
0.809016994374953
-0.437922894720352
-0.961536119504153
0.103040545578619
0.997422925272831
0.244340406137925
-0.912324417231450
-0.562083377852140
0.716562866343780
0.811646811946206
-0.433883739117536
-0.962759186055468
0.098575422202411
0.997090885390701
0.248689887164866
-0.910477546658808
-0.565789633582231
0.713425186616665
0.814260281314395
-0.429835844221509
-0.963962860695862
0.094108313318501
0.996738762088012
0.253034359076152
-0.908612337232863
-0.569484493168476
0.710273137068033
0.816857349838977
-0.425779291565060
-0.965147119180896
0.089639308903412
0.996366562457240
0.257373734365331
-0.906728826522693
-0.573167882188953
0.707106781186537
0.819437965209741
-0.421714162855287
-0.966311937657230
0.085168498971929
0.995974293995235
0.261707925628637
-0.904827052466012
-0.576839726452759
0.703926182748928
0.822002075447908
-0.417640539972102
-0.967457292663057
0.080695973575178
0.995561964603078
0.266036845566721
-0.902907053368361
-0.580499952001572
0.700731405818891
0.824549628907144
-0.413558504966484
-0.968583161128634
0.076221822798837
0.995129582585908
0.270360406986407
-0.900968867902404
-0.584148485111093
0.697522514745673
0.827080574274570
-0.409468140058846
-0.969689520376692
0.071746136761322
0.994677156652774
0.274678522802398
-0.899012535107104
-0.587785252292486
0.694299574162810
0.829594860571844
-0.405369527637383
-0.970776348122925
0.067269005612031
0.994204695916446
0.278991106039246
-0.897038094386946
-0.591410180293929
0.691062648986822
0.832092437156172
-0.401262750256465
-0.971843622476432
0.062790519529295
0.993712209893236
0.283298069832774
-0.895045585511147
-0.595023196102064
0.687811804415950
0.834573253721325
-0.397147890634763
-0.972891321940156
0.058310768718912
0.993199708502805
0.287599327432050
-0.893035048612880
-0.598624226943469
0.684547105928674
0.837037260298658
-0.393025031653898
-0.973919425411316
0.053829843412093
0.992667202067971
0.291894792201075
-0.891006524188358
-0.602213200286123
0.681268619282645
0.839484407258109
-0.388894256356561
-0.974927912181825
0.049347833863707
0.992114701314474
0.296184377620528
-0.888960053096179
-0.605790043840868
0.677976410513193
0.841914645309176
-0.384755647944894
-0.975916761938751
0.044864830350462
0.991542217370800
0.300467997289510
-0.886895676556397
-0.609354685562818
0.674670545932040
0.844327925502026
-0.380609289778814
-0.976885954764653
0.040380923169087
0.990949761767929
0.304745564927233
-0.884813436149716
-0.612907053652993
0.671351092125963
0.846724199228299
-0.376455265374334
-0.977835471138034
0.035896202634568
0.990337346439111
0.309016994374968
-0.882713373816656
-0.616447076559493
0.668018115955454
0.849103418222213
-0.372293658401931
-0.978765291933720
0.031410759078105
0.989704983719626
0.313282199597462
-0.880595531856707
-0.619974682979121
0.664671684553414
0.851465534561500
-0.368124552684656
-0.979675398423246
0.026924682845631
0.989052686346534
0.317541094684882
-0.878459952927501
-0.623489801858771
0.661311865323633
0.853810500668376
-0.363948032196754
-0.980565772275232
0.022438064295764
0.988380467458427
0.321793593854495
-0.876306680043851
-0.626992362396862
0.657938725939687
0.856138269310495
-0.359764181061768
-0.981436395555743
0.017950993798048
0.987688340595133
0.326039611452396
-0.874135756577039
-0.630482294044764
0.654552334343403
0.858448793601903
-0.355573083550895
-0.982287250728692
0.013463561731127
0.986976319697489
0.330279061955230
-0.871947226253841
-0.633959526508219
0.651152758743535
0.860742027003956
-0.351374824081287
-0.983118320656132
0.008975858480931
0.986244419107033
0.334511859971916
-0.869741133155669
-0.637423989748710
0.647740067614388
0.863017923326367
-0.347169487214355
-0.983929588598636
0.004487974438849
0.985492653565717
0.338737920245317
-0.867517521717687
-0.640875613985051
0.644314329694441
0.865276436727967
-0.342957157654059
-0.984721038215635
-0.000000000000028
0.984721038215615
0.342957157654165
-0.865276436727911
-0.644314329694528
0.640875613984964
0.867517521717743
-0.338737920245264
-0.985492653565736
-0.004487974438962
0.983929588598616
0.347169487214460
-0.863017923326310
-0.647740067614473
0.637423989748667
0.869741133155725
-0.334511859971810
-0.986244419107042
-0.008975858481044
0.983118320656111
0.351374824081340
-0.860742027003928
-0.651152758743620
0.633959526508088
0.871947226253868
-0.330279061955123
-0.986976319697507
-0.013463561731183
0.982287250728682
0.355573083551000
-0.858448793601816
-0.654552334343445
0.630482294044677
0.874135756577094
-0.326039611452343
-0.987688340595142
-0.017950993798160
0.981436395555721
0.359764181061820
-0.856138269310436
-0.657938725939772
0.626992362396730
0.876306680043878
-0.321793593854389
-0.988380467458444
-0.022438064295820
0.980565772275210
0.363948032196859
-0.853810500668288
-0.661311865323675
0.623489801858683
0.878459952927555
-0.317541094684829
-0.989052686346550
-0.026924682845744
0.979675398423212
0.368124552684708
-0.851465534561441
-0.664671684553498
0.619974682979077
0.880595531856760
-0.313282199597355
-0.989704983719650
-0.031410759078161
0.978765291933697
0.372293658402036
-0.849103418222184
-0.668018115955538
0.616447076559405
0.882713373816736
-0.309016994374915
-0.990337346439127
-0.035896202634681
0.977835471138022
0.376455265374438
-0.846724199228239
-0.671351092126089
0.612907053652949
0.884813436149769
-0.304745564927126
-0.990949761767936
-0.040380923169199
0.976885954764629
0.380609289778971
-0.844327925501996
-0.674670545932123
0.609354685562729
0.886895676556423
-0.300467997289403
-0.991542217370814
-0.044864830350631
0.975916761938739
0.384755647944998
-0.841914645309115
-0.677976410513234
0.605790043840778
0.888960053096231
-0.296184377620366
-0.992114701314481
-0.049347833863819
0.974927912181800
0.388894256356613
-0.839484407258048
-0.681268619282728
0.602213200285988
0.891006524188383
-0.291894792200967
-0.992667202067985
-0.053829843412148
0.973919425411291
0.393025031654002
-0.837037260298565
-0.684547105928715
0.598624226943379
0.893035048612930
-0.287599327431997
-0.993199708502818
-0.058310768719025
0.972891321940117
0.397147890634815
-0.834573253721263
-0.687811804416032
0.595023196102019
0.895045585511198
-0.283298069832666
-0.993712209893255
-0.062790519529351
0.971843622476406
0.401262750256568
-0.832092437156141
-0.691062648986903
0.591410180293838
0.897038094387021
-0.278991106039192
-0.994204695916458
-0.067269005612143
0.970776348122912
0.405369527637486
-0.829594860571781
-0.694299574162932
0.587785252292441
0.899012535107153
-0.274678522802290
-0.994677156652780
-0.071746136761435
0.969689520376664
0.409468140059000
-0.827080574274539
-0.697522514745753
0.584148485111001
0.900968867902428
-0.270360406986299
-0.995129582585919
-0.076221822799006
0.968583161128620
0.413558504966587
-0.824549628907080
-0.700731405818930
0.580499952001527
0.902907053368410
-0.266036845566557
-0.995561964603083
