0.999999999999999
-0.033404373026482
-0.997768295725414
0.100064021715300
0.991083143909599
-0.166277043794128
-0.979974383116319
0.231747903494158
0.964491596283471
-0.296184377620477
-0.944703889414170
0.359298859863597
0.920699583128423
-0.420809644503892
-0.892585818452124
0.480442183779338
0.860488078602879
-0.537930313304319
-0.824549628907141
0.593017440070043
0.784930877348524
-0.645457687723952
-0.741808658601438
0.695016994016344
0.695375444745707
-0.741474155515826
-0.645838486185015
0.784621814930590
0.593418886603698
-0.824267386628732
-0.538350616090680
0.860233916226590
0.480879466835353
-0.892360870408477
-0.421261956056632
0.920504853452439
0.359764181061809
-0.944540247263951
-0.296660631545543
0.964359772060789
0.232232964430249
-0.979874965206535
-0.166768746716096
0.991016576055462
0.100560171952131
-0.997734875046455
-0.033902756056968
0.999999875666361
-0.032905981689419
-0.997801468292049
0.099567846595816
0.991149465313788
-0.165785299524494
-0.980073557338541
0.231262784929948
0.964623180668655
-0.295708050044054
-0.944867296647446
0.358833449319522
0.920894083856550
-0.420357228309569
-0.892810544538889
0.480004781253074
0.860742027003945
-0.537509876752293
-0.824831666147035
0.592615846072352
0.785239744579825
-0.645076728758678
-0.742142977223511
0.694658370458994
0.695733722557951
-0.741139468049850
-0.646219124047181
0.784312557402895
0.593820185573502
-0.823984939381998
-0.538770785006865
0.859979539938276
0.481316630312386
-0.892135700463877
-0.421714162855300
0.920309894877021
0.360229412798446
-0.944376370237484
-0.297136811700819
0.964227708033387
0.232717967617600
-0.979775303633915
-0.167260408168145
0.990949761767933
0.101056297182933
-0.997701206263482
-0.034401130656956
0.999999502665477
-0.032407582169724
-0.997834392738110
0.099071646717062
0.991215540251539
-0.165293514029491
-0.980172487848543
0.230777608858250
0.964754525183618
-0.295231648934703
-0.945030468923147
0.358367949545314
0.921088355588449
-0.419904707586150
-0.893035048612889
0.479567259365335
0.860995761366629
-0.537089306539143
-0.825113498278285
0.592214104710501
0.785548416547708
-0.644695609383932
-0.742477111298907
0.694299574162848
0.696091827363991
-0.740804596286742
-0.646599601215792
0.784003104842324
0.594221336879659
-0.823702287237177
-0.539190819948375
0.859724949801188
0.481753674101724
-0.891910308674338
-0.422166264787469
0.920114707450645
0.360694554957790
-0.944212258375512
-0.297612917967900
0.964095404234107
0.233202912935581
-0.979675398423235
-0.167752028028003
0.990882701063629
0.101552397284356
-0.997667289384867
-0.034899496702509
0.999998880997441
-0.031909174591309
-0.997867069055411
0.098575422202432
0.991281368706423
-0.164801687431386
-0.980271174621722
0.230292375399741
0.964885629795705
-0.294755174410901
-0.945193406200695
0.357902360656711
0.921282398275821
-0.419452082446171
-0.893259330618282
0.479129618224900
0.861249281627849
-0.536668602769458
-0.825395125230817
0.591812216084346
0.785856893175387
-0.644314329694505
-0.742811060744551
0.693940605217109
0.696449759074772
-0.740469540309772
-0.646979917596274
0.783693457325854
0.594622340422391
-0.823419430264543
-0.539610720810784
0.859470145878639
0.482190598094688
-0.891684695095866
-0.422618261740676
0.919919291221863
0.361159607424227
-0.944047911718850
-0.298088950228387
0.963962860695848
0.233687800263684
-0.979575249599348
-0.168243606173393
0.990815393959219
0.102048472133020
-0.997633124419045
-0.035397854069699
0.999998010662407
-0.031410759078155
-0.997899497235824
0.098079173175348
0.991346950662069
-0.164309819852494
-0.980369617633538
0.229807084674999
0.965016494472303
-0.294278626591160
-0.945356108439564
0.357436682769502
0.921476211870408
-0.418999353002185
-0.893483390499336
0.478691857940632
0.861502587724541
-0.536247765547878
-0.825676546934592
0.591410180293906
0.786165174386208
-0.643932889785146
-0.743144825477373
0.693581463711070
0.696807517601269
-0.740134300202278
-0.647360073093978
0.783383614930431
0.595023196102051
-0.823136368534459
-0.540030487489641
0.859215128234004
0.482627402182604
-0.891458859784615
-0.423070153602603
0.919723646239233
0.361624570082062
-0.943883330308375
-0.298564908363879
0.963830077451579
0.234172629481223
-0.979474857187141
-0.168735142482160
0.990747840471439
0.102544521605541
-0.997598711374513
-0.035896202634573
0.999996891660591
-0.030912335754117
-0.997931677271291
0.097582899759127
0.991412286102166
-0.163817911415155
-0.980467816859506
0.229321736804810
0.965147119180893
-0.293802005593901
-0.945518575599323
0.356970915999514
0.921669796324005
-0.418546519366797
-0.893707228200283
0.478253978621314
0.861755679593760
-0.535826794978979
-0.825957763319612
0.591007997439107
0.786473260103442
-0.643551289750792
-0.743478405414434
0.693222149733976
0.697165102854578
-0.739798876047603
-0.647740067614417
0.783073577733174
0.595423903818868
-0.822853102117263
-0.540450119880635
0.858959896930654
0.483064086256879
-0.891232802796718
-0.423521940260776
0.919527772551452
0.362089442815753
-0.943718514184983
-0.299040792256103
0.963697054534309
0.234657400467693
-0.979374221211600
-0.169226636831963
0.990680040617101
0.103040545578651
-0.997564050259822
-0.036394542273236
0.999995523992272
-0.030413904743249
-0.997963609153802
0.097086602077288
0.991477375010477
-0.163325962241607
-0.980565772275224
0.228836331909810
0.965277503888962
-0.293325311537751
-0.945680807639534
0.356505060462488
0.921863151588505
-0.418093581652534
-0.893930843665488
0.477815980375931
0.862008557172512
-0.535405691167537
-0.826238774315997
0.590605667619914
0.786781150250547
-0.643169529686292
-0.743811800472706
0.692862663375259
0.697522514745699
-0.739463267929118
-0.648119901063140
0.782763345811107
0.595824463473244
-0.822569631083461
-0.540869617879322
0.858704452032115
0.483500650208973
-0.891006524188362
-0.423973621602953
0.919331670207204
0.362554225509596
-0.943553463389698
-0.299516601786668
0.963563791977117
0.235142113102545
-0.979273341697739
-0.169718089100639
0.990611994413055
0.103536543928893
-0.997529141083600
-0.036892872861824
0.999993907657789
-0.029915466169381
-0.997995292875424
0.096590280253132
0.991542217370809
-0.162833972454236
-0.980663483856299
0.228350870110702
0.965407648564103
-0.292848544541195
-0.945842804519875
0.356039116274372
0.922056277615785
-0.417640539972131
-0.894154236839371
0.477377863313300
0.862261220397974
-0.534984454218173
-0.826519579853837
0.590203190936417
0.787088844750856
-0.642787609686577
-0.744145010569324
0.692503004724271
0.697879753185797
-0.739127475930355
-0.648499573345609
0.782452919241447
0.596224874965620
-0.822285955503476
-0.541288981381482
0.858448793601850
0.483937093930277
-0.890780024015840
-0.424425197516661
0.919135339255254
0.363018918048067
-0.943388177963543
-0.299992336837147
0.963430289813127
0.235626767265304
-0.979172218670631
-0.170209499166036
0.990543701876214
0.104032516533041
-0.997493983854519
-0.037391194276361
0.999992042657545
-0.029417020156629
-0.998026728428267
0.096093934410248
0.991606813167024
-0.162341942175496
-0.980760951578479
0.227865351528150
0.965537553173969
-0.292371704722735
-0.946004566200081
0.355573083550925
0.922249174357863
-0.417187394438141
-0.894377407666355
0.476939627542416
0.862513669207228
-0.534563084235778
-0.826800179863240
0.589800567488793
0.787396343527996
-0.642405529846574
-0.744478035621467
0.692143173870406
0.698236818086078
-0.738791500134737
-0.648879084367500
0.782142298101315
0.596625138196380
-0.822002075447882
-0.541708210282690
0.858192921703520
0.484373417312163
-0.890553302335527
-0.424876667889814
0.918938779744400
0.363483520315665
-0.943222657947601
-0.300467997289457
0.963296548075550
0.236111362835396
-0.979070852155435
-0.170700866905900
0.990475163023570
0.104528463267594
-0.997458578581335
-0.037889506392819
0.999989928992004
-0.028918566828714
-0.998057915804530
0.095597564671833
0.991671162383089
-0.161849871527516
-0.980858175417505
0.227379776282942
0.965667217686242
-0.291894792200999
-0.946166092639907
0.355106962408195
0.922441841766708
-0.416734145163400
-0.894600356090894
0.476501273172354
0.862765903537615
-0.534141581324940
-0.827080574274558
0.589397797376976
0.787703646505432
-0.642023290261338
-0.744810875546284
0.691783170903184
0.698593709357711
-0.738455340625926
-0.649258434034309
0.781831482468059
0.597025253065900
-0.821717990987336
-0.542127304478889
0.857936836400635
0.484809620246329
-0.890326359203698
-0.425328032610044
0.918741991723543
0.363948032196806
-0.943056903383049
-0.300943583025208
0.963162566797644
0.236595899692209
-0.978969242177380
-0.171192192197933
0.990406377872180
0.105024384009451
-0.997422925272834
-0.038387809087510
0.999987566661691
-0.028420106309697
-0.998088854996449
0.095101171161432
0.991735265002986
-0.161357760632769
-0.980955155349199
0.226894144495935
0.965796642068648
-0.291417807094689
-0.946327383799151
0.354640752961877
0.922634279794495
-0.416280792260412
-0.894823082057649
0.476062800311918
0.863017923326355
-0.533719945590571
-0.827360763018002
0.588994880701214
0.788010753606748
-0.641640891026006
-0.745143530260934
0.691422995912206
0.698950426911867
-0.738118997487360
-0.649637622251878
0.781520472418827
0.597425219474868
-0.821433702192350
-0.542546263865767
0.857680537756934
0.485245702624208
-0.890099194676839
-0.425779291565110
0.918544975241661
0.364412453575875
-0.942890914311144
-0.301419093926030
0.963028346012757
0.237080377715474
-0.978867388761687
