0.999999999999999
-0.107503593510525
-0.976885954764647
0.317541094684844
0.908612337232874
-0.512899277405905
-0.798335306372701
0.684547105928687
0.651152758743574
-0.824549628907139
-0.473868662472999
0.926434797042886
0.274678522802391
-0.985492653565725
-0.062790519529316
0.998993066541314
-0.152000169561264
-0.966311937657224
0.359764181061803
0.888960053096194
-0.550896981452101
-0.770513242775792
0.716562866343790
0.616447076559474
-0.849103418222191
-0.433883739117564
0.942391540464033
0.231262784929960
-0.992114701314476
-0.017950993798106
0.995974293995239
-0.196190637499086
-0.953791896906693
0.401262750256471
0.867517521717720
-0.587785252292469
-0.741139468049859
0.747135564508146
0.580499952001580
-0.871947226253855
-0.393025031653926
0.956450432738629
0.187381314585735
-0.996738762088012
0.026924682845658
0.990949761767935
-0.239986003602554
-0.939351046208928
0.441953229673221
0.844327925502020
-0.623489801858722
-0.710273137068059
0.776203631076347
0.543383777794815
-0.893035048612878
-0.351374824081347
0.968583161128628
0.143122483211133
-0.999355523643320
0.071746136761372
0.983929588598631
-0.283298069832735
-0.923018467515404
0.481753674101707
0.819437965209738
-0.657938725939699
-0.677976410513225
0.803708526830782
0.505173300974513
-0.912324417231446
-0.309016994374955
0.978765291933708
0.098575422202459
-0.999959716170870
0.116423103505813
0.974927912181826
-0.326039611452325
-0.904827052466028
0.520583930743586
0.792897765908493
-0.691062648986860
-0.644314329694501
0.829594860571823
0.465945472355840
-0.929776485888243
-0.266036845566699
0.986976319697490
0.053829843412133
-0.998550122907320
0.160865609613686
0.963962860695857
-0.368124552684658
-0.884813436149749
0.558365800629638
0.764760776027618
-0.722794863827385
-0.609354685562817
0.853810500668338
0.425779291565090
-0.945356108439560
-0.222520933956341
0.993199708502808
0.008975858481005
-0.995129582585911
0.204984153792215
0.951056516295159
-0.409468140058869
-0.863017923326363
0.595023196102011
0.735083659720200
-0.753071466003603
-0.573167882188934
0.876306680043854
0.384755647944957
-0.959031909598957
-0.178556894798667
0.997422925272830
-0.035896202634572
-0.989704983719636
0.248689887164837
0.936234870639744
-0.449987113092097
-0.839484407258093
0.630482294044687
0.703926182748971
-0.781831482468021
-0.535826794979011
0.897038094386958
0.342957157654155
-0.970776348122910
-0.134233265817688
0.999637465011019
-0.080695973575204
-0.982287250728691
0.291894792201013
0.919527772551459
-0.489599871965027
-0.814260281314397
0.664671684553398
0.671351092126033
-0.809016994374937
-0.497406623913239
0.915962993388156
0.300467997289478
-0.980565772275213
-0.089639308903469
0.999838867929058
-0.125333233564289
-0.972891321940148
0.334511859971823
0.900968867902430
-0.528226641853057
-0.787396343528033
0.697522514745694
0.637423989748722
-0.834573253721291
-0.457984742103113
0.933043264819434
0.257373734365359
-0.988380467458424
-0.044864830350525
0.998026728428273
-0.169718089100651
-0.961536119504162
0.376455265374367
0.880595531856765
-0.565789633582186
-0.758946694294561
0.728968627421382
0.602213200286096
-0.858448793601839
-0.417640539972154
0.948244511287207
0.213761154992147
-0.994204695916450
-0.000000000000042
0.994204695916452
-0.213761154992066
-0.948244511287233
0.417640539972078
0.858448793601882
-0.602213200286075
-0.728968627421439
0.758946694294544
0.565789633582254
-0.880595531856725
-0.376455265374444
0.961536119504139
0.169718089100733
-0.998026728428268
0.044864830350499
0.988380467458437
-0.257373734365279
-0.933043264819464
0.457984742103039
0.834573253721337
-0.637423989748658
-0.697522514745713
0.787396343527982
0.528226641853104
-0.900968867902394
-0.334511859971874
0.972891321940129
0.125333233564343
-0.999838867929057
0.089639308903386
0.980565772275223
-0.300467997289399
-0.915962993388178
0.497406623913167
0.809016994374969
-0.671351092125993
-0.664671684553460
0.814260281314365
0.489599871965099
-0.919527772551438
-0.291894792201093
0.982287250728681
0.080695973575287
-0.999637465011021
0.134233265817634
0.970776348122930
-0.342957157654104
-0.897038094386995
0.535826794978964
0.781831482468073
-0.703926182748912
-0.630482294044729
0.839484407258047
0.449987113092146
-0.936234870639715
-0.248689887164890
0.989704983719624
0.035896202634627
-0.997422925272834
0.178556894798585
0.959031909598973
-0.384755647944880
-0.876306680043880
0.573167882188865
0.753071466003639
-0.735083659720163
-0.595023196102078
0.863017923326335
0.409468140058945
-0.951056516295142
-0.204984153792297
0.995129582585906
-0.008975858480922
-0.993199708502818
0.222520933956288
0.945356108439587
-0.425779291565041
-0.853810500668381
0.609354685562774
0.722794863827443
-0.764760776027565
-0.558365800629684
0.884813436149710
0.368124552684710
-0.963962860695835
-0.160865609613740
0.998550122907316
-0.053829843412078
-0.986976319697499
0.266036845566619
0.929776485888263
-0.465945472355766
-0.829594860571854
0.644314329694437
0.691062648986900
-0.792897765908424
-0.520583930743657
0.904827052466004
0.326039611452403
-0.974927912181814
-0.116423103505896
0.999959716170870
-0.098575422202362
-0.978765291933722
0.309016994374916
0.912324417231480
-0.505173300974466
-0.803708526830831
0.677976410513185
0.657938725939773
-0.819437965209699
-0.481753674101743
0.923018467515372
0.283298069832787
-0.983929588598616
-0.071746136761427
0.999355523643323
-0.143122483211064
-0.968583161128638
0.351374824081283
0.893035048612902
-0.543383777794745
-0.776203631076382
0.710273137068000
0.623489801858776
-0.844327925501967
-0.441953229673283
0.939351046208909
0.239986003602635
-0.990949761767927
-0.026924682845685
0.996738762088023
-0.187381314585639
-0.956450432738649
0.393025031653888
0.871947226253868
-0.580499952001489
-0.747135564508201
0.741139468049818
0.587785252292496
-0.867517521717658
-0.401262750256560
0.953791896906670
0.196190637499139
-0.995974293995236
0.017950993797987
0.992114701314488
-0.231262784929892
-0.942391540464046
0.433883739117547
0.849103418222246
-0.616447076559409
-0.716562866343828
0.770513242775770
0.550896981452200
-0.888960053096150
-0.359764181061871
0.966311937657212
0.152000169561286
-0.998993066541309
0.062790519529229
0.985492653565736
-0.274678522802356
-0.926434797042891
0.473868662472910
0.824549628907183
-0.651152758743534
-0.684547105928708
0.798335306372631
0.512899277405984
-0.908612337232845
-0.317541094684885
0.976885954764643
0.107503593510632
-0.999999999999999
0.107503593510466
0.976885954764654
-0.317541094684727
-0.908612337232915
0.512899277405841
0.798335306372731
-0.684547105928669
-0.651152758743660
0.824549628907089
0.473868662473056
-0.926434797042871
-0.274678522802407
0.985492653565708
0.062790519529395
-0.998993066541316
0.152000169561234
0.966311937657255
-0.359764181061715
-0.888960053096226
0.550896981452061
0.770513242775804
-0.716562866343712
-0.616447076559540
0.849103418222158
0.433883739117594
-0.942391540463991
-0.231262784930054
0.992114701314467
0.017950993798154
-0.995974293995241
0.196190637498976
0.953791896906720
-0.401262750256408
-0.867517521717740
0.587785252292454
0.741139468049930
-0.747135564508090
-0.580499952001625
0.871947226253842
0.393025031654041
-0.956450432738600
-0.187381314585803
0.996738762088009
-0.026924682845632
-0.990949761767950
0.239986003602473
0.939351046208947
-0.441953229673184
-0.844327925502087
0.623489801858646
0.710273137068118
-0.776203631076313
-0.543383777794837
0.893035048612827
0.351374824081439
-0.968583161128611
-0.143122483211173
0.999355523643319
-0.071746136761261
-0.983929588598646
0.283298069832682
0.923018467515414
-0.481753674101597
-0.819437965209794
0.657938725939647
0.677976410513265
-0.803708526830766
-0.505173300974609
0.912324417231412
0.309016994375021
-0.978765291933700
-0.098575422202472
0.999959716170871
-0.116423103505730
-0.974927912181838
0.326039611452300
0.904827052466075
-0.520583930743515
-0.792897765908526
0.691062648986821
0.644314329694521
-0.829594860571761
-0.465945472355913
0.929776485888222
0.266036845566725
-0.986976319697472
-0.053829843412244
0.998550122907325
-0.160865609613632
-0.963962860695864
0.368124552684555
0.884813436149788
-0.558365800629593
-0.764760776027636
0.722794863827367
0.609354685562906
-0.853810500668295
-0.425779291565140
0.945356108439552
0.222520933956450
-0.993199708502798
-0.008975858481089
0.995129582585917
-0.204984153792189
-0.951056516295193
0.409468140058793
0.863017923326391
-0.595023196101990
-0.735083659720276
0.753071466003530
0.573167882189002
-0.876306680043827
-0.384755647944981
0.959031909598925
0.178556894798749
-0.997422925272827
0.035896202634517
0.989704983719640
-0.248689887164729
-0.936234870639773
0.449987113092048
0.839484407258107
-0.630482294044600
-0.703926182749030
0.781831482467969
0.535826794979057
-0.897038094386947
-0.342957157654260
0.970776348122890
0.134233265817743
-0.999637465011018
0.080695973575178
0.982287250728712
-0.291894792200933
-0.919527772551481
0.489599871965004
0.814260281314462
-0.664671684553335
-0.671351092126074
0.809016994374905
0.497406623913262
-0.915962993388111
-0.300467997289558
0.980565772275202
0.089639308903496
-0.999838867929060
0.125333233564178
0.972891321940168
-0.334511859971771
-0.900968867902442
0.528226641852962
0.787396343528084
-0.697522514745634
-0.637423989748743
0.834573253721277
0.457984742103187
-0.933043264819404
-0.257373734365385
0.988380467458420
0.044864830350665
-0.998026728428278
