0.999999999999999
0.205472204769819
-0.915562346134058
-0.581717432498605
0.676508819317004
0.859724949801190
-0.323209657454460
-0.992546151641321
-0.084671634772623
0.957750816684930
0.478253978621318
-0.761215017830409
-0.791071034656340
0.436128798589648
0.970295726275996
-0.037391194276326
-0.985661428529862
-0.367660859476876
0.834573253721302
0.710624072444950
-0.542546263865758
-0.933580426497201
0.158896606741103
0.998878098732276
0.251586763744507
-0.895489924657300
-0.619583342081498
0.640875613985022
0.882947592858928
-0.278033236783170
-0.997203797181179
-0.131762088840137
0.943056903383059
0.519306051163170
-0.729650984817448
-0.819152044288993
0.393025031653925
0.980663483856310
0.009973144676493
-0.976565075805975
-0.411287103130614
0.807548940058696
0.743144825477392
-0.502157728550454
-0.949503736732325
0.111964476103306
0.995514912254014
0.297136811700826
-0.873408200617130
-0.656059028990511
0.603804410325477
0.904189075869143
-0.232232964430240
-0.999623914312565
-0.178556894798641
0.926246956610308
0.559192903470752
-0.696449759074765
-0.845395038487747
0.349039394155675
0.988830826225127
0.057315105862005
-0.965277503888966
-0.453990499739553
0.778712646036892
0.773998108266224
-0.460642450450628
-0.963296548075553
0.064781119290145
0.989917986891562
0.342020143325677
-0.849366721041931
-0.691062648986862
0.565378388799124
0.923401737138393
-0.185911607162907
-0.999801072770522
-0.224951054343860
0.907358694567862
0.597825037323711
-0.661685837596854
-0.869741133155694
0.304270581179848
0.994779427478933
0.104528463267650
-0.951824039861320
-0.495675231314096
0.748129074605522
0.803114692137301
-0.418093581652547
-0.974927912181823
0.017452406437286
0.982099881040237
0.386136049285745
-0.823419430264534
-0.724515660859273
0.525683769810508
0.940542467248617
-0.139173100960053
-0.997734875046455
-0.270840468143005
0.886434498785991
0.635115769842191
-0.625437223758874
-0.892135700463885
0.258819045102522
0.998495940131150
0.151507279442416
-0.936234870639733
-0.536247765547870
0.715866849259720
0.830429245225898
-0.374606593415899
-0.984371730566861
-0.029915466169400
0.972078136985774
0.429385542199400
-0.795624548881773
-0.756343002654877
0.484809620246336
0.955572805786138
-0.092122317800399
-0.993429957280053
-0.316122169413029
0.863521319028230
0.670981427985964
-0.587785252292460
-0.912528491425411
0.212786770195558
0.999972025061269
0.198146143199389
-0.918544975241630
-0.575617065685680
0.681998360062496
0.855880479068556
-0.330279061955176
-0.991606813167031
-0.077216214377247
0.959875241542888
0.471671578744796
-0.766044443118966
-0.786473260103456
0.442847653627046
0.968459027639232
-0.044864830350521
-0.986895978856718
-0.360694554957812
0.838670567945421
0.705341536300407
-0.548814406786677
-0.930873748644209
0.166277043794121
0.999204370226178
0.244340406137890
-0.898794046299170
-0.613694794792057
0.646599601215794
0.879411286122239
-0.285210449497806
-0.996616925885649
-0.124343704647497
0.945518575599314
0.512899277405905
-0.734745484892443
-0.814838826856954
0.399892024319731
0.979172218670631
0.002493324919477
-0.978147600733806
-0.404457613145660
0.811938005715851
0.738118997487342
-0.508612130123434
-0.947130308985608
0.119394224540231
0.996194698091744
0.289986417453587
-0.877026400996768
-0.650395513961889
0.609750000544464
0.900968867902421
-0.239501881110718
-0.999390827019095
-0.171192192197991
0.929040352678498
0.552976131367943
-0.701797902883992
-0.841376056184753
0.356039116274342
0.987688340595134
0.049845885660700
-0.967204452544315
-0.447313148315624
0.783383614930429
0.769240265396235
-0.467268628273060
-0.961261695938325
0.072243508222628
0.990949761767932
0.334981756510530
-0.853290881632155
-0.685636874028450
0.571532241275946
0.920504853452444
-0.193255917795520
-0.999922292480974
-0.217656558273583
0.910477546658820
0.591812216084375
-0.667275624961656
-0.866025403784436
0.311387326757138
0.993988284916783
0.097086602077296
-0.954091088551914
-0.489165001109285
0.753071466003598
0.798635510047283
-0.424876667889832
-0.973236201460457
0.024930691738078
0.983481329856164
0.379225462652912
-0.827640746023861
-0.719339800338670
0.532032076515342
0.937975407878398
-0.146576326362067
-0.998210129767734
-0.263632546011864
0.889871808811471
0.629320391049848
-0.631256112300254
-0.888731561387347
0.266036845566651
0.998057915804530
0.144109475329993
-0.938836932555993
-0.529919264233205
0.721069573411975
0.826238774315988
-0.381531368161940
-0.983026957126164
-0.022438064295805
0.973806160042900
0.422618261740688
-0.800133548011199
-0.751428670181041
0.491338136832512
0.953341330705968
-0.099567846595830
-0.994258180634412
-0.309016994374977
0.867269374343288
0.665416495326275
-0.593820185573513
-0.909443580859484
0.220089430227558
0.999888101810272
0.190808995376562
-0.921476211870413
-0.569484493168456
0.687449743083297
0.851988121927998
-0.337329987382814
-0.990611994413049
-0.069756473744130
0.961945961498697
0.465062788901243
-0.770831008314814
-0.781831482468017
0.449541731392496
0.966568143838553
-0.052335956242953
-0.988075312474493
-0.353708069622615
0.842720958654037
0.700019536383360
-0.555051843608783
-0.928114988519043
0.173648177666896
0.999474736358009
0.237080377715519
-0.902047880524284
-0.607771911354038
0.652287411278095
0.875825776431855
-0.292371704722716
-0.995974293995237
-0.116918363439804
0.947927346167121
0.506463806996920
-0.739798876047570
-0.810480019292376
0.406736643075793
0.977626168919310
-0.004986634338762
-0.979675398423231
-0.397605493806773
0.816281643541084
0.733051871829845
-0.515038074910058
-0.944703889414175
0.126817292884965
0.996818746958190
0.282819798501854
-0.880595531856740
-0.644695609383950
0.615661475325672
0.897698250837944
-0.246757397690268
-0.999101823931317
-0.163817911415152
0.931781769052794
0.546728420318345
-0.707106781186529
-0.837309998994517
0.363018918048096
0.986490593923526
0.042373876588201
-0.969077286229071
-0.440610769775873
0.788010753606714
0.764439383627704
-0.473868662472999
-0.959173061326993
0.079701855139665
0.991926093126564
0.327924627507235
-0.857167300702112
-0.680172737770934
0.577654116593893
0.917556467632736
-0.200589415783242
-0.999987566661691
-0.210349884345514
0.913545457642606
0.585766283024058
-0.672828078337030
-0.862261220397959
0.318486650251667
0.993141528831895
0.089639308903439
-0.956304755963026
-0.482627402182605
0.757971723145442
0.794111644398349
-0.431635982329613
-0.971490038292873
0.032407582169722
0.984807753012204
0.372293658401979
-0.831815755384867
-0.714123692844365
0.538350616090689
0.935355868899038
-0.153971350836498
-0.998629534754573
-0.256409873672051
0.893259330618293
0.623489801858742
-0.637039682139439
-0.885277697888854
0.273239761301898
0.997564050259822
0.136703608310084
-0.941386466660891
-0.523561114000643
0.726231953809978
0.822002075447902
-0.388434796274686
-0.981627183447669
-0.014959407015261
0.975479698764708
0.415827335842019
-0.804597779766663
-0.746472295365170
0.497839163110141
0.951056516295141
-0.107007804582361
-0.995030775365400
-0.301894529873875
0.870968906043098
0.659814332695190
-0.599821894687927
-0.906307787036675
0.227379776282935
0.999748234942505
0.183461171813742
-0.924355892018026
-0.563320058063624
0.692862663375273
0.848048096156451
-0.344362039239022
-0.989561751039373
-0.062292830244911
0.963962860695846
0.458427978851641
-0.775574445610239
-0.777145961456992
0.456210657353162
0.964623180668647
-0.059804153944989
-0.989199363399614
-0.346701794364185
0.846724199228253
0.694658370459012
-0.561258225348254
-0.925304300474021
0.181009595945438
0.999689182000815
0.229807084674984
-0.905251245280996
-0.601815023152054
0.657938725939731
0.872191264396631
-0.299516601786601
-0.995275937465124
-0.109486480664060
0.950283080316077
0.499999999999995
-0.744810875546294
-0.806075865470085
0.413558504966515
0.976025421103617
-0.012466314595365
-0.981148383394169
-0.390731128489257
0.820579610508356
0.727943732009928
-0.521435203379504
-0.942224613775865
0.134233265817618
0.997387023937892
0.275637355816969
-0.884115393504587
-0.638959634165665
0.621538503922757
0.894377407666362
-0.253999108223683
-0.998756921218921
-0.156434465040299
0.934471052351302
0.540450119880626
-0.712376096951368
-0.833197094412473
0.369978408957869
0.985237653224054
0.034899496702556
-0.970895900158413
-0.433883739117546
0.792593803177863
0.759595731569298
-0.480442183779340
-0.957030761100401
0.087155742747616
0.992846926341835
0.320849151161107
-0.860995761366604
-0.674670545932087
0.583743672234803
0.914556744641125
-0.207911690817731
-0.999996891660591
-0.203031441367137
0.916562255869960
0.579687576411986
-0.678342887063911
-0.858448793601891
0.325568154457142
0.992239206600169
0.082187000421290
-0.958464918240227
-0.476062800311913
0.762829571862293
0.789543348300257
-0.438371146789075
-0.969689520376678
0.039882659401058
0.986079076295141
0.365341024366374
-0.835944224756257
-0.708867630216955
0.544639035015036
0.932683996873451
-0.161357760632773
-0.998993066541314
-0.249172855231172
0.896596874675000
0.617624328489625
-0.642787609686558
-0.881774303211673
0.280427389305983
0.997014371128743
0.129290092740098
-0.943883330308356
-0.517173670587909
0.731353701619196
0.817719385664454
-0.395316491508178
-0.980172487848537
-0.007479912757785
0.977098659516905
0.409013144454865
-0.809016994374910
-0.741474155515845
0.504312335347599
0.948718490388786
-0.114441775495394
-0.995747698246436
-0.294755174410875
0.874619707139371
0.654175253533045
-0.605790043840835
-0.903121285404216
0.234657400467691
0.999552432283502
0.176103083621007
-0.927183854566773
-0.557124105270573
0.698236818086096
0.844060622197813
-0.351374824081331
-0.988456141806986
-0.054825701469417
0.965925826289062
0.451767519812797
-0.780274489610364
-0.772416959224620
0.462854058383452
0.962624246950001
-0.067269005611996
-0.990268068741568
-0.339676121182899
0.850680065687310
0.689258338483961
-0.567433204758794
-0.922441841766753
0.188360886759267
0.999847695156390
0.222520933956276
-0.908403961341487
-0.595824463473272
0.663553229010232
0.868507953367013
-0.306644740933318
-0.994521895368271
-0.102048472133084
0.952585646243137
0.493508218064340
-0.749781202967686
-0.801626611801864
0.420357228309562
0.974370064785227
-0.019945297363250
-0.982566473233285
-0.383834901812981
0.824831666147006
0.722794863827408
-0.527803157613217
-0.939692620785931
0.141641728415554
0.997899497235825
0.268439491255856
-0.887585789004532
-0.633187909234148
0.627380757516710
0.891006524188392
-0.261226607538117
-0.998356138179169
-0.149042266176240
0.937108052108941
0.534141581324926
-0.717605555360837
-0.829037572555065
0.376917199620997
0.983929588598624
0.027423164194291
-0.972660192581115
-0.427132432717182
0.797132507222883
0.754709580222790
-0.486988824404371
-0.954834915120015
0.094604754002498
0.993712209893241
0.313755723344342
-0.864776049423782
-0.669130606358869
0.589800567488782
0.911505852311697
-0.215222333218596
-0.999950266955942
-0.195701638804661
0.919527772551435
0.573576436351048
-0.683819742589343
-0.854588336700985
0.332631443164269
0.991281368706421
0.074730093586482
-0.960571454522703
-0.469471562785881
0.767644740357966
0.784930877348543
-0.445081784436592
-0.967834748450657
0.047355505202544
0.987295228574593
0.358367949545277
-0.840025923150741
-0.703571906532498
0.550896981452113
0.929959941292510
-0.168735142482114
-0.999300704788398
-0.241921895599631
0.899884254246464
0.611724299115012
-0.648499573345638
-0.878221573370253
0.287599327432000
0.996408909165774
0.121869343405210
-0.946327383799154
-0.510757291371680
0.736434530278312
0.813390944581550
-0.402176068832413
-0.978662951718831
-0.000000000000049
0.978662951718834
0.402176068832399
-0.813390944581492
-0.736434530278378
0.510757291371693
0.946327383799186
-0.121869343405111
-0.996408909165775
-0.287599327431986
0.878221573370205
0.648499573345626
-0.611724299115023
-0.899884254246507
0.241921895599645
0.999300704788397
0.168735142482212
-0.929959941292474
-0.550896981452101
0.703571906532508
0.840025923150794
-0.358367949545291
-0.987295228574591
-0.047355505202643
0.967834748450660
0.445081784436579
-0.784930877348482
-0.767644740358030
0.469471562785894
0.960571454522730
-0.074730093586383
-0.991281368706423
-0.332631443164255
0.854588336700934
0.683819742589332
-0.573576436351060
-0.919527772551474
0.195701638804564
0.999950266955942
0.215222333218693
-0.911505852311657
-0.589800567488770
0.669130606358880
0.864776049423832
-0.313755723344356
-0.993712209893239
-0.094604754002596
0.954834915120019
0.486988824404358
-0.754709580222725
-0.797132507222943
0.427132432717195
0.972660192581111
-0.027423164194192
-0.983929588598627
-0.376917199620984
0.829037572555009
0.717605555360826
-0.534141581324939
-0.937108052108976
0.149042266176142
0.998356138179170
0.261226607538103
-0.891006524188347
-0.627380757516699
0.633187909234159
0.887585789004578
-0.268439491255871
-0.997899497235824
-0.141641728415652
0.939692620785897
0.527803157613205
-0.722794863827339
-0.824831666147062
0.383834901812995
0.982566473233282
0.019945297363349
-0.974370064785231
-0.420357228309549
0.801626611801805
0.749781202967751
-0.493508218064353
-0.952585646243167
0.102048472132985
0.994521895368272
0.306644740933304
-0.868507953366964
-0.663553229010221
0.595824463473284
0.908403961341528
-0.222520933956291
-0.999847695156390
-0.188360886759364
0.922441841766715
0.567433204758781
-0.689258338483971
-0.850680065687362
0.339676121182912
0.990268068741566
0.067269005612095
-0.962624246950005
-0.462854058383439
0.772416959224557
0.780274489610426
-0.451767519812810
-0.965925826289087
0.054825701469318
0.988456141806989
0.351374824081318
-0.844060622197760
-0.698236818086085
0.557124105270585
0.927183854566810
-0.176103083620910
-0.999552432283503
-0.234657400467787
0.903121285404174
0.605790043840823
-0.654175253533056
-0.874619707139419
0.294755174410889
0.995747698246446
0.114441775495492
-0.948718490388791
-0.504312335347586
0.741474155515854
0.809016994374901
-0.409013144454775
-0.977098659516926
0.007479912757686
0.980172487848540
0.395316491508165
-0.817719385664463
-0.731353701619108
0.517173670587824
0.943883330308389
-0.129290092740000
-0.997014371128745
-0.280427389305969
0.881774303211680
0.642787609686633
-0.617624328489547
-0.896596874675044
0.249172855231186
0.998993066541313
0.161357760632759
-0.932683996873457
-0.544639035015119
0.708867630216885
0.835944224756312
-0.365341024366388
-0.986079076295139
-0.039882659401043
0.969689520376654
0.438371146789164
-0.789543348300196
-0.762829571862284
0.476062800311926
0.958464918240223
-0.082187000421305
-0.992239206600156
-0.325568154457235
0.858448793601840
0.678342887063900
-0.579687576411998
-0.916562255869954
0.203031441367262
0.999996891660591
0.207911690817828
-0.914556744641085
-0.583743672234791
0.674670545932098
0.860995761366596
-0.320849151161013
-0.992846926341847
-0.087155742747715
0.957030761100405
0.480442183779327
-0.759595731569307
-0.792593803177854
0.433883739117456
0.970895900158437
-0.034899496702457
-0.985237653224057
-0.369978408957855
0.833197094412481
0.712376096951438
-0.540450119880543
-0.934471052351338
0.156434465040201
0.998756921218922
0.253999108223669
-0.894377407666369
-0.621538503922834
0.638959634165589
0.884115393504633
-0.275637355816983
-0.997387023937891
-0.134233265817604
0.942224613775908
0.521435203379589
-0.727943732009861
-0.820579610508412
0.390731128489270
0.981148383394166
0.012466314595350
-0.976025421103596
-0.413558504966605
0.806075865470026
0.744810875546284
-0.500000000000008
-0.950283080316072
0.109486480664075
0.995275937465114
0.299516601786695
-0.872191264396582
-0.657938725939720
0.601815023152066
0.905251245280989
-0.229807084674887
-0.999689182000818
-0.181009595945535
0.925304300473984
0.561258225348242
-0.694658370459023
-0.846724199228246
0.346701794364092
0.989199363399628
0.059804153945087
-0.964623180668651
-0.456210657353149
0.777145961457001
0.775574445610158
-0.458427978851553
-0.963962860695872
0.062292830244812
0.989561751039375
0.344362039239008
-0.848048096156459
-0.692862663375345
0.563320058063543
0.924355892018064
-0.183461171813756
-0.999748234942506
-0.227379776282920
0.906307787036681
0.599821894688006
-0.659814332695116
-0.870968906043147
0.301894529873889
0.995030775365398
0.107007804582346
-0.951056516295110
-0.497839163110227
0.746472295365104
0.804597779766688
-0.415827335842033
-0.975479698764705
0.014959407015332
0.981627183447639
0.388434796274777
-0.822002075447878
-0.726231953810007
0.523561114000655
0.941386466660886
-0.136703608310155
-0.997564050259816
-0.273239761301993
0.885277697888835
0.637039682139471
-0.623489801858754
-0.893259330618261
0.256409873671901
0.998629534754578
0.153971350836596
-0.935355868899023
-0.538350616090677
0.714123692844376
0.831815755384827
-0.372293658401835
-0.984807753012222
-0.032407582169764
0.971490038292863
0.431635982329600
-0.794111644398393
-0.757971723145543
0.482627402182518
0.956304755963055
-0.089639308903397
-0.993141528831897
-0.318486650251653
0.862261220397995
0.672828078337146
-0.585766283023978
-0.913545457642623
0.210349884345473
0.999987566661691
0.200589415783228
-0.917556467632765
-0.577654116593974
0.680172737770861
0.857167300702134
-0.327924627507195
-0.991926093126562
-0.079701855139593
0.959173061326949
0.473868662473086
-0.764439383627641
-0.788010753606740
0.440610769775887
0.969077286229068
-0.042373876588273
-0.986490593923501
-0.363018918048188
0.837309998994494
0.707106781186559
-0.546728420318357
-0.931781769052789
0.163817911415222
0.999101823931313
0.246757397690364
-0.897698250837926
-0.615661475325661
0.644695609383961
0.880595531856706
-0.282819798501704
-0.996818746958197
-0.126817292885007
0.944703889414161
0.515038074910046
-0.733051871829855
-0.816281643541043
0.397605493806682
0.979675398423251
0.004986634338804
-0.977626168919301
-0.406736643075779
0.810480019292418
0.739798876047675
-0.506463806996835
-0.947927346167152
0.116918363439762
0.995974293995238
0.292371704722702
-0.875825776431890
-0.652287411278213
0.607771911353959
0.902047880524303
-0.237080377715478
-0.999474736358008
-0.173648177666882
0.928114988519069
0.555051843608865
-0.700019536383289
-0.842720958654060
0.353708069622575
0.988075312474491
0.052335956242881
-0.966568143838513
-0.449541731392585
0.781831482467991
0.770831008314841
-0.465062788901256
-0.961945961498693
0.069756473744201
0.990611994413036
0.337329987382907
-0.851988121927976
-0.687449743083327
0.569484493168468
0.921476211870385
-0.190808995376409
-0.999888101810271
-0.220089430227655
0.909443580859467
0.593820185573501
-0.665416495326286
-0.867269374343252
0.309016994374829
0.994258180634423
0.099567846595872
-0.953341330705955
-0.491338136832500
0.751428670181051
0.800133548011157
-0.422618261740598
-0.973806160042923
0.022438064295762
0.983026957126156
0.381531368161927
-0.826238774316028
-0.721069573412083
0.529919264233121
0.938836932556007
