0.999999999999999
-0.580499952001573
-0.326039611452342
0.959031909598965
-0.787396343528010
-0.044864830350517
0.839484407258077
-0.929776485888250
0.239986003602563
0.651152758743576
-0.995974293995238
0.505173300974496
0.409468140058892
-0.980565772275220
0.728968627421408
0.134233265817664
-0.884813436149740
0.893035048612883
-0.152000169561260
-0.716562866343795
0.983929588598627
-0.425779291565067
-0.489599871965061
0.994204695916451
-0.664671684553421
-0.222520933956323
0.923018467515399
-0.849103418222187
0.062790519529305
0.776203631076360
-0.963962860695848
0.342957157654125
0.565789633582223
-0.999838867929058
0.595023196102032
0.309016994374957
-0.953791896906695
0.798335306372689
0.026924682845672
-0.829594860571838
0.936234870639730
-0.257373734365295
-0.637423989748698
0.997422925272832
-0.520583930743590
-0.393025031653933
0.976885954764650
-0.741139468049841
-0.116423103505832
0.876306680043869
-0.900968867902410
0.169718089100646
0.703926182748953
-0.986976319697492
0.441953229673207
0.473868662473021
-0.992114701314479
0.677976410513205
0.204984153792254
-0.915962993388172
0.858448793601848
-0.080695973575194
-0.764760776027607
0.968583161128622
-0.359764181061786
-0.550896981452113
0.999355523643321
-0.609354685562791
-0.291894792201044
0.948244511287235
-0.809016994374935
-0.008975858481037
0.819437965209748
-0.942391540464028
0.274678522802354
0.623489801858755
-0.998550122907319
0.535826794978965
0.376455265374416
-0.972891321940148
0.753071466003587
0.098575422202469
-0.867517521717724
0.908612337232859
-0.187381314585701
-0.691062648986895
0.989704983719629
-0.457984742103047
-0.457984742103104
0.989704983719638
-0.691062648986848
-0.187381314585764
0.908612337232886
-0.867517521717706
0.098575422202404
0.753071466003630
-0.972891321940139
0.376455265374356
0.535826794979020
-0.998550122907322
0.623489801858704
0.274678522802416
-0.942391540464049
0.819437965209711
-0.008975858480972
-0.809016994374973
0.948244511287214
-0.291894792201009
-0.609354685562842
0.999355523643319
-0.550896981452059
-0.359764181061846
0.968583161128638
-0.764760776027565
-0.080695973575258
0.858448793601881
-0.915962993388146
0.204984153792163
0.677976410513242
-0.992114701314471
0.473868662472939
0.441953229673252
-0.986976319697502
0.703926182748897
0.169718089100696
-0.900968867902438
0.876306680043831
-0.116423103505796
-0.741139468049884
0.976885954764633
-0.393025031653900
-0.520583930743646
0.997422925272837
-0.637423989748670
-0.257373734365343
0.936234870639758
-0.829594860571818
0.026924682845621
0.798335306372737
-0.953791896906685
0.309016994374909
0.595023196102084
-0.999838867929056
0.565789633582182
0.342957157654185
-0.963962860695873
0.776203631076328
0.062790519529370
-0.849103418222232
0.923018467515382
-0.222520933956260
-0.664671684553480
0.994204695916447
-0.489599871965005
-0.425779291565138
0.983929588598635
-0.716562866343755
-0.152000169561338
0.893035048612900
-0.884813436149713
0.134233265817585
0.728968627421433
-0.980565772275209
0.409468140058827
0.505173300974527
-0.995974293995243
0.651152758743521
0.239986003602650
-0.929776485888268
0.839484407258040
-0.044864830350429
-0.787396343528040
0.959031909598946
-0.326039611452262
-0.580499952001610
0.999999999999999
-0.580499952001505
-0.326039611452384
0.959031909598983
-0.787396343527961
-0.044864830350559
0.839484407258110
-0.929776485888221
0.239986003602524
0.651152758743619
-0.995974293995231
0.505173300974465
0.409468140058945
-0.980565772275234
0.728968627421383
0.134233265817714
-0.884813436149774
0.893035048612867
-0.152000169561210
-0.716562866343845
0.983929588598612
-0.425779291565021
-0.489599871965117
0.994204695916461
-0.664671684553384
-0.222520933956386
0.923018467515432
-0.849103418222164
0.062790519529241
0.776203631076410
-0.963962860695838
0.342957157654064
0.565789633582288
-0.999838867929058
0.595023196101980
0.309016994375032
-0.953791896906706
0.798335306372659
0.026924682845751
-0.829594860571858
0.936234870639712
-0.257373734365218
-0.637423989748726
0.997422925272828
-0.520583930743535
-0.393025031654019
0.976885954764661
-0.741139468049797
-0.116423103505925
0.876306680043894
-0.900968867902382
0.169718089100569
0.703926182748989
-0.986976319697481
0.441953229673136
0.473868662473053
-0.992114701314487
0.677976410513147
0.204984153792290
-0.915962993388220
0.858448793601844
-0.080695973575157
-0.764760776027648
0.968583161128606
-0.359764181061699
-0.550896981452214
0.999355523643322
-0.609354685562762
-0.291894792201106
0.948244511287255
-0.809016994374880
-0.008975858481130
0.819437965209752
-0.942391540464015
0.274678522802319
0.623489801858805
-0.998550122907314
0.535826794978887
0.376455265374423
-0.972891321940156
0.753071466003563
0.098575422202533
-0.867517521717771
0.908612337232820
-0.187381314585581
-0.691062648986901
0.989704983719624
-0.457984742102989
-0.457984742103162
0.989704983719652
-0.691062648986760
-0.187381314585772
0.908612337232901
-0.867517521717674
0.098575422202340
0.753071466003691
-0.972891321940111
0.376455265374349
0.535826794979051
-0.998550122907324
0.623489801858653
0.274678522802506
-0.942391540464080
0.819437965209706
-0.008975858480936
-0.809016994374994
0.948244511287194
-0.291894792200920
-0.609354685562916
0.999355523643315
-0.550896981452052
-0.359764181061880
0.968583161128654
-0.764760776027523
-0.080695973575351
0.858448793601943
-0.915962993388143
0.204984153792156
0.677976410513290
-0.992114701314463
0.473868662472882
0.441953229673361
-0.986976319697504
0.703926182748892
0.169718089100760
-0.900968867902466
0.876306680043800
-0.116423103505676
-0.741139468049890
0.976885954764631
-0.393025031653841
-0.520583930743701
0.997422925272842
-0.637423989748577
-0.257373734365461
0.936234870639761
-0.829594860571781
0.026924682845557
0.798335306372776
-0.953791896906648
0.309016994374793
0.595023196102090
-0.999838867929056
0.565789633582128
0.342957157654246
-0.963962860695890
0.776203631076252
0.062790519529378
-0.849103418222237
0.923018467515357
-0.222520933956197
-0.664671684553529
0.994204695916434
-0.489599871964998
-0.425779291565145
0.983929588598646
-0.716562866343709
-0.152000169561402
0.893035048612954
-0.884813436149657
0.134233265817578
0.728968627421477
-0.980565772275196
0.409468140058768
0.505173300974632
-0.995974293995253
0.651152758743515
0.239986003602657
-0.929776485888292
0.839484407258005
-0.044864830350365
-0.787396343528115
0.959031909598944
-0.326039611452254
-0.580499952001663
0.999999999999999
-0.580499952001452
-0.326039611452499
0.959031909598985
-0.787396343527956
-0.044864830350623
0.839484407258145
-0.929776485888197
0.239986003602406
0.651152758743711
-0.995974293995230
0.505173300974409
0.409468140059004
-0.980565772275247
0.728968627421300
0.134233265817834
-0.884813436149777
0.893035048612838
-0.152000169561146
-0.716562866343890
0.983929588598600
-0.425779291564911
-0.489599871965124
0.994204695916461
-0.664671684553335
-0.222520933956449
0.923018467515457
-0.849103418222100
0.062790519529233
0.776203631076415
-0.963962860695821
0.342957157654003
0.565789633582342
-0.999838867929060
0.595023196101974
0.309016994375039
-0.953791896906726
0.798335306372620
0.026924682845815
-0.829594860571926
0.936234870639670
-0.257373734365211
-0.637423989748776
0.997422925272824
-0.520583930743480
-0.393025031654078
0.976885954764687
-0.741139468049792
-0.116423103505933
0.876306680043925
-0.900968867902354
0.169718089100505
0.703926182749076
-0.986976319697480
0.441953229673129
0.473868662473110
-0.992114701314495
0.677976410513100
0.204984153792409
-0.915962993388201
0.858448793601811
-0.080695973575093
-0.764760776027690
0.968583161128590
-0.359764181061638
-0.550896981452268
0.999355523643324
-0.609354685562711
-0.291894792201168
0.948244511287276
-0.809016994374842
-0.008975858481194
0.819437965209789
-0.942391540463994
0.274678522802257
0.623489801858856
-0.998550122907310
0.535826794978832
0.376455265374483
-0.972891321940171
0.753071466003521
0.098575422202597
-0.867517521717803
0.908612337232793
-0.187381314585629
-0.691062648986947
0.989704983719615
-0.457984742102932
-0.457984742103219
0.989704983719661
-0.691062648986714
-0.187381314585835
0.908612337232928
-0.867517521717642
0.098575422202276
0.753071466003733
-0.972891321940096
0.376455265374289
0.535826794979105
-0.998550122907328
0.623489801858603
0.274678522802568
-0.942391540464102
0.819437965209669
-0.008975858480871
-0.809016994375032
0.948244511287173
-0.291894792200858
-0.609354685562967
0.999355523643317
-0.550896981451998
-0.359764181061940
0.968583161128670
-0.764760776027481
-0.080695973575415
0.858448793601977
-0.915962993388117
0.204984153792092
0.677976410513421
-0.992114701314455
0.473868662472925
0.441953229673419
-0.986976319697514
0.703926182748765
0.169718089100824
-0.900968867902445
0.876306680043769
-0.116423103505724
-0.741139468050009
0.976885954764618
-0.393025031653676
-0.520583930743756
0.997422925272839
-0.637423989748527
-0.257373734365413
0.936234870639823
-0.829594860571745
0.026924682845378
0.798335306372815
-0.953791896906663
0.309016994374732
0.595023196102142
-0.999838867929052
0.565789633582075
0.342957157654200
-0.963962860695907
0.776203631076283
0.062790519529556
-0.849103418222271
0.923018467515289
-0.222520933956134
-0.664671684553492
0.994204695916427
-0.489599871964941
-0.425779291565307
0.983929588598658
-0.716562866343744
-0.152000169561466
0.893035048612932
-0.884813436149627
0.134233265817514
0.728968627421599
