0.999999999999999
-0.752086349649503
0.131267754658232
0.554636976794311
-0.965537553173971
0.897698250837941
-0.384755647944933
-0.318959309298073
0.864525533178362
-0.981436395555738
0.611724299115002
0.061297405329133
-0.703926182748949
0.997529141083600
-0.796529918024191
0.200589415783269
0.494808795034666
-0.944867296647450
0.926434797042883
-0.448650632745077
-0.251586763744518
0.827080574274569
-0.992485256199831
0.665788652558003
-0.008975858480986
-0.652287411278133
0.990128774621973
-0.837037260298624
0.268919820615252
0.432535407828777
-0.919527772551453
0.950593163890355
-0.510328512712682
-0.182970947394074
0.785548416547723
-0.998629534754572
0.716562866343779
-0.079204766131180
-0.597425219474883
0.977835471138029
-0.873408200617119
0.335921299574108
0.368124552684704
-0.889644201664091
0.970053967548091
-0.569484493168430
-0.113450940249996
0.740134300202287
-0.999838867929058
0.763796028634623
-0.149042266176142
-0.539610720810803
0.960709980668822
-0.905463004055313
0.401262750256455
0.301894529873939
-0.855364260160520
0.984721038215623
-0.625826241948786
-0.043370290571350
0.691062648986876
-0.996107279539974
0.807254726470152
-0.218143241396501
-0.479129618224923
0.938836932555993
-0.933043264819429
0.464621273650209
0.234172629481271
-0.816857349838978
0.994521895368269
-0.679075334029071
0.026924682845626
0.638575961155395
-0.987453210044209
0.846724199228265
-0.286166214270773
-0.416280792260440
0.912324417231467
-0.956012689043015
0.525683769810469
0.165293514029515
-0.774313760984884
0.999408105935467
-0.728968627421372
0.097086602077241
0.582933611109077
-0.973919425411315
0.882009399911590
-0.352775034460812
-0.351374824081392
0.881303452065011
-0.974257768312783
0.584148485111045
0.095597564671861
-0.727943732009951
0.999355523643322
-0.775259563548013
0.166768746716046
0.524410567641405
-0.955572805786159
0.912935959014678
-0.417640539972090
-0.284732460668185
0.845927333913381
-0.987688340595130
0.639726503425746
0.025429199124096
-0.677976410513250
0.994364408338681
-0.817719385664386
0.235626767265250
0.463296035119912
-0.932504014986103
0.939351046208910
-0.480442183779264
-0.216683029776518
0.806370881570500
-0.996238035791512
0.692143173870375
-0.044864830350482
-0.624658720898542
0.984459424705060
-0.856138269310430
0.303320386816803
0.399892024319776
-0.904827052466055
0.961124125586816
-0.540869617879278
-0.147562812492512
0.762829571862295
-0.999864603720712
0.741139468049799
-0.114937150492796
-0.568254144143313
0.969689520376698
-0.890326359203654
0.369515082603718
0.334511859971918
-0.872678689965214
0.978147600733793
-0.598624226943397
-0.077713381426610
0.715518573655470
-0.998550122907324
0.786473260103410
-0.184441483668924
-0.509041415750457
0.950127684053228
-0.920114707450617
0.433883739117495
0.267478632400301
-0.836217795619867
0.990337346439104
-0.653420603990040
-0.007479912757808
0.664671684553474
-0.992301089144618
0.827920523222515
-0.253034359076043
-0.447313148315705
0.925870584810021
-0.945356108439548
0.496108264620264
0.199123600901114
-0.795624548881833
0.997633124419040
-0.704987960785671
0.062790519529200
0.610540175535007
-0.981148383394190
0.865276436727903
-0.320376810078660
-0.383374385519075
0.897038094387016
-0.965925826289041
0.555881163064810
0.129784556752367
-0.751099550122345
0.999998880997441
-0.753071466003541
0.132750658786176
0.553391549243415
-0.965147119180911
0.898356398235611
-0.386136049285643
-0.317541094684940
0.863772694816256
-0.981722211257618
0.612907053652920
0.059804153945152
-0.702862829321848
0.997422925272840
-0.797433504528527
0.202054781745313
0.493508218064454
-0.944376370237518
0.926996935909925
-0.449987113092037
-0.250138605360501
0.826238774316067
-0.992667202067958
0.666904130524101
-0.010471784116146
-0.651152758743641
0.989917986891573
-0.837854851683680
0.270360406986241
0.431186108523603
-0.918938779744431
0.951056516295126
-0.511614467557085
-0.181500001629336
0.784621814930661
-0.998706711663813
0.717605555360747
-0.080695973575136
-0.596224874965673
0.977521153141473
-0.874135756576975
0.337329987382684
0.366733198901058
-0.888960053096254
0.970416243733736
-0.570713567684338
-0.111964476103411
0.739127475930406
-0.999810894492901
0.764760776027550
-0.150521386302474
-0.538350616090822
0.960293685676986
-0.906096929213736
0.402632578164994
0.300467997289572
-0.854588336701021
0.984980447915464
-0.626992362396743
-0.041875653729285
0.689980577501633
-0.995974293995244
0.808136764729564
-0.219602964810793
-0.477815980376045
0.938320717781238
-0.933580426497155
0.465945472355720
0.232717967617694
-0.815993485882609
0.994677156652768
-0.680172737770862
0.028420106309521
0.637423989748821
-0.987215869567957
0.847519169570045
-0.287599327431882
-0.414920112910247
0.911710833661543
-0.956450432738598
0.526955795496592
0.163817911415226
-0.773366225503561
0.999458451547157
-0.729991891397276
0.098575422202281
0.581717432498729
-0.973578902873192
0.882713373816620
-0.354174455327900
-0.349973827323292
0.880595531856785
-0.974593930820387
0.585362051785669
0.094108313318699
-0.726917207456734
0.999300704788404
-0.776203631076255
0.168243606173269
0.523136191838808
-0.955130783952459
0.913545457642554
-0.418999353002101
-0.283298069832839
0.845128575408826
-0.987921260694483
0.640875613984888
0.023933658491917
-0.676875969682775
0.994204695916466
-0.818579591429659
0.237080377715375
0.461969759730692
-0.931962678204011
0.939863057589380
-0.481753674101540
-0.215222333218807
0.805485232008706
-0.996366562457228
0.693222149733870
-0.046359269721838
-0.623489801858841
0.984195607969264
-0.856910362418528
0.304745564927117
0.398520403422701
-0.904189075869225
0.961536119504095
-0.542127304478757
-0.146083028562581
0.761861407873510
-0.999888101810270
0.742142977223419
-0.116423103505693
-0.567022523362491
0.969322903035195
-0.891006524188270
0.370904785546087
0.333101671730488
-0.871947226253951
0.978457541230213
-0.599821894687783
-0.076221822799037
0.714472679632902
-0.998468476299791
0.787396343527936
-0.185911607162804
-0.507753179550939
0.949660077825489
-0.920699583128347
0.435231099372160
0.266036845566844
-0.835396459481436
0.990543701876195
-0.654552334343325
-0.005983950294519
0.663553229010304
-0.992114701314505
0.828758619280094
-0.254481388115364
-0.445974662797245
0.925304300474067
-0.945842804519826
0.497406623913077
0.197657340379280
-0.794717399127643
0.997734875046446
-0.706048161055742
0.064283493203766
0.609354685562982
-0.980858175417543
0.866025403784338
-0.321793593854270
-0.381992265099428
0.896375930360224
-0.966311937657182
0.557124105270448
0.128301068387979
-0.750111069630544
0.999995523992273
-0.754054896979778
0.134233265817446
0.552144883199427
-0.964754525183671
0.899012535107042
-0.387515586451945
-0.316122169413177
0.863017923326426
-0.982005829860169
0.614088436501722
0.058310768719172
-0.701797902884150
0.997314477224473
-0.798335306372578
0.203519695507680
0.492206536620276
-0.943883330308424
0.927557000153096
-0.451322586365562
-0.248689887164993
0.825395125230962
-0.992846926341808
0.668018115955333
-0.011967686315371
-0.650016648925976
0.989704983719662
-0.838670567945322
0.271800388289297
0.429835844221688
-0.918347730347707
0.951517740230553
-0.512899277405693
-0.180028649666680
0.783693457325981
-0.998781653462323
0.718646638372783
-0.082187000421033
-0.595023196102187
0.977204647447591
-0.874861356216605
0.338737920245143
0.365341024366637
-0.888273915031271
0.970776348122860
-0.571941364940338
-0.110477761379784
0.738118997487481
-0.999780683474849
0.765723811881903
-0.152000169561090
-0.537089306539289
0.959875241542933
-0.906728826522596
0.404001504979764
0.299040792256317
-0.853810500668467
0.985237653224020
-0.628157079632541
-0.040380923169350
0.688896961836369
-0.995839079454956
0.809016994374846
-0.221062196752638
-0.476501273172560
0.937802403039877
-0.934115498817101
0.467268628272955
0.231262784930170
-0.815127795728743
0.994830191844697
-0.681268619282441
0.029915466169215
0.636270591784075
-0.986976319697521
0.848312243159587
-0.289031796944335
-0.413558504966744
0.911095209678075
-0.956886035893205
0.528226641852804
0.162341942175669
-0.772416959224795
0.999506560365725
-0.731013521647593
0.100064021715135
0.580499952001792
-0.973236201460484
0.883415372204590
-0.355573083550825
-0.348572047322029
0.879885640871335
-0.974927912181776
0.586574308417049
0.092618851350508
-0.725889056059088
0.999243649493392
-0.777145961456800
0.169718089100524
0.521860645254761
-0.954686624531161
0.914152911750999
-0.420357228309262
-0.281863044975045
0.844327925502182
-0.988151969821024
0.642023290261127
0.022438064295974
-0.675774014000418
0.994042758459044
-0.819437965209586
0.238533457578456
0.460642450450838
-0.931419255684740
0.940372965551501
-0.483064086256629
-0.213761154992301
0.804597779766843
-0.996492859249489
0.694299574162647
-0.047853605341025
-0.622319487445819
0.983929588598652
-0.857680537756822
0.306170061015136
0.397147890634976
-0.903549075692618
0.961945961498652
-0.543383777794556
-0.144602917697972
0.760891538834997
-0.999909362145142
0.743144825477222
-0.117908795962920
-0.565789633582409
0.968954116344117
-0.891684695095779
0.372293658401648
0.331690738005705
-0.871213811120335
0.978765291933674
-0.601018220027700
-0.074730093586579
0.713425186616863
-0.998384595114710
0.788317664755382
-0.187381314585389
-0.506463806997110
0.949190346253638
-0.921282398275745
0.436577485577399
0.264594463341455
-0.834573253721457
0.990747840471421
