0.999999999999999
-0.053829843412128
-0.994204695916451
0.160865609613698
0.976885954764647
-0.266036845566675
-0.948244511287225
0.368124552684677
0.908612337232874
-0.465945472355825
-0.858448793601866
0.558365800629660
0.798335306372700
-0.644314329694493
-0.728968627421412
0.722794863827391
0.651152758743573
-0.792897765908474
-0.565789633582213
0.853810500668346
0.473868662472999
-0.904827052466019
-0.376455265374395
0.945356108439568
0.274678522802389
-0.974927912181822
-0.169718089100670
0.993199708502812
0.062790519529316
-0.999959716170870
0.044864830350517
0.995129582585911
-0.152000169561266
-0.978765291933710
0.257373734365299
0.951056516295153
-0.359764181061808
-0.912324417231455
0.457984742103067
0.863017923326348
-0.550896981452100
-0.803708526830792
0.637423989748691
0.735083659720178
-0.716562866343787
-0.657938725939710
0.787396343528010
0.573167882188927
-0.849103418222194
-0.481753674101717
0.900968867902415
0.384755647944933
-0.942391540464033
-0.283298069832755
0.972891321940145
0.178556894798638
-0.992114701314476
-0.071746136761376
0.999838867929057
-0.035896202634576
-0.995974293995238
0.143122483211118
0.980565772275220
-0.248689887164858
-0.953791896906691
0.351374824081337
0.915962993388164
-0.449987113092120
-0.867517521717719
0.543383777794808
0.809016994374947
-0.630482294044709
-0.741139468049851
0.710273137068056
0.664671684553429
-0.781831482468032
-0.580499952001573
0.844327925502011
0.489599871965048
-0.897038094386961
-0.393025031653928
0.939351046208924
0.291894792201047
-0.970776348122916
-0.187381314585720
0.990949761767932
0.080695973575222
-0.999637465011020
0.026924682845649
0.996738762088014
-0.134233265817660
-0.982287250728690
0.239986003602561
0.956450432738629
-0.342957157654118
-0.919527772551451
0.441953229673231
0.871947226253868
-0.535826794978993
-0.814260281314375
0.623489801858722
0.747135564508151
-0.703926182748948
-0.671351092126013
0.776203631076350
0.587785252292468
-0.839484407258069
-0.497406623913225
0.893035048612887
0.401262750256486
-0.936234870639735
-0.300467997289446
0.968583161128627
0.196190637499098
-0.989704983719635
-0.089639308903446
0.999355523643320
-0.017950993798104
-0.997422925272834
0.125333233564301
0.983929588598627
-0.231262784929940
-0.959031909598965
0.334511859971851
0.923018467515401
-0.433883739117555
-0.876306680043859
0.528226641853074
0.819437965209732
-0.616447076559475
-0.753071466003618
0.697522514745700
0.677976410513215
-0.770513242775781
-0.595023196102038
0.834573253721306
0.505173300974510
-0.888960053096192
-0.409468140058883
0.933043264819439
0.309016994374949
-0.966311937657225
-0.204984153792241
0.988380467458429
0.098575422202436
-0.998993066541313
0.008975858480997
0.998026728428270
-0.116423103505812
-0.985492653565726
0.222520933956322
0.961536119504151
-0.326039611452340
-0.926434797042883
0.425779291565063
0.880595531856738
-0.520583930743615
-0.824549628907146
0.609354685562784
0.758946694294549
-0.691062648986857
-0.684547105928709
0.764760776027603
0.602213200286089
-0.829594860571814
-0.512899277405898
0.884813436149733
0.417640539972157
-0.929776485888254
-0.317541094684853
0.963962860695845
0.213761154992105
-0.986976319697493
-0.107503593510553
0.998550122907320
0.000000000000009
-0.998550122907321
0.107503593510534
0.986976319697496
-0.213761154992087
-0.963962860695850
0.317541094684835
0.929776485888261
-0.417640539972140
-0.884813436149742
0.512899277405882
0.829594860571825
-0.602213200286075
-0.764760776027615
0.684547105928696
0.691062648986870
-0.758946694294537
-0.609354685562799
0.824549628907135
0.520583930743631
-0.880595531856742
-0.425779291565080
0.926434797042876
0.326039611452331
-0.961536119504146
-0.222520933956340
0.985492653565728
0.116423103505831
-0.998026728428269
-0.008975858480987
0.998993066541314
-0.098575422202417
-0.988380467458428
0.204984153792223
0.966311937657230
-0.309016994374958
-0.933043264819446
0.409468140058866
0.888960053096187
-0.505173300974494
-0.834573253721316
0.595023196102046
0.770513242775793
-0.677976410513201
-0.697522514745693
0.753071466003606
0.616447076559490
-0.819437965209738
-0.528226641853089
0.876306680043850
0.433883739117547
-0.923018467515394
-0.334511859971869
0.959031909598968
0.231262784929958
-0.983929588598624
-0.125333233564291
0.997422925272833
0.017950993798122
-0.999355523643320
0.089639308903427
0.989704983719637
-0.196190637499108
-0.968583161128632
0.300467997289428
0.936234870639732
-0.401262750256469
-0.893035048612896
0.497406623913233
0.839484407258079
-0.587785252292453
-0.776203631076344
0.671351092125999
0.703926182748961
-0.747135564508158
-0.623489801858737
0.814260281314364
0.535826794978984
-0.871947226253859
-0.441953229673248
0.919527772551455
0.342957157654136
-0.956450432738624
-0.239986003602552
0.982287250728687
0.134233265817679
-0.996738762088015
-0.026924682845667
0.999637465011021
-0.080695973575232
-0.990949761767934
0.187381314585702
0.970776348122914
-0.291894792201029
-0.939351046208931
0.393025031653937
0.897038094386970
-0.489599871965032
-0.844327925502006
0.580499952001570
0.781831482468043
-0.664671684553436
-0.710273137068059
0.741139468049839
0.630482294044701
-0.809016994374945
-0.543383777794824
0.867517521717724
0.449987113092124
-0.915962993388157
-0.351374824081328
0.953791896906690
0.248689887164876
-0.980565772275222
-0.143122483211122
0.995974293995236
0.035896202634566
-0.999838867929057
0.071746136761358
0.992114701314475
-0.178556894798634
-0.972891321940149
0.283298069832765
0.942391540464035
-0.384755647944916
-0.900968867902411
0.481753674101713
0.849103418222204
-0.573167882188935
-0.787396343528012
0.657938725939696
0.716562866343780
-0.735083659720175
-0.637423989748705
0.803708526830798
0.550896981452104
-0.863017923326339
-0.457984742103052
0.912324417231453
0.359764181061826
-0.951056516295158
-0.257373734365359
0.978765291933718
0.152000169561250
-0.995129582585910
-0.044864830350535
0.999959716170870
-0.062790519529255
-0.993199708502808
0.169718089100686
0.974927912181823
-0.274678522802371
-0.945356108439581
0.376455265374338
0.904827052466003
-0.473868662473014
-0.853810500668347
0.565789633582198
0.792897765908498
-0.651152758743529
-0.722794863827365
0.728968627421423
0.644314329694494
-0.798335306372689
-0.558365800629694
0.858448793601836
0.465945472355791
-0.908612337232881
-0.368124552684678
0.948244511287219
0.266036845566711
-0.976885954764635
-0.160865609613661
0.994204695916453
0.053829843412128
-0.999999999999999
0.053829843412091
0.994204695916457
-0.160865609613736
-0.976885954764642
0.266036845566675
0.948244511287231
-0.368124552684643
-0.908612337232897
0.465945472355859
0.858448793601855
-0.558365800629663
-0.798335306372712
0.644314329694465
0.728968627421449
-0.722794863827418
-0.651152758743557
0.792897765908475
0.565789633582228
-0.853810500668327
-0.473868662473047
0.904827052466035
0.376455265374373
-0.945356108439568
-0.274678522802407
0.974927912181815
0.169718089100723
-0.993199708502816
-0.062790519529293
0.999959716170870
-0.044864830350498
-0.995129582585914
0.152000169561213
0.978765291933702
-0.257373734365323
-0.951056516295152
0.359764181061791
0.912324417231468
-0.457984742103019
-0.863017923326329
0.550896981452120
0.803708526830786
-0.637423989748677
-0.735083659720200
0.716562866343754
0.657938725939681
-0.787396343528025
-0.573167882188919
0.849103418222184
0.481753674101745
-0.900968867902395
-0.384755647944898
0.942391540464041
0.283298069832746
-0.972891321940140
-0.178556894798670
0.992114701314470
0.071746136761338
-0.999838867929058
0.035896202634586
0.995974293995239
-0.143122483211086
-0.980565772275229
0.248689887164895
0.953791896906684
-0.351374824081346
-0.915962993388172
0.449987113092090
0.867517521717743
-0.543383777794840
-0.809016994374933
0.630482294044716
0.741139468049864
-0.710273137068033
-0.664671684553464
0.781831482468055
0.580499952001554
-0.844327925502017
-0.489599871965064
0.897038094386953
0.393025031653971
-0.939351046208937
-0.291894792201010
0.970776348122918
0.187381314585738
-0.990949761767929
-0.080695973575269
0.999637465011021
-0.026924682845687
-0.996738762088013
0.134233265817642
0.982287250728694
-0.239986003602516
-0.956450432738618
0.342957157654154
0.919527772551448
-0.441953229673214
-0.871947226253877
0.535826794978953
0.814260281314352
-0.623489801858752
-0.747135564508145
0.703926182748935
0.671351092126027
-0.776203631076320
-0.587785252292437
0.839484407258090
0.497406623913216
-0.893035048612879
-0.401262750256503
0.936234870639719
0.300467997289409
-0.968583161128636
-0.196190637499089
0.989704983719632
0.089639308903465
-0.999355523643319
0.017950993798142
0.997422925272831
-0.125333233564311
-0.983929588598631
0.231262784929922
0.959031909598979
-0.334511859971887
-0.923018467515386
0.433883739117564
0.876306680043868
-0.528226641853058
-0.819437965209759
0.616447076559505
0.753071466003593
-0.697522514745707
-0.677976410513229
0.770513242775769
0.595023196102076
-0.834573253721327
-0.505173300974477
0.888960053096196
0.409468140058900
-0.933043264819433
-0.309016994374994
0.966311937657235
0.204984153792204
-0.988380467458431
-0.098575422202454
0.998993066541312
-0.008975858480949
-0.998026728428268
0.116423103505850
0.985492653565724
-0.222520933956304
-0.961536119504156
0.326039611452296
0.926434797042869
-0.425779291565097
-0.880595531856733
0.520583930743599
0.824549628907156
-0.609354685562770
-0.758946694294524
0.691062648986884
0.684547105928681
