0.999999999999999
-0.672459082520334
-0.095597564671821
0.801029983781115
-0.981722211257633
0.519306051163168
0.283298069832749
-0.900318771402193
0.927557000153157
-0.347169487214418
-0.460642450450632
0.966695886414319
-0.839484407258076
0.162341942175466
0.621147780278310
-0.997734875046455
0.720723977066249
0.028420106309703
-0.758946694294555
0.992301089144611
-0.575617065685673
-0.218143241396543
0.869001873620735
-0.950593163890358
0.409468140058889
0.399892024319741
-0.947290187621394
0.874135756577055
-0.228350870110655
-0.567022523362387
0.990949761767934
-0.765723811882020
0.038886102236384
0.713425186616678
-0.998384595114689
0.629320391049830
0.152000169561268
-0.833748180182043
0.969322903035167
-0.469911799899898
-0.337329987382831
0.923593027544010
-0.904827052466018
0.293325311537734
0.510328512712697
-0.979675398423233
0.807254726470166
-0.106016147021420
-0.664671684553426
0.999945169365511
-0.680172737770918
-0.085168498971968
0.794717399127555
-0.983661367188565
0.528226641853082
0.273239761301928
-0.895711760239413
0.931419255684619
-0.356970915999500
-0.451322586365706
0.963962860695853
-0.845128575408724
0.172665912166263
0.612907053652983
-0.996975742105722
0.727943732009914
0.017950993798085
-0.752086349649510
0.993543599524647
-0.584148485111091
-0.207911690817775
0.863772694816214
-0.953791896906690
0.418999353002200
0.390272055913740
-0.943883330308370
0.879173780697052
-0.238533457578585
-0.558365800629676
0.989489765582891
-0.772416959224597
0.049347833863755
0.706048161055823
-0.998924831061297
0.637423989748687
0.141641728415584
-0.827920523222581
0.971843622476420
-0.479129618224892
-0.327453495516757
0.919527772551445
-0.909236109047064
0.303320386816847
0.501295010989921
-0.977521153141464
0.813390944581521
-0.116423103505820
-0.656811397846133
0.999780683474844
-0.687811804415950
-0.074730093586427
0.788317664755526
-0.985492653565723
0.537089306539138
0.263151488952134
-0.891006524188365
0.935179370598555
-0.366733198900914
-0.441953229673229
0.961124125586835
-0.850680065687329
0.182970947394044
0.604599114862377
-0.996107279539971
0.735083659720183
0.007479912757715
-0.745143530260954
0.994677156652775
-0.592615846072338
-0.197657340379137
0.858448793601867
-0.956886035893271
0.428484617944760
0.380609289778848
-0.940372965551584
0.884115393504597
-0.248689887164837
-0.549647846794691
0.987921260694513
-0.779025402343248
0.059804153945044
0.698593709357669
-0.999355523643321
0.645457687723931
0.131267754658251
-0.822002075447915
0.974257768312789
-0.488294894587948
-0.317541094684835
0.915361680976484
-0.913545457642587
0.313282199597408
0.492206536620133
-0.975259711649585
0.819437965209729
-0.126817292884951
-0.648879084367474
0.999506560365730
-0.695375444745724
-0.064283493204021
0.781831482468041
-0.987215869567930
0.545893073330297
0.253034359076129
-0.886203579231209
0.938836932555991
-0.376455265374361
-0.432535407828784
0.958179992386571
-0.856138269310454
0.193255917795548
0.596224874965613
-0.995129582585909
0.742142977223525
-0.002991988539380
-0.738118997487358
0.995701636221685
-0.601018220027913
-0.187381314585730
0.853030753803463
-0.959875241542891
0.437922894720380
0.370904785546307
-0.936759478302075
0.888960053096183
-0.258819045102508
-0.540869617879337
0.986244419107040
-0.785548416547713
0.070253915826921
0.691062648986847
-0.999676625630462
0.653420603990090
0.120879385912338
-0.815993485882556
0.976565075805976
-0.497406623913229
-0.307593871893517
0.911095209678039
-0.917754625683969
0.323209657454441
0.483064086256917
-0.972891321940145
0.825395125230824
-0.137197575318816
-0.640875613985012
0.999122830098856
-0.702862829321752
-0.053829843412148
0.775259563548046
-0.988830826225127
0.554636976794310
0.242889481131213
-0.881303452064984
0.942391540464022
-0.386136049285720
-0.423070153602614
0.955130783952426
-0.861502587724548
0.203519695507870
0.587785252292466
-0.994042758459026
0.749120910386222
-0.013463561731158
-0.731013521647804
0.996616925885647
-0.609354685562802
-0.177084740319583
0.847519169570121
-0.962759186055464
0.447313148315601
0.361159607424262
-0.933043264819451
0.893707228200278
-0.268919820615259
-0.532032076515336
0.984459424705046
-0.791985286515978
0.080695973575239
0.683455805808997
-0.999888101810273
0.661311865323683
0.110477761379516
-0.809895413436091
0.978765291933700
-0.506463806996885
-0.297612917967932
0.906728826522719
-0.921863151588491
0.333101671730292
0.473868662473005
-0.970416243733766
0.831261771375080
-0.147562812492471
-0.632801864369464
0.998629534754571
-0.710273137068081
-0.043370290571281
0.768602628680562
-0.990337346439109
0.563320058063580
0.232717967617631
-0.876306680043880
0.945842804519874
-0.395774489027918
-0.413558504966534
0.951976834664475
-0.866772432671646
0.213761154992120
0.579281172342667
-0.992846926341834
0.756016693999270
-0.023933658491785
-0.723827881937788
0.997422925272836
-0.617624328489571
-0.166768746716152
0.841914645309193
-0.965537553173961
0.456654348983398
0.351374824081363
-0.929224732628397
0.898356398235636
-0.278991106039228
-0.523136191838688
0.982566473233285
-0.798335306372713
0.091129182100692
0.675774014000192
-0.999989928992004
0.669130606358809
0.100064021715358
-0.803708526830819
0.980858175417494
-0.515465450616826
-0.287599327432046
0.902263010333666
-0.925870584809988
0.342957157654123
0.464621273650238
-0.967834748450664
0.837037260298636
-0.157911867740855
-0.624658720898459
0.998026728428268
-0.717605555360839
-0.032905981689371
0.761861407873444
-0.991735265002976
0.571941364940490
0.222520933956351
-0.871213811120204
0.949190346253530
-0.405369527637421
-0.404001504980003
0.948718490388800
-0.871947226253864
0.223979173156857
0.570713567684416
-0.991542217370800
0.762829571862287
-0.034401130656994
-0.716562866343838
0.998119545996324
-0.625826241948773
-0.156434465040275
0.836217795619861
-0.968210038219149
0.465945472355803
0.341551508529370
-0.925304300474000
0.902907053368370
-0.289031796944475
-0.514182939383396
0.980565772275215
-0.804597779766683
0.101552397284396
0.668018115955471
-0.999982096009159
0.676875969682616
0.089639308903486
-0.797433504528607
0.982843496749086
-0.524410567641338
-0.277554198388956
0.897698250837950
-0.929776485888247
0.352775034460841
0.455322933869010
-0.965147119180888
0.842720958654048
-0.168243606173436
-0.616447076559444
0.997314477224454
-0.724859280117695
-0.022438064295865
0.755036640377554
-0.993024428619194
0.580499952001541
0.212299498367080
-0.866025403784450
0.952433798569316
-0.414920112910118
-0.394400201675769
0.945356108439567
-0.877026400996771
0.234172629481241
0.562083377852110
-0.990128774621967
0.769558796866442
-0.044864830350561
-0.709219271556584
0.998706711663816
-0.633959526508125
-0.146083028562451
0.830429245225921
-0.970776348122911
0.475185499556436
0.331690738005531
-0.921282398275823
0.907358694567865
-0.299040792256096
-0.505173300974486
0.978457541230244
-0.810772019947108
0.111964476103346
0.660188962196541
-0.999864603720715
0.684547105928648
0.079204766131250
-0.791071034656365
0.984721038215620
-0.533298177137539
-0.267478632400262
0.893035048612890
-0.933580426497199
0.362554225509618
0.445974662797060
-0.962353650653275
0.848312243159741
-0.178556894798667
-0.608167831851757
0.996492859249500
-0.732033515886142
-0.011967686315642
0.748129074605558
-0.994204695916446
0.588994880701215
0.202054781745414
-0.860742027003953
0.955572805786136
-0.424425197516711
-0.384755647944934
0.941890057539849
-0.882009399911619
0.244340406137916
0.553391549243318
-0.988606753095258
0.776203631076309
-0.055323610109785
-0.701797902884030
0.999184357885972
-0.642023290261320
-0.135715572434338
0.824549628907155
-0.973236201460446
0.484373417312188
0.321793593854455
-0.917159467080767
0.911710833661497
-0.309016994374962
-0.496108264620338
0.976242011289662
-0.816857349838977
0.122364276755766
0.652287411278168
-0.999637465011022
0.692143173870371
0.068761537663851
-0.784621814930613
0.986490593923516
-0.542127304478892
-0.257373734365315
0.888273915031159
-0.937281989491891
0.372293658401952
0.436577485577656
-0.959454649203127
0.853810500668362
-0.188850602648229
-0.599821894687969
0.995561964603085
-0.739127475930305
-0.001495995943751
0.741139468049882
-0.995275937465122
0.597425219474851
0.191787907539980
-0.855364260160513
0.958607023676475
-0.433883739117558
-0.375068901421500
0.938320717781185
-0.886895676556424
0.254481388115593
0.544639035014997
-0.986976319697488
0.782763345811151
-0.065776323011948
-0.694299574162799
0.999552432283505
-0.650016648925879
-0.125333233564220
0.818579591429684
-0.975589328481140
0.493508218064241
0.311861161409636
-0.912935959014744
0.915962993388126
-0.318959309297982
-0.486988824404441
0.973919425411321
-0.822853102117224
0.132750658786207
0.644314329694537
-0.999300704788399
0.699663340513334
0.058310768718975
-0.778086552580969
0.988151969821050
-0.550896981452090
-0.247240612400056
0.883415372204707
-0.940880768954227
0.381992265099275
0.427132432717178
-0.956450432738623
0.859215128234014
-0.199123600901059
-0.591410180293869
0.994521895368267
-0.746140382317598
0.008975858481068
0.734068587199575
-0.996238035791524
0.605790043840892
0.181500001629343
-0.849892692986927
0.961536119504116
-0.443294700476884
-0.365341024366488
0.934648480581943
-0.891684695095837
0.264594463341208
0.535826794979057
-0.985237653224069
0.789237221724043
-0.076221822798834
-0.686725107669379
0.999810894492898
-0.657938725939689
-0.114937150492889
