0.999999999999999
-0.804301562100283
0.293802005593914
0.331690738005521
-0.827360763017987
0.999204370226178
-0.779962508642704
0.255445757935790
0.369051664363413
-0.849103418222194
0.996818746958190
-0.754382332396446
0.216683029776444
0.405825333736814
-0.869494929505219
0.992846926341836
-0.727601738061189
0.177575502677158
0.441953229673232
-0.888502848680044
0.987295228574593
-0.699663340513361
0.138185406863806
0.477377863313321
-0.906096929213800
0.980172487848542
-0.670611596994806
0.098575422202438
0.512042864870574
-0.922249174357854
0.971490038292864
-0.640492736369774
0.058808578459327
0.545893073330306
-0.936933881697908
0.961261695938314
-0.609354685562798
0.018948155004260
0.578874624225109
-0.950127684053202
0.949503736732320
-0.577246993294520
-0.020942419883369
0.610935035347227
-0.961809586659767
0.936234870639735
-0.544220751236815
-0.060799669945407
0.642023290261360
-0.971961000578547
0.921476211870404
-0.510328512712680
-0.100560171952151
0.672089919485056
-0.980565772275221
0.905251245281010
-0.475624209070269
-0.140160656625149
0.701087079207488
-0.987610209324674
0.887585789004542
-0.440163063864061
-0.179538109315117
0.728968627421423
-0.993083102199185
0.868507953366982
-0.404001504979985
-0.218629870274445
0.755690197347022
-0.996975742105722
0.848048096156410
-0.367197074843823
-0.257373734365325
0.781209268031053
-0.999281934843868
0.826238774315985
-0.329808338856475
-0.295708050044058
0.805485232008606
-0.999998010662407
0.803114692137281
-0.291894792201004
-0.333571817464870
0.828479459920257
-0.999122830098856
0.778712646036880
-0.253516765170563
-0.370904785546291
0.850155361981269
-0.996657785792645
0.753071466003604
-0.214735327167029
-0.407647547846471
0.870478446205564
-0.992606800269058
0.726231953809975
-0.175612189523953
-0.443741637094042
0.889416373291305
-0.986976319697492
0.698236818086063
-0.136209607307614
-0.479129618224926
0.906939008081218
-0.979775303633907
0.669130606358857
-0.096590280253139
-0.513755179776252
0.923018467515405
-0.971015210763869
0.638959634165642
-0.056817252993002
-0.547563223492560
0.937629165000507
-0.960709980668813
0.607771911354003
-0.016953814736625
-0.580499952001596
0.950747851124654
-0.948876011644488
0.575617065685632
0.022936601439377
-0.612512954419603
0.962353650653283
-0.935532134607105
0.542546263865751
0.062790519529348
-0.643551289750792
0.972428095747118
-0.920699583128401
0.508612130123409
0.102544521605617
-0.673565567947812
0.980955155349200
-0.904401959647558
0.473868662472962
0.142135348732766
-0.702508028503872
0.987921260694513
-0.886665197913497
0.438371146789025
0.181500001629243
-0.730332616452279
0.993315326901439
-0.867517521717693
0.402176068832401
0.220575840915230
-0.756995055651764
0.997128770610612
-0.846989399982738
0.365341024366363
0.259300686788382
-0.782452919241464
0.999355523643322
-0.825113498278281
0.327924627507157
0.297612917967916
-0.806665697152839
0.999992042657545
-0.801924626841799
0.289986417453523
0.335451569750288
-0.829594860571865
0.999037314786325
-0.777459685186365
0.251586763744483
0.372756431019522
-0.851203923248300
0.996492859249499
-0.751757603384009
0.212786770195521
0.409468140058952
-0.871458499554907
0.992362724936235
-0.724859280117719
0.173648177666873
0.445528279011006
-0.890326359203722
0.986653483962200
-0.696807517601244
0.134233265817638
0.480879466835391
-0.907777478532937
0.979374221211589
-0.667646953469517
0.094604754002503
0.515465450616909
-0.923784088282279
0.970536519880759
-0.637423989748670
0.054825701469310
0.549231195078605
-0.938320717781206
0.960154443046333
-0.606186719018198
0.014959407015197
0.582122970157318
-0.951364235479211
0.948244511287216
-0.573984847883433
-0.024930691738099
0.614088436501865
-0.962893885754210
0.934825676395997
-0.540869617879271
-0.064781119290251
0.645076728758689
-0.972891321940152
0.919919291221831
-0.506893723931629
-0.104528463267655
0.675038536511958
-0.981340635521239
0.903549075692448
-0.472111230506141
-0.144109475329998
0.703926182748975
-0.988228381446563
0.885741079069605
-0.436577485577662
-0.183461171813816
0.731693699726858
-0.993543599524658
0.866523638498011
-0.400349032556872
-0.222520933956363
0.758296902119100
-0.997277831864009
0.845927333913345
-0.363483520315636
-0.261226607538202
0.783693457325897
-0.999425136331751
0.823984939381977
-0.326039611452288
-0.299516601786698
0.807842952836298
-0.999982096009160
0.800731370948704
-0.288076888944306
-0.337329987382923
0.830706960534940
-0.998947824628821
0.776203631076312
-0.249655761336336
-0.374606593415913
0.852249097851404
-0.996323967984945
0.750440749765055
-0.210837366614515
-0.411287103130628
0.872435085653943
-0.992114701314468
0.723483722445794
-0.171683474920182
-0.447313148315663
0.891232802796736
-0.986326722653167
0.695375444745626
-0.132256390257098
-0.482627402182655
0.908612337232906
-0.978969242177349
0.666160644229896
-0.092618851350281
-0.517173670587969
0.924546033612348
-0.970053967548068
0.635885809228689
-0.052833931811960
-0.550896981452171
0.939008537288569
-0.959595085281229
0.604599114862336
-0.012964939775205
-0.583743672234870
0.951976834664476
-0.947609238173037
0.572350346381963
0.026924682845753
-0.615661475325749
0.963430289813129
-0.934115498817169
0.539190819948312
0.066771461308064
-0.646599601215813
0.973350677314627
-0.919135339255206
0.505173300974417
0.106511989045060
-0.676508819317030
0.981722211257645
-0.902692596809077
0.470351920162133
0.146083028562436
-0.705341536300444
0.988531570358865
-0.884813436149690
0.434782087366241
0.185421612065977
-0.733051871829871
0.993767919160606
-0.865526307662146
0.398520403422582
0.224465141658979
-0.759595731569332
0.997422925272841
-0.844861902173860
0.361624570082047
0.263151488952202
-0.784930877348584
0.999490772632198
-0.822853102117243
0.324153298191707
0.301419093926155
-0.809016994375015
0.999968170756824
-0.799534929205575
0.286166214270720
0.339207062889055
-0.831815755384942
0.998854359982397
-0.774944488704134
0.247723765629061
0.376455265374505
-0.853290881632173
0.996151112670944
-0.749120910386150
0.208887124180167
0.413104429824564
-0.873408200617154
0.991862730390559
-0.722105286267175
0.169718089100542
0.449096237906597
-0.892135700463913
0.985996037070488
-0.693940605217023
0.130278988491340
0.484373417312250
-0.909443580859516
0.978560368142491
-0.664671684553324
0.090632580197732
0.518879832892981
-0.925304300474034
0.969567555685743
-0.634345098725618
0.050841951945557
0.552560575985541
-0.939692620785947
0.959031909598957
-0.603009105202981
0.010970420951928
0.585362051785913
-0.952585646243186
0.946970194829499
-0.570713567684373
-0.028918566828782
0.617232064632554
-0.963962860695862
0.933401604696186
-0.537509876752218
-0.068761537663922
0.648119901063236
-0.973806160042917
0.918347730347615
-0.503450868096729
-0.108495091045744
0.677976410513251
-0.982099881040251
0.901832526405072
-0.468590738440612
-0.148056000577954
0.706754083527046
-0.988830826225140
0.883882272844513
-0.432984959298015
-0.187381314585772
0.734407127357594
-0.993988284916795
0.864525533178297
-0.396690188705053
-0.226408456287705
0.760891538834876
-0.997564050259831
0.843793109003230
-0.359764181061755
-0.265075323371904
0.786165174386267
-0.999552432283506
0.821717990987292
-0.322265695230443
-0.303320386816942
0.810187817097892
-0.999950266955941
0.798335306372664
-0.284254401034718
-0.341082788800463
0.832921240710176
-0.998756921218919
0.773682263079550
-0.245790784309387
-0.378302439539769
0.854329270445686
-0.995974293995232
0.747798090498469
-0.206936050651801
-0.414920112910261
0.874377840572831
-0.991606813167004
0.720723977066173
-0.167752028027976
-0.450877540689575
0.893035048612918
-0.985661428529864
0.692503004724155
-0.128301068387803
-0.486117505277449
0.910271206105520
-0.978147600733804
0.663180080364099
-0.088645948447586
-0.520583930743774
0.926058885850462
-0.969077286229072
0.632801864369357
-0.048849769795542
-0.554221972059954
0.940372965551615
-0.958464918240225
0.601416696366171
-0.008975858480910
-0.586978102371396
0.953190667792988
-0.946327383799146
0.569074518302781
0.030912335754227
-0.618800198173371
0.964491596283512
-0.932683996873402
0.535826794978820
0.070751340439956
-0.649637622251919
0.974257768312829
-0.917556467632699
0.501726432151664
0.110477761379701
-0.679441304261552
0.982473643366453
-0.900968867902375
0.466827692348850
0.150028383526849
-0.708163818808715
0.989126147854762
-0.882947592858871
0.431186108523481
0.189340271576292
-0.735759460917903
0.994204695916474
-0.863521319028163
0.394858395686114
0.228350870110836
-0.762184318760138
0.997701206263483
-0.842720958653958
0.357902360656644
0.266998103143104
-0.787396343528081
0.999610115040354
-0.820579610508296
0.320376810078655
0.305220472894542
-0.811355416346607
0.999928384677747
-0.797132507222812
0.282341456842786
0.342957157654138
-0.834023412112339
0.998655508726063
-0.772416959224473
0.243856825068019
0.380148108562400
-0.855364260160590
0.995793512661312
-0.746472295365006
0.204984153792106
0.416734145163394
-0.875344001663148
0.991346950662058
-0.719339800338648
0.165785299524355
0.452657049577068
-0.893930843665588
0.985322898362536
-0.691062648986850
0.126322637815877
0.487859659138795
-0.911095209678112
0.977730941593484
-0.661685837596832
0.086658964003892
0.522285957360007
-0.926809786739424
0.968583161128595
-0.631256112300198
0.046857393288046
0.555881163064971
-0.941049568878662
0.957894113460875
-0.599821894687858
0.006981260297753
