0.999999999999999
0.477815980375915
-0.543383777794805
-0.997090885390702
-0.409468140058891
0.605790043840818
0.988380467458430
0.338737920245292
-0.664671684553424
-0.973919425411303
-0.266036845566677
0.719686113050188
0.953791896906691
0.191787907539962
-0.770513242775787
-0.928114988519039
-0.116423103505826
0.816857349838953
0.897038094386969
0.040380923169152
-0.858448793601863
-0.860742027003944
0.035896202634579
0.895045585511171
0.819437965209732
-0.111964476103304
-0.926434797042885
-0.773366225503514
0.187381314585720
0.952433798569320
0.722794863827393
-0.261707925628596
-0.972891321940143
-0.668018115955506
0.334511859971837
0.987688340595135
0.609354685562810
-0.405369527637431
-0.996738762088013
-0.547145889934092
0.473868662472990
0.999989928992004
0.481753674101718
-0.539610720810779
-0.997422925272833
-0.413558504966528
0.602213200286074
0.989052686346545
0.342957157654136
-0.661311865323647
-0.974927912181824
-0.270360406986361
0.716562866343785
0.955130783952425
0.196190637499107
-0.767644740358006
-0.929776485888253
-0.120879385912335
0.814260281314372
0.899012535107127
0.044864830350521
-0.856138269310453
-0.863017923326354
0.031410759078111
0.893035048612879
0.822002075447912
-0.107503593510511
-0.924735945302237
-0.776203631076363
0.182970947394044
0.951056516295147
0.725889056058897
-0.257373734365295
-0.971843622476419
-0.671351092126011
0.330279061955150
0.986976319697493
0.612907053652981
-0.401262750256460
-0.996366562457241
-0.550896981452117
0.469911799899895
0.999959716170870
0.485681664337320
-0.535826794978989
-0.997734875046456
-0.417640539972141
0.598624226943419
0.989704983719636
0.347169487214439
-0.657938725939700
-0.975916761938749
-0.274678522802408
0.713425186616673
0.956450432738637
0.200589415783288
-0.764760776027591
-0.931419255684624
-0.125333233564316
0.811646811946182
0.900968867902425
0.049347833863774
-0.853810500668337
-0.865276436727951
0.026924682845643
0.891006524188361
0.824549628907153
-0.103040545578626
-0.923018467515387
-0.779025402343258
0.178556894798623
0.949660077825418
0.728968627421422
-0.253034359076108
-0.970776348122913
-0.674670545932094
0.326039611452321
0.986244419107037
0.616447076559488
-0.397147890634764
-0.995974293995237
-0.554636976794327
0.465945472355799
0.999909362145144
0.489599871965067
-0.532032076515314
-0.998026728428273
-0.421714162855320
0.595023196102019
0.990337346439122
0.351374824081352
-0.654552334343420
-0.976885954764653
-0.278991106039263
0.710273137068045
0.957750816684936
0.204984153792262
-0.761861407873398
-0.933043264819451
-0.129784556752318
0.809016994374924
0.902907053368379
0.053829843412154
-0.851465534561457
-0.867517521717724
0.022438064295782
0.888960053096178
0.827080574274583
-0.098575422202424
-0.921282398275811
-0.781831482468052
0.174139245707372
0.948244511287217
0.732033515886207
-0.248689887164842
-0.969689520376681
-0.677976410513242
0.321793593854413
0.985492653565723
0.619974682979111
-0.393025031653891
-0.995561964603078
-0.558365800629681
0.461969759730561
0.999838867929057
0.493508218064364
-0.528226641853059
-0.998298479539766
-0.425779291565088
0.591410180293888
0.990949761767938
0.355573083550981
-0.651152758743556
-0.977835471138032
-0.283298069832786
0.707106781186533
0.959031909598972
0.209374763007119
-0.758946694294526
-0.934648480581919
-0.134233265817687
0.806370881570438
0.904827052466027
0.058310768718968
-0.849103418222173
-0.869741133155717
0.017950993798071
0.886895676556398
0.829594860571854
-0.094108313318492
-0.919527772551438
-0.784621814930616
0.169718089100650
0.946809845192908
0.735083659720201
-0.244340406137851
-0.968583161128624
-0.681268619282690
0.317541094684805
0.984721038215622
0.623489801858756
-0.388894256356559
-0.995129582585906
-0.562083377852152
0.457984742103036
0.999748234942505
0.497406623913242
-0.524410567641338
-0.998550122907322
-0.429835844221582
0.587785252292450
0.991542217370808
0.359764181061849
-0.647740067614414
-0.978765291933717
-0.287599327432057
0.703926182748909
0.960293685676951
0.213761154992152
-0.756016693999221
-0.936234870639746
-0.138679271154471
0.803708526830762
0.906728826522729
0.062790519529345
-0.846724199228262
-0.871947226253885
0.013463561731157
0.884813436149720
0.832092437156178
-0.089639308903380
-0.917754625683967
-0.787396343528037
0.165293514029435
0.945356108439558
0.738118997487366
-0.239986003602520
-0.967457292663049
-0.684547105928714
0.313282199597417
0.983929588598624
0.626992362396843
-0.384755647944898
-0.994677156652772
-0.565789633582262
0.453990499739487
0.999637465011020
0.501295010989947
-0.520583930743579
-0.998781653462336
-0.433883739117604
0.584148485111038
0.992114701314485
0.363948032196802
-0.644314329694472
-0.979675398423242
-0.291894792201076
0.700731405818875
0.961536119504165
0.218143241396611
-0.753071466003596
-0.937802403039838
-0.143122483211157
0.801029983781087
0.908612337232897
0.067269005612103
-0.844327925501976
-0.874135756577067
0.008975858480966
0.882713373816663
0.834573253721329
-0.085168498971903
-0.915962993388139
-0.790155012375735
0.160865609613673
0.943883330308356
0.741139468049882
-0.235626767265267
-0.966311937657208
-0.687811804416006
0.309016994374875
0.983118320656120
0.630482294044741
-0.380609289778823
-0.994204695916445
-0.569484493168501
0.449987113092059
0.999506560365728
0.505173300974526
-0.516746808235962
-0.998993066541316
-0.437922894720415
0.580499952001522
0.992667202067981
0.368124552684751
-0.640875613985000
-0.980565772275227
-0.296184377620523
0.697522514745662
0.962759186055477
0.222520933956385
-0.750111069630443
-0.939351046208934
-0.147562812492498
0.798335306372671
0.910477546658839
0.071746136761445
-0.841914645309129
-0.876306680043875
0.004487974438891
0.880595531856717
0.837037260298658
-0.080695973575157
-0.914152911751065
-0.792897765908521
0.156434465040203
0.942391540464022
0.744145010569382
-0.231262784929900
-0.965147119180875
-0.691062648986915
0.304745564927145
0.982287250728682
0.633959526508191
-0.376455265374348
-0.993712209893235
-0.573167882188974
0.445974662797003
0.999355523643317
0.509041415750398
-0.512899277405871
-0.999184357885976
-0.441953229673278
0.576839726452691
0.993199708502820
0.372293658402021
-0.637423989748663
-0.981436395555748
-0.300467997289500
0.694299574162803
0.963962860695870
0.226894144495950
-0.747135564508093
-0.940880768954237
-0.152000169561311
0.795624548881748
0.912324417231479
0.076221822798954
-0.839484407258034
-0.878459952927550
-0.000000000000038
0.878459952927487
0.839484407258106
-0.076221822798822
-0.912324417231424
-0.795624548881829
0.152000169561180
0.940880768954211
0.747135564508181
-0.226894144495821
-0.963962860695835
-0.694299574162898
0.300467997289374
0.981436395555722
0.637423989748721
-0.372293658401898
-0.993199708502805
-0.576839726452799
0.441953229673159
0.999184357885970
0.512899277405984
-0.509041415750333
-0.999355523643322
-0.445974662797122
0.573167882188865
0.993712209893250
0.376455265374471
-0.633959526508088
-0.982287250728696
-0.304745564927271
0.691062648986819
0.965147119180910
0.231262784930029
-0.744145010569294
-0.942391540464047
-0.156434465040277
0.792897765908441
0.914152911751118
0.080695973575289
-0.837037260298585
-0.880595531856779
-0.004487974438966
0.876306680043839
0.841914645309200
-0.071746136761314
-0.910477546658784
-0.798335306372750
0.147562812492367
0.939351046208908
0.750111069630492
-0.222520933956256
-0.962759186055442
-0.697522514745756
0.296184377620397
0.980565772275201
0.640875613985058
-0.368124552684628
-0.992667202067965
-0.580499952001630
0.437922894720296
0.998993066541310
0.516746808236075
-0.505173300974460
-0.999506560365732
-0.449987113092177
0.569484493168393
0.994204695916459
0.380609289778946
-0.630482294044638
-0.983118320656134
-0.309016994375001
0.687811804415910
0.966311937657242
0.235626767265395
-0.741139468049793
-0.943883330308399
-0.160865609613748
0.790155012375654
0.915962993388193
0.085168498972034
-0.834573253721256
-0.882713373816725
-0.008975858481098
0.874135756577030
0.844327925502047
-0.067269005611971
-0.908612337232841
-0.801029983781166
0.143122483211026
0.937802403039793
0.753071466003646
-0.218143241396482
-0.961536119504128
-0.700731405818970
0.291894792200949
0.979675398423215
0.644314329694573
-0.363948032196732
-0.992114701314469
-0.584148485111145
0.433883739117485
0.998781653462329
0.520583930743691
-0.501295010989833
-0.999637465011022
-0.453990499739605
0.565789633582153
0.994677156652786
0.384755647945020
-0.626992362396740
-0.983929588598648
-0.313282199597489
0.684547105928638
0.967457292663075
0.239986003602648
-0.738118997487277
-0.945356108439601
-0.165293514029593
0.787396343527973
0.917754625684008
0.089639308903511
-0.832092437156105
-0.884813436149782
-0.013463561731289
0.871947226253835
0.846724199228317
-0.062790519529242
-0.906728826522673
-0.803708526830807
0.138679271154340
0.936234870639719
0.756016693999326
-0.213761154992050
-0.960293685676906
-0.703926182749003
0.287599327431985
0.978765291933690
0.647740067614471
-0.359764181061699
-0.991542217370795
-0.587785252292580
0.429835844221463
0.998550122907318
0.524410567641451
-0.497406623913176
-0.999748234942508
-0.457984742103128
0.562083377852019
0.995129582585919
0.388894256356629
-0.623489801858653
-0.984721038215635
-0.317541094684957
0.681268619282614
0.968583161128664
0.244340406137979
-0.735083659720149
-0.946809845192951
-0.169718089100724
0.784621814930516
0.919527772551478
0.094108313318652
