0.999999999999999
-0.336860508507193
-0.773049995616549
0.857680537756942
0.195212591445495
-0.989199363399616
0.471231809694079
0.671720589322992
-0.923784088282267
-0.049347833863753
0.957030761100412
-0.595423903818868
-0.555881163064886
0.969932726338085
-0.097582899759144
-0.904189075869140
0.706754083527002
0.428033995936259
-0.995129582585910
0.242405718504621
0.831815755384872
-0.802817475191111
-0.290940749522197
0.998830372850131
-0.381992265099257
-0.741474155515833
0.881538987243265
0.147562812492463
-0.980955155349193
0.513327292414899
0.635115769842183
-0.941218134794850
-0.000997330835813
0.941890057539854
-0.633573796645676
-0.515038074910062
0.980565772275217
-0.145589694436700
-0.882478935272516
0.740134300202263
0.383834901813012
-0.998731940617345
0.289031796944463
0.804005144430424
-0.830706960534923
-0.244340406137910
0.995324227455866
-0.426230444642720
-0.708163818808676
0.903335292863297
0.099567846595837
-0.970416243733770
0.554221972059765
0.597025253065944
-0.956450432738627
0.047355505202580
0.924546033612320
-0.670241599244480
-0.472990181723977
0.988905025513380
-0.193255917795541
-0.858704452032118
0.771783154533396
0.338737920245310
-0.999998010662407
0.334981756510535
0.774313760984862
-0.856653211049495
-0.197168488407966
0.989489765582890
-0.469471562785873
-0.673196906843469
0.923018467515391
0.051339966185938
-0.957607281747656
0.593820185573482
0.557538142399430
-0.969445349895133
0.095597564671790
0.905039261400346
-0.705341536300389
-0.429835844221548
0.994930978418579
-0.240470066417715
-0.832921240710109
0.801626611801823
0.292848544541177
-0.998924831061299
0.380148108562344
0.742811060744570
-0.880595531856721
-0.149535343443726
0.981340635521234
-0.511614467557188
-0.636655216119338
0.940542467248608
0.002991988539377
-0.942558232810262
0.632029302664838
0.516746808236018
-0.980172487848535
0.143615997126825
0.883415372204724
-0.738791500134735
-0.385676011372368
0.998629534754571
-0.287121694403091
-0.805189614794434
0.829594860571818
0.246274121620082
-0.995514912254016
0.424425197516688
0.709570736536550
-0.902477915779737
-0.101552397284402
0.970895900158424
-0.552560575985437
-0.598624226943472
0.955866298971239
-0.045362988129212
-0.925304300474005
0.668759942492353
0.474746671879564
-0.988606753095259
0.191298475243043
0.859724949801204
-0.770513242775762
-0.340613984255254
0.999992042657545
-0.333101671730259
-0.775574445610232
0.855622475997164
0.199123600901046
-0.989776230907794
0.467709448002823
0.674670545932121
-0.922249174357835
-0.053331894243053
0.958179992386570
-0.592214104710449
-0.559192903470779
0.968954116344028
-0.093611849232770
-0.905885846074311
0.703926182748922
0.431635982329630
-0.994728415744052
0.238533457578543
0.834023412112270
-0.800432559000624
-0.294755174410948
0.999015314875030
-0.378302439539584
-0.744145010569388
0.879648572866598
0.151507279442422
-0.981722211257645
0.509899607151666
0.638192129352172
-0.939863057589389
-0.004986634338811
0.943222657947612
-0.630482294044697
-0.518453485594284
0.979775303633904
-0.141641728415561
-0.884348294314119
0.737445760655779
0.387515586452136
-0.998523155669248
0.285210449497744
0.806370881570488
-0.828479459920227
-0.248206857257532
0.995701636221692
-0.422618261740667
-0.710974831112944
0.901616948029683
0.103536543928950
-0.971371693703653
0.550896981452046
0.600220819089620
-0.955278362122333
0.043370290571249
0.926058885850443
-0.667275624961649
-0.476501273172349
0.988304547331981
-0.189340271576077
-0.860742027003960
0.769240265396201
0.342488693072819
-0.999982096009159
0.331220261646629
0.776832044476811
-0.854588336700935
-0.201077921145996
0.990058758234569
-0.465945472355775
-0.676141500725773
0.921476211870376
0.055323610109912
-0.958748890738534
0.590605667619900
0.560845439695223
-0.968459027639218
0.091625761342666
0.906728826522741
-0.702508028503801
-0.433434403098366
0.994521895368263
-0.236595899692196
-0.835122265206195
0.799235321538299
0.296660631545621
-0.999101823931320
0.376455265374349
0.745475999682919
-0.878698114040513
-0.153478612642893
0.982099881040245
-0.508182718021231
-0.639726503425840
0.939179908520366
0.006981260298047
-0.943883330308390
0.628932776940277
0.520158100194532
-0.979374221211581
0.139666896157839
0.885277697888875
-0.736097087119676
-0.389353619733282
0.998412803784628
-0.283298069832661
-0.807548940058743
0.827360763017953
0.250138605360463
-0.995884398615977
0.420809644503831
0.712376096951380
-0.900752393038652
-0.105520278635248
0.971843622476436
-0.549231195078553
-0.601815023152114
0.954686624531104
-0.041377420457044
-0.926809786739373
0.665788652557954
0.478253978621369
-0.987998409425925
0.187381314585644
0.861755679593787
-0.767964227459521
-0.344362039239119
0.999968170756823
-0.329337533745216
-0.778086552581012
0.853550797275284
0.203031441367239
-0.990337346439124
0.464179642863038
0.677609765372057
-0.920699583128401
-0.057315105862096
0.959313974540079
-0.588994880701191
-0.562495744497787
0.967960085750508
-0.089639308903305
-0.907568199391665
0.701087079207419
0.435231099372347
-0.994311418112895
0.234657400467614
0.836217795619857
-0.798034904178200
-0.298564908364001
0.999184357885975
-0.374606593415839
-0.746804022789589
0.877744159160075
0.155449335201817
-0.982473643366441
0.506463806996876
0.641258332235544
-0.938493022759509
-0.008975858481059
0.944540247263984
-0.627380757516670
-0.521860645254606
0.978969242177348
-0.137691508210959
-0.886203579231249
0.734745484892359
0.391190103902791
-0.998298479539759
0.281384563016576
0.808723785572037
-0.826238774315942
-0.252069358243242
0.996063198709714
-0.418999353002105
-0.713774528476797
0.899884254246453
0.107503593510632
-0.972311684599102
0.547563223492487
0.603406832788109
-0.954091088551911
0.039384385715466
0.927557000153203
-0.664299031197511
-0.480004781253151
0.987688340595116
-0.185421612065880
-0.862765903537676
0.766685134042555
0.346234015300666
-0.999950266955941
0.327453495516623
0.779337964931519
-0.852509861848257
-0.204984153792270
0.990611994413063
-0.462411966550275
-0.679075334029141
0.919919291221821
0.059306373576091
-0.959875241542904
0.587381750363166
0.564143811312585
-0.967457292663039
0.087652499818364
0.908403961341564
-0.699663340513314
-0.437026064003257
0.994096984815349
-0.232717967617512
-0.837309998994588
0.796831311696466
0.300467997289535
-0.999262916410625
0.372756431019424
0.748129074605589
-0.876786712020678
-0.157419439278272
0.982843496749112
-0.504742880917442
-0.642787609686592
0.937802403039790
0.010970420952160
-0.945193406200717
0.625826241948722
0.523561114000779
-0.978560368142496
0.135715572434180
0.887125934657409
-0.733390959351453
-0.393025031654046
0.998180183389506
-0.279469936662769
-0.809895413436140
0.825113498278256
0.253999108223811
-0.996238035791530
0.417187394438102
0.715170120125131
-0.899012535107053
-0.109486480664080
0.972775878209424
-0.545893073330259
-0.604996241664268
0.953491756554146
-0.037391194276267
-0.928300523118993
0.662806766806913
0.481753674101773
-0.987374342073226
0.183461171813637
0.863772694816247
-0.765402990234544
-0.348104613809635
0.999928384677747
-0.325568154457041
-0.780586276549477
0.851465534561428
0.206936050652046
-0.990882701063634
0.460642450450546
0.680538200866128
-0.919135339255208
-0.061297405329232
0.960432689513957
-0.585766283023994
-0.565789633582307
0.966950650377220
-0.085665341992597
-0.909236109047118
0.698236818085957
0.438819289849308
-0.993878596328812
0.230777608858096
0.838398870984743
-0.795624548881698
-0.302369890750504
0.999337499192703
-0.370904785546142
-0.749451149859005
0.875825776431802
0.159388917034022
-0.983209439716753
0.503019946630132
0.644314329694615
-0.937108052108922
-0.012964939775405
0.945842804519937
-0.624269236421525
-0.525259499667243
0.978147600733768
-0.133739096689333
-0.888044760497679
0.732033515886138
0.394858395686256
-0.998057915804522
0.277554198388859
0.811063818989394
-0.823984939381906
-0.255927847624431
0.996408909165786
-0.415373776020863
-0.716562866343856
0.898137239088839
0.111468932206497
-0.973236201460473
0.544220751236711
0.606583243456984
-0.952888630922424
0.035397854069538
0.929040352678529
-0.661311865323565
-0.483500650209106
0.987056415109543
-0.181500001629095
-0.864776049423889
0.764117801136650
0.349973827323309
-0.999902524009301
0.323681518067522
0.781831482468115
-0.850417819569747
-0.208887124180381
0.991149465313808
-0.458871101604029
-0.681998360062581
0.918347730347585
0.063288193199908
-0.960986316235270
0.584148485110955
0.567433204758854
-0.966440160908873
0.083677843332147
0.910064639197528
-0.696807517601181
-0.440610769776042
0.993656253522167
-0.228836331909645
-0.839484407258177
0.794414620535350
0.304270581180001
-0.999408105935471
0.369051664363300
0.750770243289805
-0.874861356216644
-0.161357760632932
0.983571470813415
-0.501295010989843
-0.645838486185117
0.936409972729463
0.014959407015366
-0.946488439637826
0.622709747129720
0.526955795496770
-0.977730941593478
0.131762088839948
0.888960053096246
-0.730673159897160
-0.396690188705166
0.997931677271282
-0.275637355816840
-0.812228997583159
0.822853102117189
0.257855568771385
-0.996575818152641
0.413558504966392
0.717952761591765
-0.897258369674280
-0.113450940250127
0.973692652520825
-0.542546263865662
-0.608167831851911
0.952281714056320
-0.033404373026358
-0.929776485888311
0.659814332695109
0.485245702624301
-0.986734560968977
0.179538109315001
0.865775963368467
-0.762829571862150
-0.351841648404801
