0.999999999999999
-0.445528279010982
-0.603009105203024
0.982843496749093
-0.272760038084494
-0.739798876047584
0.931962678203972
-0.090632580197779
-0.851203923248290
0.849103418222192
0.094604754002540
-0.933401604696209
0.737108867130244
0.276595914663664
-0.983571470813385
0.599821894687911
0.449096237906562
-0.999992042657546
0.441953229673222
0.606186719018234
-0.982099881040237
0.268919820615259
0.742477111298920
-0.930508919819365
0.086658964004066
0.853290881632156
-0.846989399982741
-0.098575422202446
0.934825676396015
-0.734407127357540
-0.280427389306007
0.984283791647636
-0.596625138196343
-0.452657049577025
0.999968170756824
-0.438371146789070
-0.609354685562814
0.981340635521227
-0.265075323371816
-0.745143530260977
0.929040352678498
-0.082683968660236
-0.855364260160512
0.844861902173865
0.102544521605579
-0.936234870639741
0.731693699726807
0.284254401034817
-0.984980447915483
0.593418886603699
0.456210657353165
-0.999928384677748
0.434782087366250
0.612512954419572
-0.980565772275218
0.261226607538132
0.747798090498536
-0.927557000153154
0.078707657427111
0.857424025836180
-0.842720958654033
-0.106511989044948
0.937629165000498
-0.728968627421393
-0.288076888944387
0.985661428529862
-0.590203190936445
-0.459757004680443
0.999872685053500
-0.431186108523507
-0.615661475325670
0.979775303633913
-0.257373734365286
-0.750440749765110
0.926058885850414
-0.074730093586419
-0.859470145878653
0.840566603495680
0.110477761379586
-0.939008537288534
0.726231953809977
0.291894792201041
-0.986326722653185
0.586978102371388
0.463296035119883
-0.999801072770522
0.427583267489685
0.618800198173368
-0.978969242177365
0.253516765170567
0.753071466003629
-0.924546033612307
0.070751340439807
0.861502587724560
-0.838398870984674
-0.114441775495449
0.940372965551574
-0.723483722445847
-0.295708050044051
0.986976319697498
-0.583743672234784
-0.466827692348880
0.999713548968502
-0.423973621602915
-0.621929073010891
0.978147600733800
-0.249655761336413
-0.755690197347035
0.923018467515392
-0.066771461307932
-0.863521319028236
0.836217795619825
0.118403968306515
-0.941722428075182
0.720723977066239
0.299516601786648
-0.987610209324672
0.580499952001547
0.470351920162248
-0.999610115040352
0.420357228309548
0.625048050043206
-0.977310392379377
0.245790784309454
0.758296902119064
-0.921476211870393
0.062790519529262
0.865526307662211
-0.834023412112245
-0.122364276755761
0.943056903383059
-0.717952761591631
-0.303320386816875
0.988228381446558
-0.577246993294532
-0.473868662473011
0.999490772632193
-0.416734145163318
-0.628157079632707
0.976457630438003
-0.241921895599637
-0.760891538834848
0.919919291221854
-0.058808578459315
-0.867517521717734
0.831815755384841
0.126322637816043
-0.944376370237487
0.715170120125024
0.307119344598747
-0.988830826225129
0.573984847883459
0.477377863313348
-0.999355523643318
0.413104429824530
0.631256112300259
-0.975589328481109
0.238049156779052
0.763474066201506
-0.918347730347634
0.054825701469316
0.869494929505219
-0.829594860571821
-0.130278988491403
0.945680807639550
-0.712376096951341
-0.310913414672968
0.989417534072683
-0.570713567684391
-0.480879466835359
0.999204370226177
-0.409468140058856
-0.634345098725688
0.974705500327467
-0.234172629481200
-0.766044443119003
0.916761554258650
-0.050841951945609
-0.871458499554902
0.827360763017963
0.134233265817712
-0.946970194829518
0.709570736536499
0.314702536658214
-0.989988495651940
0.567433204758767
0.484373417312228
-0.999037314786324
0.405825333736754
0.637423989748704
-0.973806160042897
0.230292375399680
0.768602628680526
-0.915160788198419
0.046857393288201
0.873408200617154
-0.825113498278289
-0.138185406863835
0.948244511287238
-0.706754083526967
-0.318486650251696
0.990543701876220
-0.564143811312437
-0.487859659138782
0.998854359982399
-0.402176068832390
-0.640492736369816
0.972891321940130
-0.226408456287625
-0.771148582173432
0.913545457642581
-0.042872088910142
-0.875344001663071
0.822853102117245
0.142135348732805
-0.949503736732346
0.703926182748928
0.322265695230546
-0.991083143909606
0.560845439695108
0.491338136832533
-0.998655508726064
0.398520403422561
0.643551289750843
-0.971961000578539
0.222520933956273
0.773682263079636
-0.911915588298659
0.038886102236355
0.877265871885044
-0.820579610508356
-0.146083028562429
0.950747851124648
-0.701087079207453
-0.326039611452401
0.991606813167032
-0.557538142399371
-0.494808795034703
0.998440764181976
-0.394858395686135
-0.646599601215828
0.971015210763868
-0.218629870274371
-0.776203631076368
0.910271206105465
-0.034899496702446
-0.879173780697086
0.818293059633558
0.150028383526740
-0.951976834664491
0.698236818086020
0.329808338856518
-0.992114701314490
0.554221972059775
0.498271578510761
-0.998210129767732
0.391190103902706
0.649637622251943
-0.970053967548078
0.214735327166973
0.778712646036889
-0.908612337232870
0.030912335754100
0.881067697735403
-0.815993485882522
-0.153971350836601
0.953190667792971
-0.695375444745637
-0.333571817464843
0.992606800269063
-0.550896981452078
-0.501726432151699
0.997963609153798
-0.387515586452035
-0.652665304509995
0.969077286229052
-0.210837366614615
-0.781209268031051
0.906939008081201
-0.026924682845614
-0.882947592858956
0.813680925852271
0.157911867740927
-0.954389331192317
0.692503004724240
0.337329987382852
-0.993083102199188
0.547563223492505
0.505173300974559
-0.997701206263476
0.383834901812909
0.655682599805291
-0.968085182350393
0.206936050651890
0.783693457325866
-0.905251245280989
0.022936601439285
0.884813436149779
-0.811355416346471
-0.161849871527524
0.955572805786145
-0.689619543735645
-0.341082788800403
0.993543599524655
-0.544220751236763
-0.508612130123511
0.997422925272825
-0.380148108562370
-0.658689460118698
0.967077671701066
-0.203031441367123
-0.786165174386244
0.903549075692446
-0.018948155004171
-0.886665197913564
0.809016994374938
0.165785299524525
-0.956741072739898
0.686725107669305
0.344830161992842
-0.993988284916794
0.540869617879245
0.512042864870575
-0.997128770610608
0.376455265374360
0.661685837596895
-0.966054770315313
0.199123600900941
0.788624379875586
-0.901832526405066
0.014959407015254
0.888502848680054
-0.806665697152789
-0.169718089100722
0.957894113460939
-0.683819742589258
-0.348572047321907
0.994417151298577
-0.537509876752279
-0.515465450616883
0.996818746958186
-0.372756431019420
-0.664671684553480
0.965016494472287
-0.195212591445392
-0.791071034656413
0.900101624737239
-0.010970420951974
-0.890326359203720
0.804301562100245
0.173648177667008
-0.959031909598991
0.680903494733476
0.352308385236565
-0.994830191844720
0.534141581324895
0.518879832892964
-0.996492859249498
0.369051664363333
0.667646953469639
-0.963962860695822
0.191298475243073
0.793505099790915
-0.898356398235620
0.006981260297902
0.892135700463916
-0.801924626841770
-0.177575502677262
0.960154443046386
-0.677976410513205
-0.356039116274389
0.995227399981835
-0.530764785202547
-0.522285957360000
0.996151112670942
-0.365341024366293
-0.670611596994903
0.962893885754197
-0.187381314585685
-0.795926536541851
0.896596874674989
-0.002991988539272
-0.893930843665544
0.799534929205539
0.181500001629231
-0.961261695938326
0.675038536511904
0.359764181061862
-0.995608769388469
0.527379542125884
0.525683769810593
-0.995793512661308
0.361624570082073
0.673565567947823
-0.961809586659752
0.183461171813718
0.798335306372749
-0.894823082057609
-0.000997330835913
0.895711760239467
-0.797132507222906
-0.185421612065976
0.962353650653294
-0.672089919484995
-0.363483520315753
0.995974293995247
-0.523985905969981
-0.529073216169629
0.995420064911698
-0.357902360656660
-0.676508819317049
0.960709980668794
-0.179538109315010
-0.800731370948795
0.893035048612831
0.004986634338892
-0.897478421842908
0.794717399127524
0.189340271576190
-0.963430289813143
0.669130606358787
0.367197074843950
-0.996323967984961
0.520583930743586
0.532454242495040
-0.995030775365395
0.354174455327949
0.679441304261578
-0.959595085281207
0.175612189523862
0.803114692137378
-0.891232802796694
-0.008975858481044
0.899230800360105
-0.792289643355144
-0.193255917795641
0.964491596283499
-0.666160644229818
-0.370904785546401
0.996657785792649
-0.517173670587869
-0.535826794979051
0.994625650217829
-0.350440913424379
-0.682362976111838
0.958464918240199
-0.171683474920052
-0.805485232008624
0.889416373291271
0.012964939775349
-0.900968867902455
0.789849278542735
0.197168488408055
-0.965537553174005
0.663180080364183
0.374606593415954
-0.996975742105727
0.513755179776142
0.539190819948456
-0.994204695916439
0.346701794364094
0.685273788370340
-0.957319497532056
0.167752028027948
0.807842952836273
-0.887585789004516
-0.016953814736723
0.902692596809162
-0.787396343527934
-0.201077921146102
0.966568143838557
-0.660188962196448
-0.378302439539715
0.997277831864008
-0.510328512712609
-0.542546263865856
0.993767919160581
-0.342957157653995
-0.688173694712343
0.956158841385721
-0.163817911415063
-0.810187817097873
0.885741079069601
0.020942419883477
-0.904401959647622
0.784930877348499
0.204984153792280
-0.967583351875688
0.657187337329400
0.381992265099351
-0.997564050259831
0.506893723931598
0.545893073330419
-0.993315326901431
0.339207062888902
0.691062648986915
-0.954982968272705
0.159881187691735
0.812519787475649
-0.883882272844503
-0.024930691738218
0.906096929213818
-0.782452919241407
-0.208887124180352
0.968583161128681
-0.654175253533040
-0.385676011372346
0.997834392738112
-0.503450868096787
-0.549231195078632
0.992846926341828
-0.335451569750178
