0.999999999999999
-0.634730513202267
-0.194234351219972
0.881303452064992
-0.924546033612312
0.292371704722735
0.553391549243345
-0.994880708828787
0.709570736536519
0.094108313318518
-0.829037572555042
0.958322574465132
-0.387515586452100
-0.466386640339895
0.979575249599344
-0.777145961456969
0.006981260297958
0.768283523593526
-0.982287250728686
0.478691857940604
0.374606593415916
-0.954240328516278
0.836764313458960
-0.107999355706019
-0.699663340513369
0.996194698091744
-0.564967003424930
-0.278991106039233
0.919135339255236
-0.887815385136400
0.207911690817756
0.623879596709390
-0.999902524009303
0.645457687723943
0.180519145250571
-0.874619707139401
0.929776485888245
-0.305695304963102
-0.541708210282744
0.993372765600396
-0.719339800338644
-0.080198924328870
0.821149209133711
-0.962217993529280
0.400349032556892
0.453990499739551
-0.976672278334168
0.785856893175396
-0.020942419883346
-0.759271307334888
0.984807753012204
-0.490903753615126
-0.361624570082110
0.949972051524654
-0.844327925502010
0.121869343405137
0.689619543735678
-0.997314477224456
0.576432316169791
0.265556117486827
-0.913545457642603
0.894154236839357
-0.221548497619457
-0.612907053652997
0.999610115040354
-0.656059028990505
-0.166768746716120
0.867765453368931
-0.934825676396006
0.318959309298060
0.529919264233227
-0.991671162383091
0.728968627421390
0.066273900400018
-0.813100761047030
0.965925826289062
-0.413104429824532
-0.441505852791768
0.973578902873163
-0.794414620535399
0.034899496702483
0.750111069630463
-0.987136265072983
0.503019946630226
0.348572047321839
-0.945518575599320
0.851726934143031
-0.135715572434287
-0.679441304261520
0.998239827923763
-0.587785252292465
-0.252069358243138
0.907777478532914
-0.900318771402180
0.235142113102573
0.601815023152075
-0.999122830098858
0.666532470249445
0.152985836284063
-0.860742027003950
0.939692620785897
-0.332161131883686
-0.518027009373158
0.989776230907791
-0.738455340625858
-0.052335956242969
0.804893797355921
-0.969445349895131
0.425779291565057
0.428935133403176
-0.970295726276001
0.802817475191091
-0.048849769795588
-0.740804596286758
0.989272332962983
-0.515038074910015
-0.335451569750259
0.940880768954232
-0.858959896930644
0.149535343443656
0.669130606358867
-0.998970569790712
0.599023598515549
0.238533457578585
-0.901832526405122
0.906307787036633
-0.248689887164803
-0.590605667619935
0.998440764181982
-0.676875969682627
-0.139173100960070
0.853550797275337
-0.944376370237468
0.345298198998484
0.506033764121174
-0.987688340595141
0.747798090498501
0.038387809087524
-0.796529918024208
0.972775878209387
-0.438371146789029
-0.416280792260412
0.966823388604466
-0.811063818989300
0.062790519529252
0.731353701619184
-0.991215540251536
0.526955795496632
0.322265695230522
-0.936059535738982
0.866025403784416
-0.163325962241562
-0.658689460118695
0.999506560365729
-0.610145163901225
-0.224951054343876
0.895711760239424
-0.912120116172254
0.262189178640806
0.579281172342695
-0.997564050259826
0.687087510804384
0.125333233564316
-0.846193166127578
0.948876011644482
-0.358367949545244
-0.493941866584248
0.985407898483495
-0.756995055651722
-0.024432178152665
0.788010753606738
-0.975916761938737
0.450877540689377
0.403545296352408
-0.963162566797667
0.819152044288961
-0.076719028126807
-0.721760228098381
0.992965508106531
-0.538770785006812
-0.309016994374966
0.931055815862540
-0.872922077269784
0.177084740319516
0.648119901063151
-0.999847695156389
0.621147780278263
0.211324796455407
-0.889416373291313
0.917754625683960
-0.275637355816934
-0.567843745053123
0.996492859249507
-0.697165102854521
-0.111468932206344
0.838670567945442
-0.953190667792930
0.371367835550172
0.481753674101738
-0.982935349149561
0.766044443118939
0.010471784116265
-0.779337964931495
0.978867388761674
-0.463296035119801
-0.390731128489298
0.959313974540069
-0.827080574274528
0.090632580197705
0.712026045991020
-0.994521895368267
0.550480740084939
0.295708050044072
-0.925870584810010
0.879648572866587
-0.190808995376471
-0.637423989748716
0.999993907657789
-0.632029302664798
-0.197657340379152
0.882947592858946
-0.923210217112957
0.289031796944399
0.556295615500333
-0.995227399981835
0.707106781186500
0.097582899759176
-0.830984469274351
0.957319497532049
-0.384295322659734
-0.469471562785971
0.980271174621742
-0.774944488704173
0.003490651415198
0.770513242775815
-0.981627183447652
0.475624209070209
0.377840786818551
-0.955278362122374
0.834847863263400
-0.104528463267628
-0.702153052995192
0.995884398615964
-0.562083377852068
-0.282341456842963
0.920504853452481
-0.886203579231209
0.204496051841765
0.626603811364493
-0.999945169365512
0.642787609686482
0.183951350612809
-0.876306680043914
0.928485826880909
-0.302369890750420
-0.544639035015062
0.993767919160602
-0.716910607650430
-0.083677843332405
0.823136368534502
-0.961261695938315
0.397147890634757
0.457097927058731
-0.977415894286107
0.783693457325793
-0.017452406437193
-0.761538307536805
0.984195607969239
-0.487859659138710
-0.364876784337658
0.951056516295170
-0.842452397007107
0.118403968306412
0.692143173870483
-0.997052752226919
0.573576436351025
0.268919820615305
-0.914959667849847
0.892585818452091
-0.218143241396455
-0.615661475325741
0.999701489781182
-0.653420603990086
-0.170209499166073
0.869494929505246
-0.933580426497175
0.315649036947017
0.532876276070819
-0.992114701314492
0.726574670970958
0.069756473744166
-0.815127795728586
0.965016494472291
-0.409923033841491
-0.444635179185022
0.974370064785262
-0.792289643355175
0.031410759078088
0.752414908895761
-0.986572161606956
0.499999999999922
0.351841648404800
-0.946649260115735
0.849892692986850
-0.132256390257082
-0.681998360062539
0.998026728428266
-0.584957674987143
-0.255445757935892
0.909236109047118
-0.898794046299156
0.231747903494118
0.604599114862419
-0.999262916410623
0.663926212652175
0.156434465040334
-0.862513669207318
0.938493022759547
-0.328866646738545
-0.521009631840624
0.990268068741579
-0.736097087119674
-0.055821504993268
0.806960312143873
-0.968583161128624
0.422618261740663
0.432085748802032
-0.971134279909652
0.800731370948680
-0.045362988129149
-0.743144825477474
0.988756381047001
-0.512042864870537
-0.338737920245344
0.942057452787320
-0.857167300702066
0.146083028562308
0.671720589323079
-0.998806137341432
0.596224874965584
0.241921895599721
-0.903335292863331
0.904827052465981
-0.245307385878701
-0.593418886603798
0.998629534754574
-0.674302387583694
-0.142628933705566
0.855364260160543
-0.943222657947571
0.342020143325571
0.509041415750474
-0.988228381446555
0.745475999682835
0.041875653729255
-0.798635510047335
0.971961000578525
-0.435231099372234
-0.419452082446286
0.967709170482005
-0.809016994374924
0.059306373575907
0.733729864502924
-0.990747840471431
0.523985905969990
0.325568154457270
-0.937281989491938
0.864274801953684
-0.159881187691781
-0.661311865323704
0.999390827019092
-0.607375839723204
-0.228350870110772
0.897258369674388
-0.910683660806160
0.258819045102468
0.582122970157346
-0.997801468292055
0.684547105928613
0.128795596577681
-0.848048096156497
0.947768410009572
-0.355106962408086
-0.496973961027616
0.985996037070518
-0.754709580222704
-0.027921638723688
0.790155012375773
-0.975149354305554
0.447759087838721
0.406736643075864
-0.964095404234132
0.817144898335068
-0.073238197127513
-0.724171861437560
0.992546151641316
-0.535826794978950
-0.312334918512299
0.932323801215543
-0.871213811120138
0.173648177666813
0.650774217265953
-0.999780683474844
0.618408395357511
0.214735327167131
-0.891006524188406
0.916362729562198
-0.272280247040460
-0.570713567684542
0.996778878456249
-0.694658370458958
-0.114937150492936
0.840566603495730
-0.952129392742106
0.368124552684567
0.484809620246454
-0.983571470813412
0.763796028634607
0.013962180339215
-0.781520472418872
0.978147600733783
-0.460199784783746
-0.393941909591074
0.960293685676984
-0.825113498278264
0.087155742747589
0.714472679632863
-0.994150963972303
0.547563223492451
0.299040792256215
-0.927183854566843
0.877982975427954
-0.187381314585656
-0.640109699485021
0.999975630705393
-0.629320391049745
-0.201077921146096
0.884580975215153
-0.921863151588479
0.285688367404907
0.559192903470817
-0.995561964603089
0.704634209963510
0.101056297183080
-0.832921240710182
0.956304755963019
-0.381070376350210
-0.472550764869129
0.980955155349210
-0.772733573497276
-0.000000000000134
0.772733573497445
-0.980955155349180
0.472550764868993
0.381070376350352
-0.956304755963064
0.832921240710034
-0.101056297182813
-0.704634209963700
0.995561964603063
-0.559192903470595
-0.285688367405163
0.921863151588583
-0.884580975215081
0.201077921145945
0.629320391049865
-0.999975630705394
0.640109699484902
0.187381314585807
-0.877982975428028
0.927183854566743
-0.299040792255959
-0.547563223492675
0.994150963972332
-0.714472679632675
-0.087155742747855
0.825113498278415
-0.960293685676941
0.393941909590933
0.460199784783883
-0.978147600733815
0.781520472418776
-0.013962180339061
-0.763796028634706
0.983571470813364
-0.484809620246220
-0.368124552684816
0.952129392742188
-0.840566603495585
0.114937150492670
0.694658370459150
-0.996778878456246
0.570713567684416
0.272280247040608
-0.916362729562259
0.891006524188336
-0.214735327166981
-0.618408395357632
0.999780683474847
-0.650774217265750
-0.173648177667077
0.871213811120269
-0.932323801215446
0.312334918512045
0.535826794979176
-0.992546151641321
0.724171861437454
0.073238197127666
-0.817144898335157
0.964095404234091
-0.406736643075724
-0.447759087838858
