0.999999999999999
-0.226894144495876
-0.897038094386968
0.633959526508161
0.609354685562808
-0.910477546658815
-0.196190637499095
0.999506560365731
-0.257373734365301
-0.882713373816682
0.657938725939710
0.584148485111088
-0.923018467515396
-0.165293514029487
0.998026728428271
-0.287599327432013
-0.867517521717718
0.681268619282664
0.558365800629662
-0.934648480581908
-0.134233265817660
0.995561964603079
-0.317541094684842
-0.851465534561476
0.703926182748944
0.532032076515341
-0.945356108439566
-0.103040545578646
0.992114701314477
-0.347169487214417
-0.834573253721306
0.725889056058883
0.505173300974505
-0.955130783952421
-0.071746136761382
0.987688340595138
-0.376455265374391
-0.816857349838959
0.747135564508141
0.477815980375918
-0.963962860695850
-0.040380923169150
0.982287250728689
-0.405369527637423
-0.798335306372704
0.767644740358003
0.449987113092123
-0.971843622476420
-0.008975858480998
0.975916761938748
-0.433883739117547
-0.779025402343248
0.787396343528005
0.421714162855309
-0.978765291933709
0.022438064295791
0.968583161128631
-0.461969759730579
-0.758946694294557
0.806370881570457
0.393025031653937
-0.984721038215625
0.053829843412116
0.960293685676943
-0.489599871965043
-0.738118997487351
0.824549628907135
0.363948032196797
-0.989704983719633
0.085168498971948
0.951056516295158
-0.516746808235986
-0.716562866343792
0.841914645309158
0.334511859971857
-0.993712209893241
0.116423103505798
0.940880768954230
-0.543383777794798
-0.694299574162845
0.858448793601855
0.304745564927231
-0.996738762088013
0.147562812492434
0.929776485888256
-0.569484493168446
-0.671351092126023
0.874135756577046
0.274678522802400
-0.998781653462334
0.178556894798615
0.917754625683986
-0.595023196102032
-0.647740067614452
0.888960053096184
0.244340406137903
-0.999838867929057
0.209374763007064
0.904827052466024
-0.619974682979086
-0.623489801858752
0.902907053368364
0.213761154992122
-0.999909362145144
0.239986003602546
0.891006524188372
-0.644314329694491
-0.598624226943454
0.915962993388159
0.182970947394061
-0.998993066541315
0.270360406986334
0.876306680043868
-0.668018115955478
-0.573167882188940
0.928114988519033
0.152000169561273
-0.997090885390704
0.300467997289435
0.860742027003948
-0.691062648986843
-0.547145889934103
0.939351046208918
0.120879385912358
-0.994204695916453
0.330279061955151
0.844327925502019
-0.713425186616662
-0.520583930743625
0.949660077825421
0.089639308903465
-0.990337346439121
0.359764181061792
0.827080574274565
-0.735083659720157
-0.493508218064363
0.959031909598962
0.058310768718970
-0.985492653565730
0.388894256356581
0.809016994374967
-0.756016693999235
-0.465945472355840
0.967457292663053
0.026924682845664
-0.979675398423245
0.417640539972093
0.790155012375710
-0.776203631076336
-0.437922894720381
0.974927912181821
-0.004487974438925
-0.972891321940155
0.445974662797032
0.770513242775809
-0.795624548881766
-0.409468140058905
0.981436395555738
-0.035896202634583
-0.965147119180904
0.473868662472963
0.750111069630479
-0.814260281314364
-0.380609289778878
0.986976319697494
-0.067269005612041
-0.956450432738644
0.501295010989891
0.728968627421431
-0.832092437156141
-0.351374824081355
0.991542217370803
-0.098575422202390
-0.946809845192932
0.528226641853052
0.707106781186567
-0.849103418222182
-0.321793593854461
0.995129582585910
-0.129784556752236
-0.936234870639752
0.554636976794279
0.684547105928708
-0.865276436727935
-0.291894792201044
0.997734875046455
-0.160865609613647
-0.924735945302256
0.580499952001544
0.661311865323671
-0.880595531856728
-0.261707925628610
0.999355523643320
-0.191787907539910
-0.912324417231471
0.605790043840792
0.637423989748709
-0.895045585511166
-0.231262784929961
0.999989928992004
-0.222520933956266
-0.899012535107140
0.630482294044687
0.612907053652995
-0.908612337232867
-0.200589415783281
0.999637465011022
-0.253034359076085
-0.884813436149756
0.654552334343411
0.587785252292492
-0.921282398275816
-0.169718089100676
0.998298479539767
-0.283298069832704
-0.869741133155714
0.677976410513198
0.562083377852149
-0.933043264819438
-0.138679271154498
0.995974293995243
-0.313282199597388
-0.853810500668366
0.700731405818892
0.535826794979014
-0.943883330308362
-0.107503593510586
0.992667202067979
-0.342957157654089
-0.837037260298650
0.722794863827371
0.509041415750388
-0.953791896906687
-0.076221822798945
0.988380467458438
-0.372293658401904
-0.819437965209752
0.744145010569334
0.481753674101732
-0.962759186055457
-0.044864830350574
0.983118320656135
-0.401262750256434
-0.801029983781136
0.764760776027581
0.453990499739562
-0.970776348122901
-0.013463561731244
0.976885954764657
-0.429835844221501
-0.781831482468050
0.784621814930575
0.425779291565088
-0.977835471138012
0.017950993798040
0.969689520376698
-0.457984742103031
-0.761861407873427
0.803708526830774
0.397147890634795
-0.983929588598617
0.049347833863695
0.961536119504161
-0.485681664337273
-0.741139468049875
0.822002075447896
0.368124552684691
-0.989052686346534
0.080695973575162
0.952433798569336
-0.512899277405873
-0.719686113050210
0.839484407258064
0.338737920245357
-0.993199708502805
0.111964476103254
0.942391540464049
-0.539610720810752
-0.697522514745723
0.856138269310450
0.309016994375013
-0.996366562457237
0.143122483211067
0.931419255684634
-0.565789633582184
-0.674670545932136
0.871947226253852
0.278991106039295
-0.998550122907320
0.174139245707337
0.919527772551489
-0.591410180293880
-0.651152758743636
0.886895676556406
0.248689887164920
-0.999748234942506
0.204984153792181
0.906728826522749
-0.616447076559443
-0.626992362396882
0.900968867902411
0.218143241396607
-0.999959716170870
0.235626767265268
0.893035048612929
-0.640875613984998
-0.602213200286147
0.914152911751086
0.187381314585788
-0.999184357885974
0.266036845566628
0.878459952927555
-0.664671684553401
-0.576839726452810
0.926434797042881
0.156434465040294
-0.997422925272833
0.296184377620432
0.863017923326398
-0.687811804415935
-0.550896981452168
0.937802403039823
0.125333233564366
-0.994677156652777
0.326039611452298
0.846724199228334
-0.710273137068036
-0.524410567641432
0.948244511287221
0.094108313318576
-0.990949761767933
0.355573083550900
0.829594860571883
-0.732033515886165
-0.497406623913288
0.957750816684926
0.062790519529374
-0.986244419107058
0.384755647944895
0.811646811946248
-0.753071466003592
-0.469911799899972
0.966311937657220
0.031410759078188
-0.980565772275240
0.413558504966481
0.792897765908530
-0.773366225503494
-0.441953229673293
0.973919425411301
0.000000000000058
-0.973919425411327
0.441953229673189
0.773366225503568
-0.792897765908459
-0.413558504966587
0.980565772275217
-0.031410759078071
-0.966311937657250
0.469911799899869
0.753071466003669
-0.811646811946180
-0.384755647945003
0.986244419107039
-0.062790519529257
-0.957750816684960
0.497406623913187
0.732033515886244
-0.829594860571818
-0.355573083551009
0.990949761767933
-0.094108313318459
-0.948244511287258
0.524410567641332
0.710273137068118
-0.846724199228272
-0.326039611452408
0.994677156652777
-0.125333233564251
-0.937802403039864
0.550896981452071
0.687811804416020
-0.863017923326339
-0.296184377620544
0.997422925272833
-0.156434465040179
-0.926434797042925
0.576839726452715
0.664671684553488
-0.878459952927500
-0.266036845566741
0.999184357885969
-0.187381314585674
-0.914152911751133
0.602213200286054
0.640875613985088
-0.893035048612876
-0.235626767265381
0.999959716170869
-0.218143241396493
-0.900968867902461
0.626992362396791
0.616447076559534
-0.906728826522700
-0.204984153792295
0.999748234942508
-0.248689887164807
-0.886895676556459
0.651152758743548
0.591410180293974
-0.919527772551443
-0.174139245707452
0.998550122907326
-0.278991106039183
-0.871947226253909
0.674670545932050
0.565789633582280
-0.931419255684612
-0.143122483211182
0.996366562457252
-0.309016994374902
-0.856138269310510
0.697522514745680
0.539610720810851
-0.942391540464029
-0.111964476103370
0.993199708502825
-0.338737920245248
-0.839484407258128
0.719686113050169
0.512899277405973
-0.952433798569318
-0.080695973575279
0.989052686346560
-0.368124552684636
-0.822002075447962
0.741139468049835
0.485681664337375
-0.961536119504113
-0.049347833863811
0.983929588598648
-0.397147890634740
-0.803708526830843
0.761861407873388
0.457984742103135
-0.969689520376655
-0.017950993798157
0.977835471138049
-0.425779291565033
-0.784621814930648
0.781831482468013
0.429835844221606
-0.976885954764620
0.013463561731127
0.970776348122943
-0.453990499739509
-0.764760776027656
0.801029983781100
0.401262750256541
-0.983118320656103
0.044864830350458
0.962759186055488
-0.481753674101679
-0.744145010569412
0.819437965209717
0.372293658402012
-0.988380467458411
0.076221822798829
0.953791896906723
-0.509041415750337
-0.722794863827452
0.837037260298617
0.342957157654198
-0.992667202067958
0.107503593510470
0.943883330308401
-0.535826794978964
-0.700731405818975
0.853810500668335
0.313282199597499
-0.995974293995227
0.138679271154383
0.933043264819480
-0.562083377852099
-0.677976410513283
0.869741133155684
0.283298069832816
-0.998298479539757
0.169718089100617
0.921282398275861
-0.587785252292443
-0.654552334343499
0.884813436149675
0.253034359076197
-0.999637465011017
0.200589415783222
0.908612337232915
-0.612907053652948
-0.630482294044778
0.899012535107064
0.222520933956380
-0.999989928992005
0.231262784929903
0.895045585511218
-0.637423989748663
-0.605790043840885
0.912324417231400
0.191787907540025
-0.999355523643324
0.261707925628552
0.880595531856784
-0.661311865323627
