0.999999999999999
0.566200737671933
-0.358833449319516
-0.972544265084082
-0.742477111298915
0.131762088840137
0.891684695095876
0.877982975427980
0.102544521605566
-0.761861407873406
-0.965277503888966
-0.331220261646706
0.590203190936455
0.999567225815806
0.541708210282740
-0.386136049285745
-0.978969242177370
-0.722450164872176
0.160865609613698
0.904614618530818
0.863521319028231
0.073238197127633
-0.780586276549374
-0.957175248325320
-0.303320386816852
0.613694794792044
0.998269277850215
0.516746808235994
-0.413104429824541
-0.984546874040391
-0.701797902883992
0.189829893421326
0.916761554258671
0.848312243159730
0.043868481447670
-0.798635510047290
-0.948244511287226
-0.275157973521091
0.636655216119317
0.996107279539972
0.491338136832513
-0.439715248498123
-0.989272332962987
-0.680538200866027
0.218629870274433
0.928114988519038
0.832368912013281
0.014460795475169
-0.815993485882549
-0.938493022759556
-0.246757397690300
0.659064581563051
0.993083102199184
0.465504188506370
-0.465945472355824
-0.993141528831897
-0.658689460118681
0.247240612400043
0.938665094365415
0.815705125313143
-0.014959407015260
-0.832645179887489
-0.927929223127295
-0.218143241396550
0.680903494733551
0.989199363399616
0.439267323789389
-0.491772397870157
-0.996151112670950
-0.636270591783856
0.275637355816992
0.948402740170902
0.798335306372701
-0.044366661415356
-0.848576179215532
-0.916562255869975
-0.189340271576129
0.702153052995157
0.984459424705050
0.412650251957010
-0.517173670587908
-0.998298479539763
-0.613301000476466
0.303795521770353
0.957319497532064
0.780274489610413
-0.073735514324059
-0.863772694816208
-0.904401959647568
-0.160373418592589
0.722794863827390
0.978867388761685
0.385676011372348
-0.542127304478898
-0.999581770788450
-0.589800567488773
0.331690738005510
0.965407648564114
0.761538307536739
-0.103040545578634
-0.878221573370222
-0.891458859784617
-0.131267754658239
0.742811060744549
0.972428095747114
0.358367949545304
-0.566611700966050
-0.999999875666361
-0.565789633582216
0.359298859863590
0.972660192581117
0.742142977223523
-0.132256390257119
-0.891910308674330
-0.877744159160102
-0.102048472133038
0.762184318760071
0.965147119180893
0.330749702924262
-0.590605667619922
-0.999552432283503
-0.541288981381473
0.386595991179739
0.979070852155440
0.722105286267252
-0.161357760632794
-0.904827052466012
-0.863269728510759
-0.072740861719271
0.780897869382072
0.957030761100412
0.302845176437497
-0.614088436501815
-0.998239827923764
-0.516319817386071
0.413558504966512
0.984634078551146
0.701442578258659
-0.190319468062041
-0.916960624678771
-0.848048096156433
-0.043370290571328
0.798935515127353
0.948086046606170
0.274678522802392
-0.637039682139449
-0.996063198709709
-0.490903753615141
0.440163063864065
0.989345056526702
0.680172737770917
-0.219116444786221
-0.928300523118955
-0.832092437156167
-0.013962180339159
0.816281643541086
0.938320717781198
0.246274121620059
-0.659439539119632
-0.993024428619202
-0.465062788901258
0.466386640339892
0.993199708502810
0.658314174879797
-0.247723765629130
-0.938836932555980
-0.815416561904557
0.015458014835422
0.832921240710092
0.927743226989917
0.217656558273582
-0.681268619282658
-0.989126147854732
-0.438819289849245
0.492206536620110
0.996194698091742
0.635885809228725
-0.276116669570916
-0.948560733217852
-0.798034904178251
0.044864830350512
0.848839904258207
0.916362729562243
0.188850602648195
-0.702508028503832
-0.984371730566862
-0.412195971476887
0.517600404335648
0.998327432985148
0.612907053652995
-0.304270581179842
-0.957463508684780
-0.779962508642719
0.074232813184865
0.864023855812185
0.904189075869148
0.159881187691844
-0.723139383047156
-0.978765291933714
-0.385215877553936
0.542546263865737
0.999596067197817
0.589397797376981
-0.332161131883681
-0.965537553173967
-0.761215017830411
0.103536543928886
0.878459952927504
0.891232802796721
0.130773387834352
-0.743144825477388
-0.972311684599101
-0.357902360656717
0.567022523362387
0.999999502665477
0.565378388799139
-0.359764181061803
-0.972775878209390
-0.741808658601447
0.132750658786241
0.892135700463874
0.877505124625969
0.101552397284391
-0.762507040116433
-0.965016494472312
-0.330279061955191
0.591007997439079
0.999537390195218
0.540869617879352
-0.387055836939976
-0.979172218670624
-0.721760228098376
0.161849871527509
0.905039261400328
0.863017923326359
0.072243508222626
-0.781209268031023
-0.956886035893275
-0.302369890750450
0.614481925507884
0.998210129767735
0.515892698144299
-0.414012477270012
-0.984721038215624
-0.701087079207508
0.190808995376526
0.917159467080764
0.847783738271326
0.042872088910222
-0.799235321538318
-0.947927346167139
-0.274199003780148
0.637423989748664
0.996018870191125
0.490469248326081
-0.440610769775856
-0.989417534072675
-0.679807105539115
0.219602964810920
0.928485826880906
0.831815755384873
0.013463561731211
-0.816569598217081
-0.938148179473179
-0.245790784309511
0.659814332695146
0.992965508106536
0.464621273650255
-0.466827692348827
-0.993257641197460
-0.657938725939726
0.248206857257430
0.939008537288532
0.815127795728563
-0.015956618811688
-0.833197094412450
-0.927557000153162
-0.217169821026550
0.681633574422568
0.989052686346545
0.438371146789104
-0.492640552974367
-0.996238035791516
-0.635500868549602
0.276595914663618
0.948718490388796
0.797734303538635
-0.045362988129210
-0.849103418222190
-0.916162975385087
-0.188360886759338
0.702862829321769
0.984283791647639
0.411741588497102
-0.518027009373129
-0.998356138179169
-0.612512954419597
0.304745564927222
0.957607281747648
0.779650333723873
-0.074730093586428
-0.864274801953697
-0.903975967248492
-0.159388917033923
0.723483722445852
0.978662951718844
0.384755647944980
-0.542965088339099
-0.999610115040353
-0.588994880701279
0.332631443164275
0.965667217686228
0.760891538834846
-0.104032516533017
-0.878698114040535
-0.891006524188386
-0.130278988491374
0.743478405414417
0.972195031668988
0.357436682769499
-0.567433204758766
-0.999998880997441
-0.564967003424936
0.360229412798423
0.972891321940136
0.741474155515861
-0.133244894304661
-0.892360870408463
-0.877265871885046
-0.101056297182958
0.762829571862247
0.964885629795719
0.329808338856497
-0.591410180293886
-0.999522099554695
-0.540450119880632
0.387515586452080
0.979273341697722
0.721414990451330
-0.162341942175444
-0.905251245280997
-0.862765903537628
-0.071746136761400
0.781520472418794
0.956741072739885
0.301894529873919
-0.614875261712407
-0.998180183389513
-0.515465450616871
0.414466346622158
0.984807753012198
0.700731405818923
-0.191298475243057
-0.917358081415198
-0.847519169570130
-0.042373876588230
0.799534929205579
0.947768410009588
0.273719416573583
-0.637808138851391
-0.995974293995239
-0.490034621073370
0.441058366122167
0.989489765582889
0.679441304261532
-0.220089430227548
-0.928670899758826
-0.831538866768236
-0.012964939775317
0.816857349838923
0.937975407878399
0.245307385878837
-0.660188962196449
-0.992906340675846
-0.464179642863146
0.467268628273016
0.993315326901435
0.657563113391824
-0.248689887164807
-0.939179908520378
-0.814838826856961
0.016455218820065
0.833472740925941
0.927370542663335
0.216683029776490
-0.681998360062493
-0.988978978893321
-0.437922894720404
0.493074446825114
0.996281125759489
0.635115769842209
-0.277075090975996
-0.948876011644489
-0.797433504528602
0.045861134627646
0.849366721041923
0.915962993388180
0.187871124031264
-0.703217455360701
-0.984195607969247
-0.411287103130658
0.518453485594221
0.998384595114688
0.612118702874271
-0.305220472894325
-0.957750816684921
-0.779337964931503
0.075227355405034
0.864525533178347
0.903762633838596
0.158896606741109
-0.723827881937801
-0.978560368142523
-0.384295322659859
0.543383777794787
0.999623914312564
0.588591817561802
-0.333101671730287
-0.965796642068651
-0.760567870630436
0.104528463267636
0.878936056650100
0.890780024015885
0.129784556752303
-0.743811800472697
-0.972078136985786
-0.356970915999500
0.567843745053076
0.999998010662407
0.564555477561949
-0.360694554957777
-0.973006523744646
-0.741139468049859
0.133739096689408
0.892585818452105
0.877026400996796
0.100560171952159
-0.763151913917308
-0.964754525183637
-0.329337533745290
0.591812216084335
0.999506560365732
0.540030487489676
-0.387975239601737
-0.979374221211585
-0.721069573412003
0.162833972454250
0.905463004055303
0.862513669207264
0.071248747459256
-0.781831482467997
-0.956595871676306
-0.301419093926098
0.615268445017572
0.998149988796539
0.515038074910078
-0.414920112910086
-0.984894222919316
-0.700375558181388
0.191787907539917
0.917556467632708
0.847254390118667
0.041875653729241
-0.799834338054684
-0.947609238173056
-0.273239761301957
0.638192129352105
0.995929470133140
0.489599871965084
-0.441505852791695
-0.989561751039374
-0.679075334029131
0.220575840915136
0.928855741706673
0.831261771375094
0.012466314595465
-0.817144898335121
-0.937802403039838
-0.244823926448244
0.660563427530361
0.992846926341840
0.463737896649749
-0.467709448002788
-0.993372765600393
-0.657187337329494
0.249172855231146
0.939351046208915
0.814549655361607
-0.016953814736568
-0.833748180182035
-0.927183854566801
-0.216196184644452
0.682362976111744
0.988905025513387
0.437474533754610
-0.493508218064332
-0.996323967984947
-0.634730513202307
0.277554198388920
0.949033296945769
0.797132507222952
-0.046359269721918
-0.849629812651948
-0.915762783621250
-0.187381314585789
0.703571906532463
0.984107179553613
0.410832515490570
-0.518879832892896
-0.998412803784629
-0.611724299115054
0.305695304963084
