0.999999999999999
0.674670545932074
-0.089639308903433
-0.795624548881780
-0.983929588598629
-0.532032076515336
0.266036845566675
0.891006524188367
0.936234870639736
0.372293658401945
-0.433883739117557
-0.957750816684930
-0.858448793601865
-0.200589415783274
0.587785252292472
0.993712209893242
0.753071466003611
0.022438064295806
-0.722794863827390
-0.997734875046455
-0.623489801858733
0.156434465040229
0.834573253721302
0.969689520376686
0.473868662472999
-0.330279061955165
-0.919527772551449
-0.910477546658815
-0.309016994374948
0.493508218064345
0.974927912181823
0.822002075447909
0.134233265817656
-0.640875613985022
-0.998993066541313
-0.707106781186547
0.044864830350514
0.767644740358009
0.990949761767934
0.569484493168455
-0.222520933956313
-0.869741133155695
-0.951056516295154
-0.413558504966521
0.393025031653925
0.943883330308366
0.880595531856737
0.244340406137898
-0.550896981452101
-0.987688340595137
-0.781831482468031
-0.067269005612040
0.691062648986860
0.999748234942506
0.657938725939712
-0.111964476103303
-0.809016994374946
-0.979675398423234
-0.512899277405909
0.287599327432016
0.900968867902419
0.928114988519039
0.351374824081343
-0.453990499739542
-0.963962860695852
-0.846724199228283
-0.178556894798640
0.605790043840818
0.995974293995238
0.738118997487342
0.000000000000000
-0.738118997487336
-0.995974293995238
-0.605790043840819
0.178556894798632
0.846724199228282
0.963962860695852
0.453990499739549
-0.351374824081335
-0.928114988519039
-0.900968867902419
-0.287599327432024
0.512899277405908
0.979675398423234
0.809016994374950
0.111964476103304
-0.657938725939711
-0.999748234942505
-0.691062648986861
0.067269005612039
0.781831482468026
0.987688340595138
0.550896981452102
-0.244340406137890
-0.880595531856733
-0.943883330308366
-0.393025031653926
0.413558504966513
0.951056516295153
0.869741133155696
0.222520933956321
-0.569484493168454
-0.990949761767934
-0.767644740358014
-0.044864830350525
0.707106781186546
0.998993066541314
0.640875613985031
-0.134233265817655
-0.822002075447907
-0.974927912181825
-0.493508218064346
0.309016994374944
0.910477546658812
0.919527772551449
0.330279061955169
-0.473868662472992
-0.969689520376686
-0.834573253721303
-0.156434465040237
0.623489801858735
0.997734875046455
0.722794863827395
-0.022438064295795
-0.753071466003610
-0.993712209893242
-0.587785252292480
0.200589415783273
0.858448793601863
0.957750816684932
0.433883739117557
-0.372293658401942
-0.936234870639734
-0.891006524188366
-0.266036845566677
0.532032076515330
0.983929588598627
0.795624548881781
0.089639308903440
-0.674670545932066
-0.999999999999999
-0.674670545932078
0.089639308903424
0.795624548881780
0.983929588598629
0.532032076515344
-0.266036845566675
-0.891006524188365
-0.936234870639739
-0.372293658401944
0.433883739117555
0.957750816684927
0.858448793601864
0.200589415783275
-0.587785252292467
-0.993712209893240
-0.753071466003621
-0.022438064295797
0.722794863827393
0.997734875046455
0.623489801858737
-0.156434465040221
-0.834573253721294
-0.969689520376690
-0.473868662472993
0.330279061955168
0.919527772551448
0.910477546658818
0.309016994374959
-0.493508218064332
-0.974927912181824
-0.822002075447908
-0.134233265817657
0.640875613985018
0.998993066541313
0.707106781186558
-0.044864830350523
-0.767644740358013
-0.990949761767934
-0.569484493168456
0.222520933956305
0.869741133155688
0.951056516295158
0.413558504966515
-0.393025031653924
-0.943883330308366
-0.880595531856741
-0.244340406137906
0.550896981452088
0.987688340595138
0.781831482468027
0.067269005612041
-0.691062648986860
-0.999748234942506
-0.657938725939723
0.111964476103288
0.809016994374949
0.979675398423235
0.512899277405910
-0.287599327432008
-0.900968867902412
-0.928114988519045
-0.351374824081337
0.453990499739548
0.963962860695851
0.846724199228287
0.178556894798648
-0.605790043840806
-0.995974293995236
-0.738118997487338
-0.000000000000001
0.738118997487336
0.995974293995239
0.605790043840831
-0.178556894798617
-0.846724199228286
-0.963962860695852
-0.453990499739550
0.351374824081334
0.928114988519033
0.900968867902426
0.287599327432011
-0.512899277405907
-0.979675398423234
-0.809016994374951
-0.111964476103319
0.657938725939700
0.999748234942505
0.691062648986862
-0.067269005612038
-0.781831482468025
-0.987688340595138
-0.550896981452114
0.244340406137875
0.880595531856739
0.943883330308367
0.393025031653927
-0.413558504966512
-0.951056516295149
-0.869741133155703
-0.222520933956308
0.569484493168453
0.990949761767933
0.767644740358015
0.044864830350526
-0.707106781186536
-0.998993066541315
-0.640875613985021
0.134233265817654
0.822002075447906
0.974927912181825
0.493508218064359
-0.309016994374929
-0.910477546658817
-0.919527772551449
-0.330279061955170
0.473868662472991
0.969689520376683
0.834573253721311
0.156434465040252
-0.623489801858735
-0.997734875046455
-0.722794863827395
0.022438064295794
0.753071466003600
0.993712209893244
0.587785252292469
-0.200589415783272
-0.858448793601863
-0.957750816684932
-0.433883739117570
0.372293658401928
0.936234870639728
0.891006524188367
0.266036845566678
-0.532032076515329
-0.983929588598626
-0.795624548881790
-0.089639308903455
0.674670545932076
0.999999999999999
0.674670545932078
-0.089639308903423
-0.795624548881771
-0.983929588598632
-0.532032076515333
0.266036845566674
0.891006524188365
0.936234870639740
0.372293658401958
-0.433883739117541
-0.957750816684923
-0.858448793601865
-0.200589415783276
0.587785252292466
0.993712209893240
0.753071466003621
0.022438064295826
-0.722794863827393
-0.997734875046455
-0.623489801858738
0.156434465040220
0.834573253721293
0.969689520376691
0.473868662472994
-0.330279061955167
-0.919527772551448
-0.910477546658819
-0.309016994374960
0.493508218064355
0.974927912181818
0.822002075447908
0.134233265817686
-0.640875613985018
-0.998993066541314
-0.707106781186558
0.044864830350522
0.767644740357994
0.990949761767934
0.569484493168480
-0.222520933956304
-0.869741133155701
-0.951056516295159
-0.413558504966516
0.393025031653897
0.943883330308365
0.880595531856755
0.244340406137907
-0.550896981452111
-0.987688340595133
-0.781831482468028
-0.067269005612071
0.691062648986859
0.999748234942505
0.657938725939724
-0.111964476103316
-0.809016994374932
-0.979675398423235
-0.512899277405935
0.287599327432007
0.900968867902424
0.928114988519045
0.351374824081338
-0.453990499739521
-0.963962860695851
-0.846724199228303
-0.178556894798649
0.605790043840828
0.995974293995236
0.738118997487338
0.000000000000031
-0.738118997487335
-0.995974293995237
-0.605790043840832
0.178556894798644
0.846724199228270
0.963962860695853
0.453990499739576
-0.351374824081333
-0.928114988519043
-0.900968867902426
-0.287599327432012
0.512899277405882
0.979675398423234
0.809016994374968
0.111964476103320
-0.657938725939720
-0.999748234942505
-0.691062648986862
0.067269005612009
0.781831482468025
0.987688340595143
0.550896981452115
-0.244340406137902
-0.880595531856725
-0.943883330308367
-0.393025031653954
0.413558504966512
0.951056516295157
0.869741133155704
0.222520933956309
-0.569484493168429
-0.990949761767933
-0.767644740358034
-0.044864830350527
0.707106781186555
0.998993066541315
0.640875613985021
-0.134233265817625
-0.822002075447905
-0.974927912181831
-0.493508218064360
0.309016994374955
0.910477546658805
0.919527772551450
0.330279061955198
-0.473868662472990
-0.969689520376689
-0.834573253721312
-0.156434465040225
0.623489801858712
0.997734875046455
0.722794863827416
-0.022438064295793
-0.753071466003618
-0.993712209893244
-0.587785252292470
0.200589415783243
0.858448793601862
0.957750816684941
0.433883739117571
-0.372293658401953
-0.936234870639728
-0.891006524188367
-0.266036845566707
0.532032076515328
0.983929588598621
0.795624548881791
0.089639308903427
-0.674670545932054
-0.999999999999999
-0.674670545932100
0.089639308903422
0.795624548881788
0.983929588598632
0.532032076515333
-0.266036845566646
-0.891006524188364
-0.936234870639750
-0.372293658401958
0.433883739117566
0.957750816684923
0.858448793601865
0.200589415783305
-0.587785252292465
-0.993712209893237
-0.753071466003622
-0.022438064295799
0.722794863827372
0.997734875046455
0.623489801858761
-0.156434465040219
-0.834573253721309
-0.969689520376691
-0.473868662472995
0.330279061955139
0.919527772551448
0.910477546658831
0.309016994374961
-0.493508218064355
-0.974927912181817
-0.822002075447909
-0.134233265817687
0.640875613985017
0.998993066541312
0.707106781186559
-0.044864830350521
-0.767644740357993
-0.990949761767934
-0.569484493168480
0.222520933956303
0.869741133155701
0.951056516295159
0.413558504966517
-0.393025031653896
-0.943883330308365
-0.880595531856755
-0.244340406137908
0.550896981452110
0.987688340595133
0.781831482468029
0.067269005612072
-0.691062648986858
-0.999748234942507
-0.657938725939725
0.111964476103315
0.809016994374931
0.979675398423235
0.512899277405936
-0.287599327432006
-0.900968867902424
-0.928114988519046
-0.351374824081339
0.453990499739521
0.963962860695851
0.846724199228303
0.178556894798650
-0.605790043840827
-0.995974293995236
-0.738118997487339
-0.000000000000032
0.738118997487335
0.995974293995242
0.605790043840833
-0.178556894798643
-0.846724199228270
-0.963962860695853
-0.453990499739577
0.351374824081332
0.928114988519022
0.900968867902427
0.287599327432013
-0.512899277405881
-0.979675398423234
-0.809016994374969
-0.111964476103321
0.657938725939720
0.999748234942505
0.691062648986863
-0.067269005612008
-0.781831482468024
-0.987688340595143
