0.999999999999999
-0.639343148287583
-0.182480677475440
0.872678689965182
-0.933401604696208
0.320849151161131
0.523136191838695
-0.989776230907788
0.742477111298913
0.040380923169152
-0.794111644398362
0.975038754473807
-0.452657049577015
-0.396232388131532
0.959313974540058
-0.830429245225900
0.102544521605560
0.699306970660014
-0.996738762088013
0.575209225687225
0.261226607538145
-0.909236109047071
0.901401145451670
-0.243373183359140
-0.590203190936462
0.998057915804531
-0.685999789191165
-0.120879385912335
0.840566603495689
-0.953941611336335
0.379225462652918
0.469031208929670
-0.978969242177372
0.782763345811113
-0.021939521572627
-0.754709580222779
0.986976319697493
-0.507323514818597
-0.338268693368603
0.939863057589418
-0.863521319028223
0.164309819852485
0.653420603990116
-0.999829792074516
0.625048050043167
0.200589415783288
-0.881538987243276
0.926622407101442
-0.303320386816834
-0.538770785006877
0.992239206600173
-0.729991891397382
-0.058808578459353
0.805189614794422
-0.970776348122913
0.436128798589632
0.413104429824559
-0.964359772060790
0.820009195677931
-0.084174749518188
-0.712376096951359
0.995080302697609
-0.560019450099943
-0.278991106039263
0.916761554258681
-0.893259330618284
0.225436911090819
0.604996241664225
-0.999037314786327
0.672459082520326
0.139173100960089
-0.850417819569862
0.948244511287217
-0.362089442815741
-0.485245702624208
0.982566473233295
-0.771148582173394
0.003490651415211
0.766685134042661
-0.983840426103441
0.491338136832487
0.355573083550955
-0.946004566200087
0.854069991746612
-0.146083028562383
-0.667275624961691
0.999319226239542
-0.610540175534890
-0.218629870274467
0.890099194676862
-0.919527772551438
0.285688367404930
0.554221972059805
-0.994364408338680
0.717258170684942
0.077216214377287
-0.815993485882571
0.966183474115378
-0.419452082446146
-0.429835844221582
0.969077286229086
-0.809310002001823
0.065776323011856
0.725202719127461
-0.993083102199179
0.544639035015008
0.296660631545581
-0.923974919305671
0.884813436149720
-0.207423896524584
-0.619583342081527
0.999676625630464
-0.658689460118651
-0.157419439278235
0.859979539938280
-0.942224613775861
0.344830161992736
0.501295010989947
-0.985829223087100
0.759271307334844
0.014959407015305
-0.778399696090205
0.980369617633533
-0.475185499556402
-0.372756431019514
0.951824039861330
-0.844327925501976
0.127806508293787
0.680903494733587
-0.998468476299782
0.595824463473254
0.236595899692323
-0.898356398235659
0.912120116172259
-0.267959095144324
-0.569484493168501
0.996151112670954
-0.704280283921976
-0.095597564671840
0.826519579853849
-0.961261695938305
0.402632578165088
0.446420935683919
-0.973464911128337
0.798335306372671
-0.047355505202553
-0.737782470802771
0.990747840471434
-0.529073216169476
-0.314229169070562
0.930873748644233
-0.876066337162342
0.189340271576074
0.633959526508191
-0.999975630705394
0.644695609383886
0.175612189524028
-0.869248509639826
0.935883968070804
-0.327453495516696
-0.517173670587959
0.988756381047011
-0.747135564508131
-0.033404373026552
0.789849278542831
-0.976565075805966
0.458871101604119
0.389812886290405
-0.957319497532083
0.834298436648116
-0.109486480663967
-0.694299574162898
0.997277831863998
-0.580905923319812
-0.254481388115650
0.906307787036681
-0.904401959647539
0.250138605360375
0.584553152728798
-0.997598711374517
0.691062648986819
0.113946372040121
-0.836764313459011
0.956012689043007
-0.385676011372280
-0.462854058383495
0.977521153141468
-0.787088844750843
0.028918566828620
0.750111069630492
-0.988075312474481
0.513327292414837
0.331690738005583
-0.937455693803488
0.867021011307324
-0.171192192197895
-0.648119901063182
0.999934228225053
-0.630482294044638
-0.193745158596884
0.878221573370261
-0.929224732628371
0.309965358680382
0.532876276070801
-0.991346950662079
0.734745484892401
0.051837967659730
-0.801029983781166
0.972428095747094
-0.442400496655350
-0.406736643075840
0.962489068471436
-0.823984939381953
0.091129182100606
0.707459303011843
-0.995747698246429
0.565789633582153
0.272280247040632
-0.913950654301117
0.896375930360109
-0.232232964430169
-0.599422821130219
0.998706711663824
-0.677609765371936
-0.132256390257199
0.846724199228317
-0.950438240274651
0.368588154351917
0.479129618224913
-0.981244631459439
0.775574445610143
-0.010471784116152
-0.762184318760126
0.985066427979222
-0.497406623913176
-0.349039394155714
0.943718514185032
-0.857680537756879
0.152985836283929
0.662059645330524
-0.999552432283500
0.616054352538788
0.211812173746650
-0.886895676556433
0.922249174357843
-0.292371704722615
-0.548397482022663
0.993600050061334
-0.722105286267187
-0.070253915826977
0.811938005715889
-0.967960085750519
0.425779291564942
0.423521940260906
-0.967330992875500
0.813390944581468
-0.072740861719173
-0.720378201500090
0.993878596328819
-0.550480740084956
-0.289986417453617
0.921282398275873
-0.888044760497559
0.214248267717753
0.614088436501896
-0.999474736358011
0.663926212652194
0.150521386302586
-0.856395846658869
0.944540247263906
-0.351374824081229
-0.495242074749721
0.984634078551162
-0.763796028634590
-0.007978563357561
0.773998108266260
-0.981722211257626
0.481316630312261
0.366269231763570
-0.949660077825460
0.848048096156374
-0.134727401566375
-0.675774014000268
0.998830372850128
-0.601416696366188
-0.229807084675156
0.895267866396204
-0.914959667849778
0.274678522802294
0.563732004778968
-0.995514912254021
0.709219271556501
0.088645948447685
-0.822569631083531
0.963162566797622
-0.409013144454775
-0.440163063864173
0.971843622476443
-0.802520058610447
0.054327779195454
0.733051871829935
-0.991671162383071
0.534984454218088
0.307593871893645
-0.928300523118996
0.879411286122196
-0.196190637499019
-0.628545006435849
0.999902524009304
-0.650016648925707
-0.168735142482278
0.865775963368458
-0.938320717781153
0.334041880250898
0.511185943022118
-0.987688340595147
0.751757603383910
0.026426194801952
-0.785548416547793
0.978043800734050
-0.465062788901152
-0.383374385519106
0.955278362122367
-0.838126965541557
0.116423103505768
0.689258338484059
-0.997768295725405
0.586574308417198
0.247723765629264
-0.903335292863342
0.907358694567828
-0.256891835958893
-0.578874624225243
0.997090885390714
-0.696091827363886
-0.107007804582530
0.832921240710163
-0.958037172039960
0.392107762786982
0.456654348983491
-0.976025421103637
0.791375982090689
-0.035896202634436
-0.745475999682950
0.989126147854714
-0.519306051163079
-0.325096616503911
0.935002639749590
-0.870478446205462
0.178066220877359
0.642787609686653
-0.999989928992004
0.635885809228619
0.186891458544742
-0.874861356216732
0.931781769052778
-0.316595223269644
-0.526955795496818
0.990406377872196
-0.739463267929029
-0.044864830350639
0.796831311696561
-0.974032448597788
0.448650632745008
0.400349032557062
-0.960571454522756
0.827920523222485
-0.098079173175197
-0.702508028503936
0.996366562457233
-0.571532241275856
-0.265556117486891
0.911095209678054
-0.899448842003687
0.239017699062436
0.593820185573616
-0.998327432985156
0.682727422479589
0.125333233564405
-0.842989310743852
0.952585646243088
-0.375068901421345
-0.472990181724103
0.979874965206565
-0.779962508642623
0.017452406437165
0.757646355689159
-0.986244419107025
0.503450868096752
0.342488693072931
-0.941386466660957
0.861249281627772
-0.159881187691701
-0.656811397846228
0.999736921552068
-0.621538503922667
-0.204984153792419
0.883648932392006
-0.924925627040535
0.299040792255942
0.542546263865875
-0.992787265119303
0.726917207456538
0.063288193199923
-0.807842952836283
0.969689520376641
-0.432085748801830
-0.417187394438311
0.965537553174008
-0.817432243634031
0.079701855139540
0.715518573655480
-0.994625650217817
0.556295615500150
0.283298069832913
-0.918544975241698
0.891232802796643
-0.221062196752668
-0.608563601118198
0.999224134096958
-0.669130606358792
-0.143615997127035
0.852770413854029
-0.946809845192866
0.357902360656565
0.489165001109404
-0.983390944339348
0.768283523593456
0.000997330836008
-0.769558796866539
0.983026957126125
-0.487424302374644
-0.359764181061946
0.947449830697149
-0.851726934142983
0.141641728415483
0.670611596994881
-0.999143587817236
0.606979617057904
0.223007069184837
-0.892135700463951
0.917754625683926
-0.281384563016577
-0.557952040886830
0.994830191844739
-0.714123692844210
-0.081690011745177
0.818579591429834
-0.965016494472270
0.415373776020885
0.433883739117672
-0.970174967537457
0.806665697152754
-0.061297405329042
-0.728285544942893
0.992546151641314
-0.540869617879296
-0.300943583025416
0.925682053535942
-0.882713373816574
0.203031441366965
0.623099851966727
-0.999780683474848
0.655306007573139
0.161849871527678
-0.862261220398036
0.940711735063490
-0.340613984255120
-0.505173300974591
0.986572161606983
-0.756343002654823
-0.019446728601729
0.781209268031212
-0.979474857187089
0.471231809693860
0.376917199621222
-0.953190667793013
0.841914645309057
-0.123354052049640
-0.684183509326159
0.998210129767724
-0.592214104710372
-0.240954069436027
0.900318771402247
-0.910271206105437
0.263632546011746
0.573167882188989
-0.996534462603829
0.701087079207448
0.100064021715566
-0.829037572555183
0.960014961656706
-0.398520403422403
-0.450432382894862
0.974482118963773
-0.795624548881668
0.042872088910034
0.740804596286855
-0.990128774621951
0.525259499667019
0.318486650251794
-0.932504014986123
0.873893455212307
-0.184931570860599
-0.637423989748911
0.999996891660592
-0.641258332235273
-0.180028649666688
0.871458499555002
-0.934293391748270
0.323209657454266
0.521009631840738
-0.989417534072703
0.744145010569244
0.037889506393012
-0.792593803177986
0.975589328481092
-0.454878902235778
-0.393941909591037
0.958607023676499
-0.831815755384832
0.105024384009199
0.697522514745892
-0.996936865167437
0.577246993294338
0.258819045102737
-0.908195359559883
0.902477915779664
-0.245790784309311
-0.588188608058879
0.997899497235835
-0.687811804415855
-0.118403968306627
0.839213336149662
-0.954686624531094
0.381531368161872
0.466827692349126
-0.978457541230308
0.784312557402723
-0.024432178152396
-0.753071466003770
0.987374342073206
-0.509470574795183
-0.335921299574321
0.939008537288596
-0.864776049423720
0.166768746715944
0.651531138301023
-0.999872685053498
0.626992362396725
0.198146143199500
-0.880359120425151
0.927557000153128
-0.305695304962829
-0.536668602769700
0.991926093126599
-0.731693699726647
-0.056319385995733
0.803708526830919
-0.971371693703597
0.438371146788903
0.410832515490675
-0.963697054534345
0.821433702192265
-0.086658964003930
-0.710624072445037
0.995324227455854
-0.562083377852051
-0.276595914663960
0.915762783621349
-0.894377407666210
0.227865351527876
0.603009105203227
-0.998924831061309
0.674302387583556
0.136703608310284
-0.849103418222298
0.949033296945721
-0.364412453575769
-0.483064086257043
0.982099881040265
-0.772733573497268
0.005983950294269
0.765081978256599
-0.984283791647620
0.493508218064084
0.353241595961794
-0.945193406200781
0.855364260160371
-0.148549151846462
-0.665416495326433
0.999408105935461
-0.612512954419407
-0.216196184644582
0.888960053096273
-0.920504853452376
0.288076888944233
0.552144883199372
-0.994096984815379
0.718993308750768
0.074730093586744
-0.814549655361761
0.966823388604384
-0.421714162855054
-0.427583267489948
0.968459027639294
-0.810772019946951
0.068264043913459
0.723483722446005
-0.993372765600373
0.546728420318191
0.294278626591302
-0.923018467515456
0.885972439306543
-0.209862349769116
-0.617624328489706
0.999610115040356
-0.660563427530176
-0.154956712238787
0.858704452032259
-0.943056903382970
0.347169487214177
0.499136037493165
-0.985407898483528
0.760891538834678
0.012466314595616
-0.776832044476888
0.980858175417469
-0.477377863313173
-0.370441643310570
0.951056516295193
-0.845661291344633
0.130278988491043
0.679075334029339
-0.998603312456578
0.597825037323480
0.234172629481492
-0.897258369674443
0.913139352308615
-0.270360406986127
-0.567433204758963
0.995929470133157
-0.706048161055695
-0.093115361869127
0.825113498278388
-0.961945961498664
0.404913620735799
0.444188463367154
-0.972891321940169
0.799834338054526
-0.049845885660388
-0.736097087119934
0.991083143909561
-0.531187347763879
-0.311861161409769
0.929959941292574
-0.877265871884914
0.191787907539751
0.632029302665004
-0.999955115891465
0.646599601215669
0.173157066446007
-0.868013169235338
0.936759478302021
-0.329808338856165
-0.515038074910335
0.988380467458478
-0.748790484631400
-0.030912335754411
0.788317664755696
-0.977098659516853
0.461085001570491
0.387515586452316
-0.956595871676366
0.835670446020652
-0.111964476103119
-0.692503004724374
0.997458578581320
-0.582933611108927
-0.252069358243244
0.905251245281065
-0.905463004055184
0.252551890060008
0.582528363061288
-0.997422925272854
0.692862663375050
0.111468932206589
-0.835396459481484
0.956741072739816
-0.387975239601566
-0.460642450450818
0.976992428613842
-0.788624379875417
0.031410759077960
0.748459872677404
-0.988456141806969
0.515465450616555
0.329337533745590
-0.936584841964910
0.868260669254980
-0.173648177666636
-0.646219124047398
0.999959716170868
-0.632415662147507
-0.191298475243326
0.877026400996876
-0.930143165446037
0.312334918512041
0.530764785202761
-0.991016576055486
0.736434530278253
0.049347833863896
-0.799534929205687
0.973006523744577
-0.444635179184630
-0.404457613145937
0.961809586659849
-0.825395125230660
0.093611849232559
0.705694936419924
-0.995974293995216
0.567843745052908
0.269880278600127
-0.912935959014784
0.897478421842807
-0.234657400467541
-0.597425219475006
0.998576841838657
-0.679441304261248
-0.129784556752636
0.845395038487929
-0.951210494154534
0.370904785545989
0.476939627542719
-0.980760951578538
0.777145961456802
-0.012964939775025
-0.760567870630555
0.985492653565687
-0.499568080859410
-0.346701794364393
0.942890914311189
-0.858959896930576
0.155449335201576
0.660188962196597
-0.999623914312555
0.618016438763548
0.209374763007406
-0.885741079069796
0.923210217112864
-0.294755174410630
-0.546310814749362
0.993315326901466
-0.723827881937648
-0.067766533188751
0.810480019292512
-0.968583161128579
0.428033995936082
0.421261956056791
-0.966695886414360
0.814838826856726
-0.075227355404681
-0.718646638373169
0.994150963972278
-0.552560575985199
-0.287599327432310
0.920309894877135
-0.889188323749636
0.216683029776188
0.612118702874431
-0.999390827019103
0.665788652557842
0.148056000578129
-0.855105831622825
0.945356108439509
-0.353708069622424
-0.493074446825252
0.984195607969306
-0.765402990234390
-0.005485292998918
0.772416959224806
-0.982193688004119
0.483500650208709
0.363948032197049
-0.948876011644581
0.849366721041797
-0.137197575318567
-0.673934061558603
0.998947824628813
-0.603406832787857
-0.227379776283143
0.894154236839445
-0.915962993388010
0.277075090975694
0.561670871435067
-0.995275937465159
0.710974831112658
0.086162163711544
-0.821149209133877
0.963830077451499
-0.411287103130360
-0.437922894720601
0.971253107566132
-0.804005144430281
0.056817252992824
0.731353701619311
-0.991989209202977
0.537089306538996
0.305220472894492
-0.927370542663467
0.880595531856564
-0.198634896746863
-0.626603811364722
0.999864603720719
-0.651909355843544
-0.166277043794420
0.864525533178502
-0.939179908520290
0.336390945865133
0.509041415750577
-0.987295228574631
0.753399463701873
0.023933658491948
-0.784003104842438
0.978560368142432
-0.467268628272722
-0.381070376350616
0.954538096543005
-0.839484407257890
0.118899111206205
0.687449743083546
-0.997931677271271
0.588591817561523
0.245307385879067
-0.902263010333768
0.908403961341401
-0.259300686788100
-0.576839726452922
0.996897740323633
-0.697879753185680
-0.104528463267828
0.831538866768441
-0.958748890738414
0.394400201675433
0.454434757489547
-0.975479698764786
0.792897765908279
-0.038387809087214
-0.743811800472914
0.989489765582849
-0.521435203379272
-0.322737716469877
0.934115498817273
-0.871702971286267
0.180519145250354
0.640875613985173
-0.999998010662406
0.637808138851121
0.184441483669351
-0.873650936539117
0.932683996873299
-0.318959309297748
-0.524835098909181
0.990058758234603
-0.741139468049654
-0.042373876588484
0.795322363376117
-0.974593930820350
0.450877540689214
0.398062998107530
-0.959875241542948
0.829316319675239
-0.100560171951949
-0.700731405819199
0.996575818152601
-0.573576436350740
-0.263151488952478
0.910064639197631
-0.900535694187177
0.241438012536339
0.591812216084612
-0.998180183389527
0.684547105928487
0.122859179678566
-0.841645455391938
0.953341330705891
-0.377379040140441
-0.470791923463611
0.979374221211681
-0.781520472418565
0.019945297362906
0.756016693999500
-0.986653483962145
0.505603595411064
0.340145095010871
-0.940542467248730
0.862513669207100
-0.162341942175175
-0.654929252388302
0.999791002430331
-0.623489801858535
-0.202543136739442
0.882478935272614
-0.925870584809914
0.301419093925880
0.540450119880972
-0.992485256199853
0.728627176774732
0.060799669945535
-0.806370881570673
0.970295726275968
-0.434332967243808
-0.414920112910207
0.964885629795786
-0.818865919671648
0.082187000420958
0.713774528477039
-0.994880708828762
0.558365800629281
0.280906011087624
-0.917556467632904
0.892360870408392
-0.223493148958084
-0.606583243456969
0.999122830098873
-0.670981427985870
-0.141148072877104
0.851465534561531
-0.947609238172947
0.360229412797941
0.486988824404622
-0.982935349149646
0.769877136972327
-0.001495995943223
-0.767964227459704
0.983481329856086
-0.489599871964870
-0.357436682769893
0.946649260115754
-0.853030753803258
0.144109475329828
0.668759942492654
-0.999243649493380
0.608959219054303
0.220575840915727
-0.891006524188508
0.918741991723341
-0.283776270716440
-0.555881163065297
0.994573896452072
-0.715866849259390
-0.079204766131430
0.817144898335383
-0.965667217686182
0.417640539971754
0.431635982329773
-0.969567555685868
0.808136764729578
-0.063785851132280
-0.726574670971056
0.992846926341797
-0.542965088338650
-0.298564908364184
0.924735945302436
-0.883882272844435
0.205472204769340
0.621147780278504
-0.999725359559788
0.657187337329295
0.159388917034301
-0.860995761366729
0.941554564434805
-0.342957157653976
-0.503019946630561
0.986161870314207
-0.757971723145224
-0.016953814736737
0.779650333724054
-0.979974383116212
0.473429480961430
0.374606593416383
-0.952433798569403
0.843257453209456
-0.125827951334579
-0.682362976112088
0.998356138179158
-0.594221336879311
-0.238533457578759
0.899230800360252
-0.911300644300109
0.266036845566318
0.571122975490087
-0.996323967984979
0.702862829321376
0.097582899759462
-0.827640746024160
0.960709980668735
-0.400805941239887
-0.448204916019105
0.973919425411410
-0.797132507222782
0.045362988128810
0.739127475930480
-0.990475163023519
0.527379542125811
0.316122169413393
-0.931600628198062
0.875102787744412
-0.187381314585160
-0.635500868549838
0.999987566661694
-0.643169529686037
-0.177575502677671
0.870232891567139
-0.935179370598377
0.325568154456919
0.518879832893314
-0.989052686346576
0.745808283728975
0.035397854069880
-0.791071034656590
0.976133837562881
-0.457097927058355
-0.391648982040178
