0.999999999999999
0.874135756577055
0.528226641853084
0.049347833863751
-0.441953229673226
-0.822002075447909
-0.995129582585910
-0.917754625683980
-0.609354685562808
-0.147562812492458
0.351374824081342
0.761861407873405
0.980565772275219
0.952433798569322
0.684547105928689
0.244340406137895
-0.257373734365301
-0.694299574162844
-0.956450432738630
-0.977835471138026
-0.753071466003610
-0.338737920245293
0.160865609613696
0.619974682979089
0.923018467515396
0.993712209893242
0.814260281314379
0.429835844221540
-0.062790519529311
-0.539610720810782
-0.880595531856736
-0.999909362145144
-0.867517521717718
-0.516746808235997
-0.035896202634584
0.453990499739543
0.829594860571830
0.996366562457242
0.912324417231454
0.598624226943437
0.134233265817656
-0.363948032196782
-0.770513242775786
-0.983118320656125
-0.948244511287227
-0.674670545932075
-0.231262784929955
0.270360406986351
0.703926182748942
0.960293685676941
0.974927912181823
0.744145010569355
0.326039611452344
-0.174139245707384
-0.630482294044711
-0.928114988519037
-0.992114701314478
-0.806370881570464
-0.417640539972135
0.076221822798882
0.550896981452098
0.886895676556413
0.999637465011020
0.860742027003944
0.505173300974504
0.022438064295811
-0.465945472355818
-0.837037260298628
-0.997422925272833
-0.906728826522709
-0.587785252292478
-0.120879385912327
0.376455265374389
0.779025402343243
0.985492653565725
0.943883330308369
0.664671684553427
0.218143241396546
-0.283298069832744
-0.713425186616677
-0.963962860695852
-0.971843622476423
-0.735083659720179
-0.313282199597438
0.187381314585717
0.640875613985021
0.933043264819442
0.990337346439118
0.798335306372705
0.405369527637444
-0.089639308903430
-0.562083377852126
-0.893035048612881
-0.999184357885974
-0.853810500668348
-0.493508218064350
-0.008975858481004
0.477815980375908
0.844327925502009
0.998298479539764
0.900968867902421
0.576839726452750
0.107503593510534
-0.388894256356591
-0.787396343528008
-0.987688340595136
-0.939351046208925
-0.654552334343442
-0.204984153792234
0.296184377620472
0.722794863827386
0.967457292663053
0.968583161128633
0.725889056058891
0.300467997289458
-0.200589415783264
-0.651152758743565
-0.937802403039826
-0.988380467458431
-0.790155012375694
-0.393025031653932
0.103040545578631
0.573167882188917
0.899012535107118
0.998550122907320
0.846724199228289
0.481753674101719
-0.004487974438912
-0.489599871965045
-0.851465534561474
-0.998993066541313
-0.895045585511176
-0.565789633582226
-0.094108313318523
0.401262750256470
0.795624548881773
0.989704983719633
0.934648480581916
0.644314329694501
0.191787907539964
-0.309016994374934
-0.732033515886179
-0.970776348122917
-0.965147119180894
-0.716562866343796
-0.287599327432031
0.213761154992106
0.661311865323649
0.942391540464030
0.986244419107041
0.781831482468039
0.380609289778873
-0.116423103505818
-0.584148485111076
-0.904827052466015
-0.997734875046456
-0.839484407258082
-0.469911799899910
0.017950993798083
0.501295010989917
0.858448793601864
0.999506560365730
0.888960053096195
0.554636976794322
0.080695973575227
-0.413558504966516
-0.803708526830780
-0.991542217370803
-0.929776485888256
-0.633959526508169
-0.178556894798642
0.321793593854436
0.741139468049848
0.973919425411299
0.961536119504151
0.707106781186551
0.274678522802404
-0.226894144495867
-0.671351092125990
-0.946809845192913
-0.983929588598630
-0.773366225503520
-0.368124552684687
0.129784556752284
0.595023196102026
0.910477546658812
0.996738762088015
0.832092437156159
0.457984742103072
-0.031410759078114
-0.512899277405898
-0.865276436727936
-0.999838867929057
-0.882713373816685
-0.543383777794818
-0.067269005612050
0.425779291565055
0.811646811946186
0.993199708502811
0.924735945302246
0.623489801858741
0.165293514029504
-0.334511859971832
-0.750111069630453
-0.976885954764643
-0.957750816684933
-0.697522514745706
-0.261707925628615
0.239986003602556
0.681268619282652
0.951056516295149
0.981436395555741
0.764760776027608
0.355573083550952
-0.143122483211100
-0.605790043840808
-0.915962993388162
-0.995561964603081
-0.824549628907147
-0.445974662797086
0.044864830350500
0.524410567641357
0.871947226253853
0.999989928992004
0.876306680043873
0.532032076515350
0.053829843412139
-0.437922894720349
-0.819437965209723
-0.994677156652776
-0.919527772551456
-0.612907053652985
-0.152000169561287
0.347169487214404
0.758946694294549
0.979675398423231
0.953791896906695
0.687811804415973
0.248689887164870
-0.253034359076122
-0.691062648986850
-0.955130783952418
-0.978765291933715
-0.756016693999263
-0.342957157654142
0.156434465040211
0.616447076559458
0.921282398275818
0.994204695916452
0.816857349838962
0.433883739117577
-0.058310768718923
-0.535826794978988
-0.878459952927500
-0.999959716170870
-0.869741133155698
-0.520583930743622
-0.040380923169174
0.449987113092116
0.827080574274553
0.995974293995236
0.914152911751094
0.602213200286091
0.138679271154456
-0.359764181061779
-0.767644740358004
-0.982287250728684
-0.949660077825434
-0.677976410513226
-0.235626767265331
0.266036845566651
0.700731405818909
0.959031909598961
0.975916761938751
0.747135564508170
0.330279061955178
-0.169718089100649
-0.626992362396795
-0.926434797042883
-0.992667202067975
-0.809016994374962
-0.421714162855314
0.071746136761363
0.547145889934065
0.884813436149735
0.999748234942506
0.863017923326361
0.509041415750398
0.026924682845674
-0.461969759730572
-0.834573253721286
-0.997090885390701
-0.908612337232881
-0.591410180293930
-0.125333233564311
0.372293658401930
0.776203631076337
0.984721038215620
0.945356108439572
0.668018115955517
0.222520933956344
-0.278991106039218
-0.710273137068042
-0.962759186055452
-0.972891321940146
-0.738118997487352
-0.317541094684869
0.182970947394048
0.637423989748677
0.931419255684609
0.990949761767938
0.801029983781123
0.409468140058910
-0.085168498971929
-0.558365800629653
-0.891006524188358
-0.999355523643321
-0.856138269310465
-0.497406623913237
-0.013463561731211
0.473868662472993
0.841914645309161
0.998026728428269
0.902907053368386
0.580499952001583
0.111964476103329
-0.384755647944908
-0.784621814930585
-0.986976319697492
-0.940880768954234
-0.657938725939718
-0.209374763007101
0.291894792201008
0.719686113050166
0.966311937657219
0.969689520376692
0.728968627421433
0.304745564927232
-0.196190637499074
-0.647740067614410
-0.936234870639733
-0.989052686346546
-0.792897765908491
-0.397147890634788
0.098575422202427
0.569484493168431
0.897038094386953
0.998781653462335
0.849103418222205
0.485681664337336
0.000000000000012
-0.485681664337289
-0.849103418222177
-0.998781653462333
-0.897038094386976
-0.569484493168474
-0.098575422202479
0.397147890634765
0.792897765908459
0.989052686346538
0.936234870639741
0.647740067614450
0.196190637499126
-0.304745564927209
-0.728968627421397
-0.969689520376679
-0.966311937657225
-0.719686113050202
-0.291894792201059
0.209374763007049
0.657938725939700
0.940880768954216
0.986976319697500
0.784621814930600
0.384755647944957
-0.111964476103277
-0.580499952001563
-0.902907053368363
-0.998026728428272
-0.841914645309190
-0.473868662473014
0.013463561731159
0.497406623913191
0.856138269310452
0.999355523643319
0.891006524188382
0.558365800629673
0.085168498971982
-0.409468140058862
-0.801029983781108
-0.990949761767931
-0.931419255684628
-0.637423989748718
-0.182970947394072
0.317541094684819
0.738118997487316
0.972891321940140
0.962759186055467
0.710273137068080
0.278991106039242
-0.222520933956293
-0.668018115955478
-0.945356108439555
-0.984721038215629
-0.776203631076370
-0.372293658401979
0.125333233564287
0.591410180293887
0.908612337232859
0.997090885390703
0.834573253721315
0.461969759730618
-0.026924682845650
-0.509041415750352
-0.863017923326334
-0.999748234942505
-0.884813436149747
-0.547145889934109
-0.071746136761416
0.421714162855291
0.809016994374931
0.992667202067968
0.926434797042892
0.626992362396836
0.169718089100701
-0.330279061955128
-0.747135564508135
-0.975916761938740
-0.959031909598976
-0.700731405818927
-0.266036845566702
0.235626767265280
0.677976410513208
0.949660077825417
0.982287250728694
0.767644740358020
0.359764181061829
-0.138679271154404
-0.602213200286049
-0.914152911751084
-0.995974293995241
-0.827080574274583
-0.449987113092138
0.040380923169121
0.520583930743577
0.869741133155686
0.999959716170870
0.878459952927525
0.535826794979032
0.058310768718962
-0.433883739117529
-0.816857349838932
-0.994204695916448
-0.921282398275833
-0.616447076559500
-0.156434465040249
0.342957157654105
0.756016693999228
0.978765291933707
0.955130783952430
0.691062648986889
0.253034359076173
-0.248689887164832
-0.687811804415934
-0.953791896906679
-0.979675398423239
-0.758946694294574
-0.347169487214454
0.152000169561249
0.612907053652954
0.919527772551436
0.994677156652779
0.819437965209745
0.437922894720396
-0.053829843412086
-0.532032076515317
-0.876306680043848
-0.999989928992004
-0.871947226253872
-0.524410567641390
-0.044864830350553
0.445974662797052
0.824549628907125
0.995561964603076
0.915962993388183
0.605790043840839
0.143122483211152
-0.355573083550902
-0.764760776027583
-0.981436395555733
-0.951056516295165
-0.681268619282680
-0.239986003602594
0.261707925628563
0.697522514745689
0.957750816684922
0.976885954764654
0.750111069630488
0.334511859971868
-0.165293514029452
-0.623489801858700
-0.924735945302231
-0.993199708502815
-0.811646811946217
-0.425779291565090
0.067269005612011
0.543383777794774
0.882713373816660
0.999838867929058
0.865276436727948
0.512899277405919
0.031410759078152
