0.999999999999999
0.269880278599914
-0.854329270445664
-0.731013521647790
0.459757004680444
0.979172218670630
0.068761537663809
-0.942057452787296
-0.577246993294531
0.630482294044713
0.917556467632732
-0.135221503812963
-0.990543701876216
-0.399434916642526
0.774944488704181
0.817719385664429
-0.333571817464845
-0.997768295725414
-0.204984153792230
0.887125934657386
0.683819742589317
-0.518027009373132
-0.963430289813121
-0.001994660679592
0.962353650653279
0.521435203379497
-0.680903494733555
-0.888960053096190
0.201077921145970
0.997493983854522
0.337329987382825
-0.815416561904556
-0.777459685186399
0.395774489027941
0.991083143909598
0.139173100960064
-0.915962993388166
-0.633573796645685
0.573984847883485
0.943388177963529
-0.064781119290158
-0.978354471007613
-0.463296035119857
0.728285544942847
0.856395846658790
-0.266036845566678
-0.999992042657546
-0.273719416573556
0.852249097851391
0.733729864502870
-0.456210657353163
-0.979974383116319
-0.072740861719262
0.940711735063535
0.580499952001563
-0.627380757516701
-0.919135339255229
0.131267754658243
0.989988495651933
0.403088987376266
-0.772416959224604
-0.820009195677937
0.329808338856496
0.998026728428270
0.208887124180271
-0.885277697888857
-0.686725107669343
0.514610571130139
0.964491596283470
0.005983950294381
-0.961261695938319
-0.524835098908902
0.677976410513222
0.890780024015860
-0.197168488407943
-0.997203797181180
-0.341082788800344
0.813100761047035
0.779962508642697
-0.392107762787075
-0.991606813167028
-0.143122483211108
0.914354941881177
0.636655216119311
-0.570713567684439
-0.944703889414167
0.060799669945401
0.977521153141462
0.466827692348855
-0.725545977802933
-0.858448793601862
0.262189178640870
0.999968170756824
0.277554198388929
-0.850155361981263
-0.736434530278359
0.452657049577021
0.980760951578480
0.076719028126803
-0.939351046208928
-0.583743672234789
0.624269236421609
0.920699583128423
-0.127311916418563
-0.989417534072677
-0.406736643075789
0.769877136972494
0.822285955503477
-0.326039611452365
-0.998269277850215
-0.212786770195539
0.883415372204711
0.689619543735653
-0.511185943022056
-0.965537553173966
-0.009973144676486
0.960154443046358
0.528226641853079
-0.675038536511951
-0.892585818452123
0.193255917795570
0.996897740323617
0.344830161992758
-0.810772019947091
-0.782452919241436
0.388434796274695
0.992114701314475
0.147069587712951
-0.912732338703391
-0.639726503425772
0.567433204758791
0.946004566200069
-0.056817252993055
-0.976672278334172
-0.470351920162224
0.722794863827407
0.860488078602875
-0.258337339056911
-0.999928384677748
-0.281384563016676
0.848048096156428
0.739127475930329
-0.449096237906564
-0.981531911539131
-0.080695973575213
0.937975407878399
0.586978102371393
-0.621147780278323
-0.922249174357853
0.123354052049848
0.988830826225132
0.410377825689797
-0.767325062368359
-0.824549628907132
0.322265695230536
0.998495940131150
0.216683029776422
-0.881538987243274
-0.692503004724229
0.507753179550762
0.966568143838540
0.013962180339137
-0.959031909598971
-0.531609778236692
0.672089919485062
0.894377407666333
-0.189340271576146
-0.996575818152633
-0.348572047321797
0.808430375665927
0.784930877348511
-0.384755647944965
-0.992606800269060
-0.151014351648603
0.911095209678031
0.642787609686516
-0.564143811312484
-0.947290187621385
0.052833931812031
0.975807860095312
0.473868662472987
-0.720032246799361
-0.862513669207251
0.254481388115589
0.999872685053500
0.285210449497779
-0.845927333913357
-0.741808658601424
0.445528279010989
0.982287250728684
0.084671634772617
-0.936584841964803
-0.590203190936451
0.618016438763833
0.923784088282256
-0.119394224540262
-0.988228381446557
-0.414012477270017
0.764760776027617
0.826800179863253
-0.318486650251685
-0.998706711663816
-0.220575840915160
0.879648572866622
0.695375444745708
-0.504312335347629
-0.967583351875665
-0.017950993798086
0.957894113460919
0.534984454218167
-0.669130606358875
-0.896154763145912
0.185421612065931
0.996238035791520
0.352308385236536
-0.806075865470065
-0.787396343527981
0.381070376350305
0.993083102199181
0.154956712238488
-0.909443580859500
-0.645838486184990
0.560845439695178
0.948560733217858
-0.048849769795657
-0.974927912181829
-0.477377863313301
0.717258170684964
0.864525533178339
-0.250621387183159
-0.999801072770523
-0.289031796944474
0.843793109003328
0.744478035621456
-0.441953229673235
-0.983026957126148
-0.088645948447604
0.935179370598559
0.593418886603694
-0.614875261712475
-0.925304300473982
0.115432496909213
0.987610209324670
0.417640539972087
-0.762184318760096
-0.829037572555031
0.314702536658175
0.998901589093853
0.224465141658893
-0.877744159160104
-0.698236818086071
0.500863465172560
0.968583161128623
0.021939521572625
-0.956741072739884
-0.538350616090647
0.666160644229926
0.897917856604809
-0.181500001629269
-0.995884398615973
-0.356039116274334
0.803708526830793
0.789849278542765
-0.377379040140679
-0.993543599524645
-0.158896606741096
0.907777478532928
0.648879084367455
-0.557538142399417
-0.949816182769138
0.044864830350562
0.974032448597817
0.480879466835338
-0.714472679632804
-0.866523638497988
0.246757397690322
0.999713548968503
0.292848544541164
-0.841645455391827
-0.747135564508131
0.438371146789088
0.983751018959339
0.092618851350281
-0.933759016147301
-0.596625138196340
0.611724299115047
0.926809786739324
-0.111468932206348
-0.986976319697496
-0.421261956056586
0.759595731569300
0.831261771375065
-0.310913414672955
-0.999080569319847
-0.228350870110623
0.875825776431865
0.701087079207485
-0.497406623913261
-0.969567555685766
-0.025927700186592
0.955572805786157
0.541708210282703
-0.663180080364227
-0.899666659983945
0.177575502677214
0.995514912254018
0.359764181061782
-0.801328397423560
-0.792289643355157
0.373681698062538
0.993988284916782
0.162833972454275
-0.906096929213820
-0.651909355843751
0.554221972059797
0.951056516295150
-0.040879176895827
-0.973121483594296
-0.484373417312182
0.711675817973073
0.868507953366965
-0.242889481131252
-0.999610115040354
-0.296660631545489
0.839484407258101
0.749781202967714
-0.434782087366268
-0.984459424705038
-0.096590280253124
0.932323801215521
0.599821894687903
-0.608563601118150
-0.928300523118942
0.107503593510550
0.986326722653183
0.424876667889790
-0.756995055651780
-0.833472740925933
0.307119344598706
0.999243649493383
0.232232964430208
-0.873893455212360
-0.703926182748900
0.493941866584272
0.970536519880764
0.029915466169380
-0.954389331192303
-0.545057183359280
0.660188962196513
0.901401145451666
-0.173648177666988
-0.995129582585915
-0.363483520315647
0.798935515127375
0.794717399127520
-0.369978408957917
-0.994417151298562
-0.166768746716090
0.904401959647588
0.654929252388060
-0.550896981452122
-0.952281714056377
0.036892872861873
0.972195031668988
0.487859659138713
-0.708867630216984
-0.870478446205525
0.239017699062623
0.999490772632194
0.300467997289392
-0.837309998994548
-0.752414908895702
0.431186108523524
0.985152163089188
0.100560171952090
-0.930873748644214
-0.603009105203012
0.605393218023294
0.929776485888235
-0.103536543928935
-0.985661428529864
-0.428484617944701
0.754382332396474
0.835670446020750
-0.303320386816860
-0.999390827019093
-0.236111362835338
0.871947226253873
0.706754083526959
-0.490469248326115
-0.971490038292858
-0.033902756056950
0.953190667792965
0.548397482022528
-0.657187337329486
-0.903121285404183
0.169718089100729
0.994728415744057
0.367197074843818
-0.796529918024240
-0.797132507222921
0.366269231763495
0.994830191844708
0.170700866905849
-0.902692596809139
-0.657938725939723
0.547563223492572
0.953491756554164
-0.032905981689416
-0.971253107566083
-0.491338136832440
0.706048161055838
0.872435085653896
-0.235142113102681
-0.999355523643321
-0.304270581179795
0.835122265206161
0.755036640377497
-0.427583267489778
-0.985829223087087
-0.104528463267606
0.929408881510531
0.606186719018216
-0.602213200286129
-0.931237651557742
0.099567846595847
0.984980447915495
0.432085748801981
-0.751757603384048
-0.837854851683702
0.299516601786632
0.999522099554692
0.239986003602471
-0.869987120530025
-0.709570736536472
0.486988824404364
0.972428095747102
0.037889506392782
-0.951976834664476
-0.551729053112646
0.654175253533104
0.904827052466010
-0.165785299524559
-0.994311418112900
-0.370904785546244
0.794111644398407
0.799534929205605
-0.362554225509659
-0.995227399981822
-0.174630270445098
0.900968867902444
0.660937728603748
-0.544220751236854
-0.954686624531103
0.028918566828685
0.970295726276006
0.494808795034586
-0.703217455360721
-0.874377840572777
0.231262784930046
0.999204370226179
0.308068322699771
-0.832921240710096
-0.757646355689066
0.423973621603007
0.986490593923519
0.108495091045565
-0.927929223127327
-0.609354685562791
0.599023598515635
0.932683996873389
-0.095597564671853
-0.984283791647649
-0.435680003150665
0.749120910386237
0.840025923150723
-0.295708050044062
-0.999637465011019
-0.243856825068030
0.868013169235281
0.712376096951295
-0.483500650208969
-0.973350677314608
-0.041875653729117
0.950747851124641
0.555051843608730
-0.651152758743645
-0.906518419490401
0.161849871527585
0.993878596328825
0.374606593415878
-0.791680732735972
-0.801924626841819
0.358833449319562
0.995608769388453
0.178556894798617
-0.899230800360105
-0.663926212652164
0.540869617879359
0.955866298971226
-0.024930691738075
-0.969322903035179
-0.498271578510670
0.700375558181380
0.876306680043835
-0.227379776283058
-0.999037314786328
-0.311861161409462
0.830706960534933
0.760244013297614
-0.420357228309639
-0.987136265072985
