0.999999999999999
0.230292375399728
-0.893930843665500
-0.642023290261351
0.598224706513028
0.917556467632733
-0.175612189523976
-0.998440764181980
-0.284254401034802
0.867517521717717
0.683819742589320
-0.552560575985466
-0.938320717781190
0.120384362016249
0.993767919160595
0.337329987382828
-0.838398870984691
-0.723483722445860
0.505173300974502
0.956158841385739
-0.064781119290152
-0.985996037070504
-0.389353619733218
0.806665697152813
0.760891538834816
-0.456210657353164
-0.971015210763881
0.008975858480997
0.975149354305562
0.440163063864077
-0.772416959224601
-0.795926536541816
0.405825333736811
0.982843496749093
0.046857393288239
-0.961261695938317
-0.489599871965049
0.735759460917850
0.828479459920241
-0.354174455328015
-0.991606813167029
-0.102544521605567
0.944376370237482
0.537509876752289
-0.696807517601280
-0.858448793601865
0.301419093926069
0.997277831864002
0.157911867740831
-0.924546033612311
-0.583743672234787
0.655682599805288
0.885741079069649
-0.247723765629161
-0.999838867929057
-0.212786770195557
0.901832526405111
0.628157079632704
-0.612512954419575
-0.910271206105482
0.193255917795559
0.999281934843867
0.266998103142905
-0.876306680043861
-0.670611596994810
0.567433204758788
0.931962678203972
-0.138185406863816
-0.995608769388462
-0.320376810078726
0.848048096156423
0.710974831112890
-0.520583930743615
-0.950747851124638
0.082683968660253
0.988830826225127
0.372756431019472
-0.817144898335133
-0.749120910386207
0.472111230506240
0.966568143838547
-0.026924682845668
-0.978969242177370
-0.423973621602932
0.783693457325845
0.784930877348521
-0.422166264787477
-0.979374221211597
-0.028918566828681
0.966054770315328
0.473868662472996
-0.747798090498537
-0.818293059633574
0.370904785546282
0.989126147854732
0.084671634772619
-0.950127684053204
-0.522285957359930
0.709570736536516
0.849103418222185
-0.318486650251690
-0.995793512661319
-0.140160656625156
0.931237651557741
0.569074518302937
-0.669130606358853
-0.877265871885016
0.265075323371831
0.999355523643320
0.195212591445477
-0.909443580859485
-0.614088436501824
0.626603811364454
0.902692596809109
-0.210837366614624
-0.999801072770522
-0.249655761336406
0.884813436149742
0.657187337329460
-0.582122970157283
-0.925304300473991
0.155941919509812
0.997128770610609
0.303320386816834
-0.857424025836180
-0.698236818086072
0.535826794978989
0.945030468923141
-0.100560171952139
-0.991346950662069
-0.356039116274341
0.827360763017991
0.737108867130245
-0.487859659138725
-0.961809586659762
0.044864830350518
0.982473643366417
0.407647547846427
-0.794717399127559
-0.773682263079600
0.438371146789069
0.975589328481116
0.010970420952006
-0.970536519880771
-0.457984742103054
0.759595731569282
0.807842952836235
-0.387515586452094
-0.986326722653180
-0.066771461307956
0.955572805786138
0.506893723931693
-0.722105286267251
-0.839484407258077
0.335451569750272
0.993988284916783
0.122364276755720
-0.937629165000492
-0.554221972059766
0.682362976111762
0.868507953366989
-0.282341456842894
-0.998550122907319
-0.177575502677158
0.916761554258670
0.599821894687902
-0.640492736369786
-0.894823082057652
0.228350870110673
0.999998010662407
0.232232964430241
-0.893035048612881
-0.643551289750779
0.596625138196352
0.918347730347647
-0.173648177666947
-0.998327432985149
-0.286166214270796
0.866523638498006
0.685273788370232
-0.550896981452106
-0.939008537288532
0.118403968306518
0.993543599524649
0.339207062888954
-0.837309998994518
-0.724859280117732
0.503450868096822
0.956741072739886
-0.062790519529330
-0.985661428529863
-0.391190103902750
0.805485232008612
0.762184318760085
-0.454434757489240
-0.971490038292861
0.006981260297949
0.974705500327471
0.441953229673201
-0.771148582173405
-0.797132507222915
0.404001504980024
0.983209439716739
0.048849769795598
-0.960709980668809
-0.491338136832512
0.734407127357556
0.829594860571840
-0.352308385236559
-0.991862730390566
-0.104528463267667
0.943718514184989
0.539190819948357
-0.695375444745700
-0.859470145878637
0.299516601786649
0.997422925272833
0.159881187691820
-0.923784088282281
-0.585362051785829
0.654175253533048
0.886665197913520
-0.245790784309490
-0.999872685053500
-0.214735327167077
0.900968867902421
0.629707848667947
-0.610935035347212
-0.911095209678020
0.191298475243117
0.999204370226178
0.268919820615252
-0.875344001663078
-0.672089919485048
0.565789633582228
0.932683996873434
-0.136209607307626
-0.995420064911703
-0.322265695230525
0.846989399982745
0.712376096951326
-0.518879832892908
-0.951364235479190
0.080695973575246
0.988531570358852
0.374606593415900
-0.815993485882571
-0.750440749765110
0.470351920162247
0.967077671701081
-0.024930691738073
-0.978560368142518
-0.425779291565087
0.782452919241448
0.786165174386186
-0.420357228309554
-0.979775303633911
-0.030912335754095
0.965537553173969
0.475624209070264
-0.746472295365171
-0.819437965209734
0.369051664363426
0.989417534072672
0.086658964004067
-0.949503736732332
-0.523985905970093
0.708163818808671
0.850155361981249
-0.316595223269695
-0.995974293995237
-0.142135348732728
0.930508919819365
0.570713567684422
-0.667646953469588
-0.878221573370230
0.263151488952146
0.999425136331750
0.197168488407943
-0.908612337232881
-0.615661475325672
0.625048050043181
0.903549075692472
-0.208887124180264
-0.999759299728271
-0.251586763744482
0.883882272844559
0.658689460118672
-0.580499952001598
-0.926058885850424
0.153971350836547
0.996975742105724
0.305220472894337
-0.856395846658801
-0.699663340513378
0.534141581324930
0.945680807639528
-0.098575422202429
-0.991083143909599
-0.357902360656678
0.826238774315988
0.738455340625877
-0.486117505277319
-0.962353650653281
0.042872088910218
0.982099881040244
0.409468140058893
-0.793505099790907
-0.774944488704155
0.436577485577670
0.976025421103619
0.012964939775294
-0.970053967548098
-0.459757004680421
0.758296902119042
0.809016994374942
-0.385676011372366
-0.986653483962205
-0.068761537663797
0.954982968272741
0.508612130123435
-0.720723977066261
-0.840566603495664
0.333571817464843
0.994204695916448
0.124343704647501
-0.936933881697909
-0.555881163064864
0.680903494733546
0.869494929505214
-0.280427389306029
-0.998655508726066
-0.179538109315087
0.915962993388178
0.601416696366315
-0.638959634165667
-0.895711760239396
0.226408456287641
0.999992042657546
0.234172629481241
-0.892135700463884
-0.645076728758663
0.595023196102026
0.919135339255231
-0.171683474920217
-0.998210129767734
-0.288076888944366
0.865526307662221
0.686725107669352
-0.549231195078601
-0.939692620785896
0.116423103505821
0.993315326901438
0.341082788800321
-0.836217795619841
-0.726231953809977
0.501726432151649
0.957319497532065
-0.060799669945419
-0.985322898362553
-0.393025031653914
0.804301562100301
0.763474066201501
-0.452657049577031
-0.971961000578537
0.004986634338755
0.974257768312794
0.443741637093990
-0.769877136972496
-0.798335306372688
0.402176068832403
0.983571470813384
0.050841951945597
-0.960154443046350
-0.493074446825110
0.733051871829845
0.830706960534938
-0.350440913424480
-0.992114701314473
-0.106511989044942
0.943056903383065
0.540869617879302
-0.693940605217110
-0.860488078602869
0.297612917967937
0.997564050259819
0.161849871527552
-0.923018467515392
-0.586978102371389
0.652665304509950
0.887585789004531
-0.243856825068193
-0.999902524009304
-0.216683029776451
0.900101624737254
0.631256112300211
-0.609354685562852
-0.911915588298681
0.189340271576109
0.999122830098857
0.270840468142982
-0.874377840572824
-0.673565567947750
0.564143811312448
0.933401604696211
-0.134233265817666
-0.995227399981833
-0.324153298191719
0.845927333913330
0.713774528476714
-0.517173670587911
-0.951976834664467
0.078707657427158
0.988228381446561
0.376455265374423
-0.814838826856936
-0.751757603384015
0.468590738440741
0.967583351875659
-0.022936601439425
-0.978147600733799
-0.427583267489714
0.781209268031048
0.787396343527990
-0.418546519366836
-0.980172487848551
-0.032905981689437
0.965016494472311
0.477377863313295
-0.745143530260998
-0.820579610508355
0.367197074843818
0.989704983719636
0.088645948447632
-0.948876011644505
-0.525683769810462
0.706754083527055
0.851203923248301
-0.314702536658168
-0.996151112670948
-0.144109475329943
0.929776485888272
0.572350346382045
-0.666160644229895
-0.879173780697051
0.261226607538162
0.999490772632192
0.199123600900954
-0.907777478532896
-0.617232064632463
0.623489801858742
0.904401959647551
-0.206936050651970
-0.999713548968501
-0.253516765170600
0.882947592858926
0.660188962196475
-0.578874624225136
-0.926809786739316
0.152000169561234
0.996818746958189
0.307119344598691
-0.855364260160520
-0.701087079207453
0.532454242495063
0.946327383799171
-0.096590280253161
-0.990815393959219
-0.359764181061774
0.825113498278326
0.739798876047609
-0.484373417312184
-0.962893885754204
0.040879176895801
0.981722211257641
0.411287103130553
-0.792289643355171
-0.776203631076358
0.434782087366263
0.976457630438000
0.014959407015213
-0.969567555685791
-0.461527438034055
0.756995055651754
0.810187817097809
-0.383834901813035
-0.986976319697485
-0.070751340439871
0.954389331192281
0.510328512712691
-0.719339800338668
-0.841645455391780
0.331690738005583
0.994417151298568
0.126322637816043
-0.936234870639741
-0.557538142399373
0.679441304261555
0.870478446205569
-0.278512206039615
-0.998756921218921
-0.181500001629196
0.915160788198444
0.603009105202975
-0.637423989748664
-0.896596874675025
0.224465141658931
0.999982096009160
0.236111362835328
-0.891232802796740
-0.646599601215817
0.593418886603698
