0.999999999999999
-0.333571817464844
-0.777459685186401
0.852249097851390
0.208887124180277
-0.991606813167029
0.452657049577019
0.689619543735670
-0.912732338703386
-0.080695973575217
0.966568143838547
-0.564143811312470
-0.590203190936456
0.957894113460919
-0.048849769795611
-0.925304300473996
0.666160644229906
0.480879466835352
-0.986976319697495
0.177575502677158
0.868507953366989
-0.756995055651753
-0.363483520315679
0.999490772632194
-0.303320386816850
-0.797132507222922
0.835122265206164
0.239986003602569
-0.995227399981831
0.423973621602936
0.712376096951344
-0.899230800360078
-0.112459992158391
0.974257768312791
-0.537509876752294
-0.615661475325657
0.948244511287225
-0.016953814736626
-0.936933881697908
0.642023290261349
0.508612130123435
-0.981340635521228
0.146083028562405
0.883882272844568
-0.735759460917842
-0.393025031653920
0.997963609153802
-0.272760038084496
-0.815993485882552
0.817144898335127
0.270840468143007
-0.997834392738110
0.394858395686152
0.734407127357547
-0.884813436149734
-0.144109475329988
0.980955155349192
-0.510328512712687
-0.640492736369779
0.937629165000495
0.014959407015263
-0.947609238173050
0.617232064632455
0.535826794978999
-0.974705500327468
0.114441775495426
0.898356398235643
-0.713774528476703
-0.422166264787466
0.995420064911701
-0.241921895599670
-0.834023412112258
0.798335306372701
0.301419093926070
-0.999425136331751
0.365341024366392
0.755690197347022
-0.869494929505215
-0.175612189523982
0.986653483962205
-0.482627402182602
-0.664671684553433
0.926058885850417
0.046857393288251
-0.957319497532070
0.591812216084355
0.562495744497761
-0.967077671701071
0.082683968660229
0.911915588298674
-0.691062648986869
-0.450877540689425
0.991862730390569
-0.210837366614623
-0.851203923248287
0.778712646036894
0.331690738005520
-0.999998010662407
0.335451569750253
0.776203631076354
-0.853290881632152
-0.206936050651924
0.991346950662071
-0.454434757489230
-0.688173694712316
0.913545457642596
0.078707657427131
-0.966054770315332
0.565789633582203
0.588591817561767
-0.958464918240230
0.050841951945604
0.924546033612319
-0.667646953469550
-0.479129618224913
0.987295228574591
-0.179538109315103
-0.867517521717715
0.758296902119052
0.361624570082090
-0.999552432283502
0.305220472894334
0.795926536541819
-0.836217795619838
-0.238049156779111
0.995030775365401
-0.425779291565066
-0.710974831112896
0.900101624737243
0.110477761379576
-0.973806160042908
0.539190819948369
0.614088436501835
-0.948876011644491
0.018948155004282
0.936234870639732
-0.643551289750797
-0.506893723931698
0.981722211257635
-0.148056000577929
-0.882947592858924
0.737108867130247
0.391190103902748
-0.998088854996448
0.274678522802391
0.814838826856944
-0.818293059633573
-0.268919820615268
0.997701206263482
-0.396690188705083
-0.733051871829830
0.885741079069646
0.142135348732764
-0.980565772275221
0.512042864870561
0.638959634165665
-0.938320717781185
-0.012964939775293
0.946970194829519
-0.618800198173345
-0.534141581324944
0.975149354305558
-0.116423103505802
-0.897478421842902
0.715170120125034
0.420357228309587
-0.995608769388459
0.243856825068101
0.832921240710114
-0.799534929205590
-0.299516601786648
0.999355523643321
-0.367197074843817
-0.754382332396469
0.870478446205532
0.173648177666966
-0.986326722653188
0.484373417312166
0.663180080364236
-0.926809786739323
-0.044864830350500
0.956741072739881
-0.593418886603711
-0.560845439695154
0.967583351875674
-0.084671634772632
-0.911095209678021
0.692503004724252
0.449096237906555
-0.992114701314477
0.212786770195565
0.850155361981260
-0.779962508642706
-0.329808338856489
0.999992042657546
-0.337329987382827
-0.774944488704181
0.854329270445661
0.204984153792236
-0.991083143909600
0.456210657353155
0.686725107669354
-0.914354941881168
-0.076719028126831
0.965537553173974
-0.567433204758769
-0.586978102371408
0.959031909598960
-0.052833931811999
-0.923784088282275
0.669130606358842
0.477377863313333
-0.987610209324666
0.181500001629193
0.866523638498022
-0.759595731569260
-0.359764181061832
0.999610115040353
-0.307119344598670
-0.794717399127573
0.837309998994505
0.236111362835408
-0.994830191844721
0.427583267489676
0.709570736536546
-0.900968867902402
-0.108495091045654
0.973350677314627
-0.540869617879297
-0.612512954419602
0.949503736732312
-0.020942419883369
-0.935532134607115
0.645076728758687
0.505173300974493
-0.982099881040239
0.150028383526704
0.882009399911609
-0.738455340625885
-0.389353619733217
0.998210129767734
-0.276595914663663
-0.813680925852317
0.819437965209730
0.266998103142913
-0.997564050259824
0.398520403422606
0.731693699726822
-0.886665197913508
-0.140160656625155
0.980172487848545
-0.513755179776196
-0.637423989748699
0.939008537288526
0.010970420952024
-0.946327383799169
0.620365869709253
0.532454242495022
-0.975589328481114
0.118403968306480
0.896596874675030
-0.716562866343775
-0.418546519366809
0.995793512661316
-0.245790784309461
-0.831815755384884
0.800731370948715
0.297612917967928
-0.999281934843866
0.369051664363380
0.753071466003595
-0.871458499554871
-0.171683474920170
0.985996037070510
-0.486117505277309
-0.661685837596889
0.927557000153163
0.042872088910247
-0.956158841385736
0.595023196102000
0.559192903470737
-0.968085182350384
0.086658964004075
0.910271206105503
-0.693940605217114
-0.447313148315679
0.992362724936243
-0.214735327167010
-0.849103418222192
0.781209268031004
0.327924627507205
-0.999982096009160
0.339207062888952
0.773682263079638
-0.855364260160503
-0.203031441367238
0.990815393959218
-0.457984742103008
-0.685273788370249
0.915160788198400
0.074730093586437
-0.965016494472329
0.569074518302926
0.585362051785887
-0.959595085281230
0.054825701469284
0.923018467515404
-0.670611596994754
-0.475624209070294
0.987921260694518
-0.183461171813758
-0.865526307662190
0.760891538834800
0.357902360656675
-0.999663820673245
0.309016994374972
0.793505099790916
-0.838398870984704
-0.234172629481257
0.994625650217835
-0.429385542199376
-0.708163818808655
0.901832526405096
0.106511989044921
-0.972891321940153
0.542546263865771
0.610935035347254
-0.950127684053204
0.022936601439312
0.934825676396010
-0.646599601215762
-0.503450868096812
0.982473643366408
-0.152000169561272
-0.881067697735410
0.739798876047585
0.387515586452154
-0.998327432985149
0.278512206039579
0.812519787475582
-0.820579610508356
-0.265075323371830
0.997422925272837
-0.400349032556888
-0.730332616452287
0.887585789004549
0.138185406863876
-0.979775303633915
0.515465450616798
0.635885809228724
-0.939692620785883
-0.008975858481014
0.945680807639559
-0.621929073010870
-0.530764785202667
0.976025421103619
-0.120384362016170
-0.895711760239422
0.717952761591582
0.416734145163382
-0.995974293995241
0.247723765629127
0.830706960534918
-0.801924626841805
-0.295708050044022
0.999204370226180
-0.370904785546297
-0.751757603384043
0.872435085653931
0.169718089100706
-0.985661428529859
0.487859659138697
0.660188962196478
-0.928300523118941
-0.040879176895765
0.955572805786153
-0.596625138196357
-0.557538142399440
0.968583161128632
-0.088645948447592
-0.909443580859479
0.695375444745670
0.445528279010978
-0.992606800269055
0.216683029776448
0.848048096156455
-0.782452919241445
-0.326039611452397
0.999968170756824
-0.341082788800299
-0.772416959224602
0.856395846658759
0.201077921145972
-0.990543701876225
0.459757004680435
0.683819742589369
-0.915962993388161
-0.072740861719331
0.964491596283475
-0.570713567684371
-0.583743672234803
0.960154443046332
-0.056817252993025
-0.922249174357883
0.672089919485030
0.473868662473069
-0.988228381446548
0.185421612065856
0.864525533178374
-0.762184318760020
-0.356039116274383
0.999713548968503
-0.310913414672919
-0.792289643355175
0.839484407258058
0.232232964430221
-0.994417151298569
0.431186108523526
0.706754083527032
-0.902692596809122
-0.104528463267694
0.972428095747108
-0.544220751236793
-0.609354685562798
0.950747851124623
-0.024930691738083
-0.934115498817205
0.648119901063136
0.501726432151705
-0.982843496749094
0.153971350836481
0.880122490076973
-0.741139468049817
-0.385676011372338
0.998440764181977
-0.280427389306001
-0.811355416346566
0.821717990987315
0.263151488952191
-0.997277831864002
0.402176068832358
0.728968627421417
-0.888502848680012
-0.136209607307636
0.979374221211611
-0.517173670587901
-0.634345098725703
0.940372965551567
0.006981260298035
-0.945030468923151
0.623489801858673
0.529073216169536
-0.976457630437989
0.122364276755700
0.894823082057687
-0.719339800338633
-0.414920112910204
0.996151112670947
-0.249655761336340
-0.829594860571847
0.803114692137249
0.293802005593945
-0.999122830098856
0.372756431019443
0.750440749765094
-0.873408200617111
-0.167752028027980
0.985322898362561
-0.489599871965066
-0.658689460118711
0.929040352678507
0.038886102236429
-0.954982968272728
0.598224706512991
0.555881163064876
-0.969077286229065
0.090632580197787
0.908612337232895
-0.696807517601282
-0.443741637094072
0.992846926341837
-0.218629870274382
-0.846989399982742
0.783693457325803
0.324153298191770
-0.999950266955943
0.342957157654127
0.771148582173451
-0.857424025836172
-0.199123600901082
0.990268068741571
-0.461527438033975
-0.682362976111766
0.916761554258644
0.070751340439851
-0.963962860695872
0.572350346382001
0.582122970157350
-0.960709980668810
0.058808578459258
0.921476211870415
-0.673565567947738
-0.472111230506255
0.988531570358841
-0.187381314585699
-0.863521319028272
0.763474066201478
0.354174455328095
-0.999759299728270
0.312808597947379
0.791071034656361
-0.840566603495634
