0.999999999999999
0.210349884345496
-0.911505852311672
-0.593820185573501
0.661685837596859
0.872191264396604
-0.294755174410903
-0.996194698091745
-0.124343704647485
0.943883330308367
0.521435203379497
-0.724515660859272
-0.826238774315995
0.376917199621005
0.984807753012207
0.037391194276324
-0.969077286229077
-0.445081784436593
0.781831482468030
0.773998108266227
-0.456210657353164
-0.965925826289067
0.049845885660696
0.986895978856720
0.365341024366398
-0.833197094412447
-0.715866849259717
0.532032076515339
0.939692620785908
-0.136703608310074
-0.997203797181179
-0.282819798501829
0.878221573370228
0.652287411278119
-0.603804410325475
-0.906307787036649
0.222520933956316
0.999922292480974
0.198146143199398
-0.916562255869976
-0.583743672234787
0.670981427985968
0.866025403784437
-0.306644740933337
-0.995030775365401
-0.111964476103307
0.947927346167132
0.510757291371687
-0.733051871829821
-0.819152044288990
0.388434796274692
0.982566473233286
0.024930691738071
-0.972078136985773
-0.433883739117552
0.789543348300235
0.766044443118980
-0.467268628273066
-0.962624246950011
0.062292830244848
0.988830826225128
0.353708069622581
-0.840025923150768
-0.707106781186544
0.542546263865759
0.935355868899035
-0.149042266176178
-0.998057915804531
-0.270840468143010
0.884115393504611
0.642787609686540
-0.613694794792042
-0.900968867902417
0.234657400467713
0.999689182000815
0.185911607162912
-0.921476211870406
-0.573576436351051
0.680172737770920
0.859724949801191
-0.318486650251691
-0.993712209893241
-0.099567846595820
0.951824039861323
0.499999999999998
-0.741474155515824
-0.811938005715852
0.399892024319742
0.980172487848544
0.012466314595410
-0.974927912181823
-0.422618261740703
0.797132507222925
0.757971723145452
-0.478253978621314
-0.959173061326986
0.074730093586410
0.990611994413051
0.342020143325665
-0.846724199228290
-0.698236818086076
0.552976131367942
0.930873748644199
-0.161357760632800
-0.998756921218922
-0.258819045102508
0.889871808811465
0.633187909234137
-0.623489801858742
-0.895489924657303
0.246757397690296
0.999300704788397
0.173648177666938
-0.926246956610309
-0.563320058063612
0.689258338483941
0.853290881632154
-0.330279061955177
-0.992239206600172
-0.087155742747657
0.955572805786143
0.489165001109297
-0.749781202967734
-0.804597779766662
0.411287103130603
0.977626168919304
-0.000000000000009
-0.977626168919301
-0.411287103130612
0.804597779766673
0.749781202967740
-0.489165001109288
-0.955572805786137
0.087155742747647
0.992239206600171
0.330279061955159
-0.853290881632149
-0.689258338483948
0.563320058063628
0.926246956610312
-0.173648177666928
-0.999300704788398
-0.246757397690305
0.895489924657299
0.623489801858728
-0.633187909234129
-0.889871808811469
0.258819045102526
0.998756921218922
0.161357760632810
-0.930873748644205
-0.552976131367950
0.698236818086069
0.846724199228280
-0.342020143325655
-0.990611994413052
-0.074730093586419
0.959173061326983
0.478253978621322
-0.757971723145455
-0.797132507222914
0.422618261740694
0.974927912181822
-0.012466314595428
-0.980172487848542
-0.399892024319737
0.811938005715863
0.741474155515830
-0.500000000000002
-0.951824039861318
0.099567846595810
0.993712209893242
0.318486650251673
-0.859724949801186
-0.680172737770917
0.573576436351055
0.921476211870410
-0.185911607162916
-0.999689182000816
-0.234657400467723
0.900968867902419
0.613694794792038
-0.642787609686532
-0.884115393504609
0.270840468143014
0.998057915804531
0.149042266176174
-0.935355868899037
-0.542546263865767
0.707106781186547
0.840025923150766
-0.353708069622598
-0.988830826225132
-0.062292830244872
0.962624246950008
0.467268628273063
-0.766044443118983
-0.789543348300224
0.433883739117582
0.972078136985778
-0.024930691738061
-0.982566473233287
-0.388434796274688
0.819152044289001
0.733051871829808
-0.510757291371666
-0.947927346167135
0.111964476103305
0.995030775365401
0.306644740933319
-0.866025403784450
-0.670981427985986
0.583743672234779
0.916562255869977
-0.198146143199403
-0.999922292480974
-0.222520933956291
0.906307787036639
0.603804410325488
-0.652287411278117
-0.878221573370225
0.282819798501840
0.997203797181177
0.136703608310097
-0.939692620785902
-0.532032076515341
0.715866849259720
0.833197094412441
-0.365341024366415
-0.986895978856724
-0.049845885660713
0.965925826289066
0.456210657353160
-0.773998108266234
-0.781831482468016
0.445081784436569
0.969077286229081
-0.037391194276318
-0.984807753012207
-0.376917199620995
0.826238774316006
0.724515660859291
-0.521435203379482
-0.943883330308369
0.124343704647486
0.996194698091745
0.294755174410885
-0.872191264396591
-0.661685837596873
0.593820185573494
0.911505852311672
-0.210349884345505
-0.999999999999999
-0.210349884345524
0.911505852311664
0.593820185573509
-0.661685837596858
-0.872191264396600
0.294755174410921
0.996194698091742
0.124343704647505
-0.943883330308363
-0.521435203379499
0.724515660859277
0.826238774315985
-0.376917199621029
-0.984807753012211
-0.037391194276338
0.969077286229076
0.445081784436586
-0.781831482468039
-0.773998108266211
0.456210657353143
0.965925826289071
-0.049845885660693
-0.986895978856721
-0.365341024366381
0.833197094412462
0.715866849259734
-0.532032076515324
-0.939692620785909
0.136703608310078
0.997203797181180
0.282819798501805
-0.878221573370216
-0.652287411278132
0.603804410325472
0.906307787036647
-0.222520933956327
-0.999922292480974
-0.198146143199422
0.916562255869969
0.583743672234795
-0.670981427985972
-0.866025403784432
0.306644740933355
0.995030775365403
0.111964476103324
-0.947927346167128
-0.510757291371683
0.733051871829833
0.819152044288979
-0.388434796274670
-0.982566473233290
-0.024930691738081
0.972078136985774
0.433883739117548
-0.789543348300247
-0.766044443118995
0.467268628273045
0.962624246950014
-0.062292830244852
-0.988830826225129
-0.353708069622563
0.840025923150755
0.707106781186561
-0.542546263865750
-0.935355868899033
0.149042266176183
0.998057915804532
0.270840468142979
-0.884115393504599
-0.642787609686547
0.613694794792045
0.900968867902415
-0.234657400467732
-0.999689182000815
-0.185911607162935
0.921476211870402
0.573576436351048
-0.680172737770924
-0.859724949801181
0.318486650251708
0.993712209893244
0.099567846595829
-0.951824039861320
-0.499999999999994
0.741474155515836
0.811938005715841
-0.399892024319719
-0.980172487848546
-0.012466314595419
0.974927912181824
0.422618261740686
-0.797132507222936
-0.757971723145468
0.478253978621305
0.959173061326988
-0.074730093586428
-0.990611994413054
-0.342020143325647
0.846724199228270
0.698236818086083
-0.552976131367934
-0.930873748644202
0.161357760632819
0.998756921218922
0.258819045102545
-0.889871808811460
-0.633187909234145
0.623489801858735
0.895489924657295
-0.246757397690314
-0.999300704788398
-0.173648177666947
0.926246956610305
0.563320058063620
-0.689258338483954
-0.853290881632144
0.330279061955141
0.992239206600173
0.087155742747667
-0.955572805786140
-0.489165001109280
0.749781202967746
0.804597779766684
-0.411287103130594
-0.977626168919306
-0.000000000000000
0.977626168919305
0.411287103130595
-0.804597779766684
-0.749781202967709
0.489165001109329
0.955572805786157
-0.087155742747609
-0.992239206600166
-0.330279061955195
0.853290881632144
0.689258338483955
-0.563320058063620
-0.926246956610305
0.173648177666946
0.999300704788398
0.246757397690259
-0.895489924657320
-0.623489801858691
0.633187909234100
0.889871808811487
-0.258819045102489
-0.998756921218922
-0.161357760632820
0.930873748644202
0.552976131367935
-0.698236818086083
-0.846724199228271
0.342020143325700
0.990611994413046
0.074730093586373
-0.959173061326972
-0.478253978621356
0.757971723145430
0.797132507222936
-0.422618261740685
-0.974927912181824
0.012466314595418
0.980172487848545
0.399892024319720
-0.811938005715874
-0.741474155515799
0.500000000000043
0.951824039861338
-0.099567846595772
-0.993712209893238
-0.318486650251709
0.859724949801181
0.680172737770924
-0.573576436351047
-0.921476211870403
0.185911607162934
0.999689182000816
0.234657400467677
-0.900968867902439
-0.613694794792091
0.642787609686503
0.884115393504626
-0.270840468142978
-0.998057915804532
-0.149042266176184
0.935355868899033
0.542546263865751
-0.707106781186560
-0.840025923150756
0.353708069622616
0.988830826225121
0.062292830244910
-0.962624246949998
-0.467268628273096
0.766044443118958
0.789543348300247
-0.433883739117547
-0.972078136985774
0.024930691738080
0.982566473233290
0.388434796274670
-0.819152044289011
-0.733051871829795
0.510757291371731
0.947927346167147
-0.111964476103267
-0.995030775365397
-0.306644740933355
0.866025403784431
0.670981427985972
-0.583743672234794
-0.916562255869969
0.198146143199421
0.999922292480974
0.222520933956273
-0.906307787036671
-0.603804410325519
0.652287411278088
0.878221573370244
-0.282819798501804
-0.997203797181180
-0.136703608310079
0.939692620785909
0.532032076515325
-0.715866849259733
-0.833197094412431
0.365341024366433
0.986895978856712
0.049845885660751
-0.965925826289056
-0.456210657353194
0.773998108266210
0.781831482468040
-0.445081784436585
-0.969077286229077
0.037391194276337
0.984807753012211
0.376917199620977
-0.826238774316016
-0.724515660859238
0.521435203379450
0.943883330308382
-0.124343704647448
-0.996194698091742
-0.294755174410922
0.872191264396600
0.661685837596859
-0.593820185573509
-0.911505852311665
0.210349884345523
0.999999999999999
0.210349884345450
-0.911505852311648
-0.593820185573540
0.661685837596829
0.872191264396619
-0.294755174410884
-0.996194698091746
