0.999999999999999
0.167752028027998
-0.943718514184986
-0.484373417312200
0.781209268031039
0.746472295365150
-0.530764785202601
-0.924546033612313
0.220575840915186
0.998550122907320
0.114441775495433
-0.960154443046352
-0.436577485577672
0.813680925852315
0.709570736536522
-0.575617065685670
-0.902692596809116
0.272760038084492
0.994204695916451
0.060799669945396
-0.973806160042905
-0.387515586452105
0.843793109003305
0.670611596994816
-0.618800198173353
-0.878221573370231
0.324153298191762
0.986976319697496
0.006981260297968
-0.984634078551145
-0.337329987382836
0.871458499554885
0.629707848667972
-0.660188962196485
-0.851203923248292
0.374606593415906
0.976885954764648
-0.046857393288232
-0.992606800269061
-0.286166214270802
0.896596874675017
0.586978102371401
-0.699663340513360
-0.821717990987321
0.423973621602929
0.963962860695854
-0.100560171952122
-0.997701206263481
-0.234172629481236
0.919135339255228
0.542546263865770
-0.737108867130236
-0.789849278542804
0.472111230506222
0.948244511287229
-0.153971350836521
-0.999902524009303
-0.181500001629229
0.939008537288527
0.496541174560738
-0.772416959224591
-0.755690197347027
0.518879832892907
0.929776485888255
-0.206936050651906
-0.999204370226179
-0.128301068387854
0.956158841385736
0.449096237906571
-0.805485232008592
-0.719339800338659
0.564143811312462
0.908612337232879
-0.259300686788312
-0.995608769388463
-0.074730093586437
0.970536519880769
0.400349032556906
-0.836217795619833
-0.680903494733564
0.607771911354020
0.884813436149743
-0.310913414672937
-0.989126147854734
-0.020942419883369
0.982099881040236
0.350440913424480
-0.864525533178354
-0.640492736369791
0.649637622251886
0.858448793601871
-0.361624570082081
-0.979775303633918
0.032905981689392
0.990815393959214
0.299516601786644
-0.890326359203686
-0.598224706513049
0.689619543735650
0.829594860571845
-0.411287103130587
-0.967583351875678
0.086658964004041
0.996657785792644
0.247723765629180
-0.913545457642589
-0.554221972059800
0.727601738061173
0.798335306372716
-0.459757004680421
-0.952585646243153
0.140160656625120
0.999610115040353
0.195212591445519
-0.934115498817179
-0.508612130123453
0.763474066201480
0.764760776027614
-0.506893723931684
-0.934825676396023
0.193255917795528
0.999663820673246
0.142135348732780
-0.951976834664465
-0.461527438034057
0.797132507222906
0.728968627421428
-0.552560575985445
-0.914354941881182
0.245790784309463
0.996818746958192
0.088645948447666
-0.967077671701069
-0.413104429824564
0.828479459920228
0.691062648986882
-0.596625138196328
-0.891232802796720
0.297612917967874
0.991083143909602
0.034899496702526
-0.979374221211592
-0.363483520315698
0.857424025836163
0.651152758743592
-0.638959634165636
-0.865526307662218
0.348572047321792
0.982473643366422
-0.018948155004244
-0.988830826225124
-0.312808597947487
0.883882272844553
0.609354685562827
-0.679441304261498
-0.837309998994536
0.398520403422589
0.971015210763887
-0.072740861719236
-0.995420064911699
-0.261226607538162
0.907777478532897
0.565789633582234
-0.717952761591622
-0.806665697152827
0.447313148315610
0.956741072739892
-0.126322637816011
-0.999122830098856
-0.208887124180301
0.929040352678493
0.520583930743629
-0.754382332396431
-0.773682263079614
0.494808795034638
0.939692620785916
-0.179538109315074
-0.999928384677748
-0.155941919509831
0.947609238173042
0.473868662473019
-0.788624379875514
-0.738455340625899
0.540869617879288
0.919919291221877
-0.232232964430191
-0.997834392738114
-0.102544521605618
0.963430289813107
0.425779291565120
-0.820579610508361
-0.701087079207524
0.585362051785785
0.897478421842915
-0.284254401034752
-0.992846926341843
-0.048849769795665
0.976457630437995
0.376455265374440
-0.850155361981234
-0.661685837596898
0.628157079632666
0.872435085653947
-0.335451569750206
-0.984980447915492
0.004986634338706
0.986653483962196
0.326039611452391
-0.877265871884997
-0.620365869709307
0.669130606358819
0.844861902173899
-0.385676011372291
-0.974257768312802
0.058808578459283
0.993988284916779
0.274678522802440
-0.901832526405091
-0.577246993294574
0.708163818808632
0.814838826856974
-0.434782087366208
-0.960709980668829
0.112459992158338
0.998440764181977
0.222520933956364
-0.923784088282248
-0.532454242495049
0.745143530260936
0.782452919241478
-0.482627402182566
-0.944376370237497
0.165785299524446
0.999998010662407
0.169718089100719
-0.943056903383043
-0.486117505277338
0.779962508642673
0.747798090498565
-0.529073216169476
-0.925304300474015
0.218629870274387
0.998655508726068
0.116423103505873
-0.959595085281221
-0.438371146789123
0.812519787475552
0.710974831112926
-0.573984847883438
-0.903549075692504
0.270840468142956
0.994417151298571
0.062790519529364
-0.973350677314606
-0.389353619733265
0.842720958654011
0.672089919485084
-0.617232064632417
-0.879173780697077
0.322265695230463
0.987295228574603
0.008975858481048
-0.984283791647626
-0.339207062889002
0.870478446205525
0.631256112300277
-0.658689460118642
-0.852249097851416
0.372756431019428
0.977310392379392
-0.044864830350465
-0.992362724936237
-0.288076888944424
0.895711760239390
0.588591817561795
-0.698236818086036
-0.822853102117293
0.422166264787425
0.964491596283484
-0.098575422202394
-0.997564050259820
-0.236111362835424
0.918347730347626
0.544220751236871
-0.735759460917814
-0.791071034656371
0.470351920162188
0.948876011644511
-0.152000169561218
-0.999872685053499
-0.183461171813831
0.938320717781173
0.498271578510789
-0.771148582173379
-0.756995055651788
0.517173670587870
0.930508919819386
-0.204984153792182
-0.999281934843869
-0.130278988491421
0.955572805786125
0.450877540689474
-0.804301562100254
-0.720723977066284
0.562495744497707
0.909443580859502
-0.257373734365254
-0.995793512661323
-0.076719028126868
0.970053967548085
0.402176068832462
-0.835122265206138
-0.682362976111793
0.606186719018191
0.885741079069673
-0.309016994374900
-0.989417534072685
-0.022936601439408
0.981722211257624
0.352308385236602
-0.863521319028205
-0.642023290261389
0.648119901063093
0.859470145878668
-0.359764181061761
-0.980172487848553
0.030912335754075
0.990543701876209
0.301419093926115
-0.889416373291274
-0.599821894687952
0.688173694712274
0.830706960534961
-0.409468140058846
-0.968085182350409
0.084671634772575
0.996492859249499
0.249655761336470
-0.912732338703366
-0.555881163064924
0.726231953809959
0.799534929205637
-0.457984742103024
-0.953190667792961
0.138185406863762
0.999552432283501
0.197168488407990
-0.933401604696191
-0.510328512712737
0.762184318760043
0.766044443119008
-0.505173300974459
-0.935532134607136
0.191298475243040
0.999713548968504
0.144109475330028
-0.951364235479178
-0.463296035119904
0.795926536541789
0.730332616452275
-0.550896981452062
-0.915160788198447
0.243856825068080
0.996975742105726
0.090632580197828
-0.966568143838534
-0.414920112910224
0.827360763017927
0.692503004724322
-0.595023196101952
-0.892135700463930
0.295708050043946
0.991346950662083
0.036892872861926
-0.978969242177349
-0.365341024366492
0.856395846658738
0.652665304510008
-0.637423989748608
-0.866523638498062
0.346701794364109
0.982843496749112
-0.016953814736523
-0.988531570358838
-0.314702536658271
0.882947592858877
0.610935035347303
-0.677976410513144
-0.838398870984747
0.396690188704993
0.971490038292891
-0.070751340439732
-0.995227399981820
-0.263151488952232
0.906939008081172
0.567433204758867
-0.716562866343719
-0.807842952836296
0.445528279010889
0.957319497532096
-0.124343704647382
-0.999037314786322
-0.210837366614720
0.928300523118918
0.522285957360021
-0.753071466003542
-0.774944488704244
0.493074446825027
0.940372965551608
-0.177575502677057
-0.999950266955943
-0.157911867740938
0.946970194829480
0.475624209070366
-0.787396343527947
-0.739798876047653
0.539190819948292
0.920699583128464
-0.230292375399628
-0.997963609153809
-0.104528463267756
0.962893885754176
0.427583267489802
-0.819437965209672
-0.702508028503919
0.583743672234705
0.898356398235685
-0.282341456842777
-0.993083102199196
-0.050841951945725
0.976025421103601
0.378302439539745
-0.849103418222138
-0.663180080364283
0.626603811364379
0.873408200617179
-0.333571817464746
-0.985322898362572
0.002991988539253
0.986326722653164
0.327924627507301
-0.876306680043813
-0.621929073010965
0.667646953469488
0.845927333913407
-0.383834901812905
-0.974705500327492
0.056817252992942
0.993767919160584
0.276595914663762
-0.900968867902374
-0.578874624225187
0.706754083526933
0.815993485882612
-0.432984959298045
-0.961261695938346
0.110477761379464
0.998327432985143
0.224465141659023
-0.923018467515357
-0.534141581325015
0.743811800472650
0.783693457325903
-0.480879466835263
-0.945030468923178
0.163817911415037
0.999992042657545
0.171683474920291
-0.942391540464000
-0.487859659138821
0.778712646036829
0.749120910386275
-0.527379542125873
-0.926058885850460
0.216683029776347
0.998756921218926
0.118403968306602
-0.959031909598936
-0.440163063864173
0.811355416346471
0.712376096951416
-0.572350346381931
-0.904401959647608
0.268919820615167
0.994625650217848
0.064781119290253
-0.972891321940120
-0.391190103902844
0.841645455391749
0.673565567947872
-0.615661475325577
-0.880122490077022
0.320376810078633
0.987610209324685
0.010970420952111
-0.983929588598610
-0.341082788800452
0.869494929505168
0.632801864369559
-0.657187337329384
-0.853290881632208
0.370904785546182
0.977730941593531
-0.042872088910103
-0.992114701314464
-0.289986417453683
0.894823082057606
0.590203190936538
-0.696807517601206
-0.823984939382052
0.420357228309473
0.965016494472337
