0.999999999999999
0.547145889934085
-0.401262750256474
-0.986244419107040
-0.677976410513220
0.244340406137894
0.945356108439568
0.790155012375690
-0.080695973575217
-0.878459952927509
-0.880595531856737
-0.085168498971960
0.787396343528011
0.946809845192917
0.248689887164855
-0.674670545932074
-0.986976319697495
-0.405369527637436
0.543383777794805
0.999989928992004
0.550896981452103
-0.397147890634781
-0.985492653565725
-0.681268619282666
0.239986003602566
0.943883330308366
0.792897765908475
-0.076221822798886
-0.876306680043862
-0.882713373816682
-0.089639308903433
0.784621814930590
0.948244511287226
0.253034359076131
-0.671351092126002
-0.987688340595137
-0.409468140058889
0.539610720810783
0.999959716170870
0.554636976794309
-0.393025031653922
-0.984721038215625
-0.684547105928687
0.235626767265314
0.942391540464033
0.795624548881780
-0.071746136761378
-0.874135756577053
-0.884813436149737
-0.094108313318516
0.781831482468027
0.949660077825425
0.257373734365303
-0.668018115955498
-0.988380467458430
-0.413558504966521
0.535826794978993
0.999909362145144
0.558365800629663
-0.388894256356591
-0.983929588598629
-0.687811804415958
0.231262784929949
0.940880768954225
0.798335306372701
-0.067269005612043
-0.871947226253862
-0.886895676556415
-0.098575422202447
0.779025402343242
0.951056516295155
0.261707925628596
-0.664671684553426
-0.989052686346543
-0.417640539972134
0.532032076515331
0.999838867929057
0.562083377852127
-0.384755647944937
-0.983118320656125
-0.691062648986866
0.226894144495871
0.939351046208920
0.801029983781113
-0.062790519529315
-0.869741133155694
-0.888960053096194
-0.103040545578648
0.776203631076347
0.952433798569321
0.266036845566673
-0.661311865323651
-0.989704983719634
-0.421714162855312
0.528226641853077
0.999748234942506
0.565789633582212
-0.380609289778864
-0.982287250728687
-0.694299574162849
0.222520933956307
0.937802403039830
0.803708526830787
-0.058310768718938
-0.867517521717715
-0.891006524188369
-0.107503593510532
0.773366225503513
0.953791896906690
0.270360406986353
-0.657938725939710
-0.990337346439118
-0.425779291565079
0.524410567641369
0.999637465011020
0.569484493168451
-0.376455265374389
-0.981436395555738
-0.697522514745707
0.218143241396547
0.936234870639737
0.806370881570462
-0.053829843412126
-0.865276436727943
-0.893035048612888
-0.111964476103303
0.770513242775790
0.955130783952422
0.274678522802392
-0.654552334343431
-0.990949761767933
-0.429835844221547
0.520583930743610
0.999506560365730
0.573167882188923
-0.372293658401954
-0.980565772275218
-0.700731405818909
0.213761154992103
0.934648480581910
0.809016994374956
-0.049347833863747
-0.863017923326353
-0.895045585511178
-0.116423103505820
0.767644740358002
0.956450432738631
0.278991106039219
-0.651152758743568
-0.991542217370803
-0.433883739117568
0.516746808235995
0.999355523643320
0.576839726452747
-0.368124552684685
-0.979675398423233
-0.703926182748942
0.209374763007071
0.933043264819443
0.811646811946188
-0.044864830350509
-0.860742027003946
-0.897038094386973
-0.120879385912324
0.764760776027588
0.957750816684931
0.283298069832741
-0.647740067614426
-0.992114701314476
-0.437922894720378
0.512899277405905
0.999184357885974
0.580499952001578
-0.363948032196790
-0.978765291933708
-0.707106781186546
0.204984153792215
0.931419255684616
0.814260281314373
-0.040380923169140
-0.858448793601867
-0.899012535107127
-0.125333233564305
0.761861407873413
0.959031909598966
0.287599327432011
-0.644314329694486
-0.992667202067972
-0.441953229673240
0.509041415750368
0.998993066541314
0.584148485111093
-0.359764181061810
-0.977835471138023
-0.710273137068057
0.200589415783256
0.929776485888248
0.816857349838952
-0.035896202634572
-0.856138269310462
-0.900968867902425
-0.129784556752291
0.758946694294561
0.960293685676944
0.291894792201029
-0.640875613985014
-0.993199708502812
-0.445974662797083
0.505173300974496
0.998781653462334
0.587785252292481
-0.355573083550944
-0.976885954764644
-0.713425186616684
0.196190637499104
0.928114988519035
0.819437965209729
-0.031410759078116
-0.853810500668346
-0.902907053368379
-0.134233265817660
0.756016693999257
0.961536119504151
0.296184377620475
-0.637423989748678
-0.993712209893242
-0.449987113092112
0.501295010989918
0.998550122907320
0.591410180293918
-0.351374824081342
-0.975916761938743
-0.716562866343795
0.191787907539967
0.926434797042883
0.822002075447908
-0.026924682845649
-0.851465534561474
-0.904827052466015
-0.138679271154443
0.753071466003613
0.962759186055463
0.300467997289451
-0.633959526508148
-0.994204695916451
-0.453990499739540
0.497406623913214
0.998298479539764
0.595023196102048
-0.347169487214416
-0.974927912181825
-0.719686113050194
0.187381314585730
0.924735945302235
0.824549628907140
-0.022438064295789
-0.849103418222190
-0.906728826522704
-0.143122483211128
0.750111069630442
0.963962860695848
0.304745564927222
-0.630482294044699
-0.994677156652775
-0.457984742103062
0.493508218064337
0.998026728428269
0.598624226943424
-0.342957157654127
-0.973919425411298
-0.722794863827377
0.182970947394058
0.923018467515391
0.827080574274578
-0.017950993798108
-0.846724199228280
-0.908612337232883
-0.147562812492440
0.747135564508150
0.965147119180895
0.309016994374978
-0.626992362396824
-0.995129582585911
-0.461969759730611
0.489599871965065
0.997734875046455
0.602213200286096
-0.338737920245312
-0.972891321940145
-0.725889056058895
0.178556894798610
0.921282398275827
0.829594860571832
-0.013463561731165
-0.844327925502025
-0.910477546658814
-0.152000169561280
0.744145010569333
0.966311937657220
0.313282199597438
-0.623489801858715
-0.995561964603077
-0.465945472355823
0.485681664337295
0.997422925272831
0.605790043840812
-0.334511859971838
-0.971843622476416
-0.728968627421400
0.174139245707388
0.919527772551443
0.832092437156140
-0.008975858481004
-0.841914645309164
-0.912324417231464
-0.156434465040217
0.741139468049852
0.967457292663061
0.317541094684824
-0.619974682979093
-0.995974293995239
-0.469911799899931
0.481753674101725
0.997090885390701
0.609354685562825
-0.330279061955184
-0.970776348122918
-0.732033515886194
0.169718089100638
0.917754625683984
0.834573253721306
-0.004487974438901
-0.839484407258085
-0.914152911751092
-0.160865609613715
0.738118997487317
0.968583161128628
0.321793593854458
-0.616447076559449
-0.996366562457241
-0.473868662473000
0.477815980375898
0.996738762088015
0.612907053652972
-0.326039611452330
-0.969689520376679
-0.735083659720168
0.165293514029480
0.915962993388157
0.837037260298619
-0.000000000000002
-0.837037260298622
-0.915962993388178
-0.165293514029475
0.735083659720171
0.969689520376692
0.326039611452326
-0.612907053652976
-0.996738762088015
-0.477815980375944
0.473868662473005
0.996366562457241
0.616447076559490
-0.321793593854463
-0.968583161128630
-0.738118997487352
0.160865609613720
0.914152911751094
0.839484407258082
0.004487974438953
-0.834573253721309
-0.917754625683982
-0.169718089100689
0.732033515886198
0.970776348122916
0.330279061955180
-0.609354685562784
-0.997090885390701
-0.481753674101720
0.469911799899885
0.995974293995240
0.619974682979089
-0.317541094684829
-0.967457292663047
-0.741139468049849
0.156434465040222
0.912324417231443
0.841914645309161
0.008975858480999
-0.832092437156143
-0.919527772551463
-0.174139245707383
0.728968627421403
0.971843622476429
0.334511859971833
-0.605790043840816
-0.997422925272834
-0.485681664337290
0.465945472355827
0.995561964603078
0.623489801858756
-0.313282199597442
-0.966311937657221
-0.744145010569367
0.152000169561285
0.910477546658816
0.844327925502022
0.013463561731217
-0.829594860571835
-0.921282398275825
-0.178556894798661
0.725889056058898
0.972891321940144
0.338737920245308
-0.602213200286054
-0.997734875046455
-0.489599871965061
0.461969759730565
0.995129582585912
0.626992362396820
-0.309016994374928
-0.965147119180896
-0.747135564508146
0.147562812492445
0.908612337232861
0.846724199228277
0.017950993798103
-0.827080574274549
-0.923018467515389
-0.182970947394053
0.722794863827380
0.973919425411310
0.342957157654123
-0.598624226943428
-0.998026728428272
-0.493508218064332
0.457984742103067
0.994677156652776
0.630482294044739
-0.304745564927226
-0.963962860695850
-0.750111069630476
0.143122483211133
0.906728826522706
0.849103418222203
0.022438064295784
-0.824549628907142
-0.924735945302244
-0.187381314585753
0.719686113050198
0.974927912181824
0.347169487214438
-0.595023196102052
-0.998298479539764
-0.497406623913234
0.453990499739519
0.994204695916452
0.633959526508166
-0.300467997289429
-0.962759186055464
-0.753071466003610
0.138679271154419
0.904827052466004
0.851465534561472
0.026924682845672
-0.822002075447894
-0.926434797042881
-0.191787907539962
0.716562866343778
0.975916761938754
0.351374824081338
-0.591410180293899
-0.998550122907321
-0.501295010989914
0.449987113092117
0.993712209893239
0.637423989748674
-0.296184377620480
-0.961536119504144
-0.756016693999272
0.134233265817665
0.902907053368369
0.853810500668358
0.031410759078111
-0.819437965209731
-0.928114988519044
-0.196190637499127
0.713425186616687
0.976885954764649
0.355573083550966
-0.587785252292485
-0.998781653462334
-0.505173300974516
0.445974662797037
0.993199708502812
0.640875613985032
-0.291894792201007
-0.960293685676946
-0.758946694294557
0.129784556752268
0.900968867902427
0.856138269310459
0.035896202634596
-0.816857349838938
-0.929776485888247
-0.200589415783279
0.710273137068040
0.977835471138022
0.359764181061806
-0.584148485111074
-0.998993066541315
-0.509041415750364
