0.999999999999999
-0.755036640377519
0.140160656625144
0.543383777794806
-0.960709980668816
0.907358694567863
-0.409468140058888
-0.289031796944477
0.845927333913355
-0.988380467458429
0.646599601215794
0.011967686315593
-0.664671684553429
0.991735265002984
-0.832921240710093
0.266036845566668
0.431186108523517
-0.917159467080772
0.953791896906689
-0.523136191838684
-0.163817911415151
0.770513242775794
-0.999713548968502
0.739127475930333
-0.116423103505812
-0.563320058063633
0.967077671701080
-0.897038094386962
0.387515586452082
0.311861161409545
-0.858448793601872
0.984459424705044
-0.628157079632691
-0.035896202634597
0.682362976111775
-0.994521895368275
0.819437965209722
-0.242889481131196
-0.452657049577038
0.926434797042893
-0.946327383799154
0.502588900079030
0.187381314585743
-0.785548416547725
0.998854359982398
-0.722794863827377
0.092618851350291
0.582933611109069
-0.972891321940149
0.886203579231199
-0.365341024366369
-0.334511859971880
0.870478446205566
-0.979974383116313
0.609354685562788
0.059804153945054
-0.699663340513396
0.996738762088017
-0.805485232008579
0.219602964810917
0.473868662473022
-0.935179370598559
0.938320717781174
-0.481753674101677
-0.210837366614656
0.800133548011226
-0.997422925272831
0.706048161055793
-0.068761537663760
-0.602213200286118
0.978147600733813
-0.874861356216669
0.342957157654101
0.356970915999542
-0.882009399911636
0.974927912181812
-0.590203190936420
-0.083677843332355
0.716562866343816
-0.998384595114693
0.791071034656307
-0.196190637499045
-0.494808795034699
0.943388177963545
-0.929776485888237
0.460642450450577
0.234172629481280
-0.814260281314409
0.995420064911696
-0.688896961836198
0.044864830350474
0.621147780278360
-0.982843496749104
0.863017923326321
-0.320376810078680
-0.379225462652972
0.893035048612904
-0.969322903035151
0.570713567684379
0.107503593510583
-0.733051871829863
0.999458451547165
-0.776203631076305
0.172665912166210
0.515465450616914
-0.951056516295172
0.920699583128401
-0.439267323789310
-0.257373734365349
0.827920523222612
-0.992846926341832
0.671351092125956
-0.020942419883269
-0.639726503425836
0.986976319697508
-0.850680065687314
0.297612917967830
0.401262750256561
-0.903549075692509
0.963162566797634
-0.550896981452057
-0.131267754658310
0.749120910386237
-0.999959716170871
0.760891538834757
-0.149042266176114
-0.535826794979068
0.958179992386580
-0.911095209677993
0.417640539972039
0.280427389306068
-0.841106447755067
0.989704983719625
-0.653420603990042
-0.002991988539464
0.657938725939768
-0.990543701876230
0.837854851683712
-0.274678522802303
-0.423070153602648
0.913545457642633
-0.956450432738600
0.530764785202540
0.154956712238589
-0.764760776027639
0.999888101810271
-0.745143530260895
0.125333233564224
0.555881163064971
-0.964754525183640
0.900968867902377
-0.395774489027880
-0.303320386816933
0.853810500668404
-0.985996037070491
0.635115769842099
0.026924682845733
-0.675774014000287
0.993543599524661
-0.824549628907091
0.251586763744402
0.444635179184996
-0.923018467515435
0.949190346253498
-0.510328512712616
-0.178556894798751
0.779962508642758
-0.999243649493381
0.728968627421359
-0.101552397284264
-0.575617065685774
0.970776348122939
-0.890326359203646
0.373681698062425
0.326039611452442
-0.866025403784503
0.981722211257614
-0.616447076559373
-0.050841951945711
0.693222149734066
-0.995974293995245
0.810772019947029
-0.228350870110530
-0.465945472355910
0.931962678204016
-0.941386466660873
0.489599871964954
0.202054781745522
-0.794717399127617
0.998026728428263
-0.712376096951277
0.077713381426398
0.595023196102106
-0.976242011289693
0.879173780696989
-0.351374824081247
-0.348572047321933
0.877744159160141
-0.976885954764622
0.597425219474760
0.074730093586533
-0.710273137068150
0.997834392738117
-0.796529918024120
0.204984153792085
0.486988824404468
-0.940372965551620
0.933043264819405
-0.468590738440602
-0.225436911090937
0.809016994375019
-0.996238035791504
0.695375444745625
-0.053829843412047
-0.614088436501953
0.981148383394197
-0.867517521717668
0.328866646738415
0.370904785546411
-0.888960053096244
0.971490038292847
-0.578061096249425
-0.098575422202571
0.726917207456679
-0.999122830098865
0.781831482467939
-0.181500001629107
-0.507753179550919
0.948244511287276
-0.924165520566659
0.447313148315548
0.248689887165024
-0.822853102117346
0.993878596328814
-0.677976410513080
0.029915466169241
0.632801864369577
-0.985492653565741
0.855364260160416
-0.306170061015323
-0.393025031654023
0.899666659984033
-0.965537553173930
0.558365800629559
0.122364276755813
-0.743144825477508
0.999838867929060
-0.766685134042575
0.157911867740651
0.528226641853215
-0.955572805786176
0.914758319980610
-0.425779291564918
-0.271800388289598
0.836217795619897
-0.990949761767909
0.660188962196375
-0.005983950294265
-0.651152758743726
0.989272332963012
-0.842720958653965
0.283298069832650
0.414920112910296
-0.909857845986261
0.959031909598931
-0.538350616090513
-0.146083028562577
0.758946694294642
-0.999982096009158
0.751099550122178
-0.134233265817507
-0.548397482022667
0.962353650653333
-0.904827052465948
0.404001504979873
0.294755174411108
-0.849103418222288
0.987453210044179
-0.642023290261263
-0.017950993798294
0.669130606358979
-0.992485256199848
0.829594860571712
-0.260263776601219
-0.436577485577802
0.919527772551495
-0.951976834664413
0.518027009372991
0.169718089100796
-0.774313760984986
0.999552432283497
-0.735083659720078
0.110477761379341
0.568254144143422
-0.968583161128670
0.894377407666279
-0.381992265099069
-0.317541094685011
0.861502587724624
-0.983390944339286
0.623489801858583
0.041875653729359
-0.686725107669439
0.995129582585931
-0.815993485882451
0.237080377715359
0.457984742103265
-0.928670899758897
0.944376370237428
-0.497406623913015
-0.193255917795755
0.789237221724185
-0.998550122907312
0.718646638372773
-0.086658964003879
-0.587785252292599
0.974257768312843
-0.883415372204611
0.359764181061647
0.340145095010685
-0.873408200617236
0.978765291933672
-0.604599114862251
-0.065776323012126
0.703926182749088
-0.997203797181192
0.801924626841673
-0.213761154991901
-0.479129618225057
0.937281989491944
-0.936234870639654
0.476501273172150
0.216683029776611
-0.803708526830936
0.996975742105705
-0.701797902883860
0.062790519529162
0.606979617058232
-0.979374221211637
0.871947226253780
-0.337329987382597
-0.362554225509816
0.884813436149822
-0.973578902873125
0.585362051785640
0.089639308903630
-0.720723977066364
0.998706711663831
-0.787396343527880
0.190319468061871
0.500000000000226
-0.945356108439643
0.927557000153084
-0.455322933868868
-0.239986003602803
0.817719385664552
-0.994830191844699
0.684547105928498
-0.038886102236158
-0.625826241948966
0.983929588598658
-0.859979539938150
0.314702536657972
0.384755647945099
-0.895711760239527
0.967834748450609
-0.565789633582055
-0.113450940250252
0.737108867130408
-0.999637465011026
0.772416959224487
-0.166768746715849
-0.520583930743799
0.952888630922515
-0.918347730347538
0.433883739117342
0.263151488952331
-0.831261771375173
0.992114701314445
-0.666904130524017
0.014959407015074
0.644314329694701
-0.987921260694549
0.847519169570015
-0.291894792200868
-0.406736643076032
0.906096929213892
-0.961536119504096
0.545893073330076
0.137197575319042
-0.753071466003744
0.999995523992273
-0.756995055651591
0.143122483210902
0.540869617879490
-0.959875241542963
0.908612337232775
-0.412195971476678
-0.286166214271068
0.844327925502148
-0.988830826225095
0.648879084367341
0.008975858481264
-0.662433288431650
0.991346950662096
-0.834573253721147
0.268919820615026
0.428484617944946
-0.915962993388285
0.954686624531045
-0.525683769810307
-0.160865609613895
0.768602628680700
-0.999780683474839
0.741139468049710
-0.119394224539951
-0.560845439695381
0.966311937657282
-0.898356398235553
0.390272055913494
0.309016994375181
-0.856910362418699
0.984980447915432
-0.630482294044598
-0.032905981689647
0.680172737771146
-0.994204695916468
0.821149209133564
-0.245790784309172
-0.449987113092280
0.925304300474094
-0.947290187621285
0.505173300974333
0.184441483669247
-0.783693457326060
0.998993066541304
-0.724859280117541
0.095597564671450
0.580499952001757
-0.972195031669051
0.887585789004479
-0.368124552684453
-0.331690738005824
0.869001873620821
-0.980565772275169
0.611724299114739
0.056817252993235
-0.697522514745897
0.996492859249533
-0.807254726470045
0.222520933956034
0.471231809694405
-0.934115498817267
0.939351046208819
-0.484373417311863
-0.207911690817992
0.798335306372893
-0.997633124419034
0.708163818808490
-0.071746136761046
-0.599821894688064
0.977521153141517
-0.876306680043694
0.345766150139742
0.354174455328281
-0.880595531856910
0.975589328481070
-0.592615846072111
-0.080695973575597
0.714472679632967
-0.998210129767753
0.792897765908371
-0.199123600900773
-0.492206536620405
0.942391540464096
-0.930873748644106
0.463296035119554
0.231262784930147
-0.812519787475745
0.995701636221654
-0.691062648986708
0.047853605340879
0.618800198173655
-0.982287250728731
0.864525533178203
-0.323209657454087
-0.376455265374620
0.891684695096025
-0.970053967548053
0.573167882188707
0.104528463267995
-0.731013521647924
0.999355523643330
-0.778086552580725
0.175612189523766
0.512899277406158
-0.950127684053317
0.921863151588411
-0.441953229672949
-0.254481388115942
0.826238774316131
-0.993199708502774
0.673565567947497
-0.023933658491491
-0.637423989748951
0.986490593923552
-0.852249097851246
0.300467997289112
0.398520403422803
-0.902263010333782
0.963962860695753
-0.553391549243156
