0.999999999999999
-0.135221503812962
-0.963430289813121
0.395774489027939
0.856395846658792
-0.627380757516692
-0.686725107669346
0.813100761047027
0.466827692348861
-0.939351046208923
-0.212786770195562
0.996897740323617
-0.056817252993047
-0.981531911539135
0.322265695230512
0.894377407666336
-0.564143811312473
-0.741808658601438
0.764760776027598
0.534984454218201
-0.909443580859481
-0.289031796944471
0.987610209324670
0.021939521572635
-0.993543599524647
0.246757397690293
0.926809786739338
-0.497406623913223
-0.792289643355188
0.711675817973073
0.599821894687914
-0.873893455212350
-0.363483520315672
0.972195031668980
0.100560171952130
-0.999390827019095
0.169718089100669
0.953491756554185
-0.427583267489705
-0.837854851683746
0.654175253533033
0.660937728603818
-0.832921240710100
-0.435680003150671
0.950747851124639
0.178556894798638
-0.999037314786327
0.091625761342706
0.974257768312788
-0.355106962408141
-0.878221573370228
0.592615846072358
0.717952761591638
-0.786781150250539
-0.505173300974497
0.923401737138393
0.255445757935784
-0.992485256199833
0.012964939775288
0.988978978893317
-0.280427389306001
-0.913139352308713
0.527379542125961
0.770513242775782
-0.735759460917851
-0.571532241275938
0.890326359203701
0.330749702924249
-0.979775303633915
-0.065776323011887
0.997564050259823
-0.204007899039880
-0.942391540464034
0.458871101604203
0.818293059633572
-0.680172737770917
-0.634345098725654
0.851726934143055
0.404001504979986
-0.960986316235237
-0.144109475329982
0.999959716170870
-0.126322637816050
-0.965796642068659
0.387515586452106
0.860995761366632
-0.620365869709260
-0.693222149733974
0.807842952836240
0.474746671879543
-0.936234870639735
-0.221548497619475
0.996151112670951
-0.047853605341184
-0.983209439716738
0.313755723344368
0.898356398235631
-0.556709929603221
-0.747798090498525
0.758946694294557
0.542546263865761
-0.905674537670627
-0.297612917967885
0.986161870314186
0.030912335754121
-0.994521895368273
0.238049156779126
0.930143165446110
-0.489599871965059
-0.797734303538618
0.705341536300406
0.606979617058031
-0.869494929505225
-0.371830793207157
0.970053967548097
0.109486480664000
-0.999663820673245
0.160865609613712
0.956158841385737
-0.419452082446179
-0.842720958654040
0.647360073093992
0.667646953469555
-0.827920523222576
-0.443741637094022
0.947927346167130
0.187381314585705
-0.998603312456594
0.082683968660255
0.976242011289668
-0.346701794364203
-0.882478935272499
0.585362051785838
0.724171861437461
-0.781209268031041
-0.512899277405909
0.919919291221864
0.264113537514746
-0.991346950662071
0.003989313423082
0.990268068741570
-0.271800388289484
-0.916761554258667
0.519732140299004
0.776203631076351
-0.729650984817447
-0.578874624225088
0.886203579231220
0.339207062888948
-0.977939757526859
-0.074730093586428
0.998149988796539
-0.195212591445479
-0.945356108439556
0.450877540689457
0.823419430264525
-0.673565567947811
-0.641258332235462
0.846989399982746
0.412195971476861
-0.958464918240233
-0.152985836284048
0.999838867929057
-0.117413594300031
-0.968085182350389
0.379225462652950
0.865526307662197
-0.613301000476466
-0.699663340513360
0.802520058610492
0.482627402182614
-0.933043264819440
-0.230292375399744
0.995324227455868
-0.038886102236414
-0.984807753012203
0.305220472894352
0.902263010333651
-0.549231195078594
-0.753727274054621
0.753071466003607
0.550064361831351
-0.901832526405106
-0.306170061015424
0.984634078551151
0.039882659401081
-0.995420064911699
0.229321736804820
0.933401604696206
-0.481753674101715
-0.803114692137304
0.698950426911887
0.614088436501793
-0.865026350627767
-0.380148108562352
0.967834748450671
0.118403968306484
-0.999856273754320
0.152000169561273
0.958748890738521
-0.411287103130606
-0.847519169570130
0.640492736369812
0.674302387583697
-0.822853102117281
-0.451767519812787
0.945030468923151
0.196190637499084
-0.998088854996448
0.073735514324059
0.978147600733806
-0.338268693368580
-0.886665197913493
0.578061096249584
0.730332616452223
-0.775574445610226
-0.520583930743594
0.916362729562243
0.272760038084490
-0.990128774621971
-0.004986634338764
0.991477375010477
-0.263151488952169
-0.920309894877008
0.512042864870595
0.781831482468015
-0.723483722445871
-0.586170368601363
0.882009399911614
0.347637093734939
-0.976025421103622
-0.083677843332327
0.998655508726064
-0.186401556029792
-0.948244511287217
0.442847653627071
0.828479459920233
-0.666904130524191
-0.648119901063126
0.842183625869912
0.420357228309571
-0.955866298971245
-0.161849871527481
0.999637465011021
-0.108495091045642
-0.970295726275990
0.370904785546291
0.869987120530007
-0.606186719018234
-0.706048161055832
0.797132507222918
0.490469248326081
-0.929776485888265
-0.239017699062557
0.994417151298568
-0.029915466169420
-0.986326722653179
0.296660631545555
0.906096929213796
-0.541708210282738
-0.759595731569282
0.747135564508178
0.557538142399369
-0.897917856604828
-0.314702536658146
0.983026957126161
0.048849769795598
-0.996238035791516
0.220575840915192
0.936584841964797
-0.473868662472992
-0.808430375665899
0.692503004724274
0.621147780278284
-0.860488078602893
-0.388434796274675
0.965537553173975
0.127311916418540
-0.999968170756824
0.143122483211118
0.961261695938320
-0.403088987376315
-0.852249097851370
0.633573796645710
0.680903494733536
-0.817719385664442
-0.459757004680430
0.942057452787299
0.204984153792227
-0.997493983854521
0.064781119290144
0.979974383116310
-0.329808338856524
-0.890780024015846
0.570713567684453
0.736434530278347
-0.769877136972505
-0.528226641853076
0.912732338703387
0.281384563016699
-0.988830826225126
-0.013962180339102
0.992606800269064
-0.254481388115595
-0.923784088282280
0.504312335347611
0.787396343527967
-0.717258170684971
-0.593418886603653
0.877744159160095
0.356039116274311
-0.974032448597806
-0.092618851350284
0.999080569319850
-0.177575502677185
-0.951056516295164
0.434782087366267
0.833472740925909
-0.660188962196492
-0.654929252388048
0.837309998994518
0.428484617944713
-0.953190667792940
-0.170700866905833
0.999355523643319
-0.099567846595836
-0.972428095747095
0.362554225509623
0.874377840572774
-0.599023598515583
-0.712376096951311
0.791680732735915
0.498271578510714
-0.926434797042877
-0.247723765629130
0.993429957280063
-0.020942419883371
-0.987766226259824
0.288076888944378
0.909857845986176
-0.534141581324920
-0.765402990234590
0.741139468049840
0.564967003424912
-0.893930843665486
-0.323209657454442
0.981340635521242
0.057812944478555
-0.996975742105717
0.211812173746593
0.939692620785891
-0.465945472355811
-0.813680925852295
0.685999789191152
0.628157079632687
-0.855880479068597
-0.396690188705076
0.963162566797674
0.136209607307623
-0.999999502665477
0.134233265817646
0.963697054534289
-0.394858395686136
-0.856910362418574
0.626603811364434
0.687449743083304
-0.812519787475622
-0.467709448002838
0.939008537288551
0.213761154992118
-0.996818746958194
0.055821504993148
0.981722211257626
-0.321321412458825
-0.894823082057641
0.563320058063684
0.742477111298907
-0.764117801136749
-0.535826794978995
0.909028411137409
0.289986417453596
-0.987453210044208
-0.022936601439380
0.993656253522176
-0.245790784309566
-0.927183854566780
0.496541174560787
0.792897765908470
-0.710974831112931
-0.600619594235975
0.873408200617151
0.364412453575943
-0.971961000578553
-0.101552397284391
0.999425136331750
-0.168735142482218
-0.953791896906687
0.426681491730883
0.838398870984690
-0.653420603990144
-0.661685837596867
0.832368912013301
0.436577485577690
-0.950438240274676
-0.179538109315019
0.998993066541314
-0.090632580197848
-0.974482118963727
0.354174455328068
0.878698114040549
-0.591812216084404
-0.718646638372939
0.786165174386223
0.506033764121188
-0.923018467515405
-0.256409873671957
0.992362724936244
-0.011967686315650
-0.989126147854732
0.279469936662915
0.913545457642605
-0.526531917830765
-0.771148582173425
0.735083659720195
0.572350346381950
-0.889871808811475
-0.331690738005456
0.979575249599344
0.066771461307902
-0.997633124419046
0.203031441367220
0.942724690773086
-0.457984742103097
-0.818865919671960
0.679441304261532
0.635115769842121
-0.851203923248294
-0.404913620735868
0.960709980668815
0.145096324107557
-0.999950266955942
0.125333233564343
0.966054770315335
-0.386595991179779
-0.861502587724511
0.619583342081510
0.693940605217061
-0.807254726470170
-0.475624209070225
0.935883968070831
0.222520933956271
-0.996063198709707
0.046857393288271
0.983390944339311
-0.312808597947484
-0.898794046299134
0.555881163064893
0.748459872677261
-0.758296902119049
-0.543383777794763
0.905251245281009
0.298564908363858
-0.985996037070500
-0.031909174591278
0.994625650217829
-0.237080377715513
-0.930508919819343
0.488730008614201
0.798335306372667
-0.704634209963589
-0.607771911353994
0.869001873620725
0.372756431019444
-0.969811243937567
-0.110477761379545
0.999689182000813
-0.159881187691844
-0.956450432738613
0.418546519366785
0.843257453209688
-0.646599601215789
-0.668389112327162
0.827360763017973
0.444635179184903
-0.947609238173074
-0.188360886759282
0.998550122907323
-0.081690011744999
-0.976457630437994
0.345766150139926
0.882947592858906
-0.584553152728755
-0.724859280117719
0.780586276549427
0.513755179776189
-0.919527772551478
-0.265075323371817
0.991215540251549
-0.002991988539354
-0.990406377872168
0.270840468142992
0.917159467080752
-0.518879832892896
-0.776832044476753
0.728968627421464
0.579687576411970
-0.885741079069680
-0.340145095010551
0.977730941593521
0.075724598517086
-0.998210129767732
0.194234351219953
