0.999999999999999
0.994677156652777
0.978765291933710
0.952433798569322
0.915962993388166
0.869741133155695
0.814260281314378
0.750111069630459
0.677976410513220
0.598624226943435
0.512899277405906
0.421714162855307
0.326039611452342
0.226894144495876
0.125333233564304
0.022438064295805
-0.080695973575217
-0.182970947394054
-0.283298069832749
-0.380609289778864
-0.473868662472998
-0.562083377852130
-0.644314329694494
-0.719686113050189
-0.787396343528011
-0.846724199228283
-0.897038094386968
-0.937802403039828
-0.968583161128630
-0.989052686346543
-0.998993066541314
-0.998298479539764
-0.986976319697495
-0.965147119180891
-0.933043264819443
-0.891006524188367
-0.839484407258077
-0.779025402343246
-0.710273137068056
-0.633959526508161
-0.550896981452102
-0.461969759730589
-0.368124552684678
-0.270360406986353
-0.169718089100669
-0.067269005612040
0.035896202634582
0.138679271154435
0.239986003602565
0.338737920245291
0.433883739117558
0.524410567641365
0.609354685562807
0.687811804415957
0.758946694294555
0.822002075447909
0.876306680043863
0.921282398275821
0.956450432738630
0.981436395555739
0.995974293995238
0.999909362145144
0.993199708502812
0.975916761938747
0.948244511287226
0.910477546658815
0.863017923326349
0.806370881570463
0.741139468049854
0.668018115955501
0.587785252292473
0.501295010989924
0.409468140058891
0.313282199597433
0.213761154992115
0.111964476103308
0.008975858480998
-0.094108313318513
-0.196190637499094
-0.296184377620477
-0.393025031653923
-0.485681664337308
-0.573167882188922
-0.654552334343435
-0.728968627421410
-0.795624548881779
-0.853810500668346
-0.902907053368371
-0.942391540464034
-0.971843622476422
-0.990949761767934
-0.999506560365731
-0.997422925272833
-0.984721038215626
-0.961536119504148
-0.928114988519039
-0.884813436149738
-0.832092437156154
-0.770513242775789
-0.700731405818914
-0.623489801858733
-0.539610720810784
-0.449987113092121
-0.355573083550942
-0.257373734365304
-0.156434465040232
-0.053829843412129
0.049347833863750
0.152000169561266
0.253034359076131
0.351374824081342
0.445974662797068
0.535826794978996
0.619974682979090
0.697522514745701
0.767644740358009
0.829594860571830
0.882713373816682
0.926434797042886
0.960293685676942
0.983929588598629
0.997090885390702
0.999637465011020
0.991542217370804
0.972891321940144
0.943883330308367
0.904827052466019
0.856138269310461
0.798335306372701
0.732033515886185
0.657938725939712
0.576839726452744
0.489599871965052
0.397147890634782
0.300467997289453
0.200589415783274
0.098575422202445
-0.004487974438924
-0.107503593510524
-0.209374763007084
-0.309016994374947
-0.405369527637435
-0.497406623913221
-0.584148485111085
-0.664671684553424
-0.738118997487339
-0.803708526830787
-0.860742027003942
-0.908612337232873
-0.946809845192917
-0.974927912181823
-0.992667202067973
-0.999838867929057
-0.996366562457242
-0.982287250728688
-0.957750816684930
-0.923018467515397
-0.878459952927510
-0.824549628907140
-0.761861407873406
-0.691062648986864
-0.612907053652976
-0.528226641853084
-0.437922894720366
-0.342957157654131
-0.244340406137894
-0.143122483211119
-0.040380923169148
0.062790519529311
0.165293514029482
0.266036845566672
0.363948032196782
0.457984742103065
0.547145889934084
0.630482294044712
0.707106781186546
0.776203631076351
0.837037260298629
0.888960053096192
0.931419255684617
0.963962860695852
0.986244419107040
0.998026728428271
0.999184357885974
0.989704983719634
0.969689520376686
0.939351046208923
0.899012535107121
0.849103418222194
0.790155012375691
0.722794863827393
0.647740067614435
0.565789633582216
0.477815980375917
0.384755647944937
0.287599327432019
0.187381314585726
0.085168498971961
-0.017950993798096
-0.120879385912324
-0.222520933956313
-0.321793593854449
-0.417640539972130
-0.509041415750371
-0.595023196102036
-0.674670545932074
-0.747135564508149
-0.811646811946192
-0.867517521717715
-0.914152911751091
-0.951056516295152
-0.977835471138025
-0.994204695916450
-0.999989928992004
-0.995129582585910
-0.979675398423235
-0.953791896906692
-0.917754625683981
-0.871947226253862
-0.816857349838956
-0.753071466003611
-0.681268619282666
-0.602213200286082
-0.516746808235994
-0.425779291565072
-0.330279061955167
-0.231262784929952
-0.129784556752292
-0.026924682845666
0.076221822798882
0.178556894798634
0.278991106039227
0.376455265374389
0.469911799899903
0.558365800629660
0.640875613985022
0.716562866343790
0.784621814930590
0.844327925502014
0.895045585511173
0.936234870639736
0.967457292663055
0.988380467458430
0.998781653462334
0.998550122907320
0.987688340595137
0.966311937657223
0.934648480581911
0.893035048612886
0.841914645309171
0.781831482468031
0.713425186616684
0.637423989748691
0.554636976794311
0.465945472355826
0.372293658401947
0.274678522802392
0.174139245707390
0.071746136761381
-0.031410759078127
-0.134233265817654
-0.235626767265315
-0.334511859971844
-0.429835844221538
-0.520583930743608
-0.605790043840819
-0.684547105928685
-0.756016693999250
-0.819437965209729
-0.874135756577054
-0.919527772551449
-0.955130783952421
-0.980565772275219
-0.995561964603079
-0.999959716170870
-0.993712209893242
-0.976885954764647
-0.949660077825426
-0.912324417231454
-0.865276436727946
-0.809016994374947
-0.744145010569353
-0.671351092126004
-0.591410180293909
-0.505173300974501
-0.413558504966521
-0.317541094684847
-0.218143241396546
-0.116423103505826
-0.013463561731189
0.089639308903430
0.191787907539957
0.291894792201031
0.388894256356592
0.481753674101713
0.569484493168450
0.651152758743571
0.725889056058887
0.792897765908473
0.851465534561475
0.900968867902418
0.940880768954224
0.970776348122917
0.990337346439117
0.999355523643320
0.997734875046455
0.985492653565726
0.962759186055461
0.929776485888252
0.886895676556416
0.834573253721303
0.773366225503512
0.703926182748946
0.626992362396819
0.543383777794807
0.453990499739548
0.359764181061808
0.261707925628602
0.160865609613700
0.058310768718940
-0.044864830350514
-0.147562812492456
-0.248689887164854
-0.347169487214417
-0.441953229673226
-0.532032076515336
-0.616447076559469
-0.694299574162845
-0.764760776027598
-0.827080574274561
-0.880595531856737
-0.924735945302240
-0.959031909598965
-0.983118320656126
-0.996738762088014
-0.999748234942506
-0.992114701314478
-0.973919425411304
-0.945356108439570
-0.906728826522709
-0.858448793601868
-0.801029983781118
-0.735083659720179
-0.661311865323654
-0.580499952001576
-0.493508218064350
-0.401262750256477
-0.304745564927224
-0.204984153792234
-0.103040545578646
-0.000000000000003
0.103040545578639
0.204984153792227
0.304745564927218
0.401262750256472
0.493508218064344
0.580499952001571
0.661311865323650
0.735083659720175
0.801029983781114
0.858448793601864
0.906728826522707
0.945356108439568
0.973919425411303
0.992114701314477
0.999748234942506
0.996738762088014
0.983118320656125
0.959031909598965
0.924735945302240
0.880595531856737
0.827080574274561
0.764760776027597
0.694299574162844
0.616447076559469
0.532032076515341
0.441953229673231
0.347169487214423
0.248689887164860
0.147562812492463
0.044864830350520
-0.058310768718934
-0.160865609613694
-0.261707925628595
-0.359764181061803
-0.453990499739543
-0.543383777794802
-0.626992362396814
-0.703926182748942
-0.773366225503508
-0.834573253721300
-0.886895676556413
-0.929776485888249
-0.962759186055459
-0.985492653565725
-0.997734875046455
-0.999355523643320
-0.990337346439118
-0.970776348122918
-0.940880768954225
-0.900968867902419
-0.851465534561476
-0.792897765908475
-0.725889056058888
-0.651152758743573
-0.569484493168452
-0.481753674101715
-0.388894256356595
-0.291894792201033
-0.191787907539960
-0.089639308903433
0.013463561731186
0.116423103505823
0.218143241396543
0.317541094684838
0.413558504966515
0.505173300974495
0.591410180293904
0.671351092125999
0.744145010569349
0.809016994374944
0.865276436727943
0.912324417231452
0.949660077825424
0.976885954764646
0.993712209893241
0.999959716170870
0.995561964603079
0.980565772275220
0.955130783952423
0.919527772551451
0.874135756577057
0.819437965209733
0.756016693999254
0.684547105928690
0.605790043840821
0.520583930743610
0.429835844221541
0.334511859971847
0.235626767265318
0.134233265817657
0.031410759078130
-0.071746136761378
-0.174139245707387
-0.274678522802389
-0.372293658401944
-0.465945472355824
-0.554636976794309
-0.637423989748689
-0.713425186616682
-0.781831482468029
-0.841914645309169
-0.893035048612885
-0.934648480581908
-0.966311937657221
-0.987688340595136
-0.998550122907320
-0.998781653462334
-0.988380467458431
-0.967457292663057
-0.936234870639738
-0.895045585511176
-0.844327925502017
-0.784621814930594
-0.716562866343795
-0.640875613985027
-0.558365800629666
-0.469911799899909
-0.376455265374395
-0.278991106039233
-0.178556894798640
-0.076221822798888
0.026924682845659
0.129784556752285
0.231262784929949
0.330279061955164
0.425779291565070
0.516746808235992
0.602213200286080
0.681268619282664
0.753071466003609
0.816857349838954
0.871947226253861
0.917754625683980
0.953791896906691
0.979675398423234
0.995129582585910
0.999989928992004
0.994204695916451
0.977835471138026
0.951056516295153
0.914152911751092
0.867517521717717
0.811646811946198
0.747135564508153
0.674670545932078
0.595023196102042
0.509041415750376
0.417640539972136
0.321793593854455
0.222520933956320
0.120879385912331
0.017950993798102
-0.085168498971954
-0.187381314585720
-0.287599327432012
-0.384755647944931
-0.477815980375911
-0.565789633582210
-0.647740067614430
-0.722794863827388
-0.790155012375687
