0.999999999999999
-0.050343925062603
-0.994930978418581
0.150521386302537
0.979775303633913
-0.249172855231205
-0.954686624531124
0.345298198998535
0.919919291221856
-0.437922894720365
-0.875825776431857
0.526107909233529
0.822853102117265
-0.608959219054571
-0.761538307536735
0.685636874028434
0.692503004724247
-0.755363512779362
-0.616447076559471
0.817432243634104
0.534141581324932
-0.871213811120190
-0.446420935683848
0.916162975385078
0.354174455328015
-0.951824039861321
-0.258337339056892
0.977835471138025
0.159881187691832
-0.993933564202181
-0.059804153945033
0.999955115891464
-0.040879176895777
-0.995839079454940
0.141148072876757
0.981627183447664
-0.239986003602561
-0.957463508684780
0.336390945865373
0.923593027544012
-0.429385542199401
-0.880359120425109
0.518027009373133
0.828200094544540
-0.601416696366313
-0.767644740358014
0.678709194932881
0.699306970660015
-0.749120910386207
-0.623879596709382
0.811938005715854
0.542127304478906
-0.866523638498007
-0.454878902235873
0.912324417231451
0.363018918048108
-0.948876011644497
-0.267478632400246
0.975807860095307
0.169226636831974
-0.992846926341837
-0.069259014315198
0.999820467595024
-0.031410759078121
-0.996657785792647
0.131762088840142
0.983390944339327
-0.230777608858263
-0.960154443046354
0.327453495516762
0.927183854566789
-0.420809644503892
-0.884813436149742
0.509899607151703
0.833472740925943
-0.593820185573497
-0.773682263079598
0.671720589322985
0.706048161055831
-0.742811060744551
-0.631256112300251
0.806370881570465
0.550064361831345
-0.861755679593747
-0.463296035119854
0.908403961341504
0.371830793207172
-0.945842804519878
-0.276595914663658
0.973692652520782
0.178556894798647
-0.991671162383091
-0.078707657427118
0.999596067197817
-0.021939521572624
-0.997387023937892
0.122364276755720
0.985066427979235
-0.221548497619477
-0.962759186055459
0.318486650251678
0.930691449948045
-0.412195971476868
-0.889188323749765
0.501726432151653
0.838670567945417
-0.586170368601374
-0.779650333723855
0.664671684553415
0.712725970767064
-0.736434530278361
-0.638575961155382
0.800731370948740
0.557952040886736
-0.856910362418587
-0.471671578744811
0.904401959647568
0.380609289778864
-0.942724690773077
-0.285688367404989
0.971490038292867
0.187871124031215
-0.990406377872173
-0.088149235092961
0.999281934843867
-0.012466314595408
-0.998026728428272
0.112955480248355
0.986653483962205
-0.212299498367037
-0.965277503888964
0.309491215007854
0.934115498817190
-0.403545296352376
-0.893483390499324
0.493508218064344
0.843793109003312
-0.578467932160361
-0.785548416547706
0.657563113391796
0.719339800338660
-0.729991891397398
-0.645838486185015
0.795019980099474
0.565789633582228
-0.851988121928003
-0.480004781253077
0.900318771402187
0.389353619733212
-0.939521950311597
-0.294755174410912
0.969200215136307
0.197168488407939
-0.989052686346543
-0.097582899759162
0.998878098732276
-0.002991988539356
-0.998576841838649
0.103536543928891
0.988151969821052
-0.203031441367144
-0.967709170481973
0.300467997289460
0.937455693803479
-0.394858395686149
-0.897698250837937
0.485245702624165
0.848839904258220
-0.570713567684445
-0.791375982090799
0.650395513961877
0.725889056058873
-0.723483722445850
-0.653043035445229
0.789237221724060
0.573576436351054
-0.846989399982748
-0.488294894587968
0.896154763145914
0.398062998107307
-0.936234870639729
-0.303795521770357
0.966823388604463
0.206448153321024
-0.987610209324670
-0.107007804582378
0.998384595114689
0.006482606102172
-0.999037314786328
0.094108313318505
0.989561751039374
-0.193745158596778
-0.970053967548098
0.291417807094662
0.940711735063542
-0.386136049285746
-0.901832526405104
0.476939627542445
0.853810500668344
-0.562907971269054
-0.797132507222929
0.643169529686278
0.732373150012790
-0.716910607650477
-0.660188962196480
0.783383614930423
0.581311750185835
-0.841914645309178
-0.496541174560743
0.891910308674334
0.406736643075780
-0.932863746832773
-0.312808597947458
0.964359772060780
0.215709285751439
-0.986079076295145
-0.116423103505849
0.997801468292049
0.015956618811709
-0.999408105935470
0.084671634772621
0.990882701063624
-0.184441483668959
-0.972311684599094
0.282341456842898
0.943883330308371
-0.377379040140651
-0.905885846074304
0.468590738440710
0.858704452032107
-0.555051843608753
-0.802817475191116
0.635885809228725
0.738791500134762
-0.710273137068056
-0.667275624961665
0.777459685186391
0.588994880701239
-0.836764313458943
-0.504742880917576
0.887585789004557
0.415373776021038
-0.929408881510495
-0.321793593854437
0.961809586659759
0.224951054343868
-0.984459424705051
-0.125827951334836
0.997128770610609
0.025429199124024
-0.999689182000816
0.075227355405048
0.992114701314481
-0.175121251757997
-0.974482118963726
0.273239761301894
0.946970194829515
-0.368588154351964
-0.909857845986207
0.460199784783850
0.863521319028221
-0.547145889934071
-0.808430375665923
0.628545006435773
0.745143530260979
-0.703571906532488
-0.674302387583744
0.771465964272575
0.596625138196339
-0.831538866768211
-0.512899277405910
0.883181592341004
0.423973621602954
-0.925870584809994
-0.330749702924231
0.959173061326982
0.234172629481220
-0.982751399947612
-0.135221503812974
0.996366562457243
0.034899496702529
-0.999880517750669
0.065776323011904
0.993257641197463
-0.165785299524493
-0.976565075805972
0.264113537514740
0.949972051524651
-0.359764181061774
-0.913748169581489
0.451767519812813
0.868260669255151
-0.539190819948371
-0.813970704787280
0.621147780278289
0.751428670181024
-0.696807517601289
-0.681268619282682
0.765402990234616
0.604201837716523
-0.826238774315984
-0.521009631840574
0.878698114040530
0.432535407828773
-0.922249174357856
-0.339676121182950
0.956450432738628
0.243373183359136
-0.980955155349186
-0.144602917697805
0.995514912254016
0.044366661415382
-0.999982096009160
0.056319385995518
0.994311418112903
-0.156434465040235
-0.978560368142521
0.254963604726273
0.952888630922455
-0.350907912382537
-0.917556467632759
0.443294700476992
0.872922077269820
-0.531187347764055
-0.819437965209721
0.613694794792032
0.757646355689127
-0.689980577501594
-0.688173694712320
0.759271307334847
0.611724299114985
-0.820864511882112
-0.529073216169559
0.874135756577070
0.441058366122211
-0.918544975241619
-0.348572047321782
0.953641945300210
0.252551890060355
-0.979070852155449
-0.153971350836531
0.994573896452042
0.053829843412085
-0.999993907657789
0.046857393288209
0.995275937465121
-0.147069587712961
-0.980467816859513
0.245790784309428
0.955719671206793
-0.342020143325649
-0.921282398275844
0.434782087366272
0.877505124625972
-0.523136191838648
-0.824831666147025
0.606186719018220
0.763796028634673
-0.683091699075643
-0.695016994016349
0.753071466003581
0.619191847113777
-0.815416561904552
-0.537089306539180
0.869494929505237
0.449541731392498
-0.914758319980677
-0.357436682769459
0.950747851124639
0.261707925628630
-0.977098659516918
-0.163325962241612
0.993543599524645
0.063288193199890
-0.999915951636247
0.037391194276303
0.996151112670955
-0.137691508211013
-0.982287250728691
0.236595899692212
0.958464918240228
-0.333101671730293
-0.924925627040617
0.426230444642756
0.882009399911616
-0.515038074910015
-0.830151323416276
0.598624226943431
0.769877136972522
-0.676141500725770
-0.701797902883991
0.746804022789486
0.626603811364428
-0.809895413436060
-0.545057183359346
0.864776049423830
0.457984742103060
-0.910889548496300
-0.366269231763514
0.947768410009589
0.270840468143028
-0.975038754473795
-0.172665912166262
0.992424113959736
0.072740861719317
-0.999748234942506
0.027921638723554
0.996936865167461
-0.128301068387868
-0.984018506422720
0.227379776282915
0.961124125586828
-0.324153298191762
-0.928485826880929
0.417640539972162
0.886434498785990
-0.506893723931673
-0.835396459481324
0.591007997439093
0.775889134812422
-0.669130606358890
-0.708515812605147
0.740469540309763
0.633959526508212
-0.804301562100290
-0.552976131367960
0.859979539938243
0.466386640339877
-0.906939008081207
-0.375068901421560
0.944703889414176
0.279948697791490
-0.972891321940132
-0.181990362179828
0.991215540251539
0.082187000421278
-0.999490772632195
0.018449576695079
0.997633124419049
-0.118899111206564
-0.985661428529863
0.218143241396504
0.963697054534290
-0.315175825989595
-0.931962678203985
0.409013144454919
0.890780024015858
-0.498703870007490
-0.840566603495658
0.583338714200551
0.781831482468046
-0.662059645330404
-0.715170120125040
0.734068587199612
0.641258332235517
-0.798635510047303
-0.560845439695178
0.855105831622695
0.474746671879525
-0.902907053368366
-0.383834901813046
0.941554564434951
0.289031796944480
-0.970656554687095
-0.191298475243057
0.989917986891561
0.091625761342746
-0.999143587817246
0.008975858480998
0.998239827923766
-0.109486480664037
-0.987215869567931
0.208887124180245
0.966183474115371
-0.306170061015465
-0.935355868899043
0.400349032556835
0.895045585511168
-0.490469248326050
-0.845661291344728
0.575617065685687
0.787703646505438
-0.654929252388047
-0.721760228098347
0.727601738061181
0.648499573345656
-0.792897765908490
-0.568664401927223
0.850155361981237
0.483064086256879
-0.898794046299163
-0.392566446029747
0.938320717781202
0.298088950228382
-0.968334653325755
-0.200589415783234
0.988531570358854
0.101056297182980
-0.998706711663821
-0.000498665479896
0.998756921218923
-0.100064021715234
-0.988681689997524
0.199612255539281
0.968583161128646
-0.297136811700838
-0.938665094365424
0.391648982039997
0.899230800360070
-0.482190598094659
-0.850680065687367
0.567843745053121
0.793505099790904
-0.647740067614396
-0.728285544942824
0.721069573411986
0.655682599805325
-0.787088844750912
-0.576432316169796
0.845128575408700
0.491338136832478
-0.894600356090911
-0.401262750256506
0.935002639749577
0.307119344598693
-0.965925826289059
-0.209862349769305
0.987056415109558
0.110477761379592
-0.998180183389506
-0.009973144676479
0.999184357885974
-0.090632580197721
-0.990058758234556
0.190319468062031
0.970895900158431
-0.288076888944398
-0.941890057539856
0.382913773892323
0.903335292863288
-0.473868662472990
-0.855622475997211
0.560019450099986
0.799235321538325
-0.640492736369750
-0.734745484892415
0.714472679632802
0.662806766807045
-0.781209268031065
-0.584148485111083
0.840025923150753
0.499568080859654
-0.890326359203702
-0.409923033841598
0.931600628197984
0.316122169413012
-0.963430289813115
-0.219116444786296
0.985492653565729
0.119889308184540
-0.997564050259819
-0.019446728601645
0.999522099554694
-0.081193002755076
-0.991346950662066
0.181009595945459
0.973121483594299
-0.278991106039258
-0.945030468923147
0.374144192257876
0.907358694567849
-0.465504188506365
-0.860488078602899
0.552144883199292
0.804893797355912
-0.633187909234113
-0.741139468049901
0.707811648915022
0.669871434827046
-0.775259563547995
-0.591812216084358
0.834847863263392
0.507753179550806
-0.885972439306616
-0.418546519366806
0.928114988519017
0.325096616503806
-0.960848267917782
-0.228350870110707
0.983840426103453
0.129290092740045
-0.996858367583927
-0.028918566828657
0.999770115906613
-0.071746136761335
-0.992546151641317
0.171683474920187
0.975259711649591
-0.269880278599950
-0.948086046606165
0.365341024366362
0.911300644300156
-0.457097927058698
-0.865276436727961
0.544220751236772
0.810480019292379
-0.625826241948793
-0.747466920438664
0.701087079207497
0.676875969682677
-0.769240265396210
-0.599422821130155
0.829594860571820
0.515892698144319
-0.881538987243279
-0.427132432717209
0.924546033612293
0.334041880250961
-0.958179992386563
-0.237564796784642
0.982099881040244
0.138679271154441
-0.996063198709705
-0.038387809087484
0.999928384677748
-0.062292830244815
-0.993656253522175
0.162341942175470
0.977310392379388
-0.260745224489101
-0.951056516295150
0.356505060462467
0.915160788198454
-0.448650632744992
-0.869987120529968
0.536247765547912
0.815993485882543
-0.618408395357538
-0.753727274054659
0.694299574162779
0.683819742589413
-0.763151913917375
-0.606979617058027
0.824267386628724
0.523985905970119
-0.877026400996725
-0.435680003150776
0.920894083856577
0.342957157654099
-0.955425702745794
-0.246757397690331
0.980271174621706
0.148056000578033
-0.995178615018056
-0.047853605341132
0.999996891660591
-0.052833931811988
-0.994677156652784
0.152985836283936
0.979273341697713
-0.251586763744558
-0.953941611336334
0.347637093734919
0.918938779744416
-0.440163063863997
-0.874619707139348
0.528226641853135
0.821433702192337
-0.610935035347210
-0.759919966917105
0.687449743083256
0.690702130216977
-0.756995055651801
-0.614481925507877
0.818865919671941
0.532032076515370
-0.872435085653884
-0.444188463367144
0.917159467080799
0.351841648404663
-0.952585646243147
-0.255927847624380
0.978354471007598
0.157419439278313
-0.994204695916460
-0.057315105861949
0.999975630705394
-0.043370290571301
-0.995608769388467
0.143615997126755
0.981148383394153
-0.242405718504686
-0.956741072739878
0.338737920245278
0.922634279794523
-0.431635982329539
-0.879173780697111
0.520158100194510
0.826800179863244
-0.603406832788013
-0.766044443119004
0.680538200865970
0.697522514745784
-0.750770243289750
-0.621929073010853
0.813390944581529
0.540030487489688
-0.867765453368893
-0.452657049577113
0.913342518534891
0.360694554957758
-0.949660077825429
-0.265075323371849
0.976349942256965
0.166768746716198
-0.993141528831908
-0.066771461307901
0.999864603720714
-0.033902756056955
-0.996451008100023
0.134233265817568
0.982935349149576
-0.233202912935657
-0.959454649203125
0.329808338856483
0.926246956610324
-0.423070153602523
-0.883648932391976
0.512042864870635
0.832092437156132
-0.595824463473269
-0.772100152877048
0.673565567947745
0.704280283922075
-0.744478035621528
-0.629320391049800
0.807842952836241
0.547980420889980
-0.863017923326318
-0.461085001570796
0.909443580859520
0.369515082603747
-0.946649260115702
-0.274199003780150
0.974257768312778
0.176103083621026
-0.991989209202986
-0.076221822798820
0.999663820673247
-0.024432178152645
-0.997203797181182
0.124838484627437
0.984634078551166
-0.223979173156917
-0.962082097133152
0.320849151161133
0.929776485888264
-0.414466346622123
-0.888044760497664
0.503881664371718
0.837309998994497
-0.588188608058751
-0.778086552580967
0.666532470249405
0.710974831112961
-0.738118997487401
-0.636655216119276
0.802222442469403
0.555881163064899
-0.858192921703466
-0.469471562785971
0.905463004055272
0.378302439539591
-0.943553463389703
-0.283298069832758
0.972078136985763
0.185421612066018
-0.990747840471426
-0.085665341992605
0.999373299586927
-0.014959407015263
-0.997867069055413
0.115432496909120
0.986244419107058
-0.214735327167142
-0.964623180668644
0.311861161409535
0.933222550788791
-0.405825333736751
-0.892360870408523
0.495675231314175
0.842452397007118
-0.580499952001587
-0.784003104842336
0.659439539119590
0.717605555360876
-0.731693699726729
-0.643932889785113
0.796529918024211
0.563732004778907
-0.853290881632130
-0.477815980375989
0.901401145451621
0.387055836939923
-0.940372965551584
-0.292371704722739
0.969811243937537
0.194723495543487
-0.989417534072662
-0.095101171161374
0.998993066541316
-0.005485292998584
-0.998440764181982
0.106016147021363
0.987766226259851
-0.205472204769905
-0.967077671701062
0.302845176437504
0.936584841964804
-0.397147890634727
-0.896596874675062
0.487424302374672
0.847519169570092
-0.572759185498721
-0.789849278542804
0.652287411278083
0.724171861437526
-0.725202719127343
-0.651152758743520
0.790765890508434
0.571532241275940
-0.848312243159707
-0.486117505277360
0.897258369674278
0.395774489027867
-0.937108052108967
-0.301419093926064
0.967457292663048
0.204007899039940
-0.987998409425924
-0.104528463267567
0.998523155669255
0.003989313423067
-0.998924831061299
0.096590280253107
0.989199363399629
-0.196190637498966
-0.969445349895123
0.293802005593936
0.939863057589418
-0.388434796274648
-0.900752393038730
0.479129618224786
0.852509861848281
-0.564967003424963
-0.795624548881783
0.645076728758649
0.730673159897322
-0.718646638372847
-0.658314174879735
0.784930877348546
0.579281172342675
-0.843257453209697
-0.494375392276996
0.893035048612837
0.404457613145568
-0.933759016147309
-0.310439425274737
0.965016494472304
0.213273989111028
-0.986490593923505
-0.113946372040205
0.997963609153806
0.013463561731164
-0.999319226239544
0.087155742747606
0.990543701876228
-0.186891458544514
-0.971726002708577
0.284732460668153
0.943056903383062
-0.379686832815459
-0.904827052466053
0.470791923463326
0.857424025836137
-0.557124105270604
-0.801328397423552
0.637808138851399
0.737108867130292
-0.712026045990921
-0.665416495326198
0.779025402343275
0.586978102371387
-0.838126965541580
-0.502588900079104
0.888731561387301
0.413104429824457
-0.930326158303598
-0.319431889029694
0.962489068471408
0.222520933956366
-0.984894222919311
-0.123354052049957
0.997314477224462
0.022936601439330
-0.999623914312565
0.077713381426472
0.991799121010779
-0.177575502677044
-0.973919425411286
0.275637355817035
0.946166092639893
-0.370904785546243
-0.908820487182118
0.462411966550286
0.862261220397920
-0.549231195078627
-0.806960312143796
0.630482294044692
0.743478405414474
-0.705341536300337
-0.672459082520266
0.773049995616583
0.594622340422389
-0.832921240710089
-0.510757291371732
0.884348294314044
0.421714162855423
-0.926809786739362
-0.328395677953498
0.959875241542885
0.231747903494202
-0.983209439716723
-0.132750658786389
0.996575818152639
0.032407582169679
-0.999838867929057
0.068264043913644
0.992965508106545
-0.168243606173302
-0.976025421103606
0.266517507491926
0.949190346253535
-0.362089442815725
-0.912732338703412
0.453990499739456
0.867021011307299
-0.541288981381509
-0.812519787475572
0.623099851966554
0.749781202967771
-0.698593709357615
-0.679441304261611
0.767005193570078
0.602213200286061
-0.827640746023858
-0.518879832892958
0.879885640871138
0.430286039357669
-0.923210217113007
-0.337329987382798
0.957175248325319
0.240954069435931
-0.981436395555725
-0.142135348732866
0.995747698246444
0.041875653729157
-0.999964067793017
0.058808578459305
0.994042758459035
-0.158896606741001
-0.978043800734057
0.257373734365352
0.952129392742133
-0.353241595961506
-0.916562255869998
0.445528279010897
0.871702971286441
-0.533298177137612
-0.818006324354691
0.615661475325648
0.756016693999284
-0.691783170903146
-0.686362533768299
0.760891538834862
0.609750000544447
-0.822285955503481
-0.526955795496711
0.875344001663024
0.438819289849331
-0.919527772551480
-0.346234015300566
0.954389331192287
0.250138605360451
-0.979575249599329
-0.151507279442504
0.994830191844726
0.051339966185861
-0.999999502665477
0.049347833863728
0.995030775365406
-0.149535343443615
-0.979974383116345
0.248206857257523
0.954982968272724
-0.344362039239022
-0.920309894877041
0.437026064003078
0.876306680043922
-0.525259499667186
-0.823419430264521
0.608167831851783
0.762184318760102
-0.684910532306826
-0.693222149734067
0.754709580222821
0.617232064632426
-0.816857349838957
-0.534984454218228
0.870723784384558
0.447313148315727
-0.915762783621265
-0.355106962408091
0.951517740230602
