0.999999999999999
0.743478405414431
0.105520278635173
-0.586574308417301
-0.977730941593510
-0.867269374343287
-0.311861161409529
0.403545296352389
0.911915588298665
0.952433798569322
0.504312335347595
-0.202543136739206
-0.805485232008599
-0.995178615018048
-0.674302387583724
-0.007479912757735
0.663180080364204
0.993600050061322
0.814260281314380
0.217169821026521
-0.491338136832508
-0.947768410009584
-0.917952555519686
-0.417187394438176
0.297612917967894
0.859724949801188
0.980760951578484
0.598624226943440
-0.090632580197775
-0.733390959351515
-0.999888101810272
-0.753399463702017
-0.120384362016254
0.574393116684661
0.974482118963727
0.874619707139399
0.326039611452347
-0.389812886290335
-0.905674537670616
-0.956886035893273
-0.517173670587918
0.187871124031206
0.796529918024191
0.996534462603824
0.685273788370247
0.022438064295811
-0.651909355843770
-0.991799121010768
-0.822853102117269
-0.231747903494163
0.478253978621314
0.942890914311124
0.923784088282271
0.430736127495530
-0.283298069832737
-0.851988121927995
-0.983571470813387
-0.610540175534931
0.075724598517072
0.723139383047168
0.999552432283502
0.763151913917340
0.135221503812976
-0.562083377852120
-0.971015210763878
-0.881774303211651
-0.340145095010561
0.375993237515661
0.899230800360074
0.961124125586839
0.529919264233217
-0.173157066445839
-0.787396343528004
-0.997667289384868
-0.696091827363995
-0.037391194276340
0.640492736369772
0.989776230907786
0.831261771375086
0.246274121620063
-0.465062788901238
-0.937802403039824
-0.929408881510501
-0.444188463367057
0.268919820615252
0.844060622197782
0.986161870314188
0.622319487445632
-0.060799669945378
-0.712725970767060
-0.998993066541313
-0.772733573497356
-0.150028383526720
0.549647846794664
0.967330992875465
0.888731561387354
0.354174455328029
-0.362089442815738
-0.892585818452119
-0.965147119180894
-0.542546263865767
0.158404256935925
0.778086552580938
0.998576841838649
0.706754083527018
0.052335956242959
-0.628932776940308
-0.987531832467859
-0.839484407258090
-0.260745224489190
0.451767519812788
0.932504014986078
0.934825676396020
0.457541391468681
-0.254481388115550
-0.835944224756281
-0.988531570358855
-0.633959526508180
0.045861134627679
0.702153052995146
0.998210129767733
0.782142298101346
0.164801687431402
-0.537089306539134
-0.963430289813114
-0.895489924657312
-0.368124552684700
0.348104613809468
0.885741079069640
0.968954116344038
0.555051843608789
-0.143615997126833
-0.768602628680512
-0.999262916410621
-0.717258170684983
-0.067269005612064
0.617232064632439
0.985066427979230
0.847519169570135
0.275157973521103
-0.438371146789050
-0.926996935909953
-0.940033260679741
-0.470791923463451
0.239986003602542
0.827640746023851
0.990680040617104
0.645457687723965
-0.030912335754106
-0.691422995912151
-0.997203797181177
-0.791375982090804
-0.179538109315123
0.524410567641345
0.959313974540050
0.902047880524288
0.381992265099293
-0.334041880250957
-0.878698114040532
-0.972544265084088
-0.567433204758803
0.128795596577538
0.758946694294540
0.999725359559778
0.727601738061205
0.082187000421263
-0.605393218023224
-0.982380569190497
-0.855364260160520
-0.289509143194779
0.424876667889816
0.921282398275813
0.945030468923157
0.483937093930274
-0.225436911090809
-0.819152044288981
-0.992606800269065
-0.656811397846168
0.015956618811697
0.680538200865999
0.995974293995236
0.800432559000683
0.194234351219991
-0.511614467557171
-0.954982968272718
-0.908403961341516
-0.395774489027977
0.319904389329073
0.871458499554870
0.975916761938751
0.579687576412010
-0.113946372040053
-0.749120910386186
-0.999964067793018
-0.737782470802775
-0.097086602077329
0.593418886603680
0.979474857187135
0.863017923326361
0.303795521770389
-0.411287103130594
-0.915361680976478
-0.949816182769154
-0.496973961027580
0.210837366614579
0.810480019292370
0.994311418112905
0.668018115955517
-0.000997330835769
-0.669501103834414
-0.994521895368269
-0.809310002001861
-0.208887124180305
0.498703870007481
0.950438240274659
0.914556744641114
0.409468140058936
-0.305695304963073
-0.864023855812163
-0.979070852155448
-0.591812216084402
0.099071646717040
0.739127475930315
0.999978987688302
0.747798090498556
0.111964476103357
-0.581311750185804
-0.976349942256968
-0.870478446205565
-0.318013912008132
0.397605493806762
0.909236109047051
0.954389331192292
0.509899607151737
-0.196190637499046
-0.801626611801821
-0.995793512661323
-0.679075334029128
-0.013962180339188
0.658314174879772
0.992846926341832
0.818006324354735
0.223493148958513
-0.485681664337265
-0.945680807639524
-0.920504853452457
-0.423070153602623
0.291417807094606
0.856395846658763
0.982005829860203
0.603804410325519
-0.084174749518186
-0.728968627421377
-0.999770115906613
-0.757646355689121
-0.126817292884978
0.569074518302903
0.973006523744644
0.877744159160116
0.332161131883752
-0.383834901812966
-0.902907053368351
-0.958748890738530
-0.522711139589929
0.181500001629187
0.792593803177877
0.997052752226923
0.689980577501606
0.028918566828737
-0.646979917596228
-0.990949761767927
-0.826519579853833
-0.238049156779151
0.472550764869002
0.940711735063521
0.926246956610329
0.436577485577705
-0.277075090976002
-0.848576179215518
-0.984721038215634
-0.615661475325706
0.069259014315147
0.718646638372887
0.999337499192697
0.767325062368376
0.141641728415627
-0.556709929603166
-0.969445349895129
-0.884813436149760
-0.346234015300661
0.369978408957837
0.896375930360123
0.962893885754215
0.535405691167581
-0.166768746716064
-0.783383614930406
-0.998088854996450
-0.700731405818947
-0.043868481447730
0.635500868549546
0.988830826225119
0.834847863263428
0.252551890060370
-0.459314110250480
-0.935532134607101
-0.931781769052830
-0.449987113092163
0.262670366455202
0.840566603495659
0.987215869567941
0.627380757516724
-0.054327779195461
-0.708163818808622
-0.998681234364611
-0.776832044476810
-0.156434465040277
0.544220751236779
0.965667217686223
0.891684695095902
0.360229412798476
-0.356039116274307
-0.889644201664052
-0.966823388604471
-0.547980420890011
0.152000169561221
0.773998108266189
0.998901589093857
0.711325412984696
0.058808578459375
-0.623879596709344
-0.986490593923510
-0.842989310743831
-0.266998103142969
0.445974662797026
0.930143165446094
0.937108052108968
0.463296035119911
-0.248206857257400
-0.832368912013249
-0.989489765582899
-0.638959634165693
0.039384385715487
0.697522514745669
0.997801468292045
0.786165174386246
0.171192192198030
-0.531609778236641
-0.961672972650242
-0.898356398235668
-0.374144192257961
0.342020143325637
0.882713373816660
0.970536519880786
0.560432514578234
-0.137197575318725
-0.764439383627657
-0.999490772632195
-0.721760228098406
-0.073735514324137
0.612118702874206
0.983929588598620
0.850942100268572
0.281384563016765
-0.432535407828685
-0.924546033612297
-0.942224613775897
-0.476501273172384
0.233687800263587
0.823984939381944
0.991542217370809
0.650395513961920
-0.024432178152582
-0.686725107669287
-0.996698397863465
-0.795322363375985
-0.185911607162978
0.518879832892852
0.957463508684755
0.904827052466038
0.387975239601825
-0.327924627507137
-0.875584997912087
-0.974032448597818
-0.572759185498744
0.122364276755659
0.754709580222721
0.999856273754322
0.732033515886215
0.088645948447698
-0.600220819089524
-0.981148383394156
-0.858704452032133
-0.295708050044095
0.418999353002138
0.918741991723519
0.947130308985639
0.489599871965091
-0.219116444786181
-0.815416561904514
-0.993372765600405
-0.661685837596887
0.009474502756694
0.675774014000170
0.995372269942031
0.804301562100336
0.200589415783316
-0.506033764121114
-0.953039767852582
-0.911095209678058
-0.401719459491774
0.313755723344322
0.868260669255104
0.977310392379397
0.584957674987287
-0.107503593510481
-0.744810875546229
-0.999998010662407
-0.742142977223568
-0.103536543929001
0.588188608058703
0.978147600733792
0.866274628848338
0.309965358680505
-0.405369527637396
-0.912732338703363
-0.951824039861343
-0.502588900079121
0.204496051841698
0.806665697152783
0.994981000601605
0.672828078337108
0.005485292998666
-0.664671684553350
-0.993823381310381
-0.813100761047067
-0.215222333218701
0.493074446825036
0.948402740170890
0.917159467080792
0.415373776021081
-0.299516601786535
-0.860742027003892
-0.980369617633547
-0.597025253065988
0.092618851350241
0.734745484892375
0.999915951636246
0.752086349649544
0.118403968306575
-0.576024762546916
-0.974927912181800
-0.873650936538966
-0.324153298191832
0.391648982039975
0.906518419490372
0.956304755963049
0.515465450616911
-0.189829893421255
-0.797734303538567
-0.996366562457251
-0.683819742589360
-0.020443861165255
0.653420603990044
0.992052078604172
0.821717990987345
0.229807084675079
-0.480004781253007
-0.943553463389665
-0.923018467515435
-0.428935133403195
0.285210449497737
0.853030753803422
0.983209439716755
0.608959219054656
-0.077713381426455
-0.724515660859221
-0.999610115040351
-0.761861407873470
-0.133244894304729
0.563732004778842
0.971490038292847
0.880831724313118
0.338268693368690
-0.377840786818410
-0.900101624737215
-0.960571454522733
-0.528226641853168
0.175121251757953
0.788624379875488
0.997529141083605
0.694658370459063
0.035397854069790
-0.642023290261305
-0.990058758234548
-0.830151323416341
-0.244340406137989
0.466827692348763
0.938493022759532
0.928670899758856
0.442400496655485
-0.270840468142904
-0.845128575408689
-0.985829223087100
-0.620756902174819
0.062790519529215
0.714123692844270
0.999080569319846
0.771465964272631
0.148056000578013
-0.551313085829070
-0.967834748450650
-0.887815385136434
