0.999999999999999
-0.178066220877519
-0.936584841964796
0.511614467557199
0.754382332396447
-0.780274489610406
-0.476501273172326
0.949972051524652
0.138185406863809
-0.999184357885974
0.217656558273561
0.921669796324011
-0.545893073330302
-0.727259563181729
0.804893797355915
0.440610769775881
-0.961809586659766
-0.098079173175336
0.996738762088014
-0.256891835958961
-0.905251245281015
0.579281172342682
0.698950426911892
-0.828200094544539
-0.404001504979993
0.972078136985774
0.057812944478562
-0.992667202067973
0.295708050044052
0.887355972159163
-0.611724299115009
-0.669501103834446
0.850155361981263
0.366733198900922
-0.980760951578484
-0.017452406437283
0.986976319697495
-0.334041880250986
-0.868013169235268
0.643169529686269
0.638959634165658
-0.870723784384597
-0.328866646738574
0.987843866299397
-0.022936601439366
-0.979675398423233
0.371830793207170
0.847254390118651
-0.673565567947800
-0.607375839723283
0.889871808811469
0.290463619602284
-0.993315326901436
0.063288193199827
0.970776348122917
-0.409013144454880
-0.825113498278288
0.702862829321779
0.574801242653069
-0.907568199391646
-0.251586763744500
0.997166407877222
-0.103536543928914
-0.960293685676940
0.445528279010987
0.801626611801838
-0.731013521647793
-0.541288981381461
0.923784088282269
0.212299498367047
-0.999390827019095
0.143615997126849
0.948244511287226
-0.481316630312393
-0.776832044476771
0.757971723145459
0.506893723931709
-0.938493022759558
-0.172665912166284
0.999984955667193
-0.183461171813775
-0.934648480581908
0.516319817386071
0.750770243289696
-0.783693457325850
-0.471671578744797
0.951671008370684
0.132750658786269
-0.998947824628822
0.223007069184676
0.919527772551444
-0.550480740084994
-0.723483722445852
0.808136764729662
0.435680003150659
-0.963296548075552
-0.092618851350313
0.996281125759489
-0.262189178640871
-0.902907053368363
0.583743672234794
0.695016994016330
-0.831261771375079
-0.398977709638903
0.973350677314618
0.052335956242928
-0.991989209203002
0.300943583025184
0.884813436149738
-0.616054352538852
-0.665416495326262
0.853030753803469
0.361624570082069
-0.981816994945417
-0.011967686315565
0.986079076295142
-0.339207062888975
-0.865276436727942
0.647360073093992
0.634730513202263
-0.873408200617138
-0.323681518067612
0.988681689997528
-0.028420106309704
-0.978560368142511
0.376917199621005
0.844327925502007
-0.677609765372002
-0.603009105203015
0.892360870408488
0.285210449497792
-0.993933564202184
0.068761537663817
0.969445349895133
-0.414012477270038
-0.822002075447898
0.706754083527009
0.570304017961077
-0.909857845986200
-0.246274121620032
0.997564050259823
-0.108990799406044
-0.958748890738521
0.450432382894685
0.798335306372701
-0.734745484892447
-0.536668602769445
0.925870584809998
0.206936050651923
-0.999567225815807
0.149042266176196
0.946488439637778
-0.486117505277287
-0.773366225503489
0.761538307536748
0.502157728550450
-0.940372965551569
-0.167260408168115
0.999939823121438
-0.188850602648195
-0.932683996873432
0.521009631840599
0.747135564508140
-0.787088844750890
-0.466827692348827
0.953341330705969
0.127311916418540
-0.998681234364614
0.228350870110691
0.917358081415209
-0.555051843608780
-0.719686113050195
0.811355416346550
0.430736127495507
-0.964754525183622
-0.087155742747670
0.995793512661316
-0.267478632400258
-0.900535694187321
0.588188608058777
0.691062648986845
-0.834298436648147
-0.393941909590954
0.974593930820416
0.046857393288214
-0.991281368706423
0.306170061015451
0.882244277284684
-0.620365869709283
-0.661311865323647
0.855880479068553
0.356505060462464
-0.982843496749096
-0.006482606102177
0.985152163089191
-0.344362039239062
-0.862513669207249
0.651531138300912
0.630482294044681
-0.876066337162387
-0.318486650251674
0.989489765582889
-0.033902756057008
-0.977415894286090
0.381992265099269
0.841376056184761
-0.681633574422589
-0.598624226943419
0.894823082057653
0.279948697791430
-0.994521895368276
0.074232813184894
0.968085182350396
-0.418999353002235
-0.818865919671927
0.710624072444959
0.565789633582216
-0.912120116172288
-0.240954069435869
0.997931677271291
-0.114441775495427
-0.957175248325309
0.455322933869032
0.795019980099476
-0.738455340625916
-0.532032076515308
0.927929223127300
0.201566376507154
-0.999713548968504
0.154464050742620
0.944703889414164
-0.490903753615141
-0.769877136972469
0.765081978256551
0.497406623913211
-0.942224613775878
-0.161849871527481
0.999864603720714
-0.194234351219981
-0.930691449948042
0.525683769810535
0.743478405414417
-0.790460549722891
-0.461969759730547
0.954982968272741
0.121869343405130
-0.998384595114689
0.233687800263705
0.915160788198416
-0.559606246363246
-0.715866849259718
0.814549655361607
0.425779291565049
-0.966183474115385
-0.081690011744999
0.995275937465122
-0.272760038084517
-0.898137239088894
0.592615846072392
0.687087510804397
-0.837309998994533
-0.388894256356590
0.975807860095317
0.041377420457063
-0.990543701876214
0.311387326757159
0.879648572866595
-0.624658720898502
-0.657187337329451
0.858704452032112
0.351374824081305
-0.983840426103453
-0.000997330835794
0.984195607969232
-0.349506654194901
-0.859724949801178
0.655682599805297
0.626215104516201
-0.878698114040563
-0.313282199597414
0.990268068741570
-0.039384385715594
-0.976242011289662
0.387055836940003
0.838398870984690
-0.685636874028464
-0.594221336879631
0.897258369674333
0.274678522802392
-0.995080302697613
0.079701855139677
0.966695886414316
-0.423973621602981
-0.815705125313151
0.714472679632817
0.561258225348192
-0.914354941881169
-0.235626767265284
0.998269277850220
-0.119889308184523
-0.955572805786127
0.460199784783827
0.791680732735915
-0.742142977223551
-0.527379542125973
0.929959941292496
0.196190637499028
-0.999829792074516
0.159881187691872
0.942890914311101
-0.495675231314104
-0.766364883865712
0.768602628680507
0.492640552974392
-0.944047911718870
-0.156434465040241
0.999759299728270
-0.199612255539378
-0.928670899758826
0.530342090657302
0.739798876047602
-0.793808470791732
-0.457097927058644
0.956595871676298
0.116423103505797
-0.998057915804527
0.239017699062585
0.912935959014685
-0.564143811312537
-0.712026045990991
0.817719385664459
0.420809644503913
-0.967583351875676
-0.076221822798824
0.994728415744059
-0.278033236783197
-0.895711760239380
0.597025253065933
0.683091699075591
-0.840296367800377
-0.383834901812988
0.976992428613812
0.035896202634599
-0.989776230907784
0.316595223269770
0.877026400996768
-0.628932776940347
-0.653043035445174
0.861502587724555
0.346234015300559
-0.984807753012203
0.004487974438944
0.983209439716727
-0.354640752961840
-0.856910362418574
0.659814332695231
0.621929073010884
-0.881303452065011
-0.308068322699755
0.991016576055464
-0.044864830350568
-0.975038754473812
0.392107762787085
0.835396459481310
-0.689619543735664
-0.589800567488738
0.899666659983985
0.269400083103077
-0.995608769388466
0.085168498972048
0.965277503888962
-0.428935133403199
-0.812519787475589
0.718299789291129
0.556709929603150
-0.916562255869975
-0.230292375399689
0.998576841838653
-0.125333233564315
-0.953941611336322
0.465062788901233
0.788317664755514
-0.745808283729309
-0.522711139589897
0.931962678203985
0.190808995376470
-0.999915951636247
0.165293514029530
0.941049568878626
-0.500431794806781
-0.762829571862228
0.772100152877017
0.487859659138708
-0.945842804519906
-0.151014351648635
0.999623914312564
-0.204984153792310
-0.926622407101444
0.534984454218243
0.736097087119747
-0.797132507222935
-0.452212340920062
0.958179992386563
0.110973360590634
-0.997701206263477
0.244340406137897
0.910683660806157
-0.568664401927286
-0.708163818808658
0.820864511882151
0.415827335842046
-0.968954116344040
-0.070751340439768
0.994150963972315
-0.283298069832786
-0.893259330618252
0.601416696366318
0.679075334029068
-0.843257453209764
-0.378763998189375
0.978147600733818
0.030413904743242
-0.988978978893312
0.321793593854520
0.874377840572802
-0.633187909234173
-0.648879084367416
0.864274801953711
0.341082788800304
-0.985745448369790
0.009973144676519
0.982193688004165
-0.359764181061803
-0.854069991746615
0.663926212652301
0.617624328489611
-0.883882272844587
-0.302845176437402
0.991735265002985
-0.050343925062664
-0.973806160042908
0.397147890634809
0.832368912013237
-0.693581463711055
-0.585362051785792
0.902047880524316
0.264113537514746
-0.996107279539976
0.090632580197877
0.963830077451570
-0.433883739117618
-0.809310002001837
0.722105286267272
0.552144883199194
-0.918741991723551
-0.224951054343817
0.998854359982404
-0.130773387834352
-0.952281714056361
0.469911799899895
0.784930877348503
-0.749451149859006
-0.518027009373129
0.933937373602087
0.185421612065854
-0.999972025061269
0.170700866905917
0.939179908520349
-0.505173300974521
-0.759271307334837
0.775574445610208
0.483064086256874
-0.947609238173074
-0.145589694436700
0.999458451547162
-0.210349884345583
-0.924546033612305
0.539610720810834
0.732373150012780
-0.800432559000679
-0.447313148315568
0.959735282739441
0.105520278635132
-0.997314477224451
0.249655761336434
0.908403961341482
-0.573167882189000
-0.704280283921983
0.823984939382032
0.410832515490518
-0.970295726276004
-0.065278729267287
0.993543599524647
-0.288554378821484
-0.890780024015820
0.605790043840833
0.675038536511894
-0.846193166127617
-0.373681698062475
0.979273341697745
0.024930691738074
-0.988151969821047
0.326982282099427
0.871702971286372
-0.637423989748729
-0.644695609383866
0.867021011307354
0.335921299574070
-0.986653483962203
0.015458014835479
0.981148383394157
-0.364876784337623
-0.851203923248265
0.668018115955566
0.613301000476443
-0.886434498786016
-0.297612917967803
0.992424113959742
-0.055821504993233
-0.972544265084082
0.402176068832453
0.829316319675305
-0.697522514745708
-0.580905923319808
0.904401959647605
0.258819045102500
-0.996575818152638
0.096093934410193
0.962353650653270
-0.438819289849296
-0.806075865470059
0.725889056058919
0.547563223492477
-0.920894083856555
-0.219602964810892
0.999101823931322
-0.136209607307651
-0.950593163890337
0.474746671879543
0.781520472418794
-0.753071466003663
-0.513327292414899
0.935883968070851
0.180028649666355
-0.999998010662407
0.176103083620999
0.937281989491854
-0.509899607151733
-0.755690197346971
0.779025402343247
0.478253978621279
-0.949347159528744
-0.140160656625132
0.999262916410618
-0.215709285751525
-0.922441841766719
0.544220751236886
0.728627176774998
-0.803708526830810
-0.442400496655331
0.961261695938320
0.100064021715250
-0.996897740323610
0.254963604726249
0.906096929213772
-0.577654116593966
-0.700375558181347
0.827080574274602
0.405825333736809
-0.971608141304315
-0.059804153944949
0.992906340675842
-0.293802005593967
-0.888273915031111
0.610145163901287
0.670981427985920
-0.849103418222190
-0.368588154351916
0.980369617633551
0.019446728601659
-0.987295228574587
0.332161131883788
0.869001873620725
-0.641640891026005
-0.640492736369703
0.869741133155709
0.330749702924289
-0.987531832467879
0.020942419883399
0.980073557338548
-0.369978408957995
-0.848312243159700
0.672089919485033
0.608959219054463
-0.888960053096223
-0.292371704722742
0.993083102199201
-0.061297405329204
-0.971253107566072
0.407192146088949
0.826238774315944
-0.701442578258659
-0.576432316169837
0.906728826522750
0.253516765170552
-0.997014371128741
0.101552397284476
0.960848267917775
-0.443741637093996
-0.802817475191039
0.729650984817486
0.542965088339123
-0.923018467515449
-0.214248267717792
0.999319226239543
-0.141641728415736
-0.948876011644471
0.479567259365329
0.778086552580850
-0.756669123232797
-0.508612130123417
0.937802403039809
0.174630270445016
-0.999993907657789
0.181500001629173
0.935355868898994
-0.514610571130169
-0.752086349649524
0.782452919241523
0.473429480961644
-0.951056516295146
-0.134727401566322
0.999037314786324
-0.221062196752787
-0.920309894876963
0.548814406786734
0.724859280117738
-0.806960312143895
-0.437474533754483
0.962759186055464
0.094604754002593
-0.996451008100010
0.260263776601418
0.903762633838596
-0.582122970157379
-0.696449759074738
0.830151323416275
0.400805941240232
-0.972891321940156
-0.054327779195535
0.992239206600154
-0.299040792256146
-0.885741079069654
0.614481925508019
0.666904130524127
-0.851988121928003
-0.363483520315527
0.981436395555756
0.013962180339131
-0.986408780932115
0.337329987382922
0.866274628848287
-0.645838486184980
-0.636270591783768
0.872435085653940
0.325568154457188
-0.988380467458448
0.026426194801850
0.978969242177375
-0.375068901421631
-0.845395038487716
0.676141500725736
0.604599114862258
-0.891458859784649
-0.287121694403115
0.993712209893259
-0.066771461308044
-0.969932726338083
0.412195971477017
0.823136368534386
-0.705341536300426
-0.571941364940565
0.909028411137433
0.248206857257430
-0.997422925272830
0.107007804582521
0.959313974540043
-0.448650632745062
-0.799534929205528
0.733390959351558
0.538350616090691
-0.925115078780275
-0.208887124180206
0.999506560365731
-0.147069587713105
-0.947130308985584
0.484373417312211
0.774629221156879
-0.760244013297703
-0.503881664371626
0.939692620785891
0.169226636831864
-0.999959716170870
0.186891458544602
0.933401604696165
-0.519306051163209
-0.748459872677318
0.785856893175483
0.468590738440665
-0.952737257040087
-0.129290092739891
0.998781653462330
-0.226408456287642
-0.918150257090565
0.553391549243413
0.721069573411983
-0.810187817097918
-0.432535407828675
0.964227708033394
0.089142639759014
-0.995974293995228
0.265556117486843
0.901401145451689
-0.586574308417398
-0.692503004724213
0.833197094412435
0.395774489027818
-0.974145229574334
-0.048849769795626
0.991542217370785
-0.304270581179924
-0.883181592340997
0.618800198173479
0.662806766806955
-0.854847190448109
-0.358367949545145
0.982473643366435
0.008477211973226
-0.985492653565695
0.342488693072865
0.863521319028213
-0.650016648925791
-0.632029302664759
0.875102787744610
0.320376810078754
-0.989199363399634
0.031909174591363
0.977835471138029
-0.380148108562510
-0.842452397007109
0.680172737770917
0.600220819089457
-0.893930843665537
-0.281863044974835
0.994311418112919
-0.072243508222712
-0.968583161128625
0.417187394438332
0.820009195677882
-0.709219271556565
-0.567433204758813
0.911300644300221
0.242889481131177
-0.997801468292047
0.112459992158517
0.957750816684913
-0.453546129097262
-0.796228326280886
0.737108867130291
0.533719945590590
-0.927183854566844
-0.203519695507790
0.999663820673246
-0.152493021882827
-0.945356108439538
0.489165001109307
0.771148582173299
-0.763796028634709
-0.499136037492927
0.941554564434929
0.163817911415023
-0.999895437230425
0.192277292145428
0.931419255684571
-0.523985905970126
-0.744810875546278
0.789237221724165
0.463737896649648
-0.954389331192284
-0.123848893747092
0.998495940131146
-0.231747903494165
-0.915962993388100
0.557952040886814
0.717258170684951
-0.813390944581629
-0.427583267489615
0.965667217686243
0.083677843332356
-0.995467612352957
0.270840468143047
0.899012535107134
-0.591007997439194
-0.688535413882343
0.836217795619831
0.390731128489146
-0.975369826478441
-0.043370290571328
0.990815393959197
-0.309491215007928
-0.880595531856734
0.623099851966696
0.658689460118612
-0.857680537756952
-0.353241595961362
0.983481329856186
0.002991988539326
-0.984546874040359
0.347637093735046
0.860742027003921
-0.654175253533012
-0.627768996627404
0.877744159160122
0.315175825989611
-0.989988495651951
0.037391194276392
0.976672278334168
-0.385215877554067
-0.839484407258034
0.684183509326033
0.595824463473137
-0.896375930360188
-0.276595914663646
0.994880708828805
-0.077713381426618
-0.967204452544314
0.422166264787638
0.816857349838890
-0.713075667351196
-0.562907971269106
0.913545457642651
0.237564796784546
-0.998149988796537
0.117908795963414
0.956158841385720
-0.458427978851643
-0.792897765908384
0.740804596286801
0.529073216169515
-0.929224732628451
-0.198146143199310
0.999791002430337
-0.157911867741006
-0.943553463389661
0.493941866584255
0.767644740357892
-0.767325062368413
-0.494375392276901
0.943388177963521
0.158404256935824
-0.999801072770521
0.197657340379107
0.929408881510448
-0.528649994740333
-0.741139468049859
0.792593803177993
0.458871101604128
-0.956012689043031
-0.118403968306342
0.998180183389505
-0.237080377715513
-0.913748169581413
0.562495744497830
0.713425186616663
-0.816569598217196
-0.422618261740598
0.967077671701086
0.078210529151050
-0.994930978418569
0.276116669570970
0.896596874675029
-0.595423903818980
-0.684547105928642
0.839213336149596
0.385676011372204
-0.976565075805992
-0.037889506392860
0.990058758234536
-0.314702536658254
-0.877982975427973
0.627380757516825
0.654552334343360
-0.860488078602893
-0.348104613809319
0.984459424705067
-0.002493324919518
-0.983571470813350
0.352775034460959
0.857936836400601
-0.658314174879776
-0.623489801858628
0.880359120425137
0.309965358680431
-0.990747840471462
0.042872088910279
0.975479698764712
-0.390272055913896
-0.836491158543342
0.688173694712319
0.591410180293772
-0.898794046299209
-0.271320461950471
0.995420064911718
-0.083180916338576
-0.965796642068651
0.427132432717371
0.813680925852246
-0.716910607650517
-0.558365800629681
0.915762783621284
0.232232964430183
-0.998468476299783
0.123354052049976
0.954538096542877
-0.463296035119862
-0.789543348300139
0.744478035621529
0.524410567641354
-0.931237651557799
-0.192766628937786
0.999888101810273
-0.163325962241800
-0.941722428075136
0.498703870007548
0.764117801136584
-0.770831008314900
-0.489599871965010
0.945193406200684
0.152985836283907
-0.999676625630461
0.203031441367165
0.927370542663271
-0.533298177137622
-0.737445760655814
0.795926536541912
0.453990499739472
-0.957607281747656
-0.112955480248183
0.997834392738104
-0.242405718504652
-0.911505852311599
0.567022523362481
0.709570736536495
-0.819723682363174
-0.417640539972022
0.968459027639244
0.072740861719285
-0.994364408338664
0.281384563016753
0.894154236839373
-0.599821894688027
-0.680538200865975
0.842183625869912
0.380609289778721
-0.977730941593527
-0.032407582169703
0.989272332962963
-0.319904389329187
-0.875344001663050
0.631642786017128
0.650395513961795
-0.863269728510773
-0.342957157653953
0.985407898483509
-0.007978563357541
-0.982566473233292
0.357902360656823
0.855105831622693
-0.662433288431465
-0.619191847113691
0.882947592858959
0.304745564927222
-0.991477375010496
0.048351693580218
0.974257768312788
-0.395316491508337
-0.833472740925894
0.692143173870422
0.586978102371252
-0.901185118724716
-0.266036845566642
0.995929470133155
-0.088645948447758
-0.964359772060776
0.432085748802163
0.810480019292309
-0.720723977066289
-0.553806829508391
0.917952555519740
0.226894144495809
-0.998756921218921
0.128795596577714
0.952888630922432
-0.468150151428601
-0.786165174386100
0.748129074605588
0.519732140298980
-0.933222550788844
-0.187381314585622
0.999955115891464
-0.168735142482330
-0.939863057589373
0.503450868096857
0.760567870630269
-0.774313760984934
-0.484809620246287
0.946970194829509
0.147562812492319
-0.999522099554691
0.208399433410074
0.925304300473938
-0.537930313304387
-0.733729864502870
0.799235321538421
