0.999999999999999
0.853810500668346
0.457984742103067
-0.071746136761379
-0.580499952001573
-0.919527772551450
-0.989704983719634
-0.770513242775789
-0.326039611452342
0.213761154992113
0.691062648986863
0.966311937657223
0.959031909598965
0.671351092126004
0.187381314585725
-0.351374824081340
-0.787396343528010
-0.993199708502812
-0.908612337232874
-0.558365800629663
-0.044864830350517
0.481753674101713
0.867517521717715
0.999637465011020
0.839484407258077
0.433883739117560
-0.098575422202442
-0.602213200286079
-0.929776485888250
-0.985492653565726
-0.753071466003613
-0.300467997289453
0.239986003602563
0.710273137068054
0.972891321940144
0.951056516295153
0.651152758743576
0.160865609613703
-0.376455265374390
-0.803708526830786
-0.995974293995238
-0.897038094386969
-0.535826794978999
-0.017950993798101
0.505173300974496
0.880595531856736
0.998550122907320
0.824549628907143
0.409468140058892
-0.125333233564301
-0.623489801858729
-0.939351046208921
-0.980565772275220
-0.735083659720179
-0.274678522802395
0.266036845566669
0.728968627421408
0.978765291933709
0.942391540464036
0.630482294044716
0.134233265817664
-0.401262750256468
-0.819437965209729
-0.998026728428270
-0.884813436149740
-0.512899277405908
0.008975858480990
0.528226641853079
0.893035048612883
0.996738762088014
0.809016994374950
0.384755647944945
-0.152000169561260
-0.644314329694490
-0.948244511287222
-0.974927912181824
-0.716562866343795
-0.248689887164863
0.291894792201027
0.747135564508146
0.983929588598627
0.933043264819446
0.609354685562811
0.107503593510533
-0.425779291565067
-0.834573253721296
-0.999355523643320
-0.871947226253864
-0.489599871965061
0.035896202634574
0.550896981452097
0.904827052466014
0.994204695916451
0.792897765908478
0.359764181061816
-0.178556894798629
-0.664671684553421
-0.956450432738628
-0.968583161128632
-0.697522514745710
-0.222520933956323
0.317541094684838
0.764760776027590
0.988380467458428
0.923018467515399
0.587785252292482
0.080695973575226
-0.449987113092115
-0.849103418222187
-0.999959716170870
-0.858448793601872
-0.465945472355834
0.062790519529305
0.573167882188911
0.915962993388162
0.990949761767935
0.776203631076360
0.334511859971861
-0.204984153792223
-0.684547105928679
-0.963962860695848
-0.961536119504150
-0.677976410513229
-0.196190637499111
0.342957157654125
0.781831482468022
0.992114701314475
0.912324417231456
0.565789633582223
0.053829843412144
-0.473868662472993
-0.863017923326344
-0.999838867929058
-0.844327925502017
-0.441953229673236
0.089639308903418
0.595023196102032
0.926434797042883
0.986976319697497
0.758946694294558
0.309016994374957
-0.231262784929938
-0.703926182748930
-0.970776348122915
-0.953791896906695
-0.657938725939726
-0.169718089100678
0.368124552684664
0.798335306372689
0.995129582585909
0.900968867902424
0.543383777794821
0.026924682845672
-0.497406623913210
-0.876306680043854
-0.998993066541314
-0.829594860571838
-0.417640539972147
0.116423103505814
0.616447076559459
0.936234870639730
0.982287250728689
0.741139468049863
0.283298069832766
-0.257373734365295
-0.722794863827382
-0.976885954764643
-0.945356108439575
-0.637423989748698
-0.143122483211136
0.393025031653904
0.814260281314371
0.997422925272832
0.888960053096202
0.520583930743618
0.000000000000016
-0.520583930743590
-0.888960053096187
-0.997422925272834
-0.814260281314390
-0.393025031653933
0.143122483211104
0.637423989748673
0.945356108439564
0.976885954764650
0.722794863827405
0.257373734365312
-0.283298069832735
-0.741139468049841
-0.982287250728686
-0.936234870639742
-0.616447076559484
-0.116423103505832
0.417640539972118
0.829594860571820
0.998993066541313
0.876306680043869
0.497406623913238
-0.026924682845639
-0.543383777794794
-0.900968867902410
-0.995129582585913
-0.798335306372709
-0.368124552684694
0.169718089100646
0.657938725939702
0.953791896906686
0.970776348122923
0.703926182748953
0.231262784929969
-0.309016994374926
-0.758946694294547
-0.986976319697492
-0.926434797042895
-0.595023196102047
-0.089639308903450
0.441953229673207
0.844327925502008
0.999838867929057
0.863017923326360
0.473868662473021
-0.053829843412112
-0.565789633582197
-0.912324417231443
-0.992114701314479
-0.781831482468042
-0.342957157654155
0.196190637499079
0.677976410513205
0.961536119504141
0.963962860695856
0.684547105928703
0.204984153792254
-0.334511859971831
-0.776203631076331
-0.990949761767932
-0.915962993388172
-0.573167882188938
-0.062790519529338
0.465945472355799
0.858448793601848
0.999959716170870
0.849103418222200
0.449987113092138
-0.080695973575194
-0.587785252292450
-0.923018467515384
-0.988380467458431
-0.764760776027607
-0.317541094684861
0.222520933956292
0.697522514745682
0.968583161128622
0.956450432738633
0.664671684553435
0.178556894798654
-0.359764181061786
-0.792897765908458
-0.994204695916447
-0.904827052466034
-0.550896981452113
-0.035896202634599
0.489599871965033
0.871947226253848
0.999355523643321
0.834573253721322
0.425779291565083
-0.107503593510508
-0.609354685562791
-0.933043264819434
-0.983929588598634
-0.747135564508172
-0.291894792201044
0.248689887164839
0.716562866343777
0.974927912181817
0.948244511287235
0.644314329694520
0.152000169561278
-0.384755647944921
-0.809016994374935
-0.996738762088012
-0.893035048612898
-0.528226641853113
-0.008975858481037
0.512899277405893
0.884813436149728
0.998026728428272
0.819437965209748
0.401262750256504
-0.134233265817618
-0.630482294044702
-0.942391540464028
-0.978765291933715
-0.728968627421430
-0.266036845566707
0.274678522802354
0.735083659720167
0.980565772275215
0.939351046208931
0.623489801858755
0.125333233564336
-0.409468140058856
-0.824549628907132
-0.998550122907319
-0.880595531856748
-0.505173300974524
0.017950993798065
0.535826794978965
0.897038094386950
0.995974293995240
0.803708526830801
0.376455265374416
-0.160865609613667
-0.651152758743546
-0.951056516295140
-0.972891321940148
-0.710273137068071
-0.239986003602591
0.300467997289422
0.753071466003587
0.985492653565719
0.929776485888256
0.602213200286098
0.098575422202469
-0.433883739117531
-0.839484407258058
-0.999637465011019
-0.867517521717724
-0.481753674101732
0.044864830350490
0.558365800629637
0.908612337232859
0.993199708502816
0.787396343528038
0.351374824081361
-0.187381314585701
-0.671351092125982
-0.959031909598955
-0.966311937657233
-0.691062648986895
-0.213761154992133
0.326039611452319
0.770513242775770
0.989704983719629
0.919527772551465
0.580499952001607
0.071746136761398
-0.457984742103047
-0.853810500668332
-0.999999999999999
-0.853810500668366
-0.457984742103104
0.071746136761361
0.580499952001555
0.919527772551439
0.989704983719638
0.770513242775812
0.326039611452380
-0.213761154992070
-0.691062648986848
-0.966311937657216
-0.959031909598973
-0.671351092126030
-0.187381314585764
0.351374824081300
0.787396343527998
0.993199708502809
0.908612337232886
0.558365800629691
0.044864830350555
-0.481753674101676
-0.867517521717706
-0.999637465011021
-0.839484407258093
-0.433883739117589
0.098575422202404
0.602213200286047
0.929776485888243
0.985492653565730
0.753071466003630
0.300467997289484
-0.239986003602528
-0.710273137068026
-0.972891321940139
-0.951056516295160
-0.651152758743595
-0.160865609613731
0.376455265374356
0.803708526830763
0.995974293995234
0.897038094386978
0.535826794979020
0.017950993798130
-0.505173300974468
-0.880595531856717
-0.998550122907322
-0.824549628907153
-0.409468140058915
0.125333233564272
0.623489801858704
0.939351046208908
0.980565772275228
0.735083659720191
0.274678522802416
-0.266036845566644
-0.728968627421386
-0.978765291933702
-0.942391540464049
-0.630482294044730
-0.134233265817682
0.401262750256445
0.819437965209711
0.998026728428268
0.884813436149758
0.512899277405948
-0.008975858480972
-0.528226641853058
-0.893035048612869
-0.996738762088017
-0.809016994374973
-0.384755647944981
0.152000169561242
0.644314329694471
0.948244511287214
0.974927912181831
0.716562866343822
0.248689887164902
-0.291894792201009
-0.747135564508129
-0.983929588598623
-0.933043264819457
-0.609354685562842
-0.107503593510572
0.425779291565050
0.834573253721286
0.999355523643319
0.871947226253880
0.489599871965089
-0.035896202634535
-0.550896981452059
-0.904827052466007
-0.994204695916454
-0.792897765908497
-0.359764181061846
0.178556894798590
0.664671684553387
0.956450432738623
0.968583161128638
0.697522514745728
0.222520933956355
-0.317541094684800
-0.764760776027565
-0.988380467458426
-0.923018467515409
-0.587785252292502
-0.080695973575258
0.449987113092080
0.849103418222166
0.999959716170870
0.858448793601881
0.465945472355856
-0.062790519529273
-0.573167882188885
-0.915962993388146
-0.990949761767941
-0.776203631076371
-0.334511859971878
0.204984153792163
0.684547105928656
0.963962860695847
0.961536119504163
0.677976410513242
0.196190637499157
-0.342957157654094
-0.781831482468019
-0.992114701314471
-0.912324417231464
-0.565789633582262
-0.053829843412162
0.473868662472939
0.863017923326328
0.999838867929058
0.844327925502042
0.441953229673252
-0.089639308903372
-0.595023196102006
-0.926434797042860
-0.986976319697502
-0.758946694294570
-0.309016994375001
0.231262784929920
0.703926182748897
0.970776348122907
0.953791896906697
0.657938725939751
0.169718089100696
-0.368124552684621
-0.798335306372678
-0.995129582585903
-0.900968867902438
-0.543383777794824
-0.026924682845718
0.497406623913194
0.876306680043831
0.998993066541315
0.829594860571840
0.417640539972176
-0.116423103505796
-0.616447076559422
-0.936234870639724
-0.982287250728701
