0.999999999999999
0.465062788901250
-0.567433204758781
-0.992846926341836
-0.356039116274357
0.661685837596859
0.971490038292867
0.241921895599669
-0.746472295365149
-0.936234870639736
-0.124343704647485
0.820579610508390
0.887585789004554
0.004986634338759
-0.882947592858925
-0.826238774315995
0.114441775495430
0.932683996873426
0.753071466003611
-0.232232964430242
-0.969077286229077
-0.669130606358860
0.346701794364204
0.991606813167029
0.575617065685675
-0.456210657353161
-0.999950266955942
-0.473868662472999
0.559192903470743
0.993988284916785
0.365341024366398
-0.654175253533031
-0.973806160042906
-0.251586763744511
0.739798876047582
0.939692620785908
0.134233265817657
-0.814838826856943
-0.892135700463883
-0.014959407015264
0.878221573370228
0.831815755384872
-0.104528463267647
-0.929040352678499
-0.759595731569281
0.222520933956309
0.966568143838545
0.676508819317008
-0.337329987382825
-0.990268068741569
-0.583743672234792
0.447313148315629
0.999801072770522
0.482627402182613
-0.550896981452100
-0.995030775365401
-0.374606593415920
0.646599601215793
0.976025421103625
0.261226607538139
-0.733051871829821
-0.943056903383059
-0.144109475329986
0.809016994374947
0.896596874675022
0.024930691738085
-0.873408200617126
-0.837309998994529
0.094604754002533
0.925304300473992
0.766044443118980
-0.212786770195552
-0.963962860695851
-0.683819742589327
0.327924627507202
0.988830826225126
0.591812216084369
-0.438371146789069
-0.999552432283502
-0.491338136832518
0.542546263865759
0.995974293995239
0.383834901813013
-0.638959634165650
-0.978147600733807
-0.270840468143010
0.726231953809984
0.946327383799165
0.153971350836545
-0.803114692137299
-0.900968867902423
-0.034899496702504
0.868507953366983
0.842720958654040
-0.084671634772614
-0.921476211870406
-0.772416959224604
0.203031441367161
0.961261695938316
0.691062648986875
-0.318486650251677
-0.987295228574593
-0.599821894687918
0.429385542199397
0.999204370226178
0.500000000000010
-0.534141581324924
-0.996818746958191
-0.393025031653927
0.631256112300229
0.980172487848544
0.280427389306013
-0.719339800338638
-0.949503736732328
-0.163817911415154
0.797132507222916
0.905251245281021
0.044864830350523
-0.863521319028229
-0.848048096156437
0.074730093586410
0.917556467632730
0.778712646036893
-0.193255917795533
-0.958464918240231
-0.698236818086076
0.309016994374949
0.985661428529859
0.607771911354039
-0.420357228309561
-0.998756921218920
-0.508612130123446
0.525683769810495
0.997564050259823
0.402176068832439
-0.623489801858720
-0.982099881040239
-0.289986417453587
0.712376096951328
0.952585646243150
0.173648177666938
-0.791071034656340
-0.909443580859490
-0.054825701469374
0.858448793601862
0.853290881632169
-0.064781119290132
-0.913545457642595
-0.784930877348525
0.183461171813757
0.955572805786134
0.705341536300416
-0.299516601786616
-0.983929588598624
-0.615661475325671
0.411287103130603
0.998210129767734
0.517173670587932
-0.517173670587899
-0.998210129767735
-0.411287103130612
0.615661475325641
0.983929588598631
0.299516601786625
-0.705341536300389
-0.955572805786146
-0.183461171813795
0.784930877348519
0.913545457642611
0.064781119290170
-0.853290881632149
-0.858448793601867
0.054825701469335
0.909443580859474
0.791071034656346
-0.173648177666928
-0.952585646243138
-0.712376096951355
0.289986417453578
0.982099881040232
0.623489801858750
-0.402176068832404
-0.997564050259823
-0.525683769810528
0.508612130123414
0.998756921218922
0.420357228309570
-0.607771911354008
-0.985661428529865
-0.309016994374958
0.698236818086069
0.958464918240242
0.193255917795570
-0.778712646036887
-0.917556467632745
-0.074730093586448
0.848048096156417
0.863521319028234
-0.044864830350485
-0.905251245281004
-0.797132507222931
0.163817911415130
0.949503736732316
0.719339800338665
-0.280427389305990
-0.980172487848542
-0.631256112300259
0.393025031653905
0.996818746958189
0.534141581324956
-0.499999999999977
-0.999204370226179
-0.429385542199418
0.599821894687888
0.987295228574599
0.318486650251700
-0.691062648986857
-0.961261695938326
-0.203031441367198
0.772416959224589
0.921476211870410
0.084671634772652
-0.842720958654027
-0.868507953366995
0.034899496702466
0.900968867902406
0.803114692137313
-0.153971350836521
-0.946327383799152
-0.726231953810010
0.270840468142987
0.978147600733802
0.638959634165680
-0.383834901812977
-0.995974293995237
-0.542546263865767
0.491338136832509
0.999552432283502
0.438371146789117
-0.591812216084338
-0.988830826225132
-0.327924627507225
0.683819742589309
0.963962860695854
0.212786770195561
-0.766044443118946
-0.925304300474011
-0.094604754002571
0.837309998994508
0.873408200617138
-0.024930691738061
-0.896596874675018
-0.809016994374945
0.144109475329935
0.943056903383047
0.733051871829847
-0.261226607538115
-0.976025421103620
-0.646599601215806
0.374606593415911
0.995030775365395
0.550896981452138
-0.482627402182579
-0.999801072770523
-0.447313148315651
0.583743672234779
0.990268068741570
0.337329987382828
-0.676508819316969
-0.966568143838556
-0.222520933956346
0.759595731569261
0.929040352678508
0.104528463267664
-0.831815755384867
-0.878221573370253
0.014959407015219
0.892135700463866
0.814838826856961
-0.134233265817633
-0.939692620785902
-0.739798876047588
0.251586763744508
0.973806160042894
0.654175253533066
-0.365341024366362
-0.993988284916781
-0.559192903470763
0.473868662472987
0.999950266955942
0.456210657353211
-0.575617065685635
-0.991606813167034
-0.346701794364237
0.669130606358839
0.969077286229081
0.232232964430251
-0.753071466003609
-0.932683996873445
-0.114441775495475
0.826238774315974
0.882947592858940
-0.004986634338737
-0.887585789004547
-0.820579610508395
0.124343704647430
0.936234870639719
0.746472295365177
-0.241921895599635
-0.971490038292860
-0.661685837596873
0.356039116274346
0.992846926341836
0.567433204758825
-0.465062788901210
-0.999999999999999
-0.465062788901277
0.567433204758762
0.992846926341838
0.356039116274364
-0.661685837596858
-0.971490038292878
-0.241921895599709
0.746472295365126
0.936234870639746
0.124343704647505
-0.820579610508383
-0.887585789004556
-0.004986634338813
0.882947592858904
0.826238774316017
-0.114441775495400
-0.932683996873418
-0.753071466003622
0.232232964430232
0.969077286229076
0.669130606358896
-0.346701794364165
-0.991606813167024
-0.575617065685697
0.456210657353143
0.999950266955942
0.473868662473005
-0.559192903470699
-0.993988284916790
-0.365341024366434
0.654175253533008
0.973806160042911
0.251586763744527
-0.739798876047575
-0.939692620785909
-0.134233265817709
0.814838826856917
0.892135700463900
0.014959407015295
-0.878221573370216
-0.831815755384877
0.104528463267644
0.929040352678480
0.759595731569311
-0.222520933956272
-0.966568143838537
-0.676508819317026
0.337329987382810
0.990268068741567
0.583743672234795
-0.447313148315582
-0.999801072770522
-0.482627402182646
0.550896981452074
0.995030775365403
0.374606593415929
-0.646599601215791
-0.976025421103637
-0.261226607538189
0.733051871829795
0.943056903383072
0.144109475330010
-0.809016994374933
-0.896596874675027
-0.024930691738081
0.873408200617101
0.837309998994550
-0.094604754002495
-0.925304300473982
-0.766044443118995
0.212786770195542
0.963962860695849
0.683819742589365
-0.327924627507152
-0.988830826225121
-0.591812216084399
0.438371146789048
0.999552432283502
0.491338136832526
-0.542546263865750
-0.995974293995243
-0.383834901813048
0.638959634165621
0.978147600733812
0.270840468143033
-0.726231953809977
-0.946327383799168
-0.153971350836597
0.803114692137267
0.900968867902440
0.034899496702543
-0.868507953366971
-0.842720958654053
0.084671634772604
0.921476211870402
0.772416959224638
-0.203031441367123
-0.961261695938305
-0.691062648986892
0.318486650251654
0.987295228574591
0.599821894687926
-0.429385542199349
-0.999204370226176
-0.500000000000044
0.534141581324891
0.996818746958193
0.393025031653950
-0.631256112300222
-0.980172487848546
-0.280427389306063
0.719339800338612
0.949503736732340
0.163817911415178
-0.797132507222902
-0.905251245281025
-0.044864830350533
0.863521319028196
0.848048096156457
-0.074730093586372
-0.917556467632715
-0.778712646036917
0.193255917795523
0.958464918240228
0.698236818086083
-0.309016994374885
-0.985661428529852
-0.607771911354069
0.420357228309526
0.998756921218920
0.508612130123455
-0.525683769810487
-0.997564050259828
-0.402176068832474
0.623489801858690
0.982099881040247
0.289986417453624
-0.712376096951322
-0.952585646243153
-0.173648177666947
0.791071034656300
0.909443580859506
0.054825701469412
-0.858448793601842
-0.853290881632174
0.064781119290122
0.913545457642591
0.784930877348531
-0.183461171813719
-0.955572805786123
-0.705341536300443
0.299516601786579
0.983929588598623
0.615661475325679
-0.411287103130594
-0.998210129767733
-0.517173670587916
0.517173670587915
0.998210129767733
0.411287103130698
-0.615661475325588
-0.983929588598643
-0.299516601786689
0.705341536300362
0.955572805786157
0.183461171813832
-0.784930877348495
-0.913545457642615
-0.064781119290180
0.853290881632144
0.858448793601872
-0.054825701469354
-0.909443580859482
-0.791071034656335
0.173648177666834
0.952585646243118
0.712376096951402
-0.289986417453514
-0.982099881040225
-0.623489801858780
0.402176068832369
0.997564050259820
0.525683769810536
-0.508612130123405
-0.998756921218922
-0.420357228309579
0.607771911354023
0.985661428529862
0.309016994374940
-0.698236818086001
-0.958464918240261
-0.193255917795636
0.778712646036845
0.917556467632760
0.074730093586486
-0.848048096156396
