0.999999999999999
0.793808470791724
0.260263776601392
-0.380609289778863
-0.864525533178360
-0.991926093126565
-0.710273137068057
-0.135715572434306
0.494808795034658
0.921282398275821
0.967834748450666
0.615268445017612
0.008975858481001
-0.601018220027921
-0.963162566797656
-0.928114988519039
-0.510328512712698
0.117908795963275
0.697522514745699
0.989489765582889
0.873408200617131
0.397147890634784
-0.242889481131217
-0.782763345811118
-0.999838867929057
-0.804597779766671
-0.277554198388938
0.363948032196779
0.855364260160503
0.994042758459028
0.722794863827395
0.153478612642846
-0.479129618224889
-0.914152911751090
-0.972195031668981
-0.629320391049842
-0.026924682845669
0.586574308417296
0.958179992386563
0.934648480581913
0.525683769810510
-0.100064021715293
-0.684547105928683
-0.986734560969004
-0.882009399911615
-0.413558504966527
0.225436911090834
0.771465964272576
0.999355523643320
0.815127795728558
0.294755174410915
-0.347169487214411
-0.845927333913346
-0.995839079454940
-0.735083659720184
-0.171192192197983
0.463296035119851
0.906728826522704
0.976242011289671
0.643169529686278
0.044864830350527
-0.571941364940520
-0.952888630922453
-0.940880768954228
-0.540869617879343
0.082187000421214
0.671351092125994
0.983661367188561
0.890326359203704
0.429835844221553
-0.207911690817746
-0.759919966917062
-0.998550122907319
-0.825395125230833
-0.311861161409540
0.330279061955151
0.836217795619832
0.997314477224458
0.747135564508158
0.188850602648211
-0.447313148315620
-0.899012535107114
-0.979974383116322
-0.656811397846149
-0.062790519529328
0.557124105270557
0.947290187621389
0.946809845192923
0.555881163064896
-0.064283493203977
-0.657938725939701
-0.980271174621717
-0.898356398235646
-0.445974662797085
0.190319468062034
0.748129074605514
0.997422925272831
0.835396459481356
0.328866646738597
-0.313282199597407
-0.826238774315981
-0.998468476299785
-0.758946694294565
-0.206448153321032
0.431186108523487
0.891006524188358
0.983390944339329
0.670241599244514
0.080695973575240
-0.542127304478892
-0.941386466660897
-0.952433798569330
-0.570713567684451
0.046359269721966
0.644314329694481
0.976565075805970
0.906096929213808
0.461969759730608
-0.172665912166262
-0.736097087119715
-0.995974293995236
-0.845128575408732
-0.345766150139949
0.296184377620450
0.815993485882538
0.999300704788398
0.770513242775800
0.223979173156873
-0.414920112910105
-0.882713373816672
-0.986490593923526
-0.683455805809039
-0.098575422202469
0.526955795496658
0.935179370598540
0.957750816684938
0.585362051785848
-0.028420106309680
-0.630482294044687
-0.972544265084075
-0.913545457642611
-0.477815980375935
0.154956712238460
0.723827881937797
0.994204695916448
0.854588336700973
0.362554225509647
-0.278991106039200
-0.805485232008584
-0.999810894492900
-0.781831482468050
-0.241438012536677
0.398520403422586
0.874135756577044
0.989272332962992
0.696449759074788
0.116423103505850
-0.511614467557178
-0.928670899758814
-0.962759186055468
-0.599821894687935
0.010471784116207
0.616447076559442
0.968210038219149
0.920699583128434
0.493508218064380
-0.137197575318773
-0.711325412984634
-0.992114701314473
-0.863772694816230
-0.379225462652961
0.261707925628569
0.794717399127537
0.999998880997441
0.792897765908496
0.258819045102552
-0.381992265099235
-0.865276436727925
-0.991735265002987
-0.709219271556565
-0.134233265817685
0.496108264620323
0.921863151588485
0.967457292663064
0.614088436501848
0.007479912757773
-0.602213200286052
-0.963563791977094
-0.927557000153168
-0.509041415750406
0.119394224540207
0.698593709357657
0.989704983719628
0.872678689965202
0.395774489027973
-0.244340406137861
-0.783693457325820
-0.999864603720713
-0.803708526830819
-0.276116669570954
0.365341024366352
0.856138269310446
0.993878596328830
0.721760228098396
0.152000169561298
-0.480442183779300
-0.914758319980670
-0.971843622476431
-0.628157079632742
-0.025429199124074
0.587785252292441
0.958607023676462
0.934115498817199
0.524410567641402
-0.101552397284310
-0.685636874028407
-0.986976319697487
-0.881303452065005
-0.412195971476899
0.226894144495827
0.772416959224578
0.999408105935467
0.814260281314409
0.293325311537777
-0.348572047321770
-0.846724199228252
-0.995701636221691
-0.734068587199662
-0.169718089100702
0.464621273650197
0.907358694567841
0.975916761938755
0.642023290261388
0.043370290571382
-0.573167882188888
-0.953341330705946
-0.940372965551584
-0.539610720810822
0.083677843332260
0.672459082520305
0.983929588598620
0.889644201664110
0.428484617944789
-0.209374763007033
-0.760891538834795
-0.998629534754571
-0.824549628907172
-0.310439425274785
0.331690738005474
0.837037260298597
0.997203797181182
0.746140382317591
0.187381314585759
-0.448650632745041
-0.899666659983926
-0.979675398423242
-0.655682599805330
-0.061297405329188
0.558365800629626
0.947768410009567
0.946327383799184
0.554636976794349
-0.065776323011834
-0.659064581563023
-0.980565772275209
-0.897698250837970
-0.444635179184966
0.191787907539906
0.749120910386164
0.997529141083596
0.834573253721334
0.327453495516800
-0.314702536658123
-0.827080574274526
-0.998384595114692
-0.757971723145488
-0.204984153792295
0.432535407828717
0.891684695095850
0.983118320656133
0.669130606358896
0.079204766131265
-0.543383777794767
-0.941890057539833
-0.951976834664493
-0.569484493168492
0.047853605341116
0.645457687723918
0.976885954764635
0.905463004055353
0.460642450450673
-0.174139245707333
-0.737108867130199
-0.996107279539967
-0.844327925502047
-0.344362039239102
0.297612917967847
0.816857349838918
0.999243649493387
0.769558796866453
0.222520933956381
-0.416280792260355
-0.883415372204678
-0.986244419107052
-0.682362976111797
-0.097086602077353
0.528226641853044
0.935708167678956
0.957319497532086
0.584148485111128
-0.029915466169337
-0.631642786016934
-0.972891321940131
-0.912935959014727
-0.476501273172369
0.156434465040173
0.724859280117693
0.994364408338672
0.853810500668379
0.361159607424304
-0.280427389305949
-0.806370881570423
-0.999780683474846
-0.780897869382117
-0.239986003602634
0.399892024319693
0.874861356216656
0.989052686346554
0.695375444745747
0.114937150492933
-0.512899277405839
-0.929224732628369
-0.962353650653298
-0.598624226943477
0.011967686315523
0.617624328489558
0.968583161128616
0.920114707450674
0.492206536620185
-0.138679271154376
-0.712376096951294
-0.992301089144605
-0.863017923326382
-0.377840786818536
0.263151488952076
0.795624548881739
0.999995523992272
0.791985286516006
0.257373734365372
-0.383374385518967
-0.866025403784405
-0.991542217370813
-0.708163818808710
-0.132750658786339
0.497406623913152
0.922441841766705
0.967077671701094
0.612907053653042
0.005983950294451
-0.603406832787956
-0.963962860695837
-0.926996935909990
-0.507753179550822
0.120879385912263
0.699663340513312
0.989917986891550
0.871947226253894
0.394400201675836
-0.245790784309430
-0.784621814930548
-0.999888101810271
-0.802817475191152
-0.274678522802461
0.366733198900845
0.856910362418554
0.993712209893250
0.720723977066291
0.150521386302607
-0.481753674101643
-0.915361680976465
-0.971490038292884
-0.626992362396884
-0.023933658491818
0.588994880701179
0.959031909598939
0.933580426497227
0.523136191838763
-0.103040545578578
-0.686725107669293
-0.987215869567918
-0.880595531856770
-0.410832515490584
0.228350870110596
0.773366225503464
0.999458451547161
0.813390944581582
0.291894792201133
-0.349973827323132
-0.847519169570088
-0.995561964603087
-0.733051871829887
-0.168243606173511
0.465945472355775
0.907986531939593
0.975589328481135
0.640875613985091
0.041875653729298
-0.574393116684621
-0.953791896906672
-0.939863057589438
-0.538350616090753
0.085168498971865
0.673565567947719
0.984195607969230
0.888960053096225
0.427132432717270
-0.210837366614529
-0.761861407873339
-0.998706711663815
-0.823702287237207
-0.309016994375021
0.333101671730221
0.837854851683694
0.997090885390710
0.745143530261013
0.185911607162988
-0.449987113092044
-0.900318771402151
-0.979374221211618
-0.654552334343481
-0.059804153945106
0.559606246363165
0.948244511287196
0.945842804519917
0.553391549243392
-0.067269005611971
-0.660188962196430
-0.980858175417485
-0.897038094387012
-0.443294700477081
0.193255917795489
0.750111069630408
0.997633124419039
0.833748180182101
0.326039611452444
-0.316122169412965
-0.827920523222531
-0.998298479539769
-0.756995055651818
-0.203519695507972
0.433883739117453
0.892360870408445
0.982843496749108
0.668018115955569
0.077713381426619
-0.544639035014932
-0.942391540464012
-0.951517740230622
-0.568254144143336
0.049347833863652
0.646599601215715
0.977204647447540
0.904827052466050
0.459314110250590
-0.175612189523880
-0.738118997487268
-0.996238035791507
-0.843525385985129
-0.342957157654208
0.299040792255998
0.817719385664371
0.999184357885978
0.768602628680565
0.221062196752872
-0.417640539972049
-0.884115393504562
-0.985996037070523
-0.681268619282713
-0.095597564671896
0.529496306035490
0.936234870639702
0.956886035893302
0.582933611109144
-0.031410759078055
-0.632801864369415
-0.973236201460429
-0.912324417231496
-0.475185499556554
0.157911867740767
0.725889056058832
0.994521895368263
0.853030753803517
0.359764181061912
-0.281863044974726
-0.807254726470121
-0.999748234942508
-0.779962508642767
-0.238533457578687
0.401262750256364
0.875584997912091
0.988830826225140
0.694299574162914
0.113450940250085
-0.514182939383306
-0.929776485888224
-0.961945961498727
-0.597425219474948
0.013463561731082
0.618800198173268
0.968954116344003
0.919527772551481
0.490903753615218
