0.999999999999999
-0.586170368601371
-0.312808597947463
0.952888630922457
-0.804301562100284
-0.009973144676492
0.815993485882552
-0.946649260115696
0.293802005593915
0.602213200286082
-0.999801072770523
0.569894326421807
0.331690738005521
-0.958748890738520
0.792289643355190
0.029915466169399
-0.827360763017985
0.940033260679733
-0.274678522802389
-0.618016438763816
0.999204370226178
-0.553391549243343
-0.350440913424467
0.964227708033387
-0.779962508642705
-0.049845885660696
0.838398870984689
-0.933043264819445
0.255445757935791
0.633573796645683
-0.998210129767734
0.536668602769468
0.369051664363408
-0.969322903035166
0.767325062368346
0.069756473744115
-0.849103418222194
0.925682053535850
-0.236111362835378
-0.648879084367478
0.996818746958191
-0.519732140299007
-0.387515586452104
0.974032448597810
-0.754382332396449
-0.089639308903428
0.859470145878639
-0.917952555519688
0.216683029776444
0.663926212652241
-0.995030775365401
0.502588900079054
0.405825333736804
-0.978354471007610
0.741139468049862
0.109486480663997
-0.869494929505217
0.909857845986200
-0.197168488407949
-0.678709194932874
0.992846926341836
-0.485245702624198
-0.423973621602933
0.982287250728684
-0.727601738061196
-0.129290092740038
0.879173780697047
-0.901401145451673
0.177575502677175
0.693222149733982
-0.990268068741572
0.467709448002852
0.441953229673229
-0.985829223087086
0.713774528476700
0.149042266176157
-0.888502848680040
0.892585818452122
-0.157911867740846
-0.707459303011772
0.987295228574597
-0.449987113092124
-0.459757004680426
0.988978978893316
-0.699663340513362
-0.168735142482132
0.897478421842892
-0.883415372204715
0.138185406863815
0.721414990451312
-0.983929588598630
0.432085748801980
0.477377863313301
-0.991735265002982
0.685273788370256
0.188360886759289
-0.906096929213800
0.873893455212355
-0.118403968306501
-0.735083659720165
0.980172487848544
-0.414012477270052
-0.494808795034651
0.994096984815366
-0.670611596994822
-0.207911690817757
0.914354941881165
-0.864023855812190
0.098575422202467
0.748459872677294
-0.976025421103623
0.395774489027953
0.512042864870567
-0.996063198709707
0.655682599805298
0.227379776282936
-0.922249174357848
0.853810500668347
-0.078707657427138
-0.761538307536713
0.971490038292865
-0.377379040140655
-0.529073216169496
0.997633124419046
-0.640492736369784
-0.246757397690274
0.929776485888237
-0.843257453209713
0.058808578459348
0.774313760984834
-0.966568143838543
0.358833449319521
0.545893073330283
-0.998806137341431
0.625048050043178
0.266036845566660
-0.936933881697896
0.832368912013273
-0.038886102236393
-0.786781150250518
0.961261695938329
-0.340145095010555
-0.562495744497734
0.999581770788449
-0.609354685562802
-0.285210449497792
0.943718514184978
-0.821149209133728
0.018948155004272
0.798935515127355
-0.955572805786150
0.321321412458847
0.578874624225094
-0.999959716170870
0.593418886603691
0.304270581179852
-0.950127684053194
0.809602808379831
0.000997330835806
-0.810772019947082
0.949503736732335
-0.302369890750435
-0.595023196102031
0.999939823121439
-0.577246993294564
-0.323209657454460
0.956158841385735
-0.797734303538639
-0.020942419883365
0.822285955503479
-0.943056903383068
0.283298069832789
0.610935035347219
-0.999522099554694
0.560845439695192
0.342020143325674
-0.961809586659763
0.785548416547725
0.040879176895734
-0.833472740925943
0.936234870639743
-0.264113537514794
-0.626603811364463
0.998706711663819
-0.544220751236854
-0.360694554957760
0.967077671701074
-0.773049995616563
-0.060799669945354
0.844327925502015
-0.929040352678507
0.244823926448228
0.642023290261358
-0.997493983854522
0.527379542125981
0.379225462652890
-0.971961000578545
0.760244013297651
0.080695973575184
-0.854847190448107
0.921476211870411
-0.225436911090866
-0.657187337329429
0.995884398615970
-0.510328512712712
-0.397605493806755
0.976457630438007
-0.747135564508157
-0.100560171952107
0.865026350627727
-0.913545457642602
0.205960204653215
0.672089919485019
-0.993878596328826
0.493074446825130
0.415827335842005
-0.980565772275210
0.733729864502880
0.120384362016226
-0.874861356216667
0.905251245281014
-0.186401556029775
-0.686725107669324
0.991477375010482
-0.475624209070282
-0.433883739117535
0.984283791647628
-0.720032246799344
-0.140160656625128
0.884348294314071
-0.896596874675042
0.166768746716113
0.701087079207468
-0.988681689997532
0.457984742103070
0.451767519812790
-0.987610209324664
0.706048161055869
0.159881187691766
-0.893483390499339
0.887585789004548
-0.147069587712955
-0.715170120125034
0.985492653565732
-0.440163063864131
-0.469471562785827
0.990543701876220
-0.691783170903201
-0.179538109315090
0.902263010333646
-0.878221573370247
0.127311916418607
0.728968627421360
-0.981911534487434
0.422166264787464
0.486988824404358
-0.993083102199181
0.677242951731443
0.199123600900960
-0.910683660806145
0.868507953366977
-0.107503593510520
-0.742477111298907
0.977939757526865
-0.404001504980036
-0.504312335347541
0.995227399981823
-0.662433288431461
-0.218629870274440
0.918741991723543
-0.858448793601881
0.087652499818515
0.755690197346978
-0.973578902873177
0.385676011372323
0.521435203379498
-0.996975742105721
0.647360073094001
0.238049156779059
-0.926434797042862
0.848048096156468
-0.067766533188505
-0.768602628680520
0.968830705511813
-0.367197074843879
-0.538350616090639
0.998327432985145
-0.632029302664915
-0.257373734365315
0.933759016147291
-0.837309998994533
0.047853605341212
0.781209268031007
-0.963697054534319
0.348572047321895
0.555051843608784
-0.999281934843867
0.616447076559486
0.276595914663626
-0.940711735063516
0.826238774316034
-0.027921638723543
-0.793505099790902
0.958179992386567
-0.329808338856511
-0.571532241275904
0.999838867929056
-0.600619594236030
-0.295708050044069
0.947290187621396
-0.814838826856950
0.007978563357521
0.805485232008575
-0.952281714056398
0.310913414673021
0.587785252292490
-0.999998010662407
0.584553152728780
0.314702536658145
-0.953491756554172
0.803114692137337
0.011967686315510
-0.817144898335139
0.946004566200076
-0.291894792201046
-0.603804410325453
0.999759299728271
-0.568254144143315
-0.333571817464769
0.959313974540062
-0.791071034656340
-0.031909174591290
0.828479459920224
-0.939351046208939
0.272760038084557
0.619583342081433
-0.999122830098857
0.551729053112689
0.352308385236540
-0.964754525183612
0.778712646036925
0.051837967659563
-0.839484407258031
0.932323801215506
-0.253516765170583
-0.635115769842163
0.998088854996450
-0.534984454218244
-0.370904785546212
0.969811243937525
-0.766044443118970
-0.071746136761374
0.850155361981250
-0.924925627040613
0.234172629481277
0.650395513961821
-0.996657785792654
0.518027009373122
0.389353619733212
-0.974482118963723
0.753071466003637
0.091625761342648
-0.860488078602842
0.917159467080803
-0.214735327167056
-0.665416495326254
0.994830191844720
-0.500863465172559
-0.407647547846388
0.978765291933695
-0.739798876047645
-0.111468932206331
0.870478446205544
-0.909028411137399
0.195212591445538
0.680172737770874
-0.992606800269071
0.483500650209052
0.425779291565075
-0.982659058768026
0.726231953810013
0.131267754658187
-0.880122490076944
0.900535694187356
-0.175612189523958
-0.694658370458997
0.989988495651934
-0.465945472355853
-0.443741637093981
0.986161870314174
-0.712376096951401
-0.151014351648648
0.889416373291296
-0.891684695095885
0.155941919509841
0.708867630216903
-0.986976319697505
0.448204916018948
0.461527438034047
-0.989272332962987
0.698236818086086
0.170700866905828
-0.898356398235616
0.882478935272540
-0.136209607307710
-0.722794863827399
0.983571470813386
-0.430286039357579
-0.479129618224861
0.991989209202995
-0.683819742589371
-0.190319468061962
0.906939008081219
-0.872922077269812
0.116423103505846
0.736434530278334
-0.979775303633924
0.412195971476929
0.496541174560649
-0.994311418112902
0.669130606358864
0.209862349769214
-0.915160788198411
0.863017923326379
-0.096590280253241
-0.749781202967673
0.975589328481117
-0.393941909590961
-0.513755179776183
0.996238035791513
-0.654175253533080
-0.229321736804733
0.923018467515360
-0.852770413853936
0.076719028126832
0.762829571862247
-0.971015210763892
0.375531116159798
0.530764785202535
-0.997768295725408
0.638959634165654
0.248689887164840
-0.930508919819356
0.842183625869938
-0.056817252993109
-0.775574445610160
0.966054770315354
-0.356970915999490
-0.547563223492535
0.998901589093854
-0.623489801858772
-0.267959095144331
0.937629165000465
-0.831261771375132
0.036892872861825
0.788010753606709
-0.960709980668825
0.338268693368640
0.564143811312415
-0.999637465011018
0.607771911354110
0.287121694403112
-0.944376370237473
0.820009195677964
-0.016953814736682
-0.800133548011163
0.954982968272757
-0.319431889029811
-0.580499952001567
0.999975630705393
-0.591812216084399
-0.306170061015512
0.950747851124615
-0.808430375665910
-0.002991988539250
0.811938005715851
-0.948876011644539
0.300467997289492
0.596625138196392
-0.999915951636248
0.575617065685655
0.325096616503723
-0.956741072739882
0.796529918024281
0.022936601439314
-0.823419430264569
0.942391540464060
-0.281384563016677
-0.612512954419481
0.999458451547164
-0.559192903470865
-0.343893830853683
0.962353650653293
-0.784312557402940
-0.042872088910223
0.834573253721240
-0.935532134607124
0.262189178641005
0.628157079632669
-0.998603312456591
0.542546263865827
0.362554225509630
-0.967583351875642
0.771783154533422
0.062790519529166
-0.845395038487722
0.928300523118939
-0.242889481131302
-0.643551289750800
0.997350874585446
-0.525683769810520
-0.381070376350136
