0.999999999999999
0.914152911751092
0.671351092126003
0.313282199597432
-0.098575422202443
-0.493508218064346
-0.803708526830788
-0.975916761938746
-0.980565772275219
-0.816857349838956
-0.512899277405906
-0.120879385912326
0.291894792201032
0.654552334343434
0.904827052466018
0.999748234942506
0.923018467515397
0.687811804415958
0.334511859971846
-0.076221822798884
-0.473868662472998
-0.790155012375688
-0.970776348122917
-0.984721038215626
-0.829594860571831
-0.532032076515337
-0.143122483211120
0.270360406986352
0.637423989748687
0.895045585511172
0.998993066541314
0.931419255684618
0.703926182748946
0.355573083550943
-0.053829843412127
-0.453990499739545
-0.776203631076351
-0.965147119180890
-0.988380467458430
-0.841914645309170
-0.550896981452103
-0.165293514029487
0.248689887164851
0.619974682979088
0.884813436149736
0.997734875046455
0.939351046208924
0.719686113050190
0.376455265374394
-0.031410759078124
-0.433883739117555
-0.761861407873403
-0.959031909598964
-0.991542217370804
-0.853810500668347
-0.569484493168454
-0.187381314585730
0.226894144495873
0.602213200286078
0.874135756577054
0.995974293995238
0.946809845192918
0.735083659720179
0.397147890634782
-0.008975858480994
-0.413558504966515
-0.747135564508146
-0.952433798569320
-0.994204695916451
-0.865276436727948
-0.587785252292475
-0.209374763007089
0.204984153792228
0.584148485111083
0.863017923326346
0.993712209893241
0.953791896906693
0.750111069630463
0.417640539972135
0.013463561731189
-0.393025031653922
-0.732033515886180
-0.945356108439566
-0.996366562457242
-0.876306680043866
-0.605790043840824
-0.231262784929956
0.182970947394053
0.565789633582208
0.851465534561473
0.990949761767933
0.960293685676944
0.764760776027602
0.437922894720370
0.035896202634585
-0.372293658401938
-0.716562866343788
-0.937802403039827
-0.998026728428271
-0.886895676556417
-0.623489801858737
-0.253034359076135
0.160865609613690
0.547145889934080
0.839484407258074
0.987688340595135
0.966311937657225
0.779025402343249
0.457984742103071
0.058310768718948
-0.351374824081336
-0.700731405818909
-0.929776485888247
-0.999184357885974
-0.897038094386971
-0.640875613985027
-0.274678522802399
0.138679271154428
0.528226641853079
0.827080574274559
0.983929588598627
0.971843622476424
0.792897765908478
0.477815980375924
0.080695973575226
-0.330279061955161
-0.684547105928685
-0.921282398275818
-0.999838867929057
-0.906728826522710
-0.657938725939720
-0.296184377620486
0.116423103505816
0.509041415750366
0.814260281314372
0.979675398423233
0.976885954764648
0.806370881570469
0.497406623913230
0.103040545578650
-0.309016994374942
-0.668018115955492
-0.912324417231450
-0.999989928992004
-0.915962993388168
-0.674670545932081
-0.317541094684852
0.094108313318508
0.489599871965042
0.801029983781109
0.974927912181821
0.981436395555740
0.819437965209737
0.516746808236002
0.125333233564318
-0.287599327432012
-0.651152758743565
-0.902907053368365
-0.999637465011020
-0.924735945302244
-0.691062648986866
-0.338737920245298
0.071746136761366
0.469911799899902
0.787396343528006
0.969689520376682
0.985492653565727
0.832092437156159
0.535826794979009
0.147562812492464
-0.266036845566664
-0.633959526508148
-0.893035048612881
-0.998781653462333
-0.933043264819445
-0.707106781186553
-0.359764181061820
0.049347833863746
0.449987113092111
0.773366225503501
0.963962860695851
0.989052686346545
0.844327925502023
0.554636976794316
0.169718089100682
-0.244340406137876
-0.616447076559462
-0.882713373816675
-0.997422925272833
-0.940880768954228
-0.722794863827401
-0.380609289778870
0.026924682845651
0.429835844221523
0.758946694294550
0.957750816684926
0.992114701314479
0.856138269310465
0.573167882188933
0.191787907539965
-0.222520933956304
-0.598624226943422
-0.871947226253858
-0.995561964603078
-0.948244511287231
-0.738118997487345
-0.401262750256486
0.004487974438907
0.409468140058882
0.744145010569343
0.951056516295147
0.994677156652778
0.867517521717724
0.591410180293914
0.213761154992126
-0.200589415783256
-0.580499952001567
-0.860742027003936
-0.993199708502810
-0.955130783952425
-0.753071466003620
-0.421714162855325
-0.017950993798108
0.388894256356580
0.728968627421397
0.943883330308363
0.996738762088015
0.878459952927513
0.609354685562818
0.235626767265333
-0.178556894798628
-0.562083377852118
-0.849103418222182
-0.990337346439116
-0.961536119504152
-0.767644740358024
-0.441953229673237
-0.040380923169165
0.368124552684670
0.713425186616673
0.936234870639730
0.998298479539764
0.888960053096199
0.626992362396832
0.257373734365312
-0.156434465040215
-0.543383777794788
-0.837037260298623
-0.986976319697492
-0.967457292663061
-0.781831482468037
-0.461969759730605
-0.062790519529322
0.347169487214405
0.697522514745688
0.928114988519034
0.999355523643321
0.899012535107131
0.644314329694503
0.278991106039245
-0.134233265817634
-0.524410567641354
-0.824549628907130
-0.983118320656124
-0.972891321940147
-0.795624548881792
-0.481753674101724
-0.085168498971975
0.326039611452322
0.681268619282657
0.919527772551443
0.999909362145144
0.908612337232879
0.661311865323665
0.300467997289474
-0.111964476103294
-0.505173300974484
-0.811646811946188
-0.978765291933707
-0.977835471138030
-0.809016994374953
-0.501295010989939
-0.107503593510547
0.304745564927208
0.664671684553411
0.910477546658805
0.999959716170870
0.917754625683988
0.677976410513228
0.321793593854464
-0.089639308903413
-0.485681664337298
-0.798335306372691
-0.973919425411298
-0.982287250728690
-0.822002075447919
-0.520583930743628
-0.129784556752302
0.283298069832731
0.647740067614414
0.900968867902411
0.999506560365730
0.926434797042891
0.694299574162857
0.342957157654152
-0.067269005612027
-0.465945472355808
-0.784621814930577
-0.968583161128623
-0.986244419107041
-0.834573253721308
-0.539610720810797
-0.152000169561287
0.261707925628575
0.630482294044689
0.891006524188363
0.998550122907319
0.934648480581917
0.710273137068073
0.363948032196810
-0.044864830350510
-0.445974662797059
-0.770513242775779
-0.962759186055454
-0.989704983719638
-0.846724199228300
-0.558365800629668
-0.174139245707401
0.239986003602548
0.612907053652957
0.880595531856724
0.997090885390699
0.942391540464037
0.725889056058898
0.384755647944955
-0.022438064295779
-0.425779291565044
-0.756016693999247
-0.956450432738627
-0.992667202067975
-0.858448793601877
-0.576839726452767
-0.196190637499128
0.218143241396532
0.595023196102024
0.869741133155684
0.995129582585908
0.949660077825435
0.741139468049859
0.405369527637447
0.000000000000018
-0.405369527637414
-0.741139468049835
-0.949660077825415
-0.995129582585911
-0.869741133155702
-0.595023196102053
-0.218143241396568
0.196190637499065
0.576839726452738
0.858448793601859
0.992667202067970
0.956450432738637
0.756016693999271
0.425779291565103
0.022438064295815
-0.384755647944921
-0.725889056058873
-0.942391540464025
-0.997090885390704
-0.880595531856754
-0.612907053652986
-0.239986003602583
0.174139245707365
0.558365800629638
0.846724199228265
0.989704983719632
0.962759186055464
0.770513242775802
0.445974662797091
0.044864830350546
-0.363948032196750
-0.710273137068047
-0.934648480581904
-0.998550122907321
-0.891006524188380
-0.630482294044739
-0.261707925628610
0.152000169561252
0.539610720810767
0.834573253721288
0.986244419107035
0.968583161128639
0.784621814930599
0.465945472355840
0.067269005612063
-0.342957157654104
-0.694299574162821
-0.926434797042883
-0.999506560365731
-0.900968867902427
-0.647740067614452
-0.283298069832779
0.129784556752252
0.520583930743597
0.822002075447899
0.982287250728683
0.973919425411309
0.798335306372721
0.485681664337342
0.089639308903449
-0.321793593854430
-0.677976410513201
-0.917754625683968
-0.999959716170870
-0.910477546658820
-0.664671684553439
-0.304745564927242
0.107503593510496
0.501295010989895
0.809016994374924
0.977835471138023
0.978765291933715
0.811646811946209
0.505173300974527
0.111964476103344
-0.300467997289439
-0.661311865323638
-0.908612337232864
-0.999909362145143
-0.919527772551463
-0.681268619282694
-0.326039611452356
0.085168498971939
0.481753674101692
0.795624548881761
0.972891321940136
0.983118320656128
0.824549628907150
0.524410567641385
0.134233265817684
-0.278991106039197
-0.644314329694464
-0.899012535107115
-0.999355523643320
-0.928114988519048
-0.697522514745724
-0.347169487214452
0.062790519529272
0.461969759730573
0.781831482468014
0.967457292663048
0.986976319697500
0.837037260298651
0.543383777794818
0.156434465040251
-0.257373734365277
-0.626992362396793
-0.888960053096176
-0.998298479539761
-0.936234870639743
-0.713425186616698
-0.368124552684704
0.040380923169115
0.441953229673192
0.767644740358000
0.961536119504142
0.990337346439121
0.849103418222209
0.562083377852160
0.178556894798677
-0.235626767265298
-0.609354685562789
-0.878459952927495
-0.996738762088011
-0.943883330308379
-0.728968627421421
-0.388894256356613
0.017950993798071
0.421714162855279
0.753071466003586
0.955130783952410
0.993199708502814
0.860742027003955
0.580499952001596
0.200589415783306
-0.213761154992076
-0.591410180293896
-0.867517521717706
-0.994677156652775
-0.951056516295162
-0.744145010569376
-0.409468140058928
-0.004487974438944
0.401262750256452
0.738118997487321
0.948244511287215
0.995561964603083
0.871947226253883
0.598624226943451
0.222520933956339
-0.191787907539929
-0.573167882188892
-0.856138269310439
-0.992114701314475
-0.957750816684936
-0.758946694294573
-0.429835844221569
-0.026924682845702
0.380609289778823
0.722794863827376
0.940880768954216
