0.999999999999999
-0.569484493168451
-0.351374824081343
0.969689520376686
-0.753071466003610
-0.111964476103309
0.880595531856737
-0.891006524188367
0.134233265817655
0.738118997487341
-0.974927912181822
0.372293658401945
0.550896981452103
-0.999748234942506
0.587785252292473
0.330279061955167
-0.963962860695853
0.767644740358009
0.089639308903437
-0.869741133155697
0.900968867902416
-0.156434465040232
-0.722794863827391
0.979675398423234
-0.393025031653921
-0.532032076515339
0.998993066541314
-0.605790043840815
-0.309016994374946
0.957750816684929
-0.781831482468029
-0.067269005612041
0.858448793601867
-0.910477546658814
0.178556894798632
0.707106781186551
-0.983929588598627
0.413558504966513
0.512899277405913
-0.997734875046456
0.623489801858725
0.287599327432014
-0.951056516295152
0.795624548881781
0.044864830350515
-0.846724199228284
0.919527772551449
-0.200589415783270
-0.691062648986867
0.987688340595136
-0.433883739117552
-0.493508218064352
0.995974293995239
-0.640875613985017
-0.266036845566684
0.943883330308370
-0.809016994374948
-0.022438064295804
0.834573253721302
-0.928114988519038
0.222520933956313
0.674670545932076
-0.990949761767933
0.453990499739542
0.473868662473003
-0.993712209893242
0.657938725939706
0.244340406137902
-0.936234870639740
0.822002075447903
0.000000000000011
-0.822002075447916
0.936234870639732
-0.244340406137880
-0.657938725939723
0.993712209893240
-0.473868662472983
-0.453990499739562
0.990949761767936
-0.674670545932059
-0.222520933956335
0.928114988519036
-0.834573253721305
0.022438064295809
0.809016994374945
-0.943883330308368
0.266036845566676
0.640875613985023
-0.995974293995238
0.493508218064345
0.433883739117560
-0.987688340595137
0.691062648986861
0.200589415783278
-0.919527772551452
0.846724199228279
-0.044864830350507
-0.795624548881786
0.951056516295149
-0.287599327432006
-0.623489801858742
0.997734875046454
-0.512899277405894
-0.413558504966534
0.983929588598632
-0.707106781186535
-0.178556894798654
0.910477546658823
-0.858448793601855
0.067269005612019
0.781831482468043
-0.957750816684923
0.309016994374952
0.605790043840816
-0.998993066541314
0.532032076515338
0.393025031653922
-0.979675398423235
0.722794863827390
0.156434465040261
-0.900968867902420
0.869741133155678
-0.089639308903428
-0.767644740358032
0.963962860695850
-0.330279061955132
-0.587785252292480
0.999748234942505
-0.550896981452093
-0.372293658401929
0.974927912181826
-0.738118997487350
-0.134233265817670
0.891006524188361
-0.880595531856729
0.111964476103318
0.753071466003622
-0.969689520376688
0.351374824081323
0.569484493168446
-0.999999999999999
0.569484493168456
0.351374824081365
-0.969689520376685
0.753071466003593
0.111964476103307
-0.880595531856751
0.891006524188367
-0.134233265817625
-0.738118997487342
0.974927912181815
-0.372293658401940
-0.550896981452131
0.999748234942506
-0.587785252292443
-0.330279061955175
0.963962860695862
-0.767644740358004
-0.089639308903473
0.869741133155701
-0.900968867902400
0.156434465040216
0.722794863827382
-0.979675398423231
0.393025031653933
0.532032076515352
-0.998993066541313
0.605790043840803
0.309016994374940
-0.957750816684936
0.781831482468032
0.067269005612064
-0.858448793601864
0.910477546658804
-0.178556894798638
-0.707106781186567
0.983929588598629
-0.413558504966493
-0.512899277405908
0.997734875046457
-0.623489801858729
-0.287599327432050
0.951056516295155
-0.795624548881758
-0.044864830350523
0.846724199228303
-0.919527772551446
0.200589415783234
0.691062648986873
-0.987688340595130
0.433883739117545
0.493508218064384
-0.995974293995240
0.640875613985032
0.266036845566692
-0.943883330308364
0.809016994374935
0.022438064295798
-0.834573253721314
0.928114988519040
-0.222520933956291
-0.674670545932071
0.990949761767930
-0.453990499739548
-0.473868662473023
0.993712209893242
-0.657938725939689
-0.244340406137896
0.936234870639748
-0.822002075447907
-0.000000000000034
0.822002075447913
-0.936234870639724
0.244340406137886
0.657938725939740
-0.993712209893240
0.473868662472963
0.453990499739557
-0.990949761767939
0.674670545932063
0.222520933956357
-0.928114988519044
0.834573253721277
-0.022438064295787
-0.809016994374941
0.943883330308360
-0.266036845566682
-0.640875613985040
0.995974293995239
-0.493508218064326
-0.433883739117554
0.987688340595141
-0.691062648986865
-0.200589415783300
0.919527772551450
-0.846724199228267
0.044864830350513
0.795624548881765
-0.951056516295134
0.287599327431985
0.623489801858738
-0.997734875046457
0.512899277405850
0.413558504966554
-0.983929588598630
0.707106781186559
0.178556894798704
-0.910477546658832
0.858448793601858
-0.067269005612053
-0.781831482468074
0.957750816684916
-0.309016994374930
-0.605790043840812
0.998993066541310
-0.532032076515294
-0.393025031653943
0.979675398423233
-0.722794863827414
-0.156434465040283
0.900968867902429
-0.869741133155695
0.089639308903463
0.767644740358047
-0.963962860695844
0.330279061955165
0.587785252292452
-0.999748234942504
0.550896981452074
0.372293658401950
-0.974927912181818
0.738118997487296
0.134233265817692
-0.891006524188371
0.880595531856745
-0.111964476103240
-0.753071466003637
0.969689520376683
-0.351374824081355
-0.569484493168511
0.999999999999999
-0.569484493168437
-0.351374824081333
0.969689520376705
-0.753071466003578
-0.111964476103329
0.880595531856734
-0.891006524188330
0.134233265817603
0.738118997487357
-0.974927912181823
0.372293658401972
0.550896981452149
-0.999748234942506
0.587785252292471
0.330279061955143
-0.963962860695868
0.767644740357989
0.089639308903439
-0.869741133155684
0.900968867902390
-0.156434465040194
-0.722794863827397
0.979675398423238
-0.393025031653860
-0.532032076515371
0.998993066541314
-0.605790043840830
-0.309016994375016
0.957750816684942
-0.781831482468018
-0.067269005612030
0.858448793601904
-0.910477546658795
0.178556894798616
0.707106781186542
-0.983929588598614
0.413558504966472
0.512899277405927
-0.997734875046455
0.623489801858667
0.287599327432071
-0.951056516295162
0.795624548881779
0.044864830350489
-0.846724199228315
0.919527772551437
-0.200589415783267
-0.691062648986848
0.987688340595127
-0.433883739117524
-0.493508218064355
0.995974293995236
-0.640875613984971
-0.266036845566714
0.943883330308371
-0.809016994374955
-0.022438064295877
0.834573253721326
-0.928114988519032
0.222520933956324
0.674670545932130
-0.990949761767927
0.453990499739528
0.473868662472993
-0.993712209893250
0.657938725939672
0.244340406137918
-0.936234870639735
0.822002075447861
0.000000000000056
-0.822002075447926
0.936234870639736
-0.244340406137919
-0.657938725939757
0.993712209893238
-0.473868662472993
-0.453990499739527
0.990949761767942
-0.674670545932047
-0.222520933956323
0.928114988519031
-0.834573253721264
0.022438064295764
0.809016994374954
-0.943883330308371
0.266036845566606
0.640875613985058
-0.995974293995237
0.493508218064355
0.433883739117626
-0.987688340595144
0.691062648986849
0.200589415783266
-0.919527772551481
0.846724199228255
-0.044864830350490
-0.795624548881779
0.951056516295127
-0.287599327431963
-0.623489801858755
0.997734875046455
-0.512899277405831
-0.413558504966575
0.983929588598634
-0.707106781186543
-0.178556894798615
0.910477546658842
-0.858448793601847
0.067269005612031
0.781831482468018
-0.957750816684910
0.309016994374909
0.605790043840830
-0.998993066541314
0.532032076515275
0.393025031653964
-0.979675398423238
0.722794863827398
0.156434465040305
-0.900968867902439
0.869741133155684
-0.089639308903440
-0.767644740358061
0.963962860695838
-0.330279061955144
-0.587785252292470
0.999748234942504
-0.550896981452055
-0.372293658401971
0.974927912181823
-0.738118997487281
-0.134233265817715
0.891006524188382
-0.880595531856735
0.111964476103217
0.753071466003652
-0.969689520376677
0.351374824081334
0.569484493168436
-0.999999999999999
0.569484493168418
0.351374824081354
-0.969689520376682
0.753071466003563
0.111964476103352
-0.880595531856745
0.891006524188372
-0.134233265817581
-0.738118997487372
0.974927912181818
-0.372293658401951
-0.550896981452168
0.999748234942507
-0.587785252292453
-0.330279061955164
0.963962860695874
-0.767644740357975
-0.089639308903462
0.869741133155695
-0.900968867902381
0.156434465040172
0.722794863827413
-0.979675398423234
0.393025031653840
0.532032076515390
-0.998993066541315
0.605790043840812
0.309016994374929
-0.957750816684949
0.781831482468004
0.067269005612052
-0.858448793601858
0.910477546658786
-0.178556894798593
-0.707106781186558
0.983929588598631
-0.413558504966452
-0.512899277405947
0.997734875046457
-0.623489801858738
-0.287599327432093
0.951056516295169
-0.795624548881766
-0.044864830350512
0.846724199228327
-0.919527772551428
0.200589415783245
0.691062648986864
-0.987688340595123
0.433883739117504
0.493508218064374
-0.995974293995238
0.640875613985041
0.266036845566626
-0.943883330308416
0.809016994374875
0.022438064295900
-0.834573253721339
0.928114988519023
-0.222520933956302
-0.674670545932063
0.990949761767939
-0.453990499739609
-0.473868662473113
0.993712209893253
-0.657938725939656
-0.244340406137940
0.936234870639743
-0.822002075447913
0.000000000000035
0.822002075447874
-0.936234870639688
0.244340406137787
0.657938725939774
-0.993712209893235
0.473868662472974
0.453990499739547
-0.990949761767930
0.674670545932114
0.222520933956456
-0.928114988519082
0.834573253721252
-0.022438064295742
-0.809016994374968
0.943883330308364
-0.266036845566693
-0.640875613984988
0.995974293995224
-0.493508218064237
-0.433883739117646
0.987688340595148
