0.999999999999999
0.163325962241622
-0.946649260115695
-0.472550764869053
0.792289643355190
0.731353701619170
-0.553391549243344
-0.912120116172272
0.255445757935790
0.995561964603079
0.069756473744127
-0.972775878209395
-0.387515586452102
0.846193166127562
0.663926212652241
-0.629320391049835
-0.869494929505219
0.345298198998535
0.982287250728688
-0.024432178152652
-0.990268068741569
-0.299040792256088
0.892585818452124
0.590605667619924
-0.699663340513366
-0.819152044288993
0.432085748801980
0.960293685676942
-0.118403968306501
-0.998970569790714
-0.207911690817764
0.931055815862526
0.512042864870573
-0.763796028634641
-0.761538307536736
0.515038074910049
0.929776485888252
-0.211324796455386
-0.998806137341433
-0.114937150492867
0.961261695938316
0.428935133403150
-0.821149209133701
-0.697165102854566
0.593418886603700
0.891006524188367
-0.302369890750446
-0.989776230907789
-0.020942419883353
0.982935349149553
0.342020143325676
-0.871213811120189
-0.626603811364464
0.666532470249454
0.844327925502016
-0.390731128489266
-0.971961000578545
0.073238197127626
0.995884398615970
0.252069358243117
-0.913545457642596
-0.550480740084996
0.733729864502871
0.790155012375689
-0.475624209070271
-0.945518575599319
0.166768746716101
0.999993907657789
0.159881187691834
-0.947768410009583
-0.469471562785900
0.794414620535416
0.728968627421416
-0.556295615500304
-0.910683660806179
0.258819045102509
0.995227399981831
0.066273900400009
-0.973578902873159
-0.384295322659809
0.848048096156419
0.661311865323654
-0.632029302664843
-0.867765453368928
0.348572047321808
0.981627183447663
-0.027921638723564
-0.990747840471441
-0.295708050044048
0.894154236839364
0.587785252292472
-0.702153052995148
-0.817144898335126
0.435231099372324
0.959313974540059
-0.121869343405133
-0.999122830098858
-0.204496051841788
0.932323801215510
0.509041415750379
-0.766044443118967
-0.759271307334875
0.518027009373131
0.928485826880914
-0.214735327167053
-0.998629534754574
-0.111468932206319
0.962217993529284
0.425779291565077
-0.823136368534435
-0.694658370459009
0.596224874965620
0.889416373291297
-0.305695304963100
-0.989272332962989
-0.017452406437301
0.983571470813386
0.338737920245292
-0.872922077269806
-0.623879596709395
0.669130606358844
0.842452397007144
-0.393941909590949
-0.971134279909637
0.076719028126805
0.996194698091743
0.248689887164851
-0.914959667849823
-0.547563223492557
0.736097087119724
0.788010753606733
-0.478691857940609
-0.944376370237481
0.170209499166023
0.999975630705394
0.156434465040251
-0.948876011644496
-0.466386640339894
0.796529918024190
0.726574670970986
-0.559192903470728
-0.909236109047067
0.262189178640860
0.994880708828788
0.062790519529330
-0.974370064785229
-0.381070376350273
0.849892692986860
0.658689460118688
-0.634730513202254
-0.866025403784449
0.351841648404701
0.980955155349192
-0.031410759078116
-0.991215540251538
-0.292371704722759
0.895711760239411
0.584957674987221
-0.704634209963585
-0.815127795728564
0.438371146789055
0.958322574465133
-0.125333233564296
-0.999262916410620
-0.201077921145984
0.933580426497202
0.506033764121166
-0.768283523593517
-0.756995055651765
0.521009631840558
0.927183854566786
-0.218143241396539
-0.998440764181980
-0.107999355706038
0.963162566797652
0.422618261740698
-0.825113498278292
-0.692143173870413
0.599023598515573
0.887815385136410
-0.309016994374948
-0.988756381047006
-0.013962180339185
0.984195607969238
0.335451569750249
-0.874619707139381
-0.621147780278314
0.671720589322960
0.840566603495693
-0.397147890634785
-0.970295726276003
0.080198924328852
0.996492859249505
0.245307385878820
-0.916362729562240
-0.544639035015052
0.738455340625878
0.785856893175392
-0.481753674101698
-0.943222657947599
0.173648177666900
0.999945169365511
0.152985836284024
-0.949972051524645
-0.463296035119859
0.798635510047273
0.724171861437473
-0.562083377852141
-0.907777478532916
0.265556117486810
0.994521895368276
0.059306373575971
-0.975149354305565
-0.377840786818486
0.851726934143047
0.656059028990531
-0.637423989748681
-0.864274801953698
0.355106962408116
0.980271174621721
-0.034899496702467
-0.991671162383088
-0.289031796944460
0.897258369674317
0.582122970157289
-0.707106781186522
-0.813100761047034
0.441505852791754
0.957319497532073
-0.128795596577562
-0.999390827019094
-0.197657340379138
0.934825676396017
0.503019946630256
-0.770513242775787
-0.754709580222795
0.523985905970067
0.925870584809990
-0.221548497619443
-0.998239827923764
-0.104528463267690
0.964095404234105
0.419452082446169
-0.827080574274547
-0.689619543735672
0.601815023152018
0.886203579231221
-0.312334918512239
-0.988228381446556
-0.010471784116250
0.984807753012200
0.332161131883718
-0.876306680043866
-0.618408395357575
0.674302387583719
0.838670567945444
-0.400349032556879
-0.969445349895136
0.083677843332287
0.996778878456246
0.241921895599706
-0.917754625683973
-0.541708210282735
0.740804596286730
0.783693457325843
-0.484809620246301
-0.942057452787302
0.177084740319588
0.999902524009304
0.149535343443716
-0.951056516295140
-0.460199784783868
0.800731370948735
0.721760228098383
-0.564967003424931
-0.906307787036667
0.268919820615246
0.994150963972314
0.055821504993195
-0.975916761938745
-0.374606593415951
0.853550797275316
0.653420603990103
-0.640109699484930
-0.862513669207261
0.358367949545259
0.979575249599347
-0.038387809087521
-0.992114701314473
-0.285688367404983
0.898794046299147
0.579281172342696
-0.709570736536521
-0.811063818989346
0.444635179184917
0.956304755963048
-0.132256390257100
-0.999506560365731
-0.194234351220006
0.936059535738968
0.500000000000039
-0.772733573497335
-0.752414908895724
0.526955795496647
0.924546033612317
-0.224951054343819
-0.998026728428272
-0.101056297182948
0.965016494472301
0.416280792260413
-0.829037572555014
-0.687087510804441
0.604599114862372
0.884580975215100
-0.315649036947089
-0.987688340595144
-0.006981260297987
0.985407898483489
0.328866646738618
-0.877982975427973
-0.615661475325696
0.676875969682641
0.836764313458963
-0.403545296352355
-0.968583161128634
0.087155742747665
0.997052752226917
0.238533457578585
-0.919135339255218
-0.538770785006876
0.743144825477398
0.781520472418835
-0.487859659138727
-0.940880768954238
0.180519145250543
0.999847695156390
0.146083028562440
-0.952129392742136
-0.457097927058730
0.802817475191103
0.719339800338647
-0.567843745053076
-0.904827052466022
0.272280247040534
0.993767919160597
0.052335956242940
-0.976672278334160
-0.371367835550242
0.855364260160484
0.650774217265865
-0.642787609686541
-0.860742027003959
0.361624570082084
0.978867388761693
-0.041875653729179
-0.992546151641321
-0.282341456842907
0.900318771402189
0.576432316169828
-0.712026045990981
-0.809016994374946
0.447759087838740
0.955278362122346
-0.135715572434260
-0.999610115040351
-0.190808995376600
0.937281989491879
0.496973961027564
-0.774944488704186
-0.750111069630511
0.529919264233156
0.923210217112993
-0.228350870110644
-0.997801468292048
-0.097582899759229
0.965925826289052
0.413104429824573
-0.830984469274321
-0.684547105928681
0.607375839723222
0.882947592858953
-0.318959309298036
-0.987136265072989
-0.003490651415214
0.985996037070509
0.325568154457212
-0.879648572866598
-0.612907053652987
0.679441304261522
0.834847863263388
-0.406736643075745
-0.967709170481980
0.090632580197765
0.997314477224458
0.235142113102560
-0.920504853452416
-0.535826794979028
0.745475999682851
0.779337964931469
-0.490903753615166
-0.939692620785929
0.183951350612682
0.999780683474845
0.142628933705505
-0.953190667792955
-0.453990499739602
0.804893797355890
0.716910607650494
-0.570713567684436
-0.903335292863288
0.275637355816938
0.993372765600400
0.048849769795631
-0.977415894286096
-0.368124552684652
0.857167300702079
0.648119901063162
-0.645457687723936
-0.858959896930661
0.364876784337644
0.978147600733818
-0.045362988129212
-0.992965508106534
-0.278991106039226
0.901832526405124
0.573576436351099
-0.714472679632773
-0.806960312143813
0.450877540689433
0.954240328516268
-0.139173100960000
-0.999701489781181
-0.187381314585745
0.938493022759556
0.493941866584209
-0.777145961456928
-0.747798090498560
0.532876276070711
0.921863151588499
-0.231747903494180
-0.997564050259828
-0.094108313318559
0.966823388604453
0.409923033841572
-0.832921240710111
-0.681998360062548
0.610145163901231
0.881303452065002
-0.322265695230510
-0.986572161606965
-0.000000000000069
0.986572161606961
0.322265695230533
-0.881303452064991
-0.610145163901250
0.681998360062447
0.832921240710125
-0.409923033841550
-0.966823388604459
0.094108313318535
0.997564050259818
0.231747903494204
-0.921863151588490
-0.532876276070732
0.747798090498544
0.777145961457015
-0.493941866584188
-0.938493022759564
0.187381314585721
0.999701489781182
0.139173100960137
-0.954240328516261
-0.450877540689454
0.806960312143799
0.714472679632790
-0.573576436350986
-0.901832526405135
0.278991106039202
0.992965508106537
0.045362988129236
-0.978147600733789
-0.364876784337667
0.858959896930649
0.645457687723954
-0.648119901063143
-0.857167300702150
0.368124552684629
0.977415894286101
-0.048849769795607
-0.993372765600397
-0.275637355817071
0.903335292863277
0.570713567684456
-0.716910607650477
-0.804893797355904
0.453990499739479
0.953190667792962
-0.142628933705481
-0.999780683474844
-0.183951350612706
0.939692620785881
0.490903753615188
-0.779337964931454
-0.745475999682867
0.535826794979008
0.920504853452470
-0.235142113102536
-0.997314477224459
-0.090632580197790
0.967709170481973
0.406736643075871
-0.834847863263375
-0.679441304261540
0.612907053652967
0.879648572866610
-0.325568154457082
-0.985996037070513
0.003490651415190
0.987136265072985
0.318959309298059
-0.882947592858889
-0.607375839723332
0.684547105928663
0.830984469274334
-0.413104429824551
-0.965925826289088
0.097582899759092
0.997801468292047
0.228350870110668
-0.923210217112984
-0.529919264233273
0.750111069630420
0.774944488704202
-0.496973961027543
-0.937281989491887
0.190808995376464
0.999610115040355
0.135715572434341
-0.955278362122338
-0.447759087838762
0.809016994374898
0.712026045991038
-0.576432316169762
-0.900318771402199
0.282341456842883
0.992546151641331
0.041875653729261
-0.978867388761676
-0.361624570082107
0.860742027003946
0.642787609686603
-0.650774217265803
-0.855364260160526
0.371367835550219
0.976672278334166
-0.052335956242859
-0.993767919160588
-0.272280247040613
0.904827052466011
0.567843745053097
-0.719339800338591
-0.802817475191152
0.457097927058657
0.952129392742143
-0.146083028562416
-0.999847695156389
-0.180519145250623
0.940880768954210
0.487859659138749
-0.781520472418820
-0.743144825477452
0.538770785006808
0.919135339255250
-0.238533457578561
-0.997052752226919
-0.087155742747746
0.968583161128614
0.403545296352429
-0.836764313458950
-0.676875969682659
0.615661475325587
0.877982975428012
-0.328866646738541
-0.985407898483493
0.006981260297963
0.987688340595123
0.315649036947166
-0.884580975215062
-0.604599114862392
0.687087510804423
0.829037572555092
-0.416280792260339
-0.965016494472322
0.101056297182924
0.998026728428271
0.224951054343954
-0.924546033612286
-0.526955795496716
0.752414908895708
0.772733573497351
-0.499999999999920
-0.936059535738997
0.194234351219926
0.999506560365731
0.132256390257124
-0.956304755963007
-0.444635179184990
0.811063818989298
0.709570736536538
-0.579281172342676
-0.898794046299207
0.285688367404905
0.992114701314483
0.038387809087546
-0.979575249599342
-0.358367949545388
0.862513669207220
0.640109699484993
-0.653420603990085
-0.853550797275329
0.374606593415823
0.975916761938762
-0.055821504993114
-0.994150963972311
-0.268919820615270
0.906307787036609
0.564967003424998
-0.721760228098326
-0.800731370948750
0.460199784783846
0.951056516295183
-0.149535343443636
-0.999902524009302
-0.177084740319612
0.942057452787294
0.484809620246422
-0.783693457325792
-0.740804596286784
0.541708210282714
0.917754625683983
-0.241921895599572
-0.996778878456252
-0.083677843332368
0.969445349895130
0.400349032556902
-0.838670567945431
-0.674302387583779
0.618408395357511
0.876306680043878
-0.332161131883695
-0.984807753012205
0.010471784116169
0.988228381446543
0.312334918512263
-0.886203579231209
-0.601815023152037
0.689619543735613
0.827080574274592
-0.419452082446147
-0.964095404234112
0.104528463267666
0.998239827923760
0.221548497619522
-0.925870584809981
-0.523985905970088
0.754709580222779
0.770513242775839
-0.503019946630185
-0.934825676396026
0.197657340379114
0.999390827019094
0.128795596577642
-0.957319497532050
-0.441505852791776
0.813100761047020
0.707106781186540
-0.582122970157223
-0.897258369674353
0.289031796944437
0.991671162383091
0.034899496702492
-0.980271174621705
-0.355106962408192
0.864274801953685
0.637423989748700
-0.656059028990513
-0.851726934143090
0.377840786818411
0.975149354305570
-0.059306373575947
-0.994521895368273
-0.265556117486889
0.907777478532882
0.562083377852162
-0.724171861437456
-0.798635510047288
0.463296035119787
0.949972051524671
-0.152985836283999
-0.999945169365511
-0.173648177666924
0.943222657947572
0.481753674101769
-0.785856893175377
-0.738455340625895
0.544639035015031
0.916362729562273
-0.245307385878741
-0.996492859249507
-0.080198924328877
0.970295726275997
0.397147890634860
-0.840566603495649
-0.671720589323020
0.621147780278295
0.874619707139393
-0.335451569750173
-0.984195607969252
0.013962180339103
0.988756381047002
0.309016994374944
-0.887815385136360
-0.599023598515638
0.692143173870375
0.825113498278306
-0.422618261740701
-0.963162566797681
0.107999355705957
0.998440764181971
0.218143241396674
-0.927183854566745
-0.521009631840652
0.756995055651712
0.768283523593551
-0.506033764121145
-0.933580426497201
0.201077921145987
0.999262916410618
0.125333233564462
-0.958322574465093
-0.438371146789179
0.815127795728501
0.704634209963643
-0.584957674987178
-0.895711760239422
0.292371704722736
0.991215540251538
0.031410759078084
-0.980955155349159
-0.351841648404830
0.866025403784380
0.634730513202338
-0.658689460118627
-0.849892692986888
0.381070376350251
0.974370064785235
-0.062790519529334
-0.994880708828792
-0.262189178641021
0.909236109047010
0.559192903470843
-0.726574670970910
-0.796529918024239
0.466386640339848
0.948876011644504
-0.156434465040227
-0.999975630705394
-0.170209499165992
0.944376370237501
0.478691857940730
-0.788010753606648
-0.736097087119798
0.547563223492489
0.914959667849844
-0.248689887164828
-0.996194698091745
-0.076719028126801
0.971134279909645
0.393941909590893
-0.842452397007070
-0.669130606358947
0.623879596709310
0.872922077269845
-0.338737920245242
-0.983571470813390
0.017452406437277
0.989272332962990
0.305695304963069
-0.889416373291325
-0.596224874965731
0.694658370458909
0.823136368534497
-0.425779291565003
-0.962217993529299
0.111468932206295
0.998629534754572
0.214735327167049
-0.928485826880926
-0.518027009373079
0.759271307334785
0.766044443119056
-0.509041415750284
-0.932323801215539
0.204496051841736
0.999122830098859
0.121869343405157
-0.959313974540060
-0.435231099372295
0.817144898335161
0.702153052995266
-0.587785252292372
-0.894154236839413
0.295708050043971
0.990747840471450
0.027921638723603
-0.981627183447661
-0.348572047321804
0.867765453368944
0.632029302664807
-0.661311865323540
-0.848048096156492
0.384295322659708
0.973578902873178
-0.066273900399942
-0.995227399981827
-0.258819045102533
0.910683660806180
0.556295615500278
-0.728968627421448
-0.794414620535508
0.469471562785778
0.947768410009618
-0.159881187691753
-0.999993907657789
-0.166768746716139
0.945518575599311
0.475624209070268
-0.790155012375708
-0.733729864502839
0.550480740084868
0.913545457642652
-0.252069358243010
-0.995884398615977
-0.073238197127693
0.971961000578536
0.390731128489288
-0.844327925502018
-0.666532470249430
0.626603811364500
0.871213811120264
-0.342020143325546
-0.982935349149573
0.020942419883272
0.989776230907779
0.302369890750482
-0.891006524188359
-0.593418886603697
0.697165102854584
0.821149209133675
-0.428935133403006
-0.961261695938354
0.114937150492758
0.998806137341429
0.211324796455451
-0.929776485888235
-0.515038074910070
0.761538307536738
0.763796028634625
-0.512042864870613
-0.931055815862584
0.207911690817629
0.998970569790719
0.118403968306589
-0.960293685676924
-0.432085748802021
0.819152044288979
0.699663340513363
-0.590605667619945
-0.892585818452103
0.299040792255936
0.990268068741588
0.024432178152766
-0.982287250728671
-0.345298198998598
0.869494929505196
0.629320391049854
-0.663926212652241
-0.846193166127551
0.387515586452145
0.972775878209432
-0.069756473743989
-0.995561964603068
-0.255445757935879
0.912120116172244
0.553391549243382
-0.731353701619154
-0.792289643355191
0.472550764869072
0.946649260115681
-0.163325962241464
-0.999999999999999
-0.163325962241736
0.946649260115665
0.472550764869116
-0.792289643355161
-0.731353701619187
0.553391549243341
0.912120116172264
-0.255445757935831
-0.995561964603094
-0.069756473744265
0.972775878209368
0.387515586452190
-0.846193166127525
-0.663926212652278
0.629320391049816
0.869494929505220
-0.345298198998552
-0.982287250728680
0.024432178152489
0.990268068741550
0.299040792256200
-0.892585818452081
-0.590605667619984
0.699663340513328
0.819152044289007
-0.432085748801977
-0.960293685676937
0.118403968306540
0.998970569790706
0.207911690817899
-0.931055815862484
-0.512042864870655
0.763796028634593
0.761538307536770
-0.515038074910028
-0.929776485888253
0.211324796455403
0.998806137341431
0.114937150493032
-0.961261695938278
-0.428935133403255
0.821149209133647
0.697165102854619
-0.593418886603657
-0.891006524188381
0.302369890750436
0.989776230907786
0.020942419883321
-0.982935349149522
-0.342020143325805
0.871213811120128
0.626603811364538
-0.666532470249394
-0.844327925502044
0.390731128489243
0.971961000578548
-0.073238197127644
-0.995884398615973
-0.252069358243278
0.913545457642540
0.550480740085099
-0.733729864502806
-0.790155012375738
0.475624209070225
0.945518575599327
-0.166768746716090
-0.999993907657789
-0.159881187691802
0.947768410009530
0.469471562786022
-0.794414620535341
-0.728968627421482
0.556295615500237
0.910683660806200
-0.258819045102486
-0.995227399981832
-0.066273900399991
0.973578902873167
0.384295322659963
-0.848048096156345
-0.661311865323747
0.632029302664769
0.867765453368969
-0.348572047321759
-0.981627183447670
0.027921638723554
0.990747840471444
0.295708050044018
-0.894154236839289
-0.587785252292595
0.702153052995070
0.817144898335189
-0.435231099372251
-0.959313974540074
0.121869343405109
0.999122830098857
0.204496051841784
-0.932323801215522
-0.509041415750522
0.766044443118879
0.759271307334965
-0.518027009373037
-0.928485826880944
0.214735327167001
0.998629534754575
0.111468932206343
-0.962217993529286
-0.425779291565048
0.823136368534340
0.694658370459108
-0.596224874965509
-0.889416373291347
0.305695304963022
0.989272332962997
0.017452406437326
-0.983571470813381
-0.338737920245288
0.872922077269821
0.623879596709526
-0.669130606358741
-0.842452397007219
0.393941909590848
0.971134279909656
