0.999999999999999
-0.517173670587912
-0.465062788901250
0.998210129767734
-0.567433204758782
-0.411287103130611
0.992846926341836
-0.615661475325658
-0.356039116274356
0.983929588598629
-0.661685837596860
-0.299516601786616
0.971490038292866
-0.705341536300408
-0.241921895599666
0.955572805786139
-0.746472295365151
-0.183461171813782
0.936234870639737
-0.784930877348524
-0.124343704647483
0.913545457642600
-0.820579610508394
-0.064781119290147
0.887585789004552
-0.853290881632155
-0.004986634338759
0.858448793601863
-0.882947592858928
0.054825701469362
0.826238774315990
-0.909443580859483
0.114441775495436
0.791071034656339
-0.932683996873427
0.173648177666929
0.753071466003612
-0.952585646243148
0.232232964430250
0.712376096951340
-0.969077286229078
0.289986417453589
0.669130606358857
-0.982099881040238
0.346701794364218
0.623489801858725
-0.991606813167030
0.402176068832424
0.575617065685669
-0.997564050259824
0.456210657353164
0.525683769810504
-0.999950266955942
0.508612130123441
0.473868662472990
-0.998756921218921
0.559192903470752
0.420357228309561
-0.993988284916784
0.607771911354031
0.365341024366382
-0.985661428529860
0.654175253533042
0.309016994374939
-0.973806160042904
0.698236818086076
0.251586763744504
-0.958464918240234
0.739798876047584
0.193255917795554
-0.939692620785908
0.778712646036891
0.134233265817661
-0.917556467632725
0.814838826856955
0.074730093586407
-0.892135700463875
0.848048096156433
0.014959407015251
-0.863521319028224
0.878221573370232
-0.044864830350522
-0.831815755384865
0.905251245281016
-0.104528463267656
-0.797132507222921
0.929040352678501
-0.163817911415135
-0.759595731569262
0.949503736732332
-0.222520933956335
-0.719339800338637
0.966568143838551
-0.280427389306018
-0.676508819316994
0.980172487848545
-0.337329987382840
-0.631256112300231
0.990268068741570
-0.393025031653929
-0.583743672234786
0.996818746958190
-0.447313148315633
-0.534141581324929
0.999801072770522
-0.500000000000021
-0.482627402182590
0.999204370226177
-0.550896981452118
-0.429385542199393
0.995030775365399
-0.599821894687925
-0.374606593415900
0.987295228574593
-0.646599601215806
-0.318486650251677
0.976025421103622
-0.691062648986867
-0.261226607538135
0.961261695938318
-0.733051871829845
-0.203031441367150
0.943056903383051
-0.772416959224613
-0.144109475329959
0.921476211870399
-0.809016994374957
-0.084671634772607
0.896596874675013
-0.842720958654045
-0.024930691738061
0.868507953366983
-0.873408200617133
0.034899496702507
0.837309998994520
-0.900968867902420
0.094604754002538
0.803114692137301
-0.925304300473995
0.153971350836530
0.766044443118981
-0.946327383799161
0.212786770195554
0.726231953809999
-0.963962860695849
0.270840468143047
0.683819742589289
-0.978147600733813
0.327924627507240
0.638959634165627
-0.988830826225133
0.383834901813031
0.591812216084342
-0.995974293995241
0.438371146789102
0.542546263865736
-0.999552432283503
0.491338136832531
0.491338136832492
-0.999552432283502
0.542546263865774
0.438371146789062
-0.995974293995237
0.591812216084378
0.383834901812989
-0.988830826225126
0.638959634165662
0.327924627507198
-0.978147600733804
0.683819742589322
0.270840468143003
-0.963962860695852
0.726231953809991
0.212786770195565
-0.946327383799165
0.766044443118973
0.153971350836485
-0.925304300473978
0.803114692137328
0.094604754002494
-0.900968867902400
0.837309998994545
0.034899496702462
-0.873408200617111
0.868507953367006
-0.024930691738107
-0.842720958654021
0.896596874675033
-0.084671634772652
-0.809016994374931
0.921476211870417
-0.144109475330003
-0.772416959224585
0.943056903383066
-0.203031441367194
-0.733051871829814
0.961261695938322
-0.261226607538151
-0.691062648986855
0.976025421103626
-0.318486650251692
-0.646599601215794
0.987295228574596
-0.374606593415915
-0.599821894687911
0.995030775365400
-0.429385542199408
-0.550896981452104
0.999204370226178
-0.482627402182655
-0.499999999999957
0.999801072770522
-0.534141581324967
-0.447313148315593
0.996818746958187
-0.583743672234822
-0.393025031653887
0.990268068741564
-0.631256112300266
-0.337329987382798
0.980172487848536
-0.676508819317027
-0.280427389305975
0.966568143838539
-0.719339800338668
-0.222520933956291
0.949503736732318
-0.759595731569291
-0.163817911415119
0.929040352678495
-0.797132507222931
-0.104528463267639
0.905251245281009
-0.831815755384874
-0.044864830350506
0.878221573370224
-0.863521319028233
0.014959407015268
0.848048096156424
-0.892135700463883
0.074730093586480
0.814838826856913
-0.917556467632754
0.134233265817650
0.778712646036862
-0.939692620785904
0.193255917795598
0.739798876047592
-0.958464918240247
0.251586763744493
0.698236818086044
-0.973806160042901
0.309016994374981
0.654175253533051
-0.985661428529867
0.365341024366371
0.607771911354006
-0.993988284916793
0.420357228309589
0.559192903470679
-0.998756921218922
0.473868662473067
0.508612130123414
-0.999950266955941
0.525683769810518
0.456210657353099
-0.997564050259822
0.575617065685729
0.402176068832408
-0.991606813167021
0.623489801858738
0.346701794364149
-0.982099881040237
0.669130606358901
0.289986417453586
-0.969077286229063
0.712376096951342
0.232232964430192
-0.952585646243147
0.753071466003642
0.173648177666940
-0.932683996873411
0.791071034656332
0.114441775495391
-0.909443580859488
0.826238774316016
0.054825701469380
-0.882947592858910
0.858448793601853
-0.004986634338789
-0.853290881632110
0.887585789004566
-0.064781119290235
-0.820579610508377
0.913545457642633
-0.124343704647506
-0.784930877348474
0.936234870639743
-0.183461171813854
-0.746472295365139
0.955572805786160
-0.241921895599679
-0.705341536300361
0.971490038292868
-0.299516601786679
-0.661685837596855
0.983929588598639
-0.356039116274358
-0.615661475325613
0.992846926341836
-0.411287103130660
-0.567433204758785
0.998210129767737
-0.465062788901243
-0.517173670587872
0.999999999999999
-0.517173670587949
-0.465062788901263
0.998210129767732
-0.567433204758766
-0.411287103130578
0.992846926341825
-0.615661475325684
-0.356039116274274
0.983929588598623
-0.661685837596923
-0.299516601786593
0.971490038292847
-0.705341536300425
-0.241921895599591
0.955572805786134
-0.746472295365200
-0.183461171813766
0.936234870639711
-0.784930877348530
-0.124343704647417
0.913545457642596
-0.820579610508428
-0.064781119290145
0.887585789004525
-0.853290881632157
-0.004986634338699
0.858448793601865
-0.882947592858952
0.054825701469357
0.826238774315965
-0.909443580859479
0.114441775495480
0.791071034656346
-0.932683996873443
0.173648177666917
0.753071466003582
-0.952585646243175
0.232232964430280
0.712376096951278
-0.969077286229086
0.289986417453673
0.669130606358834
-0.982099881040254
0.346701794364234
0.623489801858667
-0.991606813167032
0.402176068832491
0.575617065685655
-0.997564050259829
0.456210657353179
0.525683769810441
-0.999950266955942
0.508612130123492
0.473868662472987
-0.998756921218918
0.559192903470754
0.420357228309507
-0.993988284916784
0.607771911354078
0.365341024366393
-0.985661428529852
0.654175253533033
0.309016994374896
-0.973806160042906
0.698236818086108
0.251586763744516
-0.958464918240221
0.739798876047576
0.193255917795510
-0.939692620785874
0.778712646036919
0.134233265817560
-0.917556467632718
0.814838826856998
0.074730093586390
-0.892135700463842
0.848048096156441
0.014959407015178
-0.863521319028216
0.878221573370267
-0.044864830350539
-0.831815755384824
0.905251245281023
-0.104528463267729
-0.797132507222911
0.929040352678529
-0.163817911415152
-0.759595731569232
0.949503736732329
-0.222520933956379
-0.719339800338645
0.966568143838562
-0.280427389306007
-0.676508819316961
0.980172487848543
-0.337329987382883
-0.631256112300240
0.990268068741577
-0.393025031653918
-0.583743672234749
0.996818746958189
-0.447313148315673
-0.534141581324842
0.999801072770523
-0.500000000000084
-0.482627402182576
0.999204370226174
-0.550896981452132
-0.429385542199326
0.995030775365397
-0.599821894687984
-0.374606593415884
0.987295228574581
-0.646599601215819
-0.318486650251607
0.976025421103618
-0.691062648986920
-0.261226607538119
0.961261695938297
-0.733051871829837
-0.203031441367106
0.943056903383055
-0.772416959224642
-0.144109475329970
0.921476211870382
-0.809016994374950
-0.084671634772562
0.896596874675019
-0.842720958654070
-0.024930691738073
0.868507953366961
-0.873408200617127
0.034899496702552
0.837309998994464
-0.900968867902439
0.094604754002640
0.803114692137274
-0.925304300474034
0.153971350836574
0.766044443118915
-0.946327383799176
0.212786770195653
0.726231953809968
-0.963962860695876
0.270840468143035
0.683819742589256
-0.978147600733810
0.327924627507283
0.638959634165636
-0.988830826225140
0.383834901813020
0.591812216084305
-0.995974293995240
0.438371146789143
0.542546263865746
-0.999552432283504
0.491338136832521
0.491338136832453
-0.999552432283502
0.542546263865812
0.438371146789073
-0.995974293995233
0.591812216084369
0.383834901812947
-0.988830826225111
0.638959634165696
0.327924627507101
-0.978147600733794
0.683819742589396
0.270840468142960
-0.963962860695855
0.726231953810100
0.212786770195465
-0.946327383799150
0.766044443118965
0.153971350836385
-0.925304300473961
0.803114692137321
0.094604754002562
-0.900968867902356
0.837309998994569
0.034899496702474
-0.873408200617144
0.868507953367056
-0.024930691738152
-0.842720958654027
0.896596874675003
-0.084671634772753
-0.809016994374904
0.921476211870412
-0.144109475329936
-0.772416959224520
0.943056903383081
-0.203031441367183
-0.733051871829861
0.961261695938350
-0.261226607538195
-0.691062648986864
0.976025421103660
-0.318486650251789
-0.646599601215759
0.987295228574594
-0.374606593416062
-0.599821894687830
0.995030775365405
-0.429385542199397
-0.550896981451972
0.999204370226182
-0.482627402182644
-0.500000000000016
0.999801072770520
-0.534141581325005
-0.447313148315603
0.996818746958192
-0.583743672234905
-0.393025031653846
0.990268068741566
-0.631256112300213
-0.337329987382702
0.980172487848528
-0.676508819317019
-0.280427389306040
0.966568143838513
-0.719339800338700
-0.222520933956302
0.949503736732340
-0.759595731569357
-0.163817911415074
0.929040352678500
-0.797132507223027
-0.104528463267538
0.905251245280989
-0.831815755384868
-0.044864830350347
0.878221573370175
-0.863521319028256
0.014959407015256
0.848048096156340
-0.892135700463929
0.074730093586468
0.814838826856952
-0.917556467632794
0.134233265817751
0.778712646036870
-0.939692620785900
0.193255917795698
0.739798876047523
-0.958464918240243
0.251586763744482
0.698236818085971
-0.973806160042924
0.309016994374970
0.654175253533060
-0.985661428529885
0.365341024366466
0.607771911354015
-0.993988284916780
0.420357228309681
0.559192903470689
-0.998756921218922
0.473868662472956
0.508612130123327
-0.999950266955941
0.525683769810508
0.456210657353008
-0.997564050259815
0.575617065685719
0.402176068832419
-0.991606813167008
0.623489801858817
0.346701794364160
-0.982099881040239
0.669130606358976
0.289986417453489
-0.969077286229066
0.712376096951333
0.232232964430093
-0.952585646243116
0.753071466003634
0.173648177666952
-0.932683996873374
0.791071034656394
0.114441775495402
-0.909443580859493
0.826238774316073
0.054825701469279
-0.882947592858915
0.858448793601847
-0.004986634338891
-0.853290881632116
0.887585789004561
-0.064781119290110
-0.820579610508318
0.913545457642628
-0.124343704647495
-0.784930877348411
0.936234870639779
-0.183461171813843
-0.746472295365147
0.955572805786190
-0.241921895599778
-0.705341536300369
0.971490038292866
-0.299516601786777
-0.661685837596779
0.983929588598637
-0.356039116274347
-0.615661475325533
0.992846926341848
-0.411287103130649
-0.567433204758795
0.998210129767743
-0.465062788901333
-0.517173670587882
0.999999999999999
-0.517173670588036
-0.465062788901173
0.998210129767732
-0.567433204758756
-0.411287103130485
0.992846926341827
-0.615661475325675
-0.356039116274391
0.983929588598605
-0.661685837596914
-0.299516601786605
0.971490038292823
-0.705341536300497
-0.241921895599603
0.955572805786137
-0.746472295365267
-0.183461171813665
0.936234870639715
-0.784930877348523
-0.124343704647316
0.913545457642554
-0.820579610508421
-0.064781119290157
0.887585789004478
-0.853290881632210
-0.004986634338711
0.858448793601871
-0.882947592859000
0.054825701469459
0.826238774315971
-0.909443580859474
0.114441775495582
0.791071034656284
-0.932683996873439
0.173648177666906
0.753071466003515
-0.952585646243171
0.232232964430269
0.712376096951366
-0.969077286229111
0.289986417453661
0.669130606358842
-0.982099881040273
0.346701794364329
0.623489801858676
-0.991606813167031
0.402176068832584
0.575617065685571
-0.997564050259828
0.456210657353169
0.525683769810354
-0.999950266955943
0.508612130123482
0.473868662472998
-0.998756921218913
0.559192903470838
0.420357228309518
-0.993988284916785
0.607771911354159
0.365341024366298
-0.985661428529854
0.654175253533024
0.309016994374799
-0.973806160042883
0.698236818086100
0.251586763744527
-0.958464918240192
0.739798876047644
0.193255917795521
-0.939692620785916
0.778712646036983
0.134233265817572
-0.917556467632723
0.814838826857057
0.074730093586288
-0.892135700463847
0.848048096156435
0.014959407015076
-0.863521319028165
0.878221573370262
-0.044864830350527
-0.831815755384767
0.905251245281066
-0.104528463267717
-0.797132507222918
0.929040352678566
-0.163817911415252
-0.759595731569240
0.949503736732325
-0.222520933956478
-0.719339800338574
0.966568143838559
-0.280427389305995
-0.676508819316886
0.980172487848563
-0.337329987382871
-0.631256112300249
0.990268068741591
-0.393025031654012
-0.583743672234759
0.996818746958188
-0.447313148315765
-0.534141581324852
0.999801072770523
-0.499999999999976
-0.482627402182487
0.999204370226175
-0.550896981452122
-0.429385542199234
0.995030775365387
-0.599821894687974
-0.374606593415895
0.987295228574565
-0.646599601215897
-0.318486650251618
0.976025421103621
-0.691062648986994
-0.261226607538021
0.961261695938300
-0.733051871829829
-0.203031441367006
0.943056903383021
-0.772416959224634
-0.144109475329982
0.921476211870342
-0.809016994375010
-0.084671634772574
0.896596874675024
-0.842720958654124
-0.024930691737971
0.868507953366967
-0.873408200617121
0.034899496702654
0.837309998994471
-0.900968867902434
0.094604754002515
0.803114692137214
-0.925304300474029
0.153971350836563
0.766044443118850
-0.946327383799208
0.212786770195642
0.726231953809976
-0.963962860695903
0.270840468143133
0.683819742589265
-0.978147600733808
0.327924627507379
0.638959634165558
-0.988830826225138
0.383834901813009
0.591812216084223
-0.995974293995249
0.438371146789132
0.542546263865756
-0.999552432283508
0.491338136832610
0.491338136832463
-0.999552432283502
0.542546263865898
0.438371146788981
-0.995974293995234
0.591812216084359
0.383834901812853
-0.988830826225113
0.638959634165687
0.327924627507220
-0.978147600733773
0.683819742589388
0.270840468142971
-0.963962860695798
0.726231953810092
0.212786770195477
-0.946327383799154
0.766044443119104
0.153971350836396
-0.925304300473965
0.803114692137314
0.094604754002347
-0.900968867902361
0.837309998994563
0.034899496702486
-0.873408200617039
0.868507953367050
-0.024930691738140
-0.842720958654034
0.896596874675099
-0.084671634772742
-0.809016994374911
0.921476211870408
-0.144109475330149
-0.772416959224527
0.943056903383077
-0.203031441367171
-0.733051871829714
0.961261695938347
-0.261226607538184
-0.691062648986872
0.976025421103658
-0.318486650251778
-0.646599601215768
0.987295228574592
-0.374606593416052
-0.599821894687839
0.995030775365404
-0.429385542199592
-0.550896981451982
0.999204370226182
-0.482627402182634
-0.499999999999830
0.999801072770520
-0.534141581324995
-0.447313148315614
0.996818746958175
-0.583743672234896
-0.393025031653857
0.990268068741567
-0.631256112300380
-0.337329987382713
0.980172487848530
-0.676508819317010
-0.280427389305833
0.966568143838516
-0.719339800338691
-0.222520933956314
0.949503736732272
-0.759595731569349
-0.163817911415086
0.929040352678504
-0.797132507223020
-0.104528463267550
0.905251245280994
-0.831815755384861
-0.044864830350359
0.878221573370181
-0.863521319028250
0.014959407015472
0.848048096156346
-0.892135700463924
0.074730093586457
0.814838826856827
-0.917556467632790
0.134233265817739
0.778712646036877
-0.939692620785974
0.193255917795687
0.739798876047531
-0.958464918240240
0.251586763744690
0.698236818085979
-0.973806160042921
0.309016994374959
0.654175253532897
-0.985661428529883
0.365341024366455
0.607771911354025
-0.993988284916803
0.420357228309671
0.559192903470698
-0.998756921218921
0.473868662473146
0.508612130123337
-0.999950266955942
0.525683769810498
0.456210657353019
-0.997564050259816
0.575617065685709
0.402176068832222
-0.991606813167009
0.623489801858808
0.346701794364171
-0.982099881040199
0.669130606358968
0.289986417453500
-0.969077286229069
0.712376096951485
0.232232964430105
-0.952585646243120
0.753071466003626
0.173648177666740
-0.932683996873378
0.791071034656387
0.114441775495414
-0.909443580859403
0.826238774316066
0.054825701469290
-0.882947592858921
0.858448793601958
-0.004986634338880
-0.853290881632122
0.887585789004555
-0.064781119290325
-0.820579610508325
0.913545457642623
-0.124343704647483
-0.784930877348418
0.936234870639774
-0.183461171813831
-0.746472295365004
0.955572805786187
-0.241921895599766
-0.705341536300378
0.971490038292917
-0.299516601786765
-0.661685837596787
0.983929588598635
-0.356039116274548
-0.615661475325542
0.992846926341847
-0.411287103130638
-0.567433204758618
0.998210129767743
-0.465062788901322
-0.517173670587892
0.999999999999999
-0.517173670588026
-0.465062788901184
0.998210129767733
-0.567433204758934
-0.411287103130495
0.992846926341828
-0.615661475325666
-0.356039116274189
0.983929588598607
-0.661685837596905
-0.299516601786616
0.971490038292826
-0.705341536300489
-0.241921895599614
0.955572805786074
-0.746472295365259
-0.183461171813677
0.936234870639719
-0.784930877348656
-0.124343704647327
0.913545457642559
-0.820579610508415
-0.064781119289941
0.887585789004588
-0.853290881632204
-0.004986634338495
0.858448793601877
-0.882947592858994
0.054825701469674
0.826238774315978
-0.909443580859563
0.114441775495344
0.791071034656291
-0.932683996873517
0.173648177666894
0.753071466003523
-0.952585646243237
0.232232964430257
0.712376096951215
-0.969077286229052
0.289986417453650
0.669130606358682
-0.982099881040228
0.346701794364318
0.623489801858508
-0.991606813167029
0.402176068832574
0.575617065685395
-0.997564050259827
0.456210657353361
0.525683769810558
-0.999950266955943
0.508612130123667
0.473868662473008
-0.998756921218913
0.559192903471017
0.420357228309528
-0.993988284916761
0.607771911353969
0.365341024366309
-0.985661428529818
0.654175253533015
0.309016994374810
-0.973806160042834
0.698236818086092
0.251586763744318
-0.958464918240260
0.739798876047636
0.193255917795310
-0.939692620785920
0.778712646036976
0.134233265817358
-0.917556467632727
0.814838826857050
0.074730093586527
-0.892135700463853
0.848048096156549
0.014959407015315
