0.999999999999999
-0.827080574274561
0.368124552684677
0.218143241396543
-0.728968627421412
0.987688340595137
-0.904827052466018
0.509041415750368
0.062790519529316
-0.612907053652976
0.951056516295153
-0.960293685676941
0.637423989748687
-0.094108313318512
-0.481753674101721
0.891006524188370
-0.992114701314476
0.750111069630457
-0.248689887164853
-0.338737920245298
0.809016994374950
-0.999506560365731
0.844327925502009
-0.397147890634773
-0.187381314585731
0.707106781186550
-0.982287250728688
0.917754625683979
-0.535826794978984
-0.031410759078142
0.587785252292482
-0.940880768954228
0.968583161128628
-0.661311865323646
0.125333233564298
0.453990499739550
-0.876306680043864
0.995561964603078
-0.770513242775779
0.278991106039217
0.309016994374958
-0.790155012375695
0.998026728428271
-0.860742027003939
0.425779291565055
0.156434465040248
-0.684547105928700
0.975916761938750
-0.929776485888246
0.562083377852120
0.000000000000010
-0.562083377852137
0.929776485888253
-0.975916761938745
0.684547105928685
-0.156434465040228
-0.425779291565099
0.860742027003957
-0.998026728428269
0.790155012375674
-0.309016994374925
-0.278991106039250
0.770513242775802
-0.995561964603081
0.876306680043854
-0.453990499739532
-0.125333233564319
0.661311865323661
-0.968583161128633
0.940880768954221
-0.587785252292465
0.031410759078121
0.535826794979001
-0.917754625683993
0.982287250728682
-0.707106781186526
0.187381314585697
0.397147890634805
-0.844327925502028
0.999506560365730
-0.809016994374934
0.338737920245272
0.248689887164873
-0.750111069630470
0.992114701314479
-0.891006524188360
0.481753674101703
0.094108313318526
-0.637423989748719
0.960293685676952
-0.951056516295142
0.612907053652949
-0.062790519529281
-0.509041415750398
0.904827052466031
-0.987688340595132
0.728968627421393
-0.218143241396518
-0.368124552684700
0.827080574274573
-0.999999999999999
0.827080574274550
-0.368124552684661
-0.218143241396558
0.728968627421421
-0.987688340595139
0.904827052466014
-0.509041415750362
-0.062790519529322
0.612907053652981
-0.951056516295154
0.960293685676941
-0.637423989748643
0.094108313318457
0.481753674101764
-0.891006524188392
0.992114701314470
-0.750111069630424
0.248689887164806
0.338737920245337
-0.809016994374975
0.999506560365732
-0.844327925501990
0.397147890634741
0.187381314585765
-0.707106781186575
0.982287250728695
-0.917754625683966
0.535826794978966
0.031410759078162
-0.587785252292499
0.940880768954235
-0.968583161128623
0.661311865323630
-0.125333233564278
-0.453990499739569
0.876306680043874
-0.995561964603077
0.770513242775775
-0.278991106039211
-0.309016994374964
0.790155012375699
-0.998026728428271
0.860742027003936
-0.425779291565062
-0.156434465040297
0.684547105928736
-0.975916761938760
0.929776485888228
-0.562083377852080
-0.000000000000059
0.562083377852178
-0.929776485888271
0.975916761938734
-0.684547105928649
0.156434465040180
0.425779291565118
-0.860742027003968
0.998026728428268
-0.790155012375662
0.309016994374905
0.278991106039270
-0.770513242775815
0.995561964603083
-0.876306680043844
0.453990499739514
0.125333233564339
-0.661311865323677
0.968583161128638
-0.940880768954214
0.587785252292449
-0.031410759078100
-0.535826794979018
0.917754625683990
-0.982287250728683
0.707106781186531
-0.187381314585649
-0.397147890634850
0.844327925502054
-0.999506560365728
0.809016994374905
-0.338737920245226
-0.248689887164921
0.750111069630503
-0.992114701314485
0.891006524188338
-0.481753674101660
-0.094108313318575
0.637423989748735
-0.960293685676958
0.951056516295135
-0.612907053652933
0.062790519529260
0.509041415750415
-0.904827052466040
0.987688340595129
-0.728968627421378
0.218143241396498
0.368124552684719
-0.827080574274585
0.999999999999999
-0.827080574274539
0.368124552684642
0.218143241396634
-0.728968627421435
0.987688340595151
-0.904827052466005
0.509041415750295
0.062790519529342
-0.612907053653043
0.951056516295161
-0.960293685676919
0.637423989748671
-0.094108313318436
-0.481753674101732
0.891006524188401
-0.992114701314475
0.750111069630411
-0.248689887164841
-0.338737920245356
0.809016994374953
-0.999506560365733
0.844327925502010
-0.397147890634722
-0.187381314585841
0.707106781186590
-0.982287250728709
0.917754625683957
-0.535826794978901
-0.031410759078183
0.587785252292561
-0.940880768954242
0.968583161128604
-0.661311865323615
0.125333233564201
0.453990499739587
-0.876306680043911
0.995561964603075
-0.770513242775726
0.278991106039191
0.309016994375037
-0.790155012375712
0.998026728428276
-0.860742027003926
0.425779291564992
0.156434465040261
-0.684547105928751
0.975916761938752
-0.929776485888220
0.562083377852110
0.000000000000080
-0.562083377852148
0.929776485888279
-0.975916761938742
0.684547105928634
-0.156434465040215
