0.999999999999999
-0.710273137068056
0.008975858480998
0.697522514745702
-0.999838867929057
0.722794863827390
-0.026924682845661
-0.684547105928689
0.999355523643320
-0.735083659720175
0.044864830350514
0.671351092126004
-0.998550122907320
0.747135564508146
-0.062790519529310
-0.657938725939714
0.997422925272833
-0.758946694294553
0.080695973575215
0.644314329694495
-0.995974293995238
0.770513242775787
-0.098575422202442
-0.630482294044714
0.994204695916451
-0.781831482468024
0.116423103505815
0.616447076559475
-0.992114701314478
0.792897765908470
-0.134233265817649
-0.602213200286086
0.989704983719635
-0.803708526830785
0.152000169561262
0.587785252292477
-0.986976319697495
0.814260281314375
-0.169718089100665
-0.573167882188925
0.983929588598629
-0.824549628907138
0.187381314585721
0.558365800629664
-0.980565772275220
0.834573253721300
-0.204984153792228
-0.543383777794807
0.976885954764650
-0.844327925502006
0.222520933956299
0.528226641853097
-0.972891321940147
0.853810500668339
-0.239986003602552
-0.512899277405905
0.968583161128634
-0.863017923326350
0.257373734365289
0.497406623913220
-0.963962860695856
0.871947226253862
-0.274678522802378
-0.481753674101713
0.959031909598968
-0.880595531856725
0.291894792201022
0.465945472355847
-0.953791896906694
0.888960053096181
-0.309016994374938
-0.449987113092142
0.948244511287228
-0.897038094386957
0.326039611452333
0.433883739117578
-0.942391540464037
0.904827052466009
-0.342957157654124
-0.417640539972151
0.936234870639739
-0.912324417231445
0.359764181061800
0.401262750256493
-0.929776485888253
0.919527772551442
-0.376455265374386
-0.384755647944954
0.923018467515398
-0.926434797042879
0.393025031653919
0.368124552684695
-0.915962993388167
0.933043264819437
-0.409468140058887
-0.351374824081359
0.908612337232887
-0.939351046208917
0.425779291565044
0.334511859971861
-0.900968867902431
0.945356108439563
-0.441953229673199
-0.317541094684859
0.893035048612898
-0.951056516295148
0.457984742103041
0.300467997289465
-0.884813436149751
0.956450432738618
-0.473868662472999
-0.283298069832762
0.876306680043876
-0.961536119504137
0.489599871965053
0.266036845566687
-0.867517521717730
0.966311937657213
-0.505173300974503
-0.248689887164865
0.858448793601878
-0.970776348122908
0.520583930743611
0.231262784929962
-0.849103418222205
0.974927912181814
-0.535826794979000
-0.213761154992123
0.839484407258089
-0.978765291933703
0.550896981452059
0.196190637499103
-0.829594860571843
0.982287250728681
-0.565789633582173
-0.178556894798643
0.819437965209743
-0.985492653565720
0.580499952001533
0.160865609613704
-0.809016994374958
0.988380467458425
-0.595023196101998
-0.143122483211124
0.798335306372712
-0.990949761767929
0.609354685562771
0.125333233564308
-0.787396343528022
0.993199708502808
-0.623489801858697
-0.107503593510528
0.776203631076363
-0.995129582585907
0.637423989748655
0.089639308903435
-0.764760776027608
0.996738762088011
-0.651152758743540
-0.071746136761380
0.753071466003620
-0.998026728428269
0.664671684553393
0.053829843412185
-0.741139468049863
0.998993066541312
-0.677976410513190
-0.035896202634638
0.728968627421419
-0.999637465011019
0.691062648986835
0.017950993798152
-0.716562866343800
0.999959716170870
-0.703926182748916
-0.000000000000053
0.703926182748952
-0.999959716170870
0.716562866343765
-0.017950993798045
-0.691062648986871
0.999637465011021
-0.728968627421385
0.035896202634531
0.677976410513226
-0.998993066541315
0.741139468049830
-0.053829843412078
-0.664671684553431
0.998026728428272
-0.753071466003587
0.071746136761330
0.651152758743621
-0.996738762088015
0.764760776027576
-0.089639308903385
-0.637423989748737
0.995129582585912
-0.776203631076331
0.107503593510478
0.623489801858781
-0.993199708502814
0.787396343527991
-0.125333233564258
-0.609354685562855
0.990949761767936
-0.798335306372682
0.143122483211075
0.595023196102084
-0.988380467458432
0.809016994374929
-0.160865609613655
-0.580499952001620
0.985492653565728
-0.819437965209715
0.178556894798594
0.565789633582261
-0.982287250728690
0.829594860571783
-0.196190637499054
-0.550896981452101
0.978765291933725
-0.839484407258062
0.213761154992130
0.535826794979042
-0.974927912181825
0.849103418222149
-0.231262784929913
-0.520583930743605
0.970776348122933
-0.858448793601853
0.248689887164762
0.505173300974546
-0.966311937657225
0.867517521717677
-0.266036845566639
-0.489599871965047
0.961536119504166
-0.876306680043852
0.283298069832660
0.473868662473043
-0.956450432738633
0.884813436149701
-0.300467997289418
-0.457984742103061
0.951056516295172
-0.893035048612875
0.317541094684757
0.441953229673270
-0.945356108439570
0.900968867902385
-0.334511859971814
-0.425779291565064
0.939351046208944
-0.908612337232866
0.351374824081259
