0.999999999999999
-0.813970704787286
0.325096616503825
0.284732460668125
-0.788624379875529
0.999101823931318
-0.837854851683748
0.364876784337618
0.243856825068128
-0.761861407873407
0.996408909165775
-0.860233916226589
0.404001504979994
0.202543136739209
-0.733729864502877
0.991926093126565
-0.881067697735384
0.442400496655400
0.160865609613700
-0.704280283922001
0.985661428529862
-0.900318771402192
0.480004781253070
0.118899111206534
-0.673565567947799
0.977626168919304
-0.917952555519683
0.516746808235991
0.076719028126822
-0.641640891025961
0.967834748450666
-0.933937373602070
0.552560575985463
0.034401130656957
-0.608563601118109
0.956304755963036
-0.948244511287224
0.587381750363241
-0.007978563357490
-0.574393116684668
0.943056903383061
-0.960848267917785
0.621147780278306
-0.050343925062598
-0.539190819948384
0.928114988519040
-0.971726002708591
0.653798010050650
-0.092618851350316
-0.503019946630240
0.911505852311675
-0.980858175417501
0.685273788370237
-0.134727401566450
-0.465945472355830
0.893259330618291
-0.988228381446551
0.715518573655406
-0.176593933926820
-0.428033995936260
0.873408200617132
-0.993823381310387
0.744478035621468
-0.218143241396535
-0.389353619733226
0.851988121928005
-0.997633124419045
0.772100152877021
-0.259300686788316
-0.349973827323194
0.829037572555046
-0.999650767132349
0.798335306372696
-0.299992336837166
-0.309965358680430
0.804597779766673
-0.999872685053500
0.823136368534436
-0.340145095010545
-0.269400083103091
0.778712646036899
-0.998298479539764
0.846458787921219
-0.379686832815490
-0.228350870110665
0.751428670181026
-0.994930978418582
0.868260669255130
-0.418546519366777
-0.186891458544647
0.722794863827398
-0.989776230907789
0.888502848680037
-0.456654348983415
-0.145096324107618
0.692862663375259
-0.982843496749095
0.907148964113666
-0.493941866584220
-0.103040545578654
0.661685837596868
-0.974145229574323
0.924165520566703
-0.530342090657255
-0.060799669945405
0.629320391049846
-0.963697054534304
0.939521950311593
-0.565789633582203
-0.018449576695099
0.595824463473277
-0.951517740230602
0.953190667792942
-0.600220819089569
0.023933658491737
0.561258225348255
-0.937629165000499
0.965147119180887
-0.633573796645674
0.066273900399986
0.525683769810516
-0.922056277615794
0.975369826478423
-0.665788652557998
0.108495091045601
0.489165001109302
-0.904827052466025
0.983840426103446
-0.696807517601268
0.150521386302522
0.451767519812822
-0.885972439306616
0.990543701876214
-0.726574670970964
0.192277292145440
0.413558504966535
-0.865526307662214
0.995467612352966
-0.755036640377509
0.233687800263646
0.374606593415927
-0.843525385985100
0.998603312456593
-0.782142298101324
0.274678522802374
0.334981756510566
-0.820009195677952
0.999945169365511
-0.807842952836224
0.315175825989577
0.294755174410921
-0.795019980099491
0.999490772632194
-0.832092437156143
0.355106962408120
0.253999108223724
-0.768602628680533
0.997240938513186
-0.854847190448094
0.394400201675748
0.212786770195580
-0.740804596286762
0.993199708502814
-0.876066337162365
0.432984959298120
0.171192192197994
-0.711675817973084
0.987374342073246
-0.895711760239403
0.470791923463411
0.129290092740053
-0.681268619282680
0.979775303633917
-0.913748169581475
0.507753179550736
0.087155742747679
-0.649637622251910
0.970416243733771
-0.930143165446108
0.543802332128722
0.044864830350536
-0.616839647289897
0.959313974540063
-0.944867296647439
0.578874624225086
0.002493324919501
-0.582933611109066
0.946488439637788
-0.957894113460913
0.612907053652958
-0.039882659401082
-0.547980420889977
0.931962678203981
-0.969200215136305
0.645838486184997
-0.082187000421207
-0.512042864870591
0.915762783621240
-0.978765291933706
0.677609765371986
-0.124343704647462
-0.475185499556473
0.897917856604824
-0.986572161606964
0.708163818808652
-0.166277043794049
-0.437474533754583
0.878459952927493
-0.992606800269059
0.737445760655760
-0.207911690817735
-0.398977709638890
0.857424025836188
-0.996858367583924
0.765402990234601
-0.249172855231237
-0.359764181061830
0.834847863263451
-0.999319226239542
0.791985286515988
-0.289986417453561
-0.319904389329176
0.810772019947105
-0.999984955667193
0.817144898335113
-0.330279061955088
-0.279469936662891
0.785239744579810
-0.998854359982401
0.840836630169582
-0.369978408957853
-0.238533457578552
0.758296902119068
-0.995929470133146
0.863017923326335
-0.409013144454907
-0.197168488407969
0.729991891397452
-0.991215540251544
0.883648932391935
-0.447313148315607
-0.155449335201816
0.700375558181390
-0.984721038215621
0.902692596809102
-0.484809620246262
-0.113450940250008
0.669501103834428
-0.976457630438013
0.920114707450614
-0.521435203379472
-0.071248747459197
0.637423989748712
-0.966440160908928
0.935883968070823
-0.557124105270594
-0.028918566828715
0.604201837716608
-0.954686624531133
0.949972051524660
-0.591812216084342
0.013463561731098
0.569894326421832
-0.941218134794845
0.962353650653271
-0.625437223758813
0.055821504993132
0.534563084235716
-0.926058885850433
0.973006523744637
-0.657938725939688
0.098079173175362
0.498271578510773
-0.909236109047105
0.981911534487433
-0.689258338483964
0.140160656625113
0.461085001570788
-0.890780024015875
0.989052686346547
-0.719339800338628
0.181990362179763
0.423070153602625
-0.870723784384581
0.994417151298562
-0.748129074605466
0.223493148958444
0.384295322659782
-0.849103418222211
0.997995292875416
-0.775574445610190
0.264594463341306
0.344830161992805
-0.825957763319680
0.999780683474844
-0.801626611801854
0.305220472894301
0.304745564927308
-0.801328397423574
0.999770115906613
-0.826238774315974
0.345298198998448
0.264113537514793
-0.775259563548024
0.997963609153805
-0.849366721041884
0.384755647944902
0.223007069184656
-0.747798090498555
0.994364408338688
-0.870968906043105
0.423521940260807
0.181500001629252
-0.718993308750908
0.988978978893323
-0.891006524188376
0.461527438034002
0.139666896157992
-0.688896961836257
0.981816994945411
-0.909443580859465
0.498703870007435
0.097582899759187
-0.657563113391787
0.972891321940153
-0.926246956610272
0.534984454218167
0.055323610109829
-0.625048050043209
0.962217993529310
-0.941386466660889
0.570304017961107
0.012964939775318
-0.591410180293986
0.949816182769152
-0.954834915120031
0.604599114862343
-0.029417020156470
-0.556709929603242
0.935708167678971
-0.966568143838536
0.637808138851351
-0.071746136761339
-0.521009631840562
0.919919291221872
-0.976565075805954
0.669871434826994
-0.113946372040088
-0.484373417312235
0.902477915779790
-0.984807753012200
0.700731405818924
-0.155941919509766
-0.446867097560441
0.883415372204726
-0.991281368706426
0.730332616452214
-0.197657340379029
-0.408558047142725
0.862765903537619
-0.995974293995234
0.758621892528957
-0.239017699062548
-0.369515082603786
0.840566603495707
-0.998878098732271
0.785548416547681
-0.279948697791487
-0.329808338856530
0.816857349839013
-0.999987566661691
0.811063818989334
-0.320376810078688
-0.289509143194850
0.791680732735951
-0.999300704788397
0.835122265206141
-0.360229412798344
-0.248689887164898
0.765081978256526
-0.996818746958194
0.857680537756890
-0.399434916642485
-0.207423896524595
0.737108867130275
-0.992546151641334
0.878698114040525
-0.437922894720376
-0.165785299524542
0.707811648915090
-0.986490593923528
0.898137239088902
-0.475624209070234
-0.123848893747345
0.677242951731446
-0.978662951718835
0.915962993388147
-0.512471134855550
-0.081690011745042
0.645457687723942
-0.969077286229089
0.932143355606479
-0.548397482022529
-0.039384385715540
0.612512954419606
-0.957750816684960
0.946649260115680
-0.583338714200550
0.002991988539308
0.578467932160438
-0.944703889414223
0.959454649203135
-0.617232064632419
0.045362988129148
0.543383777794751
-0.929959941292483
0.970536519880760
-0.650016648925739
0.087652499818306
0.507323514818602
-0.913545457642620
0.979874965206514
-0.681633574422611
0.129784556752295
0.470351920162276
-0.895489924657348
0.987453210044176
-0.712026045991000
0.171683474920140
0.432535407828857
-0.875825776431825
0.993257641197461
-0.741139468049820
0.213273989110864
0.393941909591102
-0.854588336700958
0.997277831863998
-0.768921542641128
0.254481388115625
0.354640752961846
-0.831815755384897
0.999506560365727
-0.795322363375853
0.295231648934705
0.314702536658221
-0.807548940058763
0.999939823121438
-0.820294505083369
0.335451569750205
0.274199003780239
-0.781831482468133
0.998576841838648
-0.843793109003278
0.375068901421404
0.233202912935534
-0.754709580222769
0.995420064911706
-0.865775963368342
0.414012477269879
0.191787907539957
-0.726231953810030
0.990475163023591
-0.886203579231241
0.452212340920121
0.150028383526752
-0.696449759074846
0.983751018959380
-0.905039261400341
0.489599871965004
0.107999355706134
-0.665416495326217
0.975259711649582
-0.922249174357832
0.526107909233432
0.065776323012061
-0.633187909234138
0.965016494472325
-0.937802403039789
0.561670871434817
0.023435132879329
-0.599821894687958
0.953039767852638
-0.951671008370626
0.596224874965615
-0.018948155004212
-0.565378388799222
0.939351046208903
-0.963830077451576
0.629707848667923
-0.061297405329013
-0.529919264233350
0.923974919305651
-0.974257768312777
0.662059645330365
-0.103536543928962
-0.493508218064348
0.906939008081240
-0.982935349149532
0.693222149733860
-0.145589694436703
-0.456210657353215
0.888273915031209
-0.989847231970990
0.723139383047174
-0.187381314585666
-0.418093581652661
0.868013169235353
-0.994981000601598
0.751757603383980
-0.228836331909672
-0.379225462652879
0.846193166127565
-0.998327432985145
0.779025402343172
-0.269880278599747
-0.339676121182926
0.822853102117300
-0.999880517750667
0.804893797355945
-0.310439425274744
-0.299516601786677
0.798034904178314
-0.999637465011025
0.829316319675348
-0.350440913424410
-0.258819045102635
0.771783154533378
-0.997598711374512
0.852249097851357
-0.389812886290229
-0.217656558273734
0.744145010569356
-0.993767919160602
0.873650936538880
-0.428484617944797
-0.176103083620944
0.715170120125094
-0.988151969821071
0.893483390499247
-0.466386640339885
-0.134233265817718
0.684910532306971
-0.980760951578474
0.911710833661491
-0.503450868096763
-0.092122317800537
0.653420603990240
-0.971608141304306
0.928300523118933
-0.539610720810682
-0.049845885660648
0.620756902174759
-0.960709980668833
0.943222657947560
-0.574801242652931
-0.007479912757742
0.586978102371449
-0.948086046606205
0.956450432738644
-0.608959219054565
0.034899496702435
0.552144883199362
-0.933759016147356
0.967960085750527
-0.642023290261300
0.077216214377117
0.516319817386014
-0.917754625683984
0.977730941593496
-0.673934061558342
0.119394224540065
0.479567259365335
-0.900101624737277
0.985745448369772
-0.704634209963627
0.161357760632796
0.441953229673287
-0.880831724313133
0.991989209202979
-0.734068587199620
0.203031441367109
0.403545296352504
-0.859979539938251
0.996451008100017
-0.762184318760030
0.244340406137772
0.364412453576098
-0.837582529478825
0.999122830098854
-0.788930898890375
0.285210449497844
0.324624997709616
-0.813680925852357
0.999999875666361
-0.814260281314271
0.325568154457144
0.284254401034870
-0.788317664755607
0.999080569319847
-0.838126965541587
0.365341024366329
0.243373183359271
-0.761538307536856
0.996366562457243
-0.860488078602843
0.404457613145529
0.202054781745347
-0.733390959351527
0.991862730390578
-0.881303452064931
0.442847653626885
0.160373418592592
-0.703926182748996
0.985577163588210
-0.900535694187339
0.480442183779323
0.118403968306573
-0.673196906843541
0.977521153141500
-0.918150257090621
0.517173670587849
0.076221822799015
-0.641258332235441
0.967709170481974
-0.934115498817162
0.552976131367830
0.033902756057158
-0.608167831851800
0.956158841385761
-0.948402740170864
0.587785252292504
-0.008477211973231
-0.573984847883540
0.942890914311171
-0.960986316235184
0.621538503922726
-0.050841951945547
-0.538770785006974
0.927929223127279
-0.971843622476418
0.654175253532977
-0.093115361868817
-0.502588900079214
0.911300644300181
-0.980955155349176
0.685636874028337
-0.135221503812999
-0.465504188506384
0.893035048612919
-0.988304547331970
0.715866849259585
-0.177084740319563
-0.427583267489778
0.873165247507346
-0.993878596328830
0.744810875546254
-0.218629870274361
-0.388894256356718
0.851726934143147
-0.997667289384866
0.772416959224549
-0.259782263994402
-0.349506654194833
0.828758619280228
-0.999663820673244
0.798635510047211
-0.300467997289268
-0.309491215007874
0.804301562100330
-0.999864603720716
0.823419430264558
-0.340613984255210
-0.268919820615342
0.778399696090274
-0.998269277850227
0.846724199228271
-0.380148108562305
-0.227865351528270
0.751099550122277
-0.994880708828790
0.868507953366948
-0.418999353002071
-0.186401556029950
0.722450164872192
-0.989704983719645
0.888731561387283
-0.457097927058723
-0.144602917697824
0.692503004724305
-0.982751399947643
0.907358694567782
-0.494375392276914
-0.102544521605647
0.661311865323755
-0.974032448597802
0.924355892018031
-0.530764785202533
-0.060301919442909
0.628932776940471
-0.963563791977110
0.939692620785879
-0.566200737671818
-0.017950993798066
0.595423903818893
-0.951364235479218
0.953341330705919
-0.600619594235813
0.024432178152627
0.560845439695233
-0.937455693803518
0.965277503888974
-0.633959526508140
0.066771461307875
0.525259499667249
-0.921863151588576
0.975479698764706
-0.666160644229844
0.108990799405888
0.488730008614172
-0.904614618530830
0.983929588598613
-0.697165102854462
0.151014351648436
0.451322586365724
-0.885741079069690
0.990611994413032
-0.726917207456633
0.192766628937852
0.413104429824620
-0.865276436728017
0.995514912253995
-0.755363512779344
0.234172629481140
0.374144192258048
-0.843257453209700
0.998629534754571
-0.782452919241391
0.275157973520948
0.334511859972034
-0.819723682363082
0.999950266955941
-0.808136764729579
0.315649036947127
0.294278626591171
-0.794717399127608
0.999474736358014
-0.832368912013166
0.355573083550912
0.253516765170666
-0.768283523593616
0.997203797181177
-0.855105831622707
0.394858395686074
0.212299498367191
-0.740469540309920
0.993141528831901
-0.876306680043820
0.433434403098192
0.170700866905840
-0.711325412984680
0.987295228574609
-0.895933373087255
0.471231809693900
0.128795596577596
-0.680903494733621
0.979675398423264
-0.913950654301107
0.508182718021269
0.086658964004157
-0.649258434034464
0.970295726276045
-0.930326158303565
0.544220751236753
0.044366661415509
-0.616447076559452
0.959173061326997
-0.945030468923115
0.579281172342557
0.001994660679799
-0.582528363061068
0.946327383799193
-0.958037172039947
0.613301000476473
-0.040380923169113
-0.547563223492627
0.931781769052862
-0.969322903035117
0.646219124047154
-0.082683968660155
-0.511614467557327
0.915562346134050
-0.978867388761677
0.677976410513151
-0.124838484627368
-0.474746671879728
0.897698250837959
-0.986653483962189
0.708515812605046
-0.166768746716121
-0.437026064003190
0.878221573370273
-0.992667202067954
0.737782470802615
-0.208399433410041
-0.398520403422698
0.857167300702190
-0.996897740323618
0.765723811882000
-0.249655761336330
-0.359298859863738
0.834573253721417
-0.999337499192697
0.792289643355131
-0.290463619602139
-0.319431889029696
0.810480019292541
-0.999982096009160
0.817432243634147
-0.330749702924051
-0.278991106039267
0.784930877348723
-0.998830372850138
0.841106447755026
-0.370441643310186
-0.238049156779201
0.757971723145405
-0.995884398615989
0.863269728510735
-0.409468140059008
-0.196679587407559
0.729650984817439
-0.991149465313824
0.883882272844518
-0.447759087838834
-0.154956712238702
0.700019536383372
-0.984634078551203
0.902907053368305
-0.485245702624199
-0.112955480248618
0.669130606358931
-0.976349942256962
0.920309894876938
-0.521860645254511
-0.070751340439709
0.637039682139586
-0.966311937657219
0.936059535738877
-0.557538142399318
-0.028420106309632
0.603804410325647
-0.954538096542912
0.950127684053098
-0.592214104710367
0.013962180339158
0.569484493168675
-0.941049568878690
0.962489068471431
-0.625826241948647
0.056319385995454
0.534141581324822
-0.925870584810054
0.973121483594291
-0.658314174879587
0.098575422202342
0.497839163110078
-0.909028411137477
0.982005829860187
-0.689619543735430
0.140654382238866
0.460642450450622
-0.890553302335635
0.989126147854717
-0.719686113050236
0.182480677475226
0.422618261740741
-0.870478446205488
0.994469646979431
-0.748459872677309
0.223979173156578
0.383834901813096
-0.848839904258183
0.998026728428257
-0.775889134812371
0.265075323371506
0.344362039239186
-0.825676546934590
0.999791002430331
-0.801924626841760
0.305695304963168
0.304270581180064
-0.801029983781144
0.999759299728268
-0.826519579853723
0.345766150139940
0.263632546012105
-0.774944488704246
0.997931677271286
-0.849629812651848
0.385215877553883
0.222520933956639
-0.747466920438730
0.994311418112901
-0.871213811120052
0.423973621602838
0.181009595945407
-0.718646638373080
0.988905025513389
-0.891232802796763
0.461969759730444
0.139173100960059
-0.688535413882584
0.981722211257654
-0.909650826523063
0.499136037492763
0.097086602077339
-0.657187337329714
0.972775878209434
-0.926434797042889
0.535405691167300
0.054825701469468
-0.624658720898432
0.962082097133223
-0.941554564434924
0.570713567684528
0.012466314595581
-0.591007997439088
0.949660077825513
-0.954982968272698
0.604996241664244
-0.029915466169175
-0.556295615500348
0.935532134607238
-0.966695886414276
0.638192129352152
-0.072243508222338
-0.520583930743702
0.919723646239216
-0.976672278334119
0.670241599244454
-0.114441775495548
-0.483937093930391
0.902263010333655
-0.984894222919278
0.701087079207408
-0.156434465040289
-0.446420935684051
0.883181592341023
-0.991346950662025
0.730673159897153
-0.198146143199399
-0.408102848235734
0.862513669207313
-0.996018870191128
0.758946694294407
-0.239501881110663
-0.369051664363305
0.840296367800424
-0.998901589093855
0.785856893175226
-0.280427389305894
-0.329337533745216
0.816569598217222
-0.999989928992004
0.811355416346331
-0.320849151160971
-0.289031796944472
0.791375982090961
-0.999281934843872
0.835396459481377
-0.360694554957590
-0.248206857257522
0.764760776027525
-0.996778878456260
0.857936836400626
-0.399892024319479
-0.206936050652031
0.736771790309783
-0.992485256199860
0.878936056650089
-0.438371146788769
-0.165293514029655
0.707459303011773
-0.986408780932191
0.898356398235589
-0.476062800311969
-0.123354052050061
0.676875969682704
-0.978560368142491
0.916162975385008
-0.512899277405903
-0.081193002755414
0.645076728758770
-0.968954116344020
0.932323801215428
-0.548814406786620
-0.038886102236730
0.612118702874370
-0.957607281747654
0.946809845192824
-0.583743672234693
0.003490651415276
0.578061096249746
-0.944540247263970
0.959595085281266
-0.617624328489479
0.045861134627697
0.542965088339350
-0.929776485888294
0.970656554687118
-0.650395513961699
0.088149235092907
0.506893723932005
-0.913342518534928
0.979974383116318
-0.681998360062286
0.130278988491252
0.469911799899860
-0.895267866396252
0.987531832467851
-0.712376096951419
0.172174714950169
0.432085748801988
-0.875584997912268
