0.999999999999999
-0.558365800629662
-0.376455265374391
0.978765291933710
-0.716562866343792
-0.178556894798635
0.915962993388166
-0.844327925502015
0.026924682845664
0.814260281314378
-0.936234870639737
0.231262784929953
0.677976410513220
-0.988380467458430
0.425779291565074
0.512899277405905
-0.998550122907320
0.602213200286086
0.326039611452341
-0.966311937657222
0.753071466003614
0.125333233564303
-0.893035048612883
0.871947226253864
-0.080695973575218
-0.781831482468027
0.953791896906693
-0.283298069832757
-0.637423989748687
0.995129582585911
-0.473868662472999
-0.465945472355821
0.994204695916450
-0.644314329694500
-0.274678522802380
0.951056516295149
-0.787396343528012
-0.071746136761376
0.867517521717714
-0.897038094386971
0.134233265817666
0.747135564508140
-0.968583161128631
0.334511859971849
0.595023196102032
-0.998993066541314
0.520583930743617
0.417640539972118
-0.986976319697494
0.684547105928691
0.222520933956308
-0.933043264819440
0.819437965209738
0.017950993798084
-0.839484407258068
0.919527772551451
-0.187381314585731
-0.710273137068050
0.980565772275221
-0.384755647944948
-0.550896981452100
0.999959716170870
-0.565789633582220
-0.368124552684656
0.976885954764644
-0.722794863827391
-0.169718089100653
0.912324417231452
-0.849103418222204
0.035896202634592
0.809016994374931
-0.939351046208928
0.239986003602568
0.671351092125989
-0.989704983719635
0.433883739117579
0.505173300974490
-0.998026728428271
0.609354685562821
0.317541094684839
-0.963962860695847
0.758946694294561
0.116423103505796
-0.888960053096186
0.876306680043864
-0.089639308903453
-0.776203631076347
0.956450432738638
-0.291894792201045
-0.630482294044690
0.995974293995240
-0.481753674101720
-0.457984742103047
0.993199708502811
-0.651152758743593
-0.266036845566660
0.948244511287224
-0.792897765908487
-0.062790519529305
0.863017923326337
-0.900968867902424
0.143122483211149
0.741139468049842
-0.970776348122919
0.342957157654152
0.587785252292464
-0.999355523643321
0.528226641853097
0.409468140058861
-0.985492653565722
0.691062648986870
0.213761154992090
-0.929776485888246
0.824549628907157
0.008975858480980
-0.834573253721283
0.923018467515405
-0.196190637499106
-0.703926182748925
0.982287250728696
-0.393025031653927
-0.543383777794788
0.999838867929057
-0.573167882188919
-0.359764181061794
0.974927912181816
-0.728968627421443
-0.160865609613692
0.908612337232864
-0.853810500668367
0.044864830350515
0.803708526830778
-0.942391540464045
0.248689887164903
0.664671684553418
-0.990949761767937
0.441953229673264
0.497406623913220
-0.997422925272832
0.616447076559497
0.309016994374897
-0.961536119504145
0.764760776027616
0.107503593510480
-0.884813436149735
0.880595531856747
-0.098575422202481
-0.770513242775754
0.959031909598969
-0.300467997289481
-0.623489801858696
0.996738762088014
-0.489599871965073
-0.449987113092084
0.992114701314477
-0.657938725939725
-0.257373734365270
0.945356108439552
-0.798335306372707
-0.053829843412101
0.858448793601843
-0.904827052466020
0.152000169561287
0.735083659720151
-0.972891321940156
0.351374824081354
0.580499952001549
-0.999637465011021
0.535826794979001
0.401262750256453
-0.983929588598622
0.697522514745742
0.204984153792215
-0.926434797042875
0.829594860571857
-0.000000000000008
-0.829594860571816
0.926434797042902
-0.204984153792287
-0.697522514745689
0.983929588598635
-0.401262750256521
-0.535826794978987
0.999637465011019
-0.580499952001609
-0.351374824081285
0.972891321940139
-0.735083659720201
-0.152000169561214
0.904827052466013
-0.858448793601881
0.053829843412175
0.798335306372697
-0.945356108439575
0.257373734365341
0.657938725939670
-0.992114701314479
0.449987113092150
0.489599871965009
-0.996738762088013
0.623489801858753
0.300467997289411
-0.959031909598948
0.770513242775800
0.098575422202408
-0.880595531856712
0.884813436149743
-0.107503593510553
-0.764760776027569
0.961536119504165
-0.309016994374967
-0.616447076559439
0.997422925272837
-0.497406623913234
-0.441953229673198
0.990949761767927
-0.664671684553473
-0.248689887164831
0.942391540464020
-0.803708526830822
-0.044864830350498
0.853810500668329
-0.908612337232894
0.160865609613764
0.728968627421393
-0.974927912181832
0.359764181061862
0.573167882188906
-0.999838867929058
0.543383777794849
0.393025031653859
-0.982287250728682
0.703926182748977
0.196190637499034
-0.923018467515388
0.834573253721323
-0.008975858481053
-0.824549628907131
0.929776485888283
-0.213761154992162
-0.691062648986858
0.985492653565740
-0.409468140058928
-0.528226641853083
0.999355523643318
-0.587785252292500
-0.342957157654137
0.970776348122901
-0.741139468049872
-0.143122483211020
0.900968867902392
-0.863017923326360
0.062790519529407
0.792897765908442
-0.948244511287230
0.266036845566759
0.651152758743537
-0.993199708502813
0.457984742103138
0.481753674101680
-0.995974293995238
0.630482294044770
0.291894792201002
-0.956450432738633
0.776203631076394
0.089639308903408
-0.876306680043815
0.888960053096219
-0.116423103505841
-0.758946694294495
0.963962860695866
-0.317541094684855
-0.609354685562740
0.998026728428273
-0.505173300974504
-0.433883739117487
0.989704983719628
-0.671351092126002
-0.239986003602497
0.939351046208912
-0.809016994375008
-0.035896202634518
0.849103418222180
-0.912324417231493
0.169718089100725
0.722794863827379
-0.976885954764666
0.368124552684724
0.565789633582206
-0.999959716170871
0.550896981452138
0.384755647944933
-0.980565772275204
0.710273137068082
0.187381314585617
-0.919527772551422
0.839484407258092
-0.017950993798200
-0.819437965209695
0.933043264819451
-0.222520933956407
-0.684547105928648
0.986976319697497
-0.417640539972211
-0.520583930743567
0.998993066541313
-0.595023196102102
-0.334511859971806
0.968583161128630
-0.747135564508198
-0.134233265817621
0.897038094386920
-0.867517521717750
0.071746136761406
0.787396343527949
-0.951056516295171
0.274678522802409
0.644314329694422
-0.994204695916456
0.465945472355836
0.473868662472922
-0.995129582585906
0.637423989748694
0.283298069832673
-0.953791896906679
0.781831482468099
0.080695973575145
-0.871947226253846
0.893035048612932
-0.125333233564369
-0.753071466003593
0.966311937657248
-0.326039611452397
-0.602213200286067
0.998550122907325
-0.512899277405950
-0.425779291565062
0.988380467458417
-0.677976410513253
-0.231262784929837
0.936234870639709
-0.814260281314400
-0.026924682845552
0.844327925501976
-0.915962993388178
0.178556894798739
0.716562866343747
-0.978765291933715
0.376455265374482
0.558365800629615
-0.999999999999999
0.558365800629737
0.376455265374345
-0.978765291933708
0.716562866343849
0.178556894798594
-0.915962993388119
0.844327925502055
-0.026924682845699
-0.814260281314314
0.936234870639761
-0.231262784929980
-0.677976410513145
0.988380467458439
-0.425779291565092
-0.512899277405824
0.998550122907317
-0.602213200286093
-0.326039611452258
0.966311937657211
-0.753071466003690
-0.125333233564223
0.893035048612866
-0.871947226253918
0.080695973575291
0.781831482468008
-0.953791896906723
0.283298069832814
0.637423989748668
-0.995129582585920
0.473868662473051
0.465945472355807
-0.994204695916440
0.644314329694534
0.274678522802377
-0.951056516295126
0.787396343528040
0.071746136761260
-0.867517521717677
0.897038094386985
-0.134233265817767
-0.747135564508101
0.968583161128638
-0.334511859971945
-0.595023196101984
0.998993066541315
-0.520583930743692
-0.417640539972078
0.986976319697492
-0.684547105928755
-0.222520933956264
0.933043264819398
-0.819437965209780
-0.017950993798053
0.839484407258012
-0.919527772551480
0.187381314585761
0.710273137067978
-0.980565772275233
0.384755647944964
0.550896981452015
-0.999959716170870
0.565789633582233
0.368124552684587
-0.976885954764635
0.722794863827481
0.169718089100580
-0.912324417231433
0.849103418222258
-0.035896202634665
-0.809016994374921
0.939351046208962
-0.239986003602639
-0.671351092125977
0.989704983719650
-0.433883739117620
-0.505173300974476
0.998026728428264
-0.609354685562857
-0.317541094684823
0.963962860695827
-0.758946694294591
-0.116423103505695
0.888960053096152
-0.876306680043886
0.089639308903554
0.776203631076301
-0.956450432738642
0.291894792201142
0.630482294044656
-0.995974293995241
0.481753674101809
0.457984742103007
-0.993199708502809
0.651152758743649
0.266036845566617
-0.948244511287183
0.792897765908531
0.062790519529260
-0.863017923326285
0.900968867902456
-0.143122483211165
-0.741139468049774
0.970776348122936
-0.342957157654168
-0.587785252292381
0.999355523643323
-0.528226641853111
-0.409468140058794
0.985492653565715
-0.691062648986964
-0.213761154992018
0.929776485888229
-0.824549628907215
-0.008975858480906
0.834573253721273
-0.923018467515444
0.196190637499178
0.703926182748913
-0.982287250728710
0.393025031653995
0.543383777794774
-0.999838867929055
0.573167882188980
0.359764181061778
-0.974927912181825
0.728968627421532
0.160865609613563
-0.908612337232833
0.853810500668376
-0.044864830350531
-0.803708526830802
0.942391540464089
-0.248689887164974
-0.664671684553363
0.990949761767939
-0.441953229673228
-0.497406623913057
0.997422925272822
-0.616447076559555
-0.309016994374882
0.961536119504140
-0.764760776027590
-0.107503593510350
0.884813436149675
-0.880595531856782
0.098575422202498
0.770513242775779
-0.959031909599022
0.300467997289606
0.623489801858638
-0.996738762088020
0.489599871965087
0.449987113092120
-0.992114701314453
0.657938725939823
0.257373734365198
-0.945356108439546
0.798335306372717
0.053829843412142
-0.858448793601776
0.904827052466075
