0.999999999999999
-0.261707925628599
-0.863017923326350
0.713425186616681
0.489599871965053
-0.969689520376686
0.017950993798095
0.960293685676943
-0.520583930743605
-0.687811804415959
0.880595531856736
0.226894144495882
-0.999355523643321
0.296184377620473
0.844327925502018
-0.738118997487335
-0.457984742103073
0.977835471138025
-0.053829843412122
-0.949660077825428
0.550896981452098
0.661311865323657
-0.897038094386963
-0.191787907539967
0.997422925272834
-0.330279061955154
-0.824549628907145
0.761861407873398
0.425779291565086
-0.984721038215624
0.089639308903419
0.937802403039832
-0.580499952001562
-0.633959526508174
0.912324417231448
0.156434465040246
-0.994204695916452
0.363948032196764
0.803708526830799
-0.784621814930582
-0.393025031653932
0.990337346439115
-0.125333233564288
-0.924735945302244
0.609354685562790
0.605790043840834
-0.926434797042881
-0.120879385912350
0.989704983719637
-0.397147890634765
-0.781831482468046
0.806370881570449
0.359764181061824
-0.994677156652774
0.160865609613674
0.910477546658824
-0.637423989748665
-0.576839726452766
0.939351046208915
0.085168498971978
-0.983929588598634
0.429835844221516
0.758946694294569
-0.827080574274543
-0.326039611452367
0.997734875046454
-0.196190637499062
-0.895045585511187
0.664671684553406
0.547145889934115
-0.951056516295143
-0.049347833863793
0.976885954764652
-0.461969759730559
-0.735083659720206
0.846724199228270
0.291894792201067
-0.999506560365729
0.231262784929925
0.878459952927527
-0.691062648986850
-0.516746808236020
0.961536119504137
0.013463561731208
-0.968583161128638
0.493508218064309
0.710273137068073
-0.865276436727928
-0.257373734365345
0.999989928992004
-0.266036845566640
-0.860742027003967
0.716562866343772
0.485681664337342
-0.970776348122905
0.022438064295774
0.959031909598976
-0.524410567641322
-0.684547105928712
0.882713373816662
0.222520933956366
-0.999184357885975
0.300467997289408
0.841914645309199
-0.741139468049829
-0.453990499739589
0.978765291933699
-0.058310768718899
-0.948244511287241
0.554636976794260
0.657938725939743
-0.899012535107099
-0.187381314585785
0.997090885390705
-0.334511859971794
-0.822002075447929
0.764760776027568
0.421714162855358
-0.985492653565719
0.094108313318466
0.936234870639757
-0.584148485111054
-0.630482294044752
0.914152911751068
0.152000169561309
-0.993712209893247
0.368124552684619
0.801029983781142
-0.787396343527977
-0.388894256356654
0.990949761767927
-0.129784556752232
-0.923018467515422
0.612907053652937
0.602213200286129
-0.928114988519012
-0.116423103505873
0.989052686346552
-0.401262750256408
-0.779025402343279
0.809016994374909
0.355573083550984
-0.995129582585902
0.165293514029420
0.908612337232893
-0.640875613984958
-0.573167882188977
0.940880768954208
0.080695973575305
-0.983118320656138
0.433883739117511
0.756016693999311
-0.829594860571790
-0.321793593854500
0.998026728428265
-0.200589415783200
-0.893035048612910
0.668018115955430
0.543383777794869
-0.952433798569304
-0.044864830350555
0.975916761938764
-0.465945472355771
-0.732033515886213
0.849103418222150
0.287599327432077
-0.999637465011019
0.235626767265235
0.876306680043894
-0.694299574162812
-0.512899277405979
0.962759186055442
0.008975858481046
-0.967457292663078
0.497406623913162
0.707106781186583
-0.867517521717672
-0.253034359076200
0.999959716170871
-0.270360406986265
-0.858448793601903
0.719686113050151
0.481753674101797
-0.971843622476404
0.026924682845606
0.957750816684957
-0.528226641853018
-0.681268619282709
0.884813436149692
0.218143241396620
-0.998993066541316
0.304745564927125
0.839484407258121
-0.744145010569310
-0.449987113092212
0.979675398423218
-0.062790519529248
-0.946809845192951
0.558365800629590
0.654552334343486
-0.900968867902372
-0.182970947394141
0.996738762088019
-0.338737920245189
-0.819437965209783
0.767644740357964
0.417640539972232
-0.986244419107025
0.098575422202369
0.934648480581950
-0.587785252292396
-0.626992362396877
0.915962993388119
0.147562812492554
-0.993199708502821
0.372293658401836
0.798335306372761
-0.790155012375640
-0.384755647945046
0.991542217370791
-0.134233265817573
-0.921282398275869
0.616447076559388
0.598624226943503
-0.929776485888205
-0.111964476103413
0.988380467458443
-0.405369527637372
-0.776203631076420
0.811646811946142
0.351374824081409
-0.995561964603069
0.169718089100578
0.906728826522738
-0.644314329694408
-0.569484493168529
0.942391540464009
0.076221822798999
-0.982287250728706
0.437922894720296
0.753071466003687
-0.832092437156099
-0.317541094684920
0.998298479539757
-0.204984153792132
-0.891006524188404
0.671351092125914
0.539610720810870
-0.953791896906666
-0.040380923169272
0.974927912181846
-0.469911799899828
-0.728968627421496
0.851465534561419
0.283298069832834
-0.999748234942503
