0.999999999999999
0.943222657947600
0.779337964931473
0.526955795496677
0.214735327167063
-0.121869343405147
-0.444635179184927
-0.716910607650482
-0.907777478532908
-0.995561964603079
-0.970295726275995
-0.834847863263406
-0.604599114862375
-0.305695304963106
0.027921638723569
0.358367949545299
0.648119901063130
0.864274801953704
0.982287250728687
0.988756381047005
0.882947592858926
0.676875969682661
0.393941909590952
0.066273900400001
-0.268919820615264
-0.573576436351045
-0.813100761047026
-0.960293685676942
-0.998440764181980
-0.923210217112981
-0.743144825477394
-0.478691857940607
-0.159881187691836
0.177084740319582
0.493941866584230
0.754709580222771
0.929776485888250
0.999262916410620
0.955278362122343
0.802817475191114
0.559192903470747
0.252069358243114
-0.083677843332313
-0.409923033841571
-0.689619543735668
-0.891006524188366
-0.991215540251541
-0.978867388761684
-0.855364260160507
-0.634730513202269
-0.342020143325670
-0.010471784116248
0.322265695230509
0.618408395357552
0.844327925502014
0.974370064785234
0.993767919160595
0.900318771402193
0.704634209963597
0.428935133403149
0.104528463267657
-0.231747903494154
-0.541708210282737
-0.790155012375688
-0.948876011644495
-0.999847695156390
-0.937281989491891
-0.768283523593523
-0.512042864870572
-0.197657340379127
0.139173100960065
0.460199784783848
0.728968627421408
0.914959667849822
0.997052752226919
0.965925826289068
0.825113498278296
0.590605667619927
0.289031796944474
-0.045362988129252
-0.374606593415910
-0.661311865323650
-0.872922077269808
-0.985407898483489
-0.985996037070505
-0.874619707139397
-0.663926212652244
-0.377840786818470
-0.048849769795617
0.285688367404970
0.587785252292470
0.823136368534440
0.965016494472310
0.997314477224457
0.916362729562240
0.731353701619171
0.463296035119866
0.142628933705513
-0.194234351219967
-0.509041415750370
-0.766044443118975
-0.936059535738972
-0.999780683474844
-0.949972051524654
-0.792289643355192
-0.544639035015032
-0.235142113102592
0.101056297182940
0.425779291565070
0.702153052995158
0.898794046299165
0.993372765600395
0.975149354305562
0.846193166127565
0.621147780278310
0.325568154457160
-0.006981260297954
-0.338737920245288
-0.632029302664845
-0.853550797275325
-0.978147600733803
-0.991671162383090
-0.892585818452127
-0.692143173870408
-0.413104429824546
-0.087155742747660
0.248689887164850
0.556295615500303
0.800731370948730
0.954240328516274
0.999390827019095
0.931055815862530
0.756995055651758
0.496973961027561
0.180519145250563
-0.156434465040225
-0.475624209070273
-0.740804596286745
-0.921863151588499
-0.998239827923764
-0.961261695938318
-0.815127795728556
-0.576432316169799
-0.272280247040578
0.062790519529306
0.390731128489270
0.674302387583718
0.881303452064990
0.988228381446551
0.982935349149554
0.866025403784441
0.650774217265852
0.361624570082097
0.031410759078130
-0.302369890750439
-0.601815023152041
-0.832921240710096
-0.969445349895136
-0.995884398615970
-0.909236109047071
-0.719339800338653
-0.447759087838775
-0.125333233564307
0.211324796455382
0.523985905970076
0.777145961456966
0.942057452787295
0.999993907657789
0.944376370237483
0.781520472418821
0.529919264233211
0.218143241396547
-0.118403968306493
-0.441505852791741
-0.714472679632797
-0.906307787036648
-0.995227399981830
-0.971134279909636
-0.836764313458964
-0.607375839723288
-0.309016994374953
0.024432178152644
0.355106962408132
0.645457687723943
0.862513669207254
0.981627183447661
0.989272332962988
0.884580975215087
0.679441304261519
0.397147890634787
0.069756473744129
-0.265556117486802
-0.570713567684423
-0.811063818989318
-0.959313974540056
-0.998629534754573
-0.924546033612316
-0.745475999682870
-0.481753674101716
-0.163325962241627
0.173648177666922
0.490903753615130
0.752414908895723
0.928485826880911
0.999122830098857
0.956304755963038
0.804893797355922
0.562083377852132
0.255445757935796
-0.080198924328849
-0.406736643075788
-0.687087510804421
-0.889416373291294
-0.990747840471441
-0.979575249599345
-0.857167300702112
-0.637423989748692
-0.345298198998541
-0.013962180339156
0.318959309298056
0.615661475325655
0.842452397007143
0.973578902873157
0.994150963972316
0.901832526405114
0.707106781186551
0.432085748801990
0.107999355706035
-0.228350870110654
-0.538770785006859
-0.788010753606716
-0.947768410009581
-0.999902524009303
-0.938493022759556
-0.770513242775793
-0.515038074910062
-0.201077921145978
0.135715572434302
0.457097927058688
0.726574670970969
0.913545457642595
0.996778878456246
0.966823388604460
0.827080574274566
0.593418886603710
0.292371704722751
-0.041875653729196
-0.371367835550228
-0.658689460118672
-0.871213811120182
-0.984807753012206
-0.986572161606969
-0.876306680043867
-0.666532470249461
-0.381070376350276
-0.052335956242949
0.282341456842868
0.584957674987205
0.821149209133694
0.964095404234108
0.997564050259824
0.917754625683985
0.733729864502885
0.466386640339894
0.146083028562418
-0.190808995376535
-0.506033764121152
-0.763796028634640
-0.934825676396012
-0.999701489781182
-0.951056516295156
-0.794414620535427
-0.547563223492554
-0.238533457578589
0.097582899759138
0.422618261740686
0.699663340513362
0.897258369674324
0.992965508106535
0.975916761938749
0.848048096156427
0.623879596709390
0.328866646738592
-0.003490651415211
-0.335451569750239
-0.629320391049833
-0.851726934143042
-0.977415894286092
-0.992114701314479
-0.894154236839369
-0.694658370459002
-0.416280792260411
-0.090632580197794
0.245307385878799
0.553391549243338
0.798635510047286
0.953190667792942
0.999506560365731
0.932323801215513
0.759271307334886
0.500000000000010
0.183951350612735
-0.152985836284033
-0.472550764869046
-0.738455340625875
-0.920504853452434
-0.998026728428270
-0.962217993529286
-0.817144898335134
-0.579281172342689
-0.275637355817015
0.059306373575956
0.387515586452094
0.671720589322980
0.879648572866608
0.987688340595136
0.983571470813386
0.867765453368933
0.653420603990116
0.364876784337623
0.034899496702508
-0.299040792256076
-0.599023598515574
-0.830984469274318
-0.968583161128629
-0.996194698091745
-0.910683660806182
-0.721760228098373
-0.450877540689435
-0.128795596577571
0.207911690817747
0.521009631840563
0.774944488704176
0.940880768954222
0.999975630705394
0.945518575599321
0.783693457325850
0.532876276070735
0.221548497619477
-0.114937150492853
-0.438371146789062
-0.712026045990992
-0.904827052466015
-0.994880708828786
-0.971961000578549
-0.838670567945426
-0.610145163901273
-0.312334918512243
0.020942419883342
0.351841648404685
0.642787609686533
0.860742027003937
0.980955155349188
0.989776230907790
0.886203579231217
0.681998360062505
0.400349032556906
0.073238197127648
-0.262189178640859
-0.567843745053094
-0.809016994374940
-0.958322574465128
-0.998806137341434
-0.925870584809997
-0.747798090498538
-0.484809620246349
-0.166768746716119
0.170209499166026
0.487859659138724
0.750111069630450
0.927183854566780
0.998970569790713
0.957319497532069
0.806960312143808
0.564967003424950
0.258819045102539
-0.076719028126811
-0.403545296352379
-0.684547105928677
-0.887815385136399
-0.990268068741568
-0.980271174621723
-0.858959896930670
-0.640109699484968
-0.348572047321834
-0.017452406437307
0.315649036947077
0.612907053652974
0.840566603495681
0.972775878209394
0.994521895368274
0.903335292863306
0.709570736536533
0.435231099372346
0.111468932206350
-0.224951054343865
-0.535826794978993
-0.785856893175397
-0.946649260115692
-0.999945169365511
-0.939692620785913
-0.772733573497363
-0.518027009373149
-0.204496051841816
0.132256390257121
0.453990499739542
0.724171861437461
0.912120116172268
0.996492859249502
0.967709170481975
0.829037572555053
0.596224874965635
0.295708050044073
-0.038387809087517
-0.368124552684672
-0.656059028990500
-0.869494929505212
-0.984195607969238
-0.987136265072990
-0.877982975427990
-0.669130606358877
-0.384295322659804
-0.055821504993168
0.278991106039222
0.582122970157280
0.819152044288983
0.963162566797653
0.997801468292050
0.919135339255243
0.736097087119752
0.469471562785892
0.149535343443715
-0.187381314585716
-0.503019946630224
-0.761538307536726
-0.933580426497194
-0.999610115040353
-0.952129392742145
-0.796529918024213
-0.550480740084998
-0.241921895599674
0.094108313318504
0.419452082446165
0.697165102854552
0.895711760239403
0.992546151641318
0.976672278334173
0.849892692986864
0.626603811364463
0.332161131883710
0.000000000000011
-0.332161131883689
-0.626603811364446
-0.849892692986852
-0.976672278334162
-0.992546151641324
-0.895711760239413
-0.697165102854568
-0.419452082446185
-0.094108313318527
0.241921895599652
0.550480740084979
0.796529918024182
0.952129392742130
0.999610115040354
0.933580426497202
0.761538307536741
0.503019946630244
0.187381314585738
-0.149535343443692
-0.469471562785872
-0.736097087119717
-0.919135339255223
-0.997801468292049
-0.963162566797659
-0.819152044288996
-0.582122970157299
-0.278991106039244
0.055821504993145
0.384295322659783
0.669130606358839
0.877982975427966
0.987136265072986
0.984195607969242
0.869494929505223
0.656059028990517
0.368124552684693
0.038387809087540
-0.295708050044024
-0.596224874965594
-0.829037572555024
-0.967709170481969
-0.996492859249504
-0.912120116172277
-0.724171861437477
-0.453990499739562
-0.132256390257144
0.204496051841766
0.518027009373106
0.772733573497348
0.939692620785905
0.999945169365511
0.946649260115699
0.785856893175411
0.535826794979013
0.224951054343887
-0.111468932206299
-0.435231099372301
-0.709570736536517
-0.903335292863297
-0.994521895368271
-0.972775878209399
