0.999999999999999
-0.028918566828685
-0.998327432985149
0.086658964004067
0.993315326901436
-0.144109475329979
-0.984980447915483
0.201077921145964
0.973350677314617
-0.257373734365301
-0.958464918240235
0.312808597947461
0.940372965551573
-0.367197074843845
-0.919135339255234
0.420357228309562
0.894823082057652
-0.472111230506233
-0.867517521717718
0.522285957359931
0.837309998994524
-0.570713567684430
-0.804301562100286
0.617232064632452
0.768602628680522
-0.661685837596856
-0.730332616452246
0.703926182748944
0.689619543735671
-0.743811800472716
-0.646599601215804
0.781209268031039
0.601416696366314
-0.815993485882549
-0.554221972059779
0.848048096156424
0.505173300974505
-0.877265871885019
-0.454434757489239
0.903549075692480
0.402176068832423
-0.926809786739338
-0.348572047321818
0.946970194829512
0.293802005593922
-0.963962860695850
-0.238049156779118
0.977730941593510
0.181500001629218
-0.988228381446551
-0.124343704647491
0.995420064911700
0.066771461307969
-0.999281934843867
-0.008975858480998
0.999801072770523
-0.048849769795608
-0.996975742105722
0.106511989044929
0.990815393959219
-0.163817911415125
-0.981340635521229
0.220575840915185
0.968583161128631
-0.276595914663656
-0.952585646243148
0.331690738005509
0.933401604696213
-0.385676011372337
-0.911095209678026
0.438371146789072
0.885741079069654
-0.489599871965043
-0.857424025836182
0.539190819948367
0.826238774315995
-0.586978102371392
-0.792289643355194
0.632801864369473
0.755690197347026
-0.676508819316995
-0.716562866343792
0.717952761591637
0.675038536511941
-0.756995055651751
-0.631256112300245
0.793505099790890
0.585362051785838
-0.827360763017977
-0.537509876752307
0.858448793601855
0.487859659138751
-0.886665197913500
-0.436577485577668
0.911915588298666
0.383834901813002
-0.934115498817187
-0.329808338856495
0.953190667792943
0.274678522802400
-0.969077286229074
-0.218629870274451
0.981722211257630
0.161849871527538
-0.991083143909596
-0.104528463267676
0.997128770610607
0.046857393288237
-0.999838867929057
0.010970420952006
0.999204370226178
-0.068761537663802
-0.995227399981831
0.126322637816024
0.987921260694515
-0.183461171813767
-0.977310392379385
0.239986003602546
0.963430289813127
-0.295708050044023
-0.946327383799172
0.350440913424468
0.926058885850422
-0.404001504979991
-0.902692596809117
0.456210657353155
0.876306680043868
-0.506893723931695
-0.846989399982750
0.555881163064870
0.814838826856955
-0.603009105203007
-0.779962508642720
0.648119901063111
0.742477111298934
-0.691062648986843
-0.702508028503848
0.731693699726813
0.660188962196495
-0.769877136972490
-0.615661475325667
0.805485232008592
0.569074518302951
-0.838398870984681
-0.520583930743625
0.868507953366977
0.470351920162254
-0.895711760239400
-0.418546519366813
0.919919291221844
0.365341024366399
-0.941049568878654
-0.310913414672957
0.959031909598962
0.255445757935803
-0.973806160042902
-0.199123600901035
0.985322898362551
0.142135348732777
-0.993543599524645
-0.084671634772649
0.998440764181978
0.026924682845664
-0.999998010662407
0.030912335754118
0.998210129767736
-0.088645948447631
-0.993083102199188
0.146083028562397
0.984634078551154
-0.203031441367158
-0.972891321940142
0.259300686788302
0.957894113460919
-0.314702536658146
-0.939692620785908
0.369051664363382
0.918347730347648
-0.422166264787439
-0.893930843665504
0.473868662472963
0.866523638498016
-0.523985905970041
-0.836217795619850
0.572350346381976
0.803114692137314
-0.618800198173362
-0.767325062368358
0.663180080364206
0.728968627421431
-0.705341536300405
-0.688173694712334
0.745143530260965
0.645076728758710
-0.782452919241438
-0.599821894687948
0.817144898335118
0.552560575985505
-0.849103418222182
-0.503450868096863
0.878221573370216
0.452657049577018
-0.904401959647552
-0.400349032556897
0.927557000153144
0.346701794364214
-0.947609238173037
-0.291894792201044
0.964491596283460
0.236111362835390
-0.978147600733795
-0.179538109315117
0.988531570358846
0.122364276755746
-0.995608769388462
-0.064781119290180
0.999355523643320
0.006981260297994
-0.999759299728271
0.050841951945585
0.996818746958191
-0.108495091045574
-0.990543701876218
0.165785299524452
0.980955155349194
-0.222520933956266
-0.968085182350402
0.278512206039582
0.951976834664481
-0.333571817464843
-0.932683996873438
0.387515586452098
0.910271206105497
-0.440163063864073
-0.884813436149756
0.491338136832499
0.856395846658815
-0.540869617879317
-0.825113498278322
0.588591817561737
0.791071034656373
-0.634345098725627
-0.754382332396447
0.677976410513198
0.715170120125053
-0.719339800338626
-0.673565567947804
0.758296902119024
0.629707848667978
-0.794717399127528
-0.583743672234803
0.828479459920216
0.535826794979014
-0.859470145878616
-0.486117505277316
0.887585789004527
0.434782087366281
-0.912732338703384
-0.381992265099294
0.934825676396011
0.327924627507240
-0.953791896906687
-0.272760038084536
0.969567555685770
0.216683029776492
-0.982099881040234
-0.159881187691885
0.991346950662066
0.102544521605621
-0.997277831864000
-0.044864830350574
0.999872685053499
-0.012964939775271
-0.999122830098859
0.070751340439825
0.995030775365405
-0.128301068387827
-0.987610209324677
0.185421612065917
0.976885954764657
-0.241921895599644
-0.962893885754219
0.297612917967872
0.945680807639554
-0.352308385236526
-0.925304300473998
0.405825333736777
0.901832526405117
-0.457984742103031
-0.875344001663068
0.508612130123392
0.845927333913363
-0.557538142399360
-0.813680925852330
0.604599114862332
0.778712646036910
-0.649637622251851
-0.741139468049875
0.692503004724202
0.701087079207512
-0.733051871829819
-0.658689460118710
0.771148582173402
0.614088436501859
-0.806665697152802
-0.567433204758821
0.839484407258064
0.518879832892962
-0.869494929505205
-0.468590738440768
0.896596874675006
0.416734145163414
-0.920699583128410
-0.363483520315682
0.941722428075159
0.309016994374959
-0.959595085281223
-0.253516765170597
0.974257768312779
0.197168488407963
-0.985661428529853
-0.140160656625171
0.993767919160589
0.082683968660333
-0.998550122907320
-0.024930691738107
0.999992042657546
-0.032905981689324
-0.998088854996448
0.090632580197738
0.992846926341845
-0.148056000577933
-0.984283791647639
0.204984153792181
0.972428095747130
-0.261226607538140
-0.957319497532074
0.316595223269651
0.939008537288562
-0.370904785546270
-0.917556467632748
0.423973621602874
0.893035048612878
-0.475624209070262
-0.865526307662229
0.525683769810440
0.835122265206161
-0.573984847883460
-0.801924626841855
0.620365869709200
0.766044443118978
-0.664671684553401
-0.727601738061234
0.706754083526939
0.686725107669354
-0.746472295365123
-0.643551289750843
0.783693457325847
0.598224706513042
-0.818293059633546
-0.550896981452168
0.850155361981263
0.501726432151685
-0.879173780697025
-0.450877540689509
0.905251245281012
0.398520403422643
-0.928300523118932
-0.344830161992863
0.948244511287221
0.289986417453628
-0.965016494472291
-0.234172629481215
0.978560368142509
0.177575502677211
-0.988830826225115
-0.120384362016248
0.995793512661316
0.062790519529374
-0.999425136331748
-0.004986634338766
0.999713548968503
-0.052833931811949
-0.996657785792655
0.110477761379549
0.990268068741576
-0.167752028027922
-0.980565772275218
0.224465141658898
0.967583351875685
-0.280427389305920
-0.951364235479193
0.335451569750223
0.931962678203995
-0.389353619733132
-0.909443580859486
0.441953229673189
0.883882272844598
-0.493074446825028
-0.855364260160516
0.542546263865717
0.823984939382041
-0.590203190936458
-0.789849278542814
0.635885809228668
0.753071466003669
-0.679441304261511
-0.713774528476724
0.720723977066203
0.672089919485119
-0.759595731569268
-0.628157079632741
0.795926536541772
0.582122970157283
-0.829594860571818
-0.534141581324973
0.860488078602837
0.484373417312200
-0.888502848680028
-0.432984959298193
0.913545457642562
0.380148108562387
-0.935532134607105
-0.326039611452408
0.954389331192255
0.270840468143022
-0.970053967548085
-0.214735327167140
0.982473643366418
0.157911867740862
-0.991606813167022
-0.100560171952222
0.997422925272833
0.042872088910239
-0.999902524009302
0.014959407015168
0.999037314786327
-0.072740861719218
-0.994830191844725
0.130278988491268
0.987295228574598
-0.187381314585674
-0.976457630438024
0.243856825068128
0.962353650653287
-0.299516601786562
-0.945030468923175
0.354174455328007
0.924546033612327
-0.407647547846379
-0.900968867902461
0.459757004680429
0.874377840572826
-0.510328512712629
-0.844861902173929
0.559192903470726
0.812519787475613
-0.606186719018162
-0.777459685186402
0.651152758743548
0.739798876047626
-0.693940605217042
-0.699663340513372
0.734407127357515
0.657187337329515
-0.772416959224534
-0.612512954419583
0.807842952836205
0.565789633582280
-0.840566603495623
-0.517173670587936
0.870478446205521
0.466827692348940
-0.897478421842890
-0.414920112910161
0.921476211870381
0.361624570082183
-0.942391540464029
-0.307119344598741
0.960154443046332
0.251586763744611
-0.974705500327464
-0.195212591445546
0.985996037070490
0.138185406863810
-0.993988284916781
-0.080695973575279
0.998655508726061
0.022936601439367
-0.999982096009160
0.034899496702431
0.997963609153809
-0.092618851350304
-0.992606800269067
0.150028383526620
0.983929588598648
-0.206936050651893
-0.971961000578558
0.263151488952047
0.956741072739886
-0.318486650251652
-0.938320717781212
0.372756431019386
0.916761554258677
-0.425779291565033
-0.892135700463916
0.477377863313222
0.864525533178371
-0.527379542125916
-0.834023412112303
0.575617065685581
0.800731370948750
-0.621929073010838
-0.764760776027656
0.666160644229902
0.726231953810018
-0.708163818808621
-0.685273788370313
0.747798090498521
0.642023290261387
-0.784930877348474
-0.596625138196434
0.819437965209717
0.549231195078634
-0.851203923248244
-0.500000000000100
0.880122490076959
0.449096237906616
-0.906096929213758
-0.396690188705098
0.929040352678487
0.342957157654198
-0.948876011644463
-0.288076888944394
0.965537553173958
0.232232964430320
-0.978969242177348
-0.175612189524002
0.989126147854723
0.118403968306589
-0.995974293995227
-0.060799669945429
0.999490772632192
0.002991988539453
-0.999663820673246
0.054825701469316
0.996492859249510
-0.112459992158284
-0.989988495651935
0.169718089100617
0.980172487848559
-0.226408456287532
-0.967077671701083
0.282341456842817
0.950747851124666
-0.337329987382822
-0.931237651557752
0.391190103902686
0.908612337232915
-0.443741637094009
-0.882947592858948
0.494808795034591
0.854329270445720
-0.544220751236808
-0.822853102117297
0.591812216084297
0.788624379875601
-0.637423989748663
-0.751757603384062
0.680903494733486
0.712376096951353
-0.722105286267217
-0.670611596994866
0.760891538834750
0.626603811364476
-0.797132507222891
-0.580499952001639
0.830706960534872
0.532454242495030
-0.861502587724521
-0.482627402182689
0.889416373291242
0.431186108523542
-0.914354941881145
-0.378302439539740
0.936234870639731
0.324153298191811
-0.954982968272708
-0.268919820615368
0.970536519880767
0.212786770195615
-0.982843496749078
-0.155941919509921
0.991862730390565
0.098575422202506
-0.997564050259817
-0.040879176895902
0.999928384677747
-0.016953814736556
-0.998947824628828
0.074730093586406
0.994625650217842
-0.132256390257043
-0.986976319697512
0.189340271576100
0.976025421103636
-0.245790784309402
-0.961809586659798
0.301419093926035
0.944376370237502
-0.356039116274266
-0.923784088282317
0.409468140058850
0.900101624737280
-0.461527438033942
-0.873408200617139
0.512042864870526
0.843793109003351
-0.560845439695070
-0.811355416346549
0.607771911353981
0.776203631076410
-0.652665304509836
-0.738455340625909
0.695375444745657
0.698236818086144
-0.735759460917837
-0.655682599805327
0.773682263079550
0.610935035347306
-0.809016994374932
-0.564143811312518
0.841645455391758
0.515465450616958
-0.871458499554872
-0.465062788901307
0.898356398235598
0.413104429824655
-0.922249174357837
-0.359764181061874
0.943056903383025
0.305220472894462
-0.960709980668801
-0.249655761336391
0.975149354305538
0.193255917795581
-0.986326722653153
-0.136209607307713
0.994204695916450
0.078707657427270
-0.998756921218918
-0.020942419883341
0.999968170756825
-0.036892872861777
-0.997834392738123
0.094604754002431
0.992362724936246
-0.152000169561101
-0.983571470813400
0.208887124180276
0.971490038292901
-0.265075323371766
-0.956158841385733
0.320376810078613
0.937629165000508
-0.374606593415741
-0.915962993388206
0.427583267489692
0.891232802796782
-0.479129618224825
-0.863521319028228
0.529073216169400
0.832921240710130
-0.577246993294553
-0.799534929205678
0.623489801858706
0.763474066201612
-0.667646953469494
-0.724859280117750
0.709570736536410
0.683819742589374
-0.749120910386213
-0.640492736369885
0.786165174386169
0.595023196102011
-0.820579610508326
-0.547563223492575
0.852249097851299
0.498271578510824
-0.881067697735381
-0.447313148315768
0.906939008081186
0.394858395686143
-0.929776485888203
-0.341082788800401
0.949503736732265
0.286166214270900
-0.966054770315323
-0.230292375399893
0.979374221211579
0.173648177666933
-0.989417534072656
-0.116423103505886
0.996151112670952
0.058808578459459
-0.999552432283501
-0.000997330835990
0.999610115040356
-0.056817252993025
-0.996323967984964
0.114441775495352
0.989704983719634
-0.171683474920051
-0.979775303633925
0.228350870110680
0.966568143838577
-0.284254401034767
-0.950127684053257
0.339207062888863
0.930508919819373
-0.393025031653777
-0.907777478532939
0.445528279010989
0.882009399911676
-0.496541174560681
-0.853290881632258
0.545893073330205
0.821717990987335
-0.593418886603560
-0.787396343528068
0.638959634165648
0.750440749765209
-0.682362976111706
-0.710974831112882
0.723483722445769
0.669130606358893
-0.762184318759950
-0.625048050043264
0.798335306372685
0.578874624225242
-0.831815755384820
-0.530764785202606
0.862513669207182
0.480879466835410
-0.890326359203706
-0.429385542199523
0.915160788198410
0.376455265374565
-0.936933881697871
-0.322265695230531
0.955572805786091
0.266998103142988
-0.971015210763881
-0.210837366614759
0.983209439716727
0.153971350836511
-0.992114701314462
-0.096590280253203
0.997701206263470
0.038886102236484
-0.999950266955942
0.018948155004109
0.998854359982403
-0.076719028126825
-0.994417151298580
0.134233265817601
0.986653483962237
-0.191298475242974
-0.975589328481126
0.247723765628983
0.961261695938344
-0.303320386816839
-0.943718514185038
0.357902360656635
0.923018467515392
-0.411287103130490
-0.899230800360100
0.463296035119689
0.872435085653975
-0.513755179776183
-0.842720958654131
0.562495744497674
0.810187817097823
-0.609354685562689
-0.774944488704221
0.654175253533046
0.737108867130331
-0.696807517601247
-0.696807517601414
0.737108867130173
0.654175253533051
-0.774944488704074
-0.609354685562874
0.810187817097820
0.562495744497867
-0.842720958654005
-0.513755179776383
0.872435085653861
0.463296035119896
-0.899230800359998
-0.411287103130703
0.923018467515390
0.357902360656853
-0.943718514184961
-0.303320386816845
0.961261695938279
0.247723765629209
-0.975589328481074
-0.191298475243203
0.986653483962199
0.134233265817832
-0.994417151298555
-0.076719028126831
0.998854359982392
0.018948155004342
-0.999950266955942
0.038886102236251
0.997701206263486
-0.096590280252971
-0.992114701314491
0.153971350836505
0.983209439716770
-0.210837366614531
-0.971015210763882
0.266998103142764
0.955572805786160
-0.322265695230525
-0.936933881697952
0.376455265374349
0.915160788198504
-0.429385542199312
-0.890326359203709
0.480879466835206
0.862513669207300
-0.530764785202601
-0.831815755384949
0.578874624225052
0.798335306372825
-0.625048050043082
-0.762184318760101
0.669130606358720
0.723483722445930
-0.710974831112878
-0.682362976111876
0.750440749765055
0.638959634165653
-0.787396343527924
-0.593418886603747
0.821717990987202
0.545893073330401
-0.853290881632136
-0.496541174560883
0.882009399911566
0.445528279010994
-0.907777478532842
-0.393025031653992
0.930508919819371
0.339207062889083
-0.950127684053184
-0.284254401034991
0.966568143838517
0.228350870110685
-0.979775303633878
-0.171683474920280
0.989704983719633
0.114441775495584
-0.996323967984944
-0.056817252993258
0.999610115040350
-0.000997330835756
-0.999552432283508
0.058808578459226
0.996151112670952
-0.116423103505654
-0.989417534072690
0.173648177666927
0.979374221211626
-0.230292375399666
-0.966054770315383
0.286166214270676
0.949503736732339
-0.341082788800182
-0.929776485888289
0.394858395686137
0.906939008081285
-0.447313148315560
-0.881067697735384
0.498271578510622
0.852249097851421
-0.547563223492380
-0.820579610508460
0.595023196102007
0.786165174386314
-0.640492736369706
-0.749120910386217
0.683819742589203
0.709570736536574
-0.724859280117746
-0.667646953469667
0.763474066201462
0.623489801858888
-0.799534929205538
-0.577246993294558
0.832921240710001
0.529073216169598
-0.863521319028225
-0.479129618225030
0.891232802796676
0.427583267489903
-0.915962993388113
-0.374606593415957
0.937629165000427
0.320376810078833
-0.956158841385732
-0.265075323371991
0.971490038292846
0.208887124180282
-0.983571470813358
-0.152000169561332
0.992362724936217
0.094604754002663
-0.997834392738107
-0.036892872862010
0.999968170756823
-0.020942419883335
-0.998756921218930
0.078707657427037
0.994204695916450
-0.136209607307482
-0.986326722653191
0.193255917795352
0.975149354305589
-0.249655761336385
-0.960709980668866
0.305220472894240
0.943056903383065
-0.359764181061657
-0.922249174357883
0.413104429824339
0.898356398235700
-0.465062788901201
-0.871458499554986
0.515465450616758
0.841645455391822
-0.564143811312325
-0.809016994375002
0.610935035347211
0.773682263079698
-0.655682599805237
-0.735759460917995
0.698236818085977
0.695375444745743
-0.738455340625752
-0.652665304510013
0.776203631076334
0.607771911354166
-0.811355416346479
-0.560845439695169
0.843793109003226
0.512042864870629
-0.873408200617026
-0.461527438034148
0.900101624737227
0.409468140059063
-0.923784088282227
-0.356039116274378
0.944376370237425
0.301419093926149
-0.961809586659765
-0.245790784309628
0.976025421103610
0.189340271576329
-0.986976319697475
-0.132256390257162
0.994625650217818
0.074730093586525
-0.998947824628822
-0.016953814736790
0.999928384677749
-0.040879176895555
-0.997564050259833
0.098575422202387
0.991862730390594
-0.155941919509691
-0.982843496749100
0.212786770195387
0.970536519880795
-0.268919820615253
-0.954982968272778
0.324153298191698
0.936234870639813
-0.378302439539524
-0.914354941881193
0.431186108523331
0.889416373291348
-0.482627402182584
-0.861502587724640
0.532454242494929
0.830706960534938
-0.580499952001449
-0.797132507222963
0.626603811364294
0.760891538834902
-0.670611596994777
-0.722105286267378
0.712376096951269
0.680903494733573
-0.751757603383908
-0.637423989748755
0.788624379875387
0.591812216084485
-0.822853102117229
-0.544220751237003
0.854329270445599
0.494808795034695
-0.882947592858839
-0.443741637094116
0.908612337232865
0.391190103902901
-0.931237651557708
-0.337329987383041
0.950747851124593
0.282341456842932
-0.967077671701024
