0.999999999999999
-0.838126965541594
0.404913620735925
0.159388917033873
-0.672089919485046
0.967204452544321
-0.949190346253537
0.623879596709387
-0.096590280253166
-0.461969759730590
0.870968906043122
-0.997995292875422
0.801924626841823
-0.346234015300606
-0.221548497619464
0.717605555360812
-0.981340635521229
0.927370542663326
-0.573167882188920
0.033404373026483
0.517173670587909
-0.900318771402193
0.991989209203002
-0.762507040116446
0.286166214270795
0.282819798501827
-0.760244013297638
0.991542217370803
-0.901832526405116
0.520158100194448
0.029915466169401
-0.570304017961093
0.926058885850421
-0.982005829860197
0.720032246799348
-0.224951054343874
-0.342957157654134
0.799834338054720
-0.997768295725414
0.872678689965183
-0.465062788901256
-0.093115361868941
0.621147780278312
-0.948086046606166
0.968085182350397
-0.674670545932076
0.162833972454290
0.401719459491680
-0.836217795619842
0.999993907657789
-0.840025923150771
0.408102848235492
0.155941919509802
-0.669501103834454
0.966311937657220
-0.950283080316086
0.626603811364471
-0.100064021715302
-0.458871101604203
0.869248509639802
-0.998210129767734
0.804005144430427
-0.349506654194866
-0.218143241396526
0.715170120125047
-0.980663483856312
0.928670899758830
-0.576024762546985
0.036892872861835
0.514182939383405
-0.898794046299158
0.992424113959739
-0.764760776027594
0.289509143194764
0.279469936662867
-0.757971723145442
0.991083143909598
-0.903335292863296
0.523136191838700
0.026426194801804
-0.567433204758771
0.924735945302239
-0.982659058768032
0.722450164872179
-0.228350870110649
-0.339676121182913
0.797734303538621
-0.997529141083599
0.874377840572804
-0.468150151428610
-0.089639308903426
0.618408395357557
-0.946970194829510
0.968954116344033
-0.677242951731424
0.166277043794133
0.398520403422618
-0.834298436648135
0.999975630705394
-0.841914645309176
0.411287103130612
0.152493021882675
-0.666904130524157
0.965407648564108
-0.951364235479196
0.629320391049836
-0.103536543928894
-0.455766852278211
0.867517521717707
-0.998412803784631
0.806075865470059
-0.352775034460829
-0.214735327167035
0.712725970767057
-0.979974383116318
0.929959941292483
-0.578874624225088
0.040380923169175
0.511185943022038
-0.897258369674326
0.992846926341835
-0.767005193570061
0.292848544541187
0.276116669570910
-0.755690197347019
0.990611994413053
-0.904827052466032
0.526107909233546
0.022936601439350
-0.564555477561944
0.923401737138399
-0.983300314285343
0.724859280117753
-0.231747903494163
-0.336390945865378
0.795624548881791
-0.997277831864000
0.876066337162381
-0.471231809694082
-0.086162163711236
0.615661475325629
-0.945842804519875
0.969811243937549
-0.679807105539108
0.169718089100657
0.395316491508154
-0.832368912013266
0.999945169365511
-0.843793109003305
0.414466346622176
0.149042266176144
-0.664299031197534
0.964491596283469
-0.952433798569320
0.632029302664837
-0.107007804582429
-0.452657049577004
0.865775963368395
-0.998603312456593
0.808136764729685
-0.356039116274380
-0.211324796455376
0.710273137068056
-0.979273341697733
0.931237651557750
-0.581717432498623
0.043868481447680
0.508182718021300
-0.895711760239418
0.993257641197464
-0.769240265396260
0.296184377620485
0.272760038084499
-0.753399463702023
0.990128774621967
-0.906307787036656
0.529073216169523
0.019446728601673
-0.561670871434738
0.922056277615778
-0.983929588598631
0.727259563181731
-0.235142113102580
-0.333101671730272
0.793505099790883
-0.997014371128744
0.877744159160096
-0.474307726148666
-0.082683968660215
0.612907053652960
-0.944703889414167
0.970656554687105
-0.682362976111746
0.173157066445882
0.392107762787047
-0.830429245225900
0.999902524009303
-0.845661291344717
0.417640539972155
0.145589694436691
-0.661685837596857
0.963563791977090
-0.953491756554179
0.634730513202285
-0.110477761379634
-0.449541731392499
0.864023855812164
-0.998781653462333
0.810187817097832
-0.359298859863658
-0.207911690817762
0.707811648914988
-0.978560368142519
0.932504014986092
-0.584553152728822
0.047355505202584
0.505173300974466
-0.894154236839380
0.993656253522181
-0.771465964272619
0.299516601786611
0.269400083103047
-0.751099550122320
0.989633490424235
-0.907777478532932
0.532032076515327
0.015956618811689
-0.558779421525311
0.920699583128419
-0.984546874040401
0.729650984817441
-0.238533457578611
-0.329808338856524
0.791375982090783
-0.996738762088009
0.879411286122231
-0.477377863313339
-0.079204766131243
0.610145163901263
-0.943553463389677
0.971490038292862
-0.684910532306902
0.176593933926896
0.388894256356593
-0.828479459920216
0.999847695156391
-0.847519169570137
0.420809644503954
0.142135348732756
-0.659064581563020
0.962624246950018
-0.954538096542905
0.637423989748739
-0.113946372040069
-0.446420935683813
0.862261220397976
-0.998947824628824
0.812228997583141
-0.362554225509609
-0.204496051841753
0.705341536300430
-0.977835471138023
0.933759016147313
-0.587381750363237
0.050841951945657
0.502157728550482
-0.892585818452119
0.994042758459034
-0.773682263079591
0.302845176437521
0.266036845566709
-0.748790484631594
0.989126147854724
-0.909236109047062
0.534984454218225
0.012466314595340
-0.555881163064879
0.919331670207173
-0.985152163089195
0.732033515886203
-0.241921895599738
-0.326510987372141
0.789237221724049
-0.996451008100020
0.881067697735397
-0.480442183779398
-0.075724598517078
0.607375839723250
-0.942391540464042
0.972311684599099
-0.687449743083366
0.180028649666444
0.385676011372299
-0.826519579853829
0.999780683474844
-0.849366721041966
0.423973621602931
0.138679271154396
-0.656435295035331
0.961672972650252
-0.955572805786158
0.640109699484949
-0.117413594300033
-0.443294700477009
0.860488078602873
-0.999101823931320
0.814260281314372
-0.365805173546845
-0.201077921145998
0.702862829321764
-0.977098659516896
0.935002639749558
-0.590203190936481
0.054327779195591
0.499136037492948
-0.891006524188343
0.994417151298563
-0.775889134812419
0.306170061015528
0.262670366455255
-0.746472295365116
0.988606753095267
-0.910683660806187
0.537930313304380
0.008975858480996
-0.552976131367899
0.917952555519693
-0.985745448369797
0.734407127357590
-0.245307385878802
-0.323209657454417
0.787088844750907
-0.996151112670948
0.882713373816713
-0.483500650208967
-0.072243508222577
0.604599114862396
-0.941218134794848
0.973121483594303
-0.689980577501574
0.183461171813821
0.382453067047625
-0.824549628907131
0.999701489781181
-0.851203923248284
0.427132432717229
0.135221503812994
-0.653798010050645
0.960709980668799
-0.956595871676299
0.642787609686564
-0.120879385912403
-0.440163063864073
0.858704452032085
-0.999243649493385
0.816281643541106
-0.369051664363481
-0.197657340379119
0.700375558181332
-0.976349942256982
0.936234870639746
-0.593017440070101
0.057812944478567
0.496108264620315
-0.889416373291306
0.994779427478936
-0.778086552580995
0.309491215007854
0.259300686788279
-0.744145010569367
0.988075312474492
-0.912120116172300
0.540869617879331
0.005485292998534
-0.550064361831363
0.916562255869967
-0.986326722653192
0.736771790309817
-0.248689887164894
-0.319904389329124
0.784930877348511
-0.995839079454934
0.884348294314084
-0.486553225335796
-0.068761537663840
0.601815023152036
-0.940033260679712
0.973919425411301
-0.692503004724272
0.186891458544716
0.379225462652918
-0.822569631083417
0.999610115040354
-0.853030753803480
0.430286039357630
0.131762088840129
-0.651152758743532
0.959735282739445
-0.957607281747661
0.645457687724007
-0.124343704647491
-0.437026064003213
0.856910362418540
-0.999373299586927
0.818293059633550
-0.372293658402053
-0.194234351219925
0.697879753185831
-0.975589328481088
0.937455693803493
-0.595824463473267
0.061297405329059
0.493074446825039
-0.887815385136391
0.995129582585906
-0.780274489610476
0.312808597947504
0.255927847624375
-0.741808658601350
0.987531832467851
-0.913545457642598
0.543802332128677
0.001994660679509
-0.547145889934072
0.915160788198449
-0.986895978856737
0.739127475930368
-0.252069358243083
-0.316595223269587
0.782763345811084
-0.995514912254015
0.885972439306572
-0.489599871965121
-0.065278729267353
0.599023598515632
-0.938836932555951
0.974705500327476
-0.695016994016316
0.190319468062167
0.375993237515624
-0.820579610508400
0.999506560365726
-0.854847190448142
0.433434403098328
0.128301068387906
-0.648499573345545
0.958748890738513
-0.958607023676464
0.648119901063218
-0.127806508293891
-0.433883739117577
0.855105831622653
-0.999490772632196
0.820294505083366
-0.375531116159675
-0.190808995376457
0.695375444745692
-0.974816827457179
0.938665094365454
-0.598624226943468
0.064781119290124
0.490034621073234
-0.886203579231185
0.995467612352967
-0.782452919241399
0.316122169413103
0.252551890060304
-0.739463267929158
0.986976319697478
-0.914959667849838
0.546728420318315
-0.001495995943827
-0.544220751236781
0.913748169581488
-0.987453210044189
0.741474155515878
-0.255445757935799
-0.313282199597489
0.780586276549313
-0.995178615018045
0.887585789004535
-0.492640552974514
-0.061795125470151
0.596224874965629
-0.937629165000445
0.975479698764728
-0.697522514745704
0.193745158596739
0.372756431019388
-0.818579591429723
0.999390827019096
-0.856653211049560
0.436577485577711
0.124838484627540
-0.645838486184911
0.957750816684910
-0.959595085281234
0.650774217265797
-0.131267754658320
-0.430736127495506
0.853290881632181
-0.999596067197820
0.822285955503506
-0.378763998189368
-0.187381314585597
0.692862663375207
-0.974032448597811
0.939863057589387
-0.601416696366377
0.068264043913695
0.486988824404415
-0.884580975215035
0.995793512661322
-0.784621814930570
0.319431889029830
0.249172855231152
-0.737108867130253
0.986408780932119
-0.916362729562269
0.549647846794689
-0.004986634338697
-0.541288981381382
0.912324417231442
-0.987998409425934
0.743811800472798
-0.258819045102569
-0.309965358680439
0.778399696090100
-0.994830191844710
0.889188323749765
-0.495675231314040
-0.058310768718846
0.593418886603682
-0.936409972729541
0.976242011289693
-0.700019536383375
0.197168488407918
0.369515082603674
-0.816569598217053
0.999262916410620
-0.858448793601828
0.439715248498207
0.121374379749637
-0.643169529686310
0.956741072739853
-0.960571454522720
0.653420603990082
-0.134727401566584
-0.427583267489654
0.851465534561480
-0.999689182000819
0.824267386628776
-0.381992265099274
-0.183951350612775
0.690341439691822
-0.973236201460443
0.941049568878644
-0.604201837716637
0.071746136761434
0.483937093930256
-0.882947592858858
0.996107279539978
-0.786781150250538
0.322737716469581
0.245790784309394
-0.734745484892420
0.985829223087095
-0.917754625684027
0.552560575985507
-0.008477211973229
-0.538350616090565
0.910889548496283
-0.988531570358854
0.746140382317511
-0.262189178640953
-0.306644740933313
0.776203631076381
-0.994469646979436
0.890780024015880
-0.498703870007495
-0.054825701469227
0.590605667619873
-0.935179370598553
0.976992428613785
-0.702508028503907
0.200589415783289
0.366269231763502
-0.814549655361521
0.999122830098856
-0.860233916226574
0.442847653627166
0.117908795963219
-0.640492736369789
0.955719671206754
-0.961536119504170
0.656059028990515
-0.138185406863753
-0.424425197516624
0.849629812651946
-0.999770115906612
0.826238774316063
-0.385215877553978
-0.180519145250575
0.687811804415853
-0.972428095747094
0.942224613775881
-0.606979617057997
0.075227355405138
0.480879466835329
-0.881303452065011
0.996408909165785
-0.788930898890482
0.326039611452322
0.242405718504495
-0.732373150012724
0.985237653224058
-0.919135339255207
0.555466572400084
-0.011967686315609
-0.535405691167575
0.909443580859435
-0.989052686346550
0.748459872677285
-0.265556117486936
-0.303320386816789
0.773998108266230
-0.994096984815349
0.892360870408515
-0.501726432151675
-0.051339966185964
0.587785252292387
-0.933937373602058
0.977730941593503
-0.704987960785809
0.204007899039931
0.363018918048118
-0.812519787475495
0.998970569790710
-0.862008557172523
0.445974662797016
0.114441775495332
-0.637808138851401
0.954686624531135
-0.962489068471446
0.658689460118719
-0.141641728415573
-0.421261956056502
0.847783738271272
-0.999838867929057
0.828200094544502
-0.388434796274782
-0.177084740319558
0.685273788370273
-0.971608141304277
0.943388177963547
-0.609750000544456
0.078707657427256
0.477815980375855
-0.879648572866616
0.996698397863481
-0.791071034656395
0.329337533745289
0.239017699062636
-0.729991891397319
0.984634078551139
-0.920504853452429
0.558365800629771
-0.015458014835507
-0.532454242495011
0.907986531939557
-0.989561751039388
0.750770243289709
-0.268919820615214
-0.299992336837074
0.771783154533388
-0.993712209893245
0.893930843665556
-0.504742880917615
-0.047853605341187
0.584957674987096
-0.932683996873399
0.978457541230251
-0.707459303011729
0.207423896524703
0.359764181061778
-0.810480019292407
0.998806137341427
-0.863772694816236
0.449096237906544
0.110973360590527
-0.635115769842122
0.953641945300210
-0.963430289813104
0.661311865323721
-0.145096324107631
-0.418093581652595
0.845927333913291
-0.999895437230426
0.830151323416281
-0.391648982040175
-0.173648177666864
0.682727422479675
-0.970776348122879
0.944540247263979
-0.612512954419583
0.082187000421181
0.474746671879449
-0.877982975427960
0.996975742105720
-0.793201531471397
0.332631443164340
0.235626767265323
-0.727601738061087
0.984018506422703
-0.921863151588505
0.561258225348198
-0.018948155004373
-0.529496306035534
0.906518419490426
-0.990058758234576
0.753071466003647
-0.272280247040562
-0.296660631545406
0.769558796866368
-0.993315326901435
0.895489924657273
-0.507753179550838
-0.044366661415332
0.582122970157321
-0.931419255684574
0.979172218670641
-0.709922025069464
0.210837366614756
0.356505060462427
-0.808430375665923
0.998629534754564
-0.865526307662252
0.452212340920140
0.107503593510570
-0.632415662147617
0.952585646243132
-0.964359772060782
0.663926212652342
-0.148549151846770
-0.414920112910131
0.844060622197705
-0.999939823121439
0.832092437156163
-0.394858395686109
-0.170209499165926
0.680172737770890
-0.969932726338093
0.945680807639577
-0.615268445017658
0.085665341992669
0.471671578744668
-0.876306680043824
0.997240938513186
-0.795322363375919
0.335921299574227
0.232232964430209
-0.725202719127451
0.983390944339304
-0.923210217113001
0.564143811312460
-0.022438064295950
-0.526531917830667
0.905039261400337
-0.990543701876208
0.755363512779426
-0.275637355817026
-0.293325311537781
0.767325062368265
-0.992906340675838
0.897038094386959
-0.510757291371805
-0.040879176895708
0.579281172342677
-0.930143165446057
0.979874965206554
-0.712376096951360
0.214248267717810
0.353241595961420
-0.806370881570436
0.998440764181981
-0.867269374343353
0.455322933869071
0.104032516533025
-0.629707848667847
0.951517740230571
-0.965277503888971
0.666532470249413
-0.152000169561373
-0.411741588497032
0.842183625869929
-0.999972025061270
0.834023412112291
-0.398062998107312
-0.166768746715955
0.677609765371944
-0.969077286229074
0.946809845192899
-0.618016438763719
0.089142639759225
0.468590738440549
-0.874619707139336
0.997493983854525
-0.797433504528570
0.339207062888876
0.228836331909934
-0.722794863827229
0.982751399947587
-0.924546033612349
0.567022523362415
-0.025927700186567
-0.523561114000738
0.903549075692364
-0.991016576055490
0.757646355689181
-0.278991106039296
-0.289986417453585
0.765081978256577
-0.992485256199849
0.898575333990652
-0.513755179776361
-0.037391194276214
0.576432316169758
-0.928855741706688
0.980565772275200
-0.714821488755168
0.217656558273779
0.349973827323043
-0.804301562100233
0.998239827923763
-0.869001873620708
0.458427978851542
0.100560171951872
-0.626992362396665
0.950438240274627
-0.966183474115398
0.669130606358850
-0.155449335201653
-0.408558047142822
0.840296367800203
-0.999992042657546
0.835944224756344
-0.401262750256503
-0.163325962241659
0.675038536512016
-0.968210038219087
0.947927346167198
-0.620756902174864
0.092618851350395
0.465504188506362
-0.872922077269840
0.997734875046446
-0.799534929205760
0.342488693072938
0.225436911090728
-0.720378201500006
0.982099881040242
-0.925870584809960
0.569894326421676
-0.029417020156794
-0.520583930743473
0.902047880524241
-0.991477375010478
0.759919966917042
-0.282341456842764
-0.286643989976189
0.762829571862136
-0.992052078604167
0.900101624737274
-0.516746808235989
-0.033902756057046
0.573576436351163
-0.927557000153066
0.981244631459449
-0.717258170685037
0.221062196752830
0.346701794364237
-0.802222442469453
0.998026728428253
-0.870723784384698
0.461527438034165
0.097086602077210
-0.624269236421591
0.949347159528736
-0.967077671701043
0.671720589323181
-0.158896606741290
-0.405369527637326
0.838398870984662
-0.999999875666361
0.837854851683702
-0.404457613145505
-0.159881187691606
0.672459082520213
-0.967330992875446
0.949033296945787
-0.623489801858699
0.096093934410090
0.462411966550140
-0.871213811120088
0.997963609153811
-0.801626611801881
0.345766150139931
0.222034743394347
-0.717952761591736
0.981436395555692
-0.927183854566853
0.572759185498791
-0.032905981689459
-0.517600404335686
0.900535694187364
-0.991926093126602
0.762184318760217
-0.285688367405118
-0.283298069832670
0.760567870630390
-0.991606813167036
0.901616948029655
-0.519732140299222
-0.030413904743039
0.570713567684329
-0.926246956610287
0.981911534487436
-0.719686113050133
0.224465141658776
0.343425536953054
-0.800133548011105
0.997801468292043
-0.872435085653936
0.464621273650202
0.093611849232941
-0.621538503922523
0.948244511287159
-0.967960085750565
0.674302387583776
-0.162341942175469
-0.402176068832477
0.836491158543463
-0.999995523992271
0.839755269614350
-0.407647547846545
-0.156434465040186
0.669871434827042
-0.966440160908930
0.950127684053150
-0.626215104516414
0.099567846595972
0.459314110250436
-0.869494929505209
0.998180183389507
-0.803708526830717
0.349039394155928
0.218629870274244
-0.715518573655321
0.980760951578472
-0.928485826880910
0.575617065685610
-0.036394542273122
-0.514610571129928
0.899012535107046
-0.992362724936256
0.764439383627704
-0.289031796944438
-0.279948697791574
0.758296902118866
-0.991149465313760
0.903121285404253
-0.522711139589955
-0.026924682845656
0.567843745053151
-0.924925627040648
0.982566473233335
-0.722105286267375
0.227865351528252
0.340145095010508
-0.798034904178255
0.997564050259829
-0.874135756576979
0.467709448003047
0.090135955757378
-0.618800198173286
0.947130308985604
-0.968830705511798
0.676875969682576
-0.165785299524764
-0.398977709638733
0.834573253721228
-0.999978987688302
0.841645455391802
-0.410832515490446
-0.152985836284178
0.667275624961498
-0.965537553173925
0.951210494154667
-0.628932776940348
0.103040545578612
0.456210657353251
-0.867765453368785
0.998384595114702
-0.805780648925059
0.352308385236632
0.215222333218610
-0.713075667351207
0.980073557338567
-0.929776485888346
0.578467932160509
-0.039882659401227
-0.511614467557152
0.897478421842899
-0.992787265119278
0.766685134042546
-0.292371704722960
-0.276595914663504
0.756016693999189
-0.990680040617097
0.904614618530801
-0.525683769810410
-0.023435132879054
0.564967003424767
-0.923593027543959
