0.999999999999999
-0.199123600901018
-0.920699583128423
0.565789633582213
0.695375444745708
-0.842720958654037
-0.359764181061808
0.985996037070504
-0.032905981689417
-0.972891321940144
0.420357228309562
0.805485232008601
-0.741139468049853
-0.510328512712697
0.944376370237479
0.134233265817660
-0.997834392738111
0.263151488952128
0.893035048612886
-0.618800198173353
-0.646599601215804
0.876306680043860
0.297612917967903
-0.994830191844717
0.098575422202439
0.955572805786141
-0.479129618224891
-0.764760776027604
0.783693457325833
0.452657049577027
-0.963962860695850
-0.068761537663818
0.991346950662071
-0.326039611452334
-0.861502587724555
0.669130606358852
0.595023196102042
-0.906096929213795
-0.234172629481236
0.999355523643320
-0.163817911415125
-0.934115498817190
0.535826794978986
0.720723977066262
-0.822853102117259
-0.393025031653939
0.979374221211595
0.002991988539373
-0.980565772275221
0.387515586452088
0.826238774315999
-0.716562866343781
-0.540869617879339
0.931962678203967
0.169718089100689
-0.999552432283503
0.228350870110636
0.908612337232879
-0.590203190936440
-0.673565567947806
0.858448793601856
0.331690738005531
-0.990543701876214
0.062790519529303
0.965537553173975
-0.447313148315611
-0.787396343528021
0.760891538834803
0.484373417312213
-0.953791896906685
-0.104528463267668
0.995420064911703
-0.291894792201020
-0.879173780697062
0.642023290261342
0.623489801858759
-0.890326359203686
-0.268919820615283
0.997422925272832
-0.128301068387810
-0.946327383799171
0.505173300974486
0.745143530260977
-0.801924626841805
-0.425779291565093
0.971490038292863
0.038886102236421
-0.986976319697499
0.354174455327995
0.845927333913360
-0.691062648986839
-0.570713567684453
0.918347730347638
0.204984153792242
-0.999982096009160
0.193255917795528
0.923018467515403
-0.560845439695131
-0.699663340513387
0.839484407258063
0.365341024366410
-0.984980447915476
0.026924682845633
0.974257768312795
-0.414920112910115
-0.809016994374968
0.737108867130225
0.515465450616875
-0.942391540464020
-0.140160656625179
0.998210129767736
-0.257373734365284
-0.895711760239430
0.614088436501799
0.651152758743592
-0.873408200617120
-0.303320386816886
0.994204695916447
-0.092618851350298
-0.957319497532079
0.473868662472966
0.768602628680540
-0.779962508642692
-0.457984742103105
0.962353650653269
0.074730093586452
-0.992114701314479
0.320376810078691
0.864525533178377
-0.664671684553406
-0.599821894687951
0.903549075692465
0.239986003602597
-0.999122830098856
0.157911867740791
0.936234870639750
-0.530764785202577
-0.724859280117757
0.819437965209706
0.398520403422644
-0.978147600733799
-0.008975858481047
0.981722211257641
-0.381992265099230
-0.829594860571846
0.712376096951330
0.545893073330335
-0.929776485888228
-0.175612189524000
0.999713548968504
-0.222520933956249
-0.911095209678037
0.585362051785785
0.677976410513232
-0.855364260160487
-0.337329987382884
0.989704983719631
-0.056817252993002
-0.967077671701092
0.441953229673201
0.791071034656370
-0.756995055651710
-0.489599871965081
0.951976834664456
0.110477761379585
-0.995974293995242
0.286166214270738
0.882009399911623
-0.637423989748654
-0.628157079632758
0.887585789004539
0.274678522802440
-0.996975742105716
0.122364276755686
0.948244511287244
-0.499999999999981
-0.749120910386236
0.798335306372662
0.431186108523533
-0.970053967548085
-0.044864830350584
0.987921260694518
-0.348572047321764
-0.849103418222232
0.686725107669319
0.575617065685722
-0.915962993388156
-0.210837366614663
0.999928384677747
-0.187381314585695
-0.925304300474015
0.555881163064824
0.703926182748970
-0.836217795619809
-0.370904785546348
0.983929588598621
-0.020942419883294
-0.975589328481124
0.409468140058847
0.812519787475621
-0.733051871829803
-0.520583930743654
0.940372965551547
0.146083028562450
-0.998550122907323
0.251586763744430
0.898356398235659
-0.609354685562756
-0.655682599805314
0.870478446205525
0.309016994375015
-0.993543599524644
0.086658964004011
0.959031909598987
-0.468590738440682
-0.772416959224638
0.776203631076300
0.463296035119903
-0.960709980668796
-0.080695973575249
0.992846926341843
-0.314702536658101
-0.867517521717736
0.660188962196445
0.604599114862438
-0.900968867902399
-0.245790784309550
0.998854359982395
-0.152000169561218
-0.938320717781214
0.525683769810474
0.728968627421449
-0.815993485882508
-0.404001504980032
0.976885954764633
0.014959407015346
-0.982843496749102
0.376455265374329
0.832921240710148
-0.708163818808632
-0.550896981452163
0.927557000153143
0.181500001629274
-0.999838867929059
0.216683029776404
0.913545457642626
-0.580499952001504
-0.682362976111793
0.852249097851353
0.342957157654217
-0.988830826225119
0.050841951945546
0.968583161128640
-0.436577485577615
-0.794717399127604
0.753071466003580
0.494808795034717
-0.950127684053173
-0.116423103505874
0.996492859249509
-0.280427389305912
-0.884813436149764
0.632801864369419
0.632801864369513
-0.884813436149708
-0.280427389306084
0.996492859249499
-0.116423103505754
-0.950127684053229
0.494808795034612
0.753071466003660
-0.794717399127496
-0.436577485577724
0.968583161128610
0.050841951945667
-0.988830826225137
0.342957157654049
0.852249097851417
-0.682362976111704
-0.580499952001649
0.913545457642577
0.216683029776523
-0.999838867929055
0.181500001629154
0.927557000153188
-0.550896981452062
-0.708163818808718
0.832921240710049
0.376455265374442
-0.982843496749079
0.014959407015225
0.976885954764672
-0.404001504979921
-0.815993485882578
0.728968627421327
0.525683769810578
-0.938320717781172
-0.152000169561394
0.998854359982404
-0.245790784309433
-0.900968867902477
0.604599114862296
0.660188962196537
-0.867517521717703
-0.314702536658271
0.992846926341828
-0.080695973575185
-0.960709980668845
0.463296035119795
0.776203631076376
-0.772416959224525
-0.468590738440789
0.959031909598952
0.086658964004189
-0.993543599524658
0.309016994374899
0.870478446205612
-0.655682599805222
-0.609354685562852
0.898356398235581
0.251586763744603
-0.998550122907317
0.146083028562273
0.940372965551608
-0.520583930743550
-0.733051871829847
0.812519787475517
0.409468140058957
-0.975589328481110
-0.020942419883472
0.983929588598643
-0.370904785546235
-0.836217795619907
0.703926182748884
0.555881163064925
-0.925304300473948
-0.187381314585814
0.999928384677748
-0.210837366614489
-0.915962993388205
0.575617065685623
0.686725107669448
-0.849103418222138
-0.348572047321878
0.987921260694490
-0.044864830350406
-0.970053967548115
0.431186108523474
0.798335306372770
-0.749120910386155
-0.500000000000037
0.948244511287187
0.122364276755807
-0.996975742105726
0.274678522802268
0.887585789004595
-0.628157079632663
-0.637423989748791
0.882009399911566
0.286166214270855
-0.995974293995226
0.110477761379464
0.951976834664493
-0.489599871964926
-0.756995055651827
0.791071034656296
0.441953229673361
-0.967077671701046
-0.056817252993123
0.989704983719640
-0.337329987382716
-0.855364260160549
0.677976410513185
0.585362051785929
-0.911095209677987
-0.222520933956367
0.999713548968499
-0.175612189523880
-0.929776485888273
0.545893073330186
0.712376096951416
-0.829594860571793
-0.381992265099395
0.981722211257613
-0.008975858480926
-0.978147600733836
0.398520403422507
0.819437965209776
-0.724859280117634
-0.530764785202704
0.936234870639707
0.157911867740883
-0.999122830098863
0.239986003602479
0.903549075692505
-0.599821894687808
-0.664671684553496
0.864525533178330
0.320376810078859
-0.992114701314464
0.074730093586359
0.962353650653318
-0.457984742102972
-0.779962508642750
0.768602628680426
0.473868662473098
-0.957319497532044
-0.092618851350476
0.994204695916463
-0.303320386816770
-0.873408200617207
0.651152758743478
0.614088436501895
-0.895711760239388
-0.257373734365429
0.998210129767728
-0.140160656625087
-0.942391540464080
0.515465450616771
0.737108867130288
-0.809016994374863
-0.414920112910225
0.974257768312774
0.026924682845811
-0.984980447915502
0.365341024366323
0.839484407258160
-0.699663340513280
-0.560845439695232
0.923018467515335
0.193255917795675
-0.999982096009160
0.204984153792067
0.918347730347697
-0.570713567684354
-0.691062648986906
0.845927333913280
0.354174455328108
-0.986976319697484
0.038886102236243
0.971490038292892
-0.425779291565009
-0.801924626841911
0.745143530260896
0.505173300974566
-0.946327383799113
-0.128301068387959
0.997422925272839
-0.268919820615112
-0.890326359203754
0.623489801858664
0.642023290261479
-0.879173780696991
-0.291894792201123
0.995420064911685
-0.104528463267518
-0.953791896906721
0.484373417312144
0.760891538834909
-0.787396343527946
-0.447313148315694
0.965537553173933
0.062790519529425
-0.990543701876226
0.331690738005376
0.858448793601925
-0.673565567947737
-0.590203190936584
0.908612337232822
0.228350870110741
-0.999552432283497
0.169718089100542
0.931962678204006
-0.540869617879189
-0.716562866343886
0.826238774315938
0.387515586452266
-0.980565772275191
0.002991988539251
0.979374221211611
-0.393025031653788
-0.822853102117328
0.720723977066197
0.535826794979125
-0.934115498817146
-0.163817911415217
0.999355523643326
-0.234172629481104
-0.906096929213835
0.595023196101904
0.669130606358953
-0.861502587724504
-0.326039611452503
0.991346950662052
-0.068761537663711
-0.963962860695899
0.452657049576893
0.783693457325904
-0.764760776027480
-0.479129618225023
0.955572805786107
0.098575422202517
-0.994830191844733
0.297612917967787
0.876306680043901
-0.646599601215678
-0.618800198173454
0.893035048612846
0.263151488952289
-0.997834392738102
0.134233265817564
0.944376370237536
-0.510328512712581
-0.741139468049920
0.805485232008496
0.420357228309692
-0.972891321940120
-0.032905981689600
0.985996037070528
-0.359764181061704
-0.842720958654139
0.695375444745598
0.565789633582309
-0.920699583128348
-0.199123600901172
0.999999999999999
-0.199123600900934
-0.920699583128487
0.565789633582109
0.695375444745773
-0.842720958653947
-0.359764181061931
0.985996037070488
-0.032905981689244
-0.972891321940176
0.420357228309471
0.805485232008707
-0.741139468049757
-0.510328512712790
0.944376370237419
0.134233265817805
-0.997834392738118
0.263151488951945
0.893035048612955
-0.618800198173263
-0.646599601215951
0.876306680043784
0.297612917968019
-0.994830191844708
0.098575422202276
0.955572805786179
-0.479129618224809
-0.764760776027710
0.783693457325753
0.452657049577110
-0.963962860695804
-0.068761537663953
0.991346950662084
-0.326039611452165
-0.861502587724628
0.669130606358773
0.595023196102191
-0.906096929213732
-0.234172629481341
0.999355523643313
-0.163817911414978
-0.934115498817233
0.535826794978824
0.720723977066366
-0.822853102117190
-0.393025031654012
0.979374221211561
0.002991988539494
-0.980565772275239
0.387515586451937
0.826238774316075
-0.716562866343716
-0.540869617879489
0.931962678203918
0.169718089100781
-0.999552432283505
0.228350870110615
0.908612337232971
-0.590203190936296
-0.673565567947916
0.858448793601801
0.331690738005605
-0.990543701876209
0.062790519529069
0.965537553174025
-0.447313148315477
-0.787396343528096
0.760891538834752
0.484373417312257
-0.953791896906614
-0.104528463267873
0.995420064911719
-0.291894792200890
-0.879173780697107
0.642023290261292
0.623489801858943
-0.890326359203592
-0.268919820615455
0.997422925272822
-0.128301068387718
-0.946327383799192
0.505173300974455
0.745143530261134
-0.801924626841698
-0.425779291565229
0.971490038292834
0.038886102236486
-0.986976319697505
0.354174455327775
0.845927333913470
-0.691062648986731
-0.570713567684553
0.918347730347601
0.204984153792305
-0.999982096009158
0.193255917795325
0.923018467515472
-0.560845439695031
-0.699663340513454
0.839484407258028
0.365341024366444
-0.984980447915440
0.026924682845455
0.974257768312829
-0.414920112910004
-0.809016994375006
0.737108867130201
0.515465450617077
-0.942391540463960
-0.140160656625328
0.998210129767743
-0.257373734365194
-0.895711760239446
0.614088436501613
0.651152758743749
-0.873408200617034
-0.303320386817002
0.994204695916437
-0.092618851350234
-0.957319497532147
0.473868662472784
0.768602628680654
-0.779962508642598
-0.457984742103188
0.962353650653252
0.074730093586488
-0.992114701314509
0.320376810078522
0.864525533178453
-0.664671684553315
-0.599821894688002
0.903549075692450
0.239986003602825
-0.999122830098848
0.157911867740643
0.936234870639792
-0.530764785202498
-0.724859280117801
0.819437965209571
0.398520403422834
-0.978147600733762
-0.008975858481169
0.981722211257659
-0.381992265099170
-0.829594860571866
0.712376096951165
0.545893073330485
-0.929776485888183
-0.175612189524120
0.999713548968505
-0.222520933956241
-0.911095209678134
0.585362051785640
0.677976410513363
-0.855364260160424
-0.337329987382945
0.989704983719621
-0.056817252992767
-0.967077671701137
0.441953229673041
0.791071034656445
-0.756995055651668
-0.489599871965138
0.951976834664384
0.110477761379818
-0.995974293995258
0.286166214270622
0.882009399911680
-0.637423989748604
-0.628157079632764
0.887585789004431
0.274678522802611
-0.996975742105707
0.122364276755566
0.948244511287264
-0.499999999999925
-0.749120910386391
0.798335306372555
0.431186108523694
-0.970053967548056
-0.044864830350649
0.987921260694528
-0.348572047321544
-0.849103418222327
0.686725107669189
0.575617065685821
-0.915962993388107
-0.210837366614726
0.999928384677747
-0.187381314585464
-0.925304300474083
0.555881163064723
0.703926182749056
-0.836217795619773
-0.370904785546355
0.983929588598579
-0.020942419883116
-0.975589328481164
0.409468140058736
0.812519787475659
-0.733051871829759
-0.520583930743855
0.940372965551487
0.146083028562626
-0.998550122907330
0.251586763744368
0.898356398235687
-0.609354685562569
-0.655682599805491
0.870478446205437
0.309016994375131
-0.993543599524630
0.086658964003946
0.959031909598989
-0.468590738440474
-0.772416959224752
0.776203631076223
0.463296035120011
-0.960709980668778
-0.080695973575314
0.992846926341871
-0.314702536657932
-0.867517521717824
0.660188962196354
0.604599114862489
-0.900968867902371
-0.245790784309778
0.998854359982387
-0.152000169561041
-0.938320717781256
0.525683769810371
0.728968627421493
-0.815993485882503
-0.404001504980247
0.976885954764595
0.014959407015468
-0.982843496749124
0.376455265374269
0.832921240710152
-0.708163818808466
-0.550896981452312
0.927557000153076
0.181500001629393
-0.999838867929060
0.216683029776341
0.913545457642722
-0.580499952001358
-0.682362976111924
0.852249097851290
0.342957157654277
-0.988830826225110
0.050841951945311
0.968583161128699
-0.436577485577454
-0.794717399127678
0.753071466003500
0.494808795034774
-0.950127684053171
-0.116423103506108
0.996492859249524
-0.280427389305796
-0.884813436149821
0.632801864369369
0.632801864369563
-0.884813436149598
-0.280427389306255
0.996492859249484
-0.116423103505633
-0.950127684053249
0.494808795034556
0.753071466003815
-0.794717399127388
-0.436577485577884
0.968583161128580
0.050841951945788
-0.988830826225147
0.342957157653828
0.852249097851540
-0.682362976111574
-0.580499952001748
0.913545457642527
0.216683029776586
-0.999838867929055
0.181500001628923
0.927557000153255
-0.550896981451913
-0.708163818808803
0.832921240710013
0.376455265374502
-0.982843496749036
0.014959407014989
0.976885954764698
-0.404001504979810
-0.815993485882648
0.728968627421321
0.525683769810778
-0.938320717781091
-0.152000169561514
0.998854359982410
-0.245790784309315
-0.900968867902480
0.604599114862290
0.660188962196713
-0.867517521717586
-0.314702536658386
0.992846926341814
-0.080695973575064
-0.960709980668848
0.463296035119587
0.776203631076525
-0.772416959224448
-0.468590738440896
0.959031909598918
0.086658964004196
-0.993543599524684
0.309016994374676
0.870478446205672
-0.655682599805130
-0.609354685562948
0.898356398235577
0.251586763744831
-0.998550122907304
0.146083028562153
0.940372965551649
-0.520583930743446
-0.733051871829930
0.812519787475513
0.409468140059172
-0.975589328481059
-0.020942419883594
0.983929588598665
-0.370904785546122
-0.836217795619911
0.703926182748716
0.555881163065121
-0.925304300473901
-0.187381314585934
0.999928384677750
-0.210837366614481
-0.915962993388299
0.575617065685430
0.686725107669537
-0.849103418222074
-0.348572047321992
0.987921260694489
-0.044864830350398
-0.970053967548172
0.431186108523262
0.798335306372843
-0.749120910386075
-0.500000000000142
0.948244511287184
0.122364276756040
-0.996975742105744
0.274678522802151
0.887585789004651
-0.628157079632569
-0.637423989748797
0.882009399911455
0.286166214271080
-0.995974293995215
0.110477761379343
0.951976834664530
-0.489599871964919
-0.756995055651980
0.791071034656152
0.441953229673470
-0.967077671701015
-0.056817252993244
0.989704983719657
-0.337329987382709
-0.855364260160671
0.677976410513012
0.585362051786028
-0.911095209677937
-0.222520933956486
0.999713548968499
-0.175612189523649
-0.929776485888359
0.545893073330084
0.712376096951501
-0.829594860571726
-0.381992265099402
0.981722211257568
-0.008975858480691
-0.978147600733861
0.398520403422395
0.819437965209845
-0.724859280117628
-0.530764785202710
0.936234870639624
0.157911867741115
-0.999122830098868
0.239986003602361
0.903549075692557
-0.599821894687802
-0.664671684553672
0.864525533178212
0.320376810078975
-0.992114701314449
0.074730093586238
0.962353650653320
-0.457984742102763
-0.779962508642897
0.768602628680348
0.473868662473205
-0.957319497532009
-0.092618851350483
0.994204695916489
-0.303320386816546
-0.873408200617266
0.651152758743386
0.614088436501991
-0.895711760239334
-0.257373734365436
0.998210129767714
-0.140160656624854
-0.942391540464120
0.515465450616667
0.737108867130370
-0.809016994374858
-0.414920112910439
0.974257768312721
0.026924682845933
-0.984980447915523
0.365341024366210
0.839484407258165
-0.699663340513112
-0.560845439695427
0.923018467515288
0.193255917795794
-0.999982096009161
0.204984153792060
0.918347730347700
-0.570713567684160
-0.691062648987076
0.845927333913215
0.354174455328222
-0.986976319697465
0.038886102236235
0.971490038292947
-0.425779291564796
-0.801924626841984
0.745143530260815
0.505173300974671
-0.946327383799111
-0.128301068388192
0.997422925272856
-0.268919820614994
-0.890326359203810
0.623489801858569
0.642023290261485
-0.879173780696879
-0.291894792201348
0.995420064911673
-0.104528463267398
-0.953791896906758
0.484373417312037
0.760891538834915
-0.787396343527801
-0.447313148315905
0.965537553173901
0.062790519529546
-0.990543701876243
0.331690738005368
0.858448793602046
-0.673565567947563
-0.590203190936682
0.908612337232771
0.228350870110859
-0.999552432283497
0.169718089100310
0.931962678204091
-0.540869617879086
-0.716562866343970
0.826238774315870
0.387515586452273
-0.980565772275190
0.002991988539016
0.979374221211658
-0.393025031653676
-0.822853102117397
0.720723977066113
0.535826794979132
-0.934115498817062
-0.163817911415449
0.999355523643330
-0.234172629480986
-0.906096929213886
0.595023196101898
0.669130606359128
-0.861502587724385
-0.326039611452617
0.991346950662036
-0.068761537663590
-0.963962860695901
0.452657049576684
0.783693457326050
-0.764760776027402
