0.999999999999999
0.499568080859594
-0.500863465172522
-0.999998880997441
-0.498271578510746
0.502157728550452
0.999995523992272
0.496973961027556
-0.503450868096817
-0.999989928992004
-0.495675231314100
0.504742880917563
0.999982096009160
0.494375392276938
-0.506033764121160
-0.999972025061269
-0.493074446825122
0.507323514818605
0.999959716170870
0.491772397870169
-0.508612130123426
-0.999945169365511
-0.490469248326077
0.509899607151700
0.999928384677748
0.489165001109295
-0.511185943022045
-0.999909362145144
-0.487859659138738
0.512471134855631
0.999888101810273
0.486553225335771
-0.513755179776199
-0.999864603720714
-0.485245702624191
0.515038074910043
0.999838867929057
0.483937093930252
-0.516319817386047
-0.999810894492899
-0.482627402182622
0.517600404335652
0.999780683474845
0.481316630312389
-0.518879832892905
-0.999748234942506
-0.480004781253083
0.520158100194443
0.999713548968503
0.478691857940620
-0.521435203379485
-0.999676625630463
-0.477377863313324
0.522711139589875
0.999637465011021
0.476062800311934
-0.523985905970067
-0.999596067197818
-0.474746671879561
0.525259499667114
0.999552432283503
0.473429480961702
-0.526531917830715
-0.999506560365731
-0.472111230506249
0.527803157613189
0.999458451547164
0.470791923463447
-0.529073216169509
-0.999408105935469
-0.469471562785912
0.530342090657252
0.999355523643321
0.468150151428604
-0.531609778236683
-0.999300704788398
-0.466827692348876
0.532876276070711
0.999243649493386
0.465504188506384
-0.534141581324907
-0.999184357885974
-0.464179642863137
0.535405691167511
0.999122830098858
0.462854058383474
-0.536668602769452
-0.999059066269737
-0.461527438034061
0.537930313304302
0.998993066541315
0.460199784783868
-0.539190819948359
-0.998924831061299
-0.458871101604214
0.540450119880603
0.998854359982400
0.457541391468688
-0.541708210282713
-0.998781653462335
-0.456210657353188
0.542965088339078
0.998706711663820
0.454878902235902
-0.544220751236810
-0.998629534754574
-0.453546129097306
0.545475196165704
0.998550122907322
0.452212340920140
-0.546728420318318
-0.998468476299786
-0.450877540689454
0.547980420889931
0.998384595114691
0.449541731392526
-0.549231195078559
-0.998298479539766
-0.448204916018903
0.550480740084962
0.998210129767736
0.446867097560386
-0.551729053112665
-0.998119545996329
-0.445528279011018
0.552976131367913
0.998026728428272
0.444188463367082
-0.554221972059749
-0.997931677271292
-0.442847653627093
0.555466572399977
0.997834392738112
0.441505852791789
-0.556709929603175
-0.997734875046457
-0.440163063864103
0.557952040886701
0.997633124419048
0.438819289849254
-0.559192903470706
-0.997529141083602
-0.437474533754589
0.560432514578133
0.997422925272836
0.436128798589680
-0.561670871434748
-0.997314477224460
-0.434782087366288
0.562907971269056
0.997203797181183
0.433434403098361
-0.564143811312445
-0.997090885390706
-0.432085748802022
0.565378388799098
0.996975742105726
0.430736127495567
-0.566611700966025
-0.996858367583933
-0.429385542199454
0.567843745053066
0.996738762088016
0.428033995936302
-0.569074518302901
-0.996616925885651
-0.426681491730878
0.570304017961052
0.996492859249507
0.425328032610066
-0.571532241275894
-0.996366562457246
-0.423973621602967
0.572759185498656
0.996238035791521
0.422618261740734
-0.573984847883431
-0.996107279539976
-0.421261956056669
0.575209225687180
0.995974293995243
0.419904707586192
-0.576432316169763
-0.995839079454945
-0.418546519366831
0.577654116593849
0.995701636221693
0.417187394438218
-0.578874624225068
-0.995561964603085
-0.415827335842082
0.580093836331917
0.995420064911705
0.414466346622242
-0.581311750185792
-0.995275937465129
-0.413104429824597
0.582528363060996
0.995129582585915
0.411741588497125
-0.583743672234744
-0.994981000601603
-0.410377825689872
0.584957674987167
0.994830191844722
0.409013144454920
-0.586170368601320
-0.994677156652783
-0.407647547846484
0.587381750363191
0.994521895368278
0.406281038920750
-0.588591817561699
-0.994364408338684
-0.404913620735973
0.589800567488708
0.994204695916457
0.403545296352441
-0.591007997439053
-0.994042758459035
-0.402176068832471
0.592214104710453
0.993878596328834
0.400805941240402
-0.593418886603657
-0.993712209893250
-0.399434916642586
0.594622340422358
0.993543599524653
0.398062998107383
-0.595824463473218
-0.993372765600401
-0.396690188705155
0.597025253065881
0.993199708502818
0.395316491508254
-0.598224706512974
-0.993024428619207
-0.393941909591023
0.599422821130113
0.992846926341844
0.392566446029757
-0.600619594235912
-0.992667202067980
-0.391190103902803
0.601815023151986
0.992485256199837
0.389812886290395
-0.603009105202960
-0.992301089144617
-0.388434796274753
0.604201837716472
0.992114701314483
0.387055836940050
-0.605393218023180
-0.991926093126572
-0.385676011372403
0.606583243456769
0.991735265002989
0.384295322659871
-0.607771911353955
-0.991542217370811
-0.382913773892440
0.608959219054496
0.991346950662077
0.381531368162025
-0.610145163901188
-0.991149465313797
-0.380148108562455
0.611329743239927
0.990949761767943
0.378763998189474
-0.612512954419529
-0.990747840471452
-0.377379040140728
0.613694794792005
0.990543701876226
0.375993237515759
-0.614875261712391
-0.990337346439128
-0.374606593416001
0.616054352538796
0.990128774621982
0.373219110944770
-0.617232064632408
-0.989917986891574
-0.371830793207260
0.618408395357502
0.989704983719646
0.370441643310533
-0.619583342081443
-0.989489765582902
-0.369051664363459
0.620756902174696
0.989272332963001
0.367660859476926
-0.621929073010825
-0.989052686346557
-0.366269231763509
0.623099851966508
0.988830826225142
0.364876784337677
-0.624269236421534
-0.988606753095279
-0.363483520315735
0.625437223758816
0.988380467458446
0.362089442815815
-0.626603811364391
-0.988151969821070
-0.360694554957870
0.627768996627431
0.987921260694530
0.359298859863666
-0.628932776940245
-0.987688340595146
-0.357902360656775
0.630095149698286
0.987453210044212
0.356505060462570
-0.631256112300160
-0.987215869567942
-0.355106962408216
0.632415662147624
0.986976319697506
0.353708069622663
-0.633573796645602
-0.986734560969017
-0.352308385236642
0.634730513202181
0.986490593923533
0.350907912382651
-0.635885809228625
-0.986244419107053
-0.349506654194958
0.637039682139374
0.985996037070517
0.348104613809585
-0.638192129352100
-0.985745448369807
-0.346701794364305
0.639343148287532
0.985492653565741
0.345298198998635
-0.640492736369727
-0.985237653224074
-0.343893830853830
0.641640891025901
0.984980447915499
0.342488693072872
-0.642787609686480
-0.984721038215643
-0.341082788800467
0.643932889785099
0.984459424705065
0.339676121183036
-0.645076728758616
-0.984195607969259
-0.338268693368708
0.646219124047115
0.983929588598648
0.336860508507260
-0.647360073093908
-0.983661367188583
-0.335451569750324
0.648499573345546
0.983390944339347
0.334041880251059
-0.649637622251821
-0.983118320656147
-0.332631443164357
0.650774217265774
0.982843496749115
0.331220261646784
-0.651909355843700
-0.982566473233310
-0.329808338856571
0.653043035445152
0.982287250728711
0.328395677953608
-0.654175253532951
-0.982005829860220
-0.326982282099438
0.655306007573185
0.981722211257648
0.325568154457247
-0.656435295035222
-0.981436395555755
-0.324153298191862
0.657563113391710
0.981148383394188
0.322737716469737
-0.658689460118587
-0.980858175417519
-0.321321412458952
0.659814332695083
0.980565772275237
0.319904389329201
-0.660937728603726
-0.980271174621739
-0.318486650251791
0.662059645330352
0.979974383116338
0.317068198399628
-0.663180080364104
-0.979675398423254
-0.315649036947215
0.664299031197444
0.979374221211617
0.314229169070643
-0.665416495326197
-0.979070852155463
-0.312808597947583
0.666532470249386
0.978765291933733
0.311387326757280
-0.667646953469496
-0.978457541230272
-0.309965358680547
0.668759942492310
0.978147600733829
0.308542696899756
-0.669871434826951
-0.977835471138051
-0.307119344598830
0.670981427985894
0.977521153141486
0.305695304963241
-0.672089919484969
-0.977204647447580
-0.304270581179994
0.673196906843365
0.976885954764674
0.302845176437577
-0.674302387583640
-0.976565075806004
-0.301419093926159
0.675406359231722
0.976242011289698
0.299992336837268
-0.676508819316917
-0.975916761938777
-0.298564908363991
0.677609765371914
0.975589328481150
0.297136811700923
-0.678709194932789
-0.975259711649614
-0.295708050044150
0.679807105539014
0.974927912181856
0.294278626591248
-0.680903494733459
-0.974593930820442
-0.292848544541274
0.681998360062399
0.974257768312812
0.291417807094759
-0.683091699075521
-0.973919425411326
-0.289986417453702
0.684183509325926
0.973578902873183
0.288554378821558
-0.685273788370136
-0.973236201460475
-0.287121694403239
0.686362533768103
0.972891321940170
0.285688367405099
-0.687449743083208
-0.972544265084108
-0.284254401034931
0.688535413882271
0.972195031669007
0.282819798501959
-0.689619543735555
-0.971843622476451
-0.281384563016831
0.690702130216814
0.971490038292896
0.279948697791612
-0.691783170903130
-0.971134279909665
-0.278512206039775
0.692862663375172
0.970776348122948
0.277075090976196
-0.693940605217028
-0.970416243733784
-0.275637355817147
0.695016994016259
0.970053967548116
0.274199003780284
-0.696091827363903
-0.969689520376706
-0.272760038084649
0.697165102854475
0.969322903035189
0.271320461950653
-0.698236818085981
-0.968954116344056
-0.269880278600075
0.699306970659917
0.968583161128653
0.268439491256053
-0.700375558181274
-0.968210038219181
-0.266998103143076
0.701442578258549
0.967834748450691
0.265556117486979
