0.999999999999999
0.010970420952009
-0.999759299728270
-0.032905981689419
0.999037314786326
0.054825701469361
-0.997834392738110
-0.076719028126820
0.996151112670950
0.098575422202445
-0.993988284916784
-0.120384362016250
0.991346950662069
0.142135348732757
-0.988228381446552
-0.163817911415140
0.984634078551145
0.185421612065939
-0.980565772275219
-0.206936050651921
0.976025421103623
0.228350870110662
-0.971015210763880
-0.249655761336422
0.965537553173970
0.270840468143012
-0.959595085281234
-0.291894792201033
0.953190667792945
0.312808597947471
-0.946327383799162
-0.333571817464844
0.939008537288530
0.354174455328022
-0.931237651557736
-0.374606593415913
0.923018467515394
0.394858395686164
-0.914354941881170
-0.414920112910130
0.905251245281012
0.434782087366263
-0.895711760239406
-0.454434757489239
0.885741079069647
0.473868662473007
-0.875344001663062
-0.493074446825120
0.864525533178357
0.512042864870580
-0.853290881632147
-0.530764785202605
0.841645455391800
0.549231195078598
-0.829594860571830
-0.567433204758785
0.817144898335123
0.585362051785836
-0.804301562100274
-0.603009105203028
0.791071034656335
0.620365869709276
-0.777459685186400
-0.637423989748693
0.763474066201491
0.654175253533043
-0.749120910386197
-0.670611596994816
0.734407127357537
0.686725107669357
-0.719339800338649
-0.702508028503850
0.703926182748937
0.717952761591649
-0.688173694712296
-0.733051871829830
0.672089919485039
0.747798090498541
-0.655682599805289
-0.762184318760079
0.638959634165647
0.776203631076362
-0.621929073010870
-0.789849278542810
0.604599114862354
0.803114692137302
-0.586978102371392
-0.815993485882557
0.569074518302928
0.828479459920251
-0.550896981452086
-0.840566603495696
0.532454242495007
0.852249097851391
-0.513755179776201
-0.863521319028235
0.494808795034648
0.874377840572811
-0.475624209070256
-0.884813436149749
0.456210657353137
0.894823082057653
-0.436577485577663
-0.904401959647569
0.416734145163345
0.913545457642607
-0.396690188705068
-0.922249174357863
0.376455265374391
0.930508919819370
-0.356039116274349
-0.938320717781194
0.335451569750240
0.945680807639541
-0.314702536658150
-0.952585646243153
0.293802005593885
0.959031909598966
-0.272760038084486
-0.965016494472314
0.251586763744492
0.970536519880777
-0.230292375399705
-0.975589328481125
0.208887124180274
0.980172487848544
-0.187381314585714
-0.984283791647638
0.165785299524479
0.987921260694516
-0.144109475329955
-0.991083143909602
0.122364276755690
0.993767919160596
-0.100560171952123
-0.995974293995239
0.078707657427101
0.997701206263484
-0.056817252993018
-0.998947824628824
0.034899496702496
0.999713548968503
-0.012964939775266
-0.999998010662407
-0.008975858481018
0.999801072770522
0.030912335754151
-0.999122830098856
-0.052833931812052
0.997963609153802
0.074730093586438
-0.996323967984948
-0.096590280253187
0.994204695916448
0.118403968306529
-0.991606813167025
-0.140160656625153
0.988531570358852
0.161849871527535
-0.984980447915479
-0.183461171813804
0.980955155349186
0.204984153792259
-0.976457630437999
-0.226408456287679
0.971490038292857
0.247723765629198
-0.966054770315317
-0.268919820615315
0.960154443046353
0.289986417453588
-0.953791896906689
-0.310913414672958
0.946970194829509
0.331690738005537
-0.939692620785900
-0.352308385236579
0.931962678203962
0.372756431019504
-0.923784088282254
-0.393025031653959
0.915160788198410
0.413104429824584
-0.906096929213777
-0.432984959298135
0.896596874675019
0.452657049577023
-0.886665197913508
-0.472111230506244
0.876306680043855
0.491338136832528
-0.865526307662194
-0.510328512712719
0.854329270445648
0.529073216169548
-0.842720958654018
-0.547563223492584
0.830706960534909
0.565789633582254
-0.818293059633544
-0.583743672234835
0.805485232008598
0.601416696366317
-0.792289643355183
-0.618800198173369
0.778712646036882
0.635885809228730
-0.764760776027581
-0.652665304509951
0.750440749765086
0.669130606358885
-0.735759460917821
-0.685273788370273
0.720723977066216
0.701087079207524
-0.705341536300369
-0.716562866343793
0.689619543735665
0.731693699726823
-0.673565567947788
-0.746472295365160
0.657187337329446
0.760891538834833
-0.640492736369760
-0.774944488704199
0.623489801858706
0.788624379875553
-0.606186719018196
-0.801924626841851
0.588591817561715
0.814838826856975
-0.570713567684384
-0.827360763018020
0.552560575985459
0.839484407258082
-0.534141581324915
-0.851203923248299
0.515465450616838
0.862513669207270
-0.496541174560701
-0.873408200617145
0.477377863313281
0.883882272844583
-0.457984742103027
-0.893930843665522
0.438371146789030
0.903549075692506
-0.418546519366733
-0.912732338703388
0.398520403422602
0.921476211870412
-0.378302439539633
-0.929776485888258
0.357902360656679
0.937629165000504
-0.337329987382799
-0.945030468923157
0.316595223269670
0.951976834664486
-0.295708050044002
-0.958464918240249
0.274678522802338
0.964491596283486
-0.253516765170521
-0.970053967548113
0.232232964430231
0.975149354305566
-0.210837366614600
-0.979775303633918
0.189340271576100
0.983929588598634
-0.167752028027964
-0.987610209324675
0.146083028562370
0.990815393959223
-0.124343704647436
-0.993543599524654
0.102544521605510
0.995793512661324
-0.080695973575154
-0.997564050259824
0.058808578459320
0.998854359982400
-0.036892872861800
-0.999663820673246
0.014959407015234
0.999992042657546
0.006981260297998
-0.999838867929057
-0.028918566828729
0.999204370226176
0.050841951945673
-0.998088854996444
-0.072740861719319
0.996492859249498
0.094604754002603
-0.994417151298558
-0.116423103505839
0.991862730390566
0.138185406863834
-0.988830826225123
-0.159881187691866
0.985322898362548
0.181500001629254
-0.981340635521221
-0.203031441367221
0.976885954764636
0.224465141658975
-0.971961000578532
-0.245790784309547
0.966568143838530
0.266998103142975
-0.960709980668811
-0.288076888944394
0.954389331192278
0.309016994374972
-0.947609238173040
-0.329808338856521
0.940372965551560
0.350440913424507
-0.932683996873411
-0.370904785546321
0.924546033612292
0.391190103902802
-0.915962993388142
-0.411287103130669
0.906939008081187
0.431186108523572
-0.897478421842860
-0.450877540689500
0.887585789004516
0.470351920162308
-0.877265871884980
-0.489599871965133
0.866523638497962
0.508612130123517
-0.855364260160452
-0.527379542125955
0.843793109003308
0.545893073330302
-0.831815755384866
-0.564143811312479
0.819437965209724
0.582122970157302
-0.806665697152801
-0.599821894687932
0.793505099790880
0.617232064632481
-0.779962508642684
-0.634345098725677
0.766044443118950
0.651152758743607
-0.751757603383987
-0.667646953469604
0.737108867130206
0.683819742589364
-0.722105286267202
-0.699663340513413
0.706754083526955
0.715170120125102
-0.691062648986807
-0.730332616452299
0.675038536511874
0.745143530261030
-0.658689460118610
-0.759595731569341
0.642023290261274
0.773682263079665
-0.625048050043183
-0.787396343528010
0.607771911354028
0.800731370948736
-0.590203190936448
-0.813680925852324
0.572350346382001
0.826238774316006
-0.554221972059758
-0.838398870984706
0.535826794978969
0.850155361981280
-0.517173670587879
-0.861502587724573
0.498271578510705
0.872435085653946
-0.479129618224847
-0.882947592858953
0.459757004680389
0.893035048612914
-0.440163063864020
-0.902692596809145
0.420357228309496
0.911915588298698
-0.400349032556818
-0.920699583128457
0.380148108562295
0.929040352678537
-0.359764181061715
-0.936933881697943
0.339207062888856
0.944376370237516
-0.318486650251577
-0.951364235479193
0.297612917967892
0.957894113460923
-0.276595914663650
-0.963962860695857
0.255445757935770
0.969567555685780
-0.234172629481196
-0.974705500327476
0.212786770195527
0.979374221211605
-0.191298475243045
-0.983571470813393
0.169718089100619
0.987295228574603
-0.148056000577865
-0.990543701876225
0.126322637815971
0.993315326901444
-0.104528463267581
-0.995608769388469
0.082683968660167
0.997422925272839
-0.060799669945305
-0.998756921218926
0.038886102236290
0.999610115040356
-0.016953814736525
-0.999982096009160
-0.004986634338868
0.999872685053498
0.026924682845666
-0.999281934843867
-0.048849769795624
0.998210129767733
0.070751340439855
-0.996657785792645
-0.092618851350347
0.994625650217834
0.114441775495465
-0.992114701314472
-0.136209607307665
0.989126147854725
0.157911867740883
-0.985661428529853
-0.179538109315152
0.981722211257622
0.201077921146026
-0.977310392379367
-0.222520933956382
0.972428095747094
0.243856825068202
-0.967077671701055
-0.265075323371907
0.961261695938293
0.286166214270885
-0.954982968272703
-0.307119344598793
0.948244511287193
0.327924627507305
-0.941049568878618
-0.348572047321922
0.933401604696166
0.369051664363524
-0.925304300473991
-0.389353619733233
0.916761554258665
0.409468140058911
-0.907777478532897
-0.429385542199436
0.898356398235625
0.449096237906593
-0.888502848680023
-0.468590738440758
0.878221573370204
0.487859659138778
-0.867517521717689
-0.506893723931757
0.856395846658759
0.525683769810561
-0.844861902173834
-0.544220751236891
0.832921240710055
0.562495744497815
-0.820579610508342
-0.580499952001646
0.807842952836179
0.598224706513105
-0.794717399127494
-0.615661475325740
0.781209268030972
0.632801864369567
-0.767325062368267
-0.649637622251985
0.753071466003530
0.666160644229916
-0.738455340625872
-0.682362976111772
0.723483722445844
0.698236818086092
-0.708163818808647
-0.713774528476723
0.692503004724219
0.728968627421440
-0.676508819316971
-0.743811800472752
0.660188962196450
0.758296902119087
-0.643551289750743
-0.772416959224639
0.626603811364407
