0.999999999999999
-0.266036845566675
-0.858448793601865
0.722794863827391
0.473868662472998
-0.974927912181823
0.044864830350514
0.951056516295153
-0.550896981452102
-0.657938725939714
0.900968867902418
0.178556894798636
-0.995974293995238
0.351374824081340
0.809016994374947
-0.781831482468029
-0.393025031653924
0.990949761767933
-0.134233265817651
-0.919527772551450
0.623489801858732
0.587785252292475
-0.936234870639737
-0.089639308903433
0.983929588598629
-0.433883739117554
-0.753071466003614
0.834573253721302
0.309016994374949
-0.998993066541313
0.222520933956316
0.880595531856737
-0.691062648986862
-0.512899277405909
0.963962860695851
0.000000000000008
-0.963962860695855
0.512899277405908
0.691062648986863
-0.880595531856737
-0.222520933956317
0.998993066541314
-0.309016994374941
-0.834573253721306
0.753071466003613
0.433883739117556
-0.983929588598629
0.089639308903432
0.936234870639738
-0.587785252292468
-0.623489801858738
0.919527772551446
0.134233265817666
-0.990949761767934
0.393025031653923
0.781831482468030
-0.809016994374944
-0.351374824081348
0.995974293995237
-0.178556894798627
-0.900968867902417
0.657938725939713
0.550896981452103
-0.951056516295152
-0.044864830350519
0.974927912181824
-0.473868662472991
-0.722794863827398
0.858448793601859
0.266036845566674
-0.999999999999999
0.266036845566672
0.858448793601875
-0.722794863827386
-0.473868662472993
0.974927912181820
-0.044864830350517
-0.951056516295157
0.550896981452100
0.657938725939726
-0.900968867902416
-0.178556894798630
0.995974293995239
-0.351374824081345
-0.809016994374954
0.781831482468029
0.393025031653939
-0.990949761767933
0.134233265817663
0.919527772551453
-0.623489801858736
-0.587785252292482
0.936234870639737
0.089639308903449
-0.983929588598629
0.433883739117540
0.753071466003615
-0.834573253721305
-0.309016994374957
0.998993066541314
-0.222520933956300
-0.880595531856738
0.691062648986851
0.512899277405910
-0.963962860695847
-0.000000000000009
0.963962860695851
-0.512899277405894
-0.691062648986864
0.880595531856729
0.222520933956318
-0.998993066541315
0.309016994374939
0.834573253721299
-0.753071466003602
-0.433883739117557
0.983929588598626
-0.089639308903430
-0.936234870639743
0.587785252292467
0.623489801858728
-0.919527772551446
-0.134233265817653
0.990949761767936
-0.393025031653922
-0.781831482468040
0.809016994374943
0.351374824081363
-0.995974293995237
0.178556894798640
0.900968867902424
-0.657938725939712
-0.550896981452116
0.951056516295151
0.044864830350535
-0.974927912181824
0.473868662472977
0.722794863827399
-0.858448793601866
-0.266036845566690
0.999999999999999
-0.266036845566684
-0.858448793601869
0.722794863827375
0.473868662473032
-0.974927912181823
0.044864830350501
0.951056516295162
-0.550896981452111
-0.657938725939716
0.900968867902409
0.178556894798673
-0.995974293995238
0.351374824081330
0.809016994374964
-0.781831482468036
-0.393025031653927
0.990949761767931
-0.134233265817619
-0.919527772551448
0.623489801858724
0.587785252292495
-0.936234870639741
-0.089639308903436
0.983929588598632
-0.433883739117526
-0.753071466003606
0.834573253721296
0.309016994374972
-0.998993066541314
0.222520933956313
0.880595531856745
-0.691062648986840
-0.512899277405899
0.963962860695850
0.000000000000025
-0.963962860695848
0.512899277405905
0.691062648986876
-0.880595531856722
-0.222520933956306
0.998993066541314
-0.309016994374925
-0.834573253721324
0.753071466003611
0.433883739117571
-0.983929588598623
0.089639308903443
0.936234870639739
-0.587785252292454
-0.623489801858763
0.919527772551451
0.134233265817669
-0.990949761767938
0.393025031653933
0.781831482468032
-0.809016994374934
-0.351374824081377
0.995974293995238
-0.178556894798624
-0.900968867902431
0.657938725939721
0.550896981452105
-0.951056516295146
-0.044864830350551
0.974927912181822
-0.473868662472988
-0.722794863827410
0.858448793601843
0.266036845566677
-0.999999999999999
0.266036845566641
0.858448793601862
-0.722794863827384
-0.473868662473021
0.974927912181813
-0.044864830350514
-0.951056516295158
0.550896981452074
0.657938725939706
-0.900968867902414
-0.178556894798661
0.995974293995242
-0.351374824081342
-0.809016994374956
0.781831482468009
0.393025031653915
-0.990949761767933
0.134233265817632
0.919527772551465
-0.623489801858734
-0.587785252292485
0.936234870639725
0.089639308903424
-0.983929588598630
0.433883739117538
0.753071466003635
-0.834573253721303
-0.309016994374960
0.998993066541312
-0.222520933956325
-0.880595531856739
0.691062648986849
0.512899277405937
-0.963962860695853
-0.000000000000012
0.963962860695860
-0.512899277405867
-0.691062648986867
0.880595531856728
0.222520933956349
-0.998993066541313
0.309016994374937
0.834573253721317
-0.753071466003582
-0.433883739117560
0.983929588598625
-0.089639308903399
-0.936234870639734
0.587785252292465
0.623489801858753
-0.919527772551433
-0.134233265817656
0.990949761767936
-0.393025031653893
-0.781831482468024
0.809016994374942
0.351374824081365
-0.995974293995234
0.178556894798637
0.900968867902425
-0.657938725939688
-0.550896981452142
0.951056516295150
0.044864830350538
-0.974927912181831
0.473868662473000
0.722794863827401
-0.858448793601850
-0.266036845566665
0.999999999999999
-0.266036845566654
-0.858448793601856
0.722794863827353
0.473868662473010
-0.974927912181829
0.044864830350470
0.951056516295154
-0.550896981452037
-0.657938725939740
0.900968867902420
0.178556894798704
-0.995974293995241
0.351374824081354
0.809016994374982
-0.781831482468017
-0.393025031653904
0.990949761767927
-0.134233265817645
-0.919527772551438
0.623489801858699
0.587785252292474
-0.936234870639710
-0.089639308903467
0.983929588598627
-0.433883739117498
-0.753071466003627
0.834573253721310
0.309016994375002
-0.998993066541313
0.222520933956338
0.880595531856760
-0.691062648986858
-0.512899277405878
0.963962860695842
-0.000000000000000
-0.963962860695872
0.512899277405878
0.691062648986857
-0.880595531856707
-0.222520933956337
0.998993066541313
-0.309016994374895
-0.834573253721310
0.753071466003628
0.433883739117599
-0.983929588598628
0.089639308903355
0.936234870639750
-0.587785252292475
-0.623489801858787
0.919527772551438
0.134233265817644
-0.990949761767942
0.393025031653904
0.781831482468016
-0.809016994374916
-0.351374824081353
0.995974293995241
-0.178556894798593
-0.900968867902420
0.657938725939655
0.550896981452131
-0.951056516295154
-0.044864830350582
0.974927912181829
-0.473868662473011
-0.722794863827431
0.858448793601856
0.266036845566653
-0.999999999999999
0.266036845566666
0.858448793601849
-0.722794863827362
-0.473868662472999
0.974927912181806
-0.044864830350482
-0.951056516295150
0.550896981452048
0.657938725939730
-0.900968867902426
-0.178556894798692
0.995974293995239
-0.351374824081366
-0.809016994374975
0.781831482468025
0.393025031653996
-0.990949761767929
0.134233265817657
0.919527772551478
-0.623489801858709
-0.587785252292464
0.936234870639714
0.089639308903455
-0.983929588598625
0.433883739117509
0.753071466003619
-0.834573253721317
-0.309016994374990
0.998993066541313
-0.222520933956239
-0.880595531856754
0.691062648986867
0.512899277405964
-0.963962860695845
0.000000000000013
0.963962860695868
-0.512899277405889
-0.691062648986848
0.880595531856713
0.222520933956324
-0.998993066541317
0.309016994374907
0.834573253721303
-0.753071466003561
-0.433883739117588
0.983929588598630
-0.089639308903368
-0.936234870639745
0.587785252292485
0.623489801858778
-0.919527772551443
-0.134233265817631
0.990949761767940
-0.393025031653916
-0.781831482468079
0.809016994374923
0.351374824081341
-0.995974293995232
0.178556894798606
0.900968867902414
-0.657938725939664
-0.550896981452121
0.951056516295158
0.044864830350569
-0.974927912181826
0.473868662472922
0.722794863827422
-0.858448793601863
-0.266036845566750
0.999999999999999
-0.266036845566678
-0.858448793601901
0.722794863827371
0.473868662472987
-0.974927912181809
0.044864830350495
0.951056516295146
-0.550896981452059
-0.657938725939720
0.900968867902382
0.178556894798679
-0.995974293995238
0.351374824081272
0.809016994374967
-0.781831482468033
-0.393025031653985
0.990949761767930
-0.134233265817670
-0.919527772551473
0.623489801858719
0.587785252292454
-0.936234870639719
-0.089639308903442
0.983929588598643
-0.433883739117521
-0.753071466003610
0.834573253721262
0.309016994374978
-0.998993066541314
0.222520933956252
0.880595531856748
-0.691062648986877
-0.512899277405953
0.963962860695848
0.000000000000088
-0.963962860695865
0.512899277405900
0.691062648986921
-0.880595531856719
-0.222520933956312
0.998993066541317
-0.309016994374919
-0.834573253721296
0.753071466003570
0.433883739117577
-0.983929588598632
0.089639308903381
0.936234870639741
-0.587785252292404
-0.623489801858768
0.919527772551448
0.134233265817731
-0.990949761767939
0.393025031653928
0.781831482468071
-0.809016994374931
-0.351374824081330
0.995974293995233
-0.178556894798618
-0.900968867902408
0.657938725939674
0.550896981452110
-0.951056516295127
-0.044864830350557
0.974927912181823
-0.473868662472933
-0.722794863827414
0.858448793601869
0.266036845566738
-0.999999999999999
0.266036845566691
0.858448793601894
-0.722794863827380
-0.473868662473076
0.974927912181812
-0.044864830350508
-0.951056516295177
0.550896981452069
0.657938725939711
-0.900968867902387
-0.178556894798667
0.995974293995237
-0.351374824081284
-0.809016994374960
0.781831482468041
0.393025031653973
-0.990949761767932
0.134233265817570
0.919527772551468
-0.623489801858729
-0.587785252292535
