0.999999999999999
-0.701087079207487
-0.016953814736628
0.724859280117741
-0.999425136331751
0.676508819317004
0.050841951945622
-0.747798090498531
0.997701206263482
-0.651152758743572
-0.084671634772626
0.769877136972496
-0.994830191844717
0.625048050043178
0.118403968306500
-0.791071034656341
0.990815393959217
-0.598224706513026
-0.152000169561270
0.811355416346533
-0.985661428529861
0.570713567684432
0.185421612065936
-0.830706960534934
0.979374221211596
-0.542546263865757
-0.218629870274440
0.849103418222195
-0.971961000578546
0.513755179776201
0.251586763744509
-0.866523638498014
0.963430289813121
-0.484373417312203
-0.284254401034806
0.882947592858925
-0.953791896906689
0.454434757489237
0.316595223269715
-0.898356398235640
0.943056903383056
-0.423973621602931
-0.348572047321813
0.912732338703388
-0.931237651557738
0.393025031653916
0.380148108562380
-0.926058885850425
0.918347730347644
-0.361624570082094
-0.411287103130616
0.938320717781190
-0.904401959647562
0.329808338856488
0.441953229673235
-0.949503736732326
0.889416373291298
-0.297612917967907
-0.472111230506245
0.959595085281237
-0.873408200617128
0.265075323371831
0.501726432151676
-0.968583161128633
0.856395846658790
-0.232232964430244
-0.530764785202596
0.976457630438009
-0.838398870984686
0.199123600901016
0.559192903470743
-0.983209439716742
0.819437965209724
-0.165785299524490
-0.586978102371396
0.988830826225127
-0.799534929205598
0.132256390257112
0.614088436501827
-0.993315326901436
0.778712646036881
-0.098575422202430
-0.640492736369787
0.996657785792647
-0.756995055651759
0.064781119290134
0.666160644229915
-0.998854359982400
0.734407127357544
-0.030912335754130
-0.691062648986875
0.999902524009303
-0.710974831112889
-0.002991988539353
0.715170120125063
-0.999801072770522
0.686725107669342
0.036892872861823
-0.738455340625879
0.998550122907319
-0.661685837596851
-0.070751340439841
0.760891538834817
-0.996151112670948
0.635885809228702
0.104528463267662
-0.782452919241447
0.992606800269062
-0.609354685562793
-0.138185406863822
0.803114692137305
-0.987921260694508
0.582122970157294
0.171683474920206
-0.822853102117254
0.982099881040237
-0.554221972059757
-0.204984153792222
0.841645455391812
-0.975149354305554
0.525683769810503
0.238049156779130
-0.859470145878637
0.967077671701073
-0.496541174560698
-0.270840468143004
0.876306680043873
-0.957894113460923
0.466827692348853
0.303320386816880
-0.892135700463881
0.947609238173043
-0.436577485577683
-0.335451569750261
0.906939008081228
-0.936234870639738
0.405825333736795
0.367197074843831
-0.920699583128425
0.923784088282258
-0.374606593415919
-0.398520403422625
0.933401604696221
-0.910271206105481
0.342957157654108
0.429385542199400
-0.945030468923149
0.895711760239397
-0.310913414672949
-0.459757004680463
0.955572805786136
-0.880122490076969
0.278512206039603
0.489599871965050
-0.965016494472316
0.863521319028237
-0.245790784309480
-0.518879832892943
0.973350677314616
-0.845927333913343
0.212786770195523
0.547563223492554
-0.980565772275224
0.827360763017990
-0.179538109315083
-0.575617065685704
0.986653483962205
-0.807842952836219
0.146083028562421
0.603009105203035
-0.991606813167034
0.787396343528011
-0.112459992158366
-0.629707848667958
0.995420064911702
-0.766044443118956
0.078707657427121
0.655682599805307
-0.998088854996447
0.743811800472713
-0.044864830350484
-0.680903494733552
0.999610115040354
-0.720723977066221
0.010970420952003
0.705341536300428
-0.999982096009160
0.696807517601267
0.022936601439397
-0.728968627421413
0.999204370226177
-0.672089919485053
-0.056817252993058
0.751757603384043
-0.997277831864002
0.646599601215781
0.090632580197769
-0.773682263079606
0.994204695916447
-0.620365869709267
-0.124343704647506
0.794717399127546
-0.989988495651930
0.593418886603676
0.157911867740833
-0.814838826856955
0.984634078551139
-0.565789633582208
-0.191298475243116
0.834023412112255
-0.978147600733801
0.537509876752259
0.224465141658927
-0.852249097851404
0.970536519880774
-0.508612130123419
-0.257373734365338
0.869494929505219
-0.961809586659759
0.479129618224903
0.289986417453598
-0.885741079069666
0.951976834664455
-0.449096237906591
-0.322265695230499
0.900968867902423
-0.941049568878645
0.418546519366737
0.354174455327980
-0.915160788198422
0.929040352678499
-0.387515586452075
-0.385676011372387
0.928300523118942
-0.915962993388172
0.356039116274351
0.416734145163383
-0.940372965551590
0.901832526405082
-0.324153298191786
-0.447313148315635
0.951364235479200
-0.886665197913489
0.291894792200966
0.477377863313295
-0.961261695938318
0.870478446205538
-0.259300686788280
-0.506893723931764
0.970053967548091
-0.853290881632156
0.226408456287622
0.535826794979032
-0.977730941593524
0.835122265206180
-0.193255917795557
-0.564143811312487
0.984283791647642
-0.815993485882516
0.159881187691863
0.591812216084362
-0.989704983719636
0.795926536541794
-0.126322637815975
-0.618800198173334
0.993988284916783
-0.774944488704170
0.092618851350285
0.645076728758725
-0.997128770610607
0.753071466003617
-0.058808578459323
-0.670611596994837
0.999122830098860
-0.730332616452267
0.024930691738086
0.695375444745714
-0.999968170756824
0.706754083526967
0.008975858481074
-0.719339800338640
0.999663820673246
-0.682362976111736
-0.042872088910256
0.742477111298965
-0.998210129767735
0.657187337329458
0.076719028126845
-0.764760776027629
0.995608769388455
-0.631256112300254
-0.110477761379568
0.786165174386217
-0.991862730390563
0.604599114862319
0.144109475329958
-0.806665697152813
0.986976319697491
-0.577246993294496
-0.177575502677225
0.826238774315980
-0.980955155349191
0.549231195078572
0.210837366614660
-0.844861902173906
0.973806160042911
-0.520583930743612
-0.243856825068144
0.862513669207277
-0.965537553173955
0.491338136832536
0.276595914663656
-0.879173780697060
0.956158841385728
-0.461527438033982
-0.309016994374917
0.894823082057647
-0.945680807639531
0.431186108523476
0.341082788800411
-0.909443580859514
0.934115498817192
-0.400349032556885
-0.372756431019505
0.923018467515418
-0.921476211870377
0.369051664363424
0.404001504980003
-0.935532134607130
0.907777478532886
-0.337329987382759
-0.434782087366240
0.946970194829515
-0.893035048612872
0.305220472894286
0.465062788901315
-0.957319497532061
0.877265871885021
-0.272760038084470
-0.494808795034701
0.966568143838564
-0.860488078602890
0.239986003602564
0.523985905970099
-0.974705500327479
0.842720958654002
-0.206936050651941
-0.552560575985465
0.981722211257637
-0.823984939381970
0.173648177666865
0.580499952001552
-0.987610209324669
0.804301562100272
-0.140160656625105
-0.607771911354080
0.992362724936239
-0.783693457325842
0.106511989044921
0.634345098725678
-0.995974293995244
0.762184318760094
-0.072740861719269
-0.660188962196501
0.998440764181982
-0.739798876047543
0.038886102236304
0.685273788370234
-0.999759299728271
0.716562866343768
-0.004986634338701
-0.709570736536576
0.999928384677748
-0.692503004724240
-0.028918566828717
0.733051871829863
-0.998947824628819
0.667646953469576
0.062790519529321
-0.755690197347039
0.996818746958186
-0.642023290261294
-0.096590280253149
0.777459685186404
-0.993543599524645
0.615661475325618
0.130278988491443
-0.798335306372689
0.989126147854731
-0.588591817561734
-0.163817911415184
0.818293059633614
-0.983571470813389
0.560845439695163
0.197168488407965
-0.837309998994547
0.976885954764632
-0.532454242495026
-0.230292375399727
0.855364260160516
-0.969077286229066
0.503450868096762
0.263151488952106
-0.872435085653919
0.960154443046348
-0.473868662472962
-0.295708050044106
0.888502848680082
-0.950127684053202
0.443741637094010
0.327924627507240
-0.903549075692508
0.939008537288503
-0.413104429824549
-0.359764181061819
0.917556467632747
-0.926809786739317
0.381992265099188
0.391190103902740
-0.930508919819372
0.913545457642586
-0.350440913424416
-0.422166264787542
0.942391540464030
-0.899230800360074
0.318486650251654
0.452657049577066
-0.953190667792969
0.883882272844571
-0.286166214270790
-0.482627402182636
0.962893885754218
-0.867517521717680
0.253516765170598
0.512042864870575
-0.971490038292873
0.850155361981236
-0.220575840915229
-0.540869617879316
0.978969242177371
-0.831815755384855
0.187381314585678
0.569074518302995
-0.985322898362570
0.812519787475515
-0.153971350836399
-0.596625138196292
0.990543701876210
-0.792289643355205
0.120384362016251
0.623489801858748
-0.994625650217842
0.771148582173370
-0.086658964003981
-0.649637622251978
0.997564050259832
-0.749120910386256
0.052833931812069
0.675038536511916
-0.999355523643320
0.726231953809982
-0.018948155004232
-0.699663340513408
0.999998010662407
-0.702508028503771
-0.014959407015390
0.723483722445806
-0.999490772632196
0.677976410513245
0.048849769795602
-0.746472295365156
0.997834392738108
-0.652665304509887
-0.082683968660324
0.768602628680585
-0.995030775365388
0.626603811364347
0.116423103505762
-0.789849278542773
0.991083143909601
-0.599821894687908
-0.150028383526726
0.810187817097850
-0.985996037070492
0.572350346381937
0.183461171813898
-0.829594860571908
0.979775303633926
-0.544220751236865
-0.216683029776426
0.848048096156426
-0.972428095747106
0.515465450616818
0.249655761336489
-0.865526307662251
0.963962860695822
-0.486117505277175
-0.282341456842809
0.882009399911589
-0.954389331192293
0.456210657353165
0.314702536658190
-0.897478421842911
0.943718514184965
-0.425779291564994
-0.346701794364308
0.911915588298719
-0.931962678203999
0.394858395686204
0.378302439539621
-0.925304300473993
0.919135339255228
