0.999999999999999
-0.352775034460844
-0.751099550122299
0.882713373816682
0.128301068387842
-0.973236201460450
0.558365800629661
0.579281172342679
-0.967077671701075
0.103040545578640
0.894377407666336
-0.734068587199626
-0.376455265374394
0.999676625630462
-0.328866646738581
-0.767644740358011
0.870478446205549
0.153478612642840
-0.978765291933711
0.537089306539145
0.599821894687913
-0.960293685676941
0.077713381426513
0.905463004055326
-0.716562866343787
-0.399892024319744
0.998706711663818
-0.304745564927220
-0.783693457325842
0.857680537756941
0.178556894798637
-0.983661367188565
0.515465450616855
0.619974682979091
-0.952888630922457
0.052335956242947
0.915962993388169
-0.698593709357676
-0.423070153602600
0.997090885390701
-0.280427389306002
-0.799235321538321
0.844327925502009
0.203519695507877
-0.987921260694513
0.493508218064343
0.639726503425795
-0.944867296647446
0.026924682845651
0.925870584809998
-0.680172737770913
-0.445974662797073
0.994830191844717
-0.255927847624348
-0.814260281314377
0.830429245225897
0.228350870110665
-0.991542217370805
0.471231809694075
0.659064581563056
-0.936234870639736
0.001495995943688
0.935179370598555
-0.661311865323645
-0.468590738440724
0.991926093126565
-0.231262784929950
-0.828758619280224
0.815993485882553
0.253034359076142
-0.994521895368272
0.448650632745077
0.677976410513234
-0.926996935909963
-0.023933658491764
0.943883330308366
-0.642023290261344
-0.490903753615159
0.988380467458429
-0.206448153320989
-0.842720958654039
0.801029983781107
0.277554198388930
-0.996858367583932
0.425779291565053
0.696449759074770
-0.917159467080761
-0.049347833863752
0.951976834664477
-0.622319487445622
-0.512899277405913
0.984195607969237
-0.181500001629212
-0.856138269310469
0.785548416547708
0.301894529873913
-0.998550122907321
0.402632578165112
0.714472679632817
-0.906728826522706
-0.074730093586440
0.959454649203133
-0.602213200286072
-0.534563084235757
0.979374221211595
-0.156434465040211
-0.869001873620736
0.769558796866407
0.326039611452340
-0.999596067197818
0.379225462652907
0.732033515886189
-0.895711760239404
-0.100064021715302
0.966311937657227
-0.581717432498607
-0.555881163064893
0.973919425411298
-0.131267754658227
-0.881303452065000
0.753071466003609
0.349973827323200
-0.999995523992272
0.355573083550933
0.749120910386222
-0.884115393504606
-0.125333233564322
0.972544265084082
-0.560845439695152
-0.576839726452765
0.967834748450663
-0.106016147021408
-0.893035048612887
0.736097087119722
0.373681698062529
-0.999748234942505
0.331690738005524
0.765723811882030
-0.871947226253851
-0.150521386302569
0.978147600733802
-0.539610720810784
-0.597425219474883
0.961124125586830
-0.080695973575181
-0.904189075869136
0.718646638372924
0.397147890634795
-0.998854359982398
0.307593871893494
0.781831482468026
-0.859215128233992
-0.175612189523994
0.983118320656131
-0.518027009373092
-0.617624328489616
0.953791896906688
-0.055323610109824
-0.914758319980706
0.700731405818920
0.420357228309567
-0.997314477224456
0.283298069832724
0.797433504528603
-0.845927333913356
-0.200589415783279
0.987453210044205
-0.496108264620331
-0.637423989748722
0.945842804519884
-0.029915466169389
-0.924735945302248
0.682362976111732
0.443294700477022
-0.995129582585910
0.258819045102507
0.812519787475596
-0.832092437156132
-0.225436911090834
0.991149465313789
-0.473868662472983
-0.656811397846158
0.937281989491876
-0.004487974438929
-0.934115498817191
0.663553229010195
0.465945472355853
-0.992301089144606
0.234172629481223
0.827080574274568
-0.817719385664416
-0.250138605360456
0.994204695916456
-0.451322586365695
-0.675774014000229
0.928114988519028
0.020942419883397
-0.942890914311126
0.644314329694488
0.488294894587962
-0.988830826225123
0.209374763007042
0.841106447755016
-0.802817475191107
-0.274678522802412
0.996616925885651
-0.428484617944708
-0.694299574162847
0.918347730347640
0.046359269722013
-0.951056516295165
0.624658720898485
0.510328512712701
-0.984721038215623
0.184441483668947
0.854588336700983
-0.787396343528012
-0.299040792256096
0.998384595114691
-0.405369527637405
-0.712376096951376
0.907986531939620
0.071746136761393
-0.958607023676484
0.604599114862344
0.532032076515378
-0.979974383116318
0.159388917033856
0.867517521717731
-0.771465964272555
-0.323209657454456
0.999506560365731
-0.381992265099243
-0.729991891397416
0.897038094386948
0.097086602077288
-0.965537553173974
0.584148485111067
0.553391549243374
-0.974593930820397
0.134233265817652
0.879885640871185
-0.755036640377501
-0.347169487214456
0.999982096009160
-0.358367949545293
-0.747135564508162
0.885509498577855
0.122364276755766
-0.971843622476422
0.563320058063612
0.574393116684683
-0.968583161128621
0.108990799405981
0.891684695095878
-0.738118997487330
-0.370904785546301
0.999810894492898
-0.334511859971797
-0.763796028634645
0.873408200617120
0.147562812492488
-0.977521153141469
0.542127304478863
0.595023196102045
-0.961945961498699
0.083677843332281
0.902907053368367
-0.720723977066209
-0.394400201675778
0.998993066541310
-0.310439425274712
-0.779962508642701
0.860742027003911
0.172665912166296
-0.982566473233282
0.520583930743573
0.615268445017608
-0.954686624531104
0.058310768718918
0.913545457642590
-0.702862829321739
-0.417640539972131
0.997529141083595
-0.286166214270773
-0.795624548881768
0.847519169570099
0.197657340379130
-0.986976319697506
0.498703870007492
0.635115769842165
-0.946809845192900
0.032905981689411
0.923593027544041
-0.684547105928665
-0.440610769775872
0.995420064911696
-0.261707925628589
-0.810772019947137
0.833748180182027
0.222520933956305
-0.990747840471451
0.476501273172314
0.654552334343498
-0.938320717781176
0.007479912757739
0.933043264819466
-0.665788652557995
-0.463296035119939
0.992667202067967
-0.237080377715499
-0.825395125230861
0.819437965209718
0.247240612400027
-0.993878596328831
0.453990499739545
0.673565567947849
-0.929224732628382
-0.017950993798078
0.941890057539868
-0.646599601215795
-0.485681664337373
0.989272332962983
-0.212299498367063
-0.839484407258105
0.804597779766662
0.271800388289541
-0.996366562457245
0.431186108523519
0.692143173870447
-0.919527772551445
-0.043370290571405
0.950127684053212
-0.626992362396824
-0.507753179550806
0.985237653224055
-0.187381314585641
-0.853030753803485
0.789237221724082
0.296184377620539
-0.998210129767735
0.408102848235395
0.710273137068087
-0.909236109047068
-0.068761537663877
0.957750816684936
-0.606979617057974
-0.529496306035604
0.980565772275218
-0.162341942175396
-0.866025403784451
0.773366225503522
0.320376810078778
-0.999408105935469
0.384755647944866
0.727943732009931
-0.898356398235646
-0.094108313318569
0.964754525183624
-0.586574308417237
-0.550896981452131
0.975259711649585
-0.137197575318750
-0.878459952927515
0.756995055651702
0.344362039239070
-0.999959716170870
0.361159607424178
0.745143530260982
-0.886895676556374
-0.119394224540285
0.971134279909634
-0.565789633582160
-0.571941364940544
0.969322903035145
-0.111964476103263
-0.890326359203698
0.740134300202227
0.368124552684700
-0.999864603720712
0.337329987382784
0.761861407873408
-0.874861356216651
-0.144602917697828
0.976885954764667
-0.544639035014983
-0.592615846072359
0.962759186055439
-0.086658964004035
-0.901616948029703
0.722794863827352
0.391648982040060
-0.999122830098854
0.313282199597399
0.778086552580945
-0.862261220397931
-0.169718089100683
0.982005829860212
-0.523136191838660
-0.612907053652971
0.955572805786121
-0.061297405329109
-0.912324417231489
0.704987960785689
0.414920112910126
-0.997734875046451
0.289031796944450
0.793808470791779
-0.849103418222168
-0.194723495543415
0.986490593923532
-0.501295010989902
-0.632801864369554
0.947768410009569
-0.035896202634577
-0.922441841766757
0.686725107669326
0.437922894720454
-0.995701636221682
0.264594463341276
0.809016994374992
-0.835396459481328
-0.219602964810936
0.990337346439125
-0.479129618224883
-0.652287411278182
0.939351046208910
-0.010471784116254
-0.931962678203994
0.668018115955489
0.460642450450707
-0.993024428619195
0.239986003602570
0.823702287237205
-0.821149209133692
-0.244340406137980
0.993543599524653
-0.456654348983425
-0.671351092126054
0.930326158303569
0.014959407015356
-0.940880768954241
0.648879084367479
0.483064086256968
-0.989704983719630
0.215222333218528
0.837854851683776
-0.806370881570459
-0.268919820615338
0.996107279539974
-0.433883739117468
-0.689980577501618
0.920699583128419
0.040380923169228
-0.949190346253548
0.629320391049757
0.505173300974551
-0.985745448369791
0.190319468061967
0.851465534561495
-0.791071034656345
-0.293325311537802
0.998026728428272
-0.410832515490433
-0.708163818808698
0.910477546658816
0.065776323011957
-0.956886035893276
0.609354685562736
0.526955795496715
-0.981148383394172
0.165293514029416
0.864525533178373
-0.775259563547978
-0.317541094684890
0.999300704788398
-0.387515586452035
-0.725889056058907
0.899666659983908
0.091129182100717
-0.963962860695854
0.588994880701180
0.548397482022595
-0.975916761938724
0.140160656625090
0.877026400996771
-0.758946694294502
-0.341551508529388
0.999928384677749
-0.363948032196728
-0.743144825477403
0.888273915031117
0.116423103505862
-0.970416243733792
0.568254144143211
0.569484493168467
-0.970053967548076
0.114937150492824
0.888960053096192
-0.742142977223469
-0.365341024366415
0.999909362145143
-0.340145095010510
-0.759919966917074
0.876306680043829
0.141641728415615
-0.976242011289689
0.547145889934043
0.590203190936460
-0.963563791977083
0.089639308903404
0.900318771402235
