0.999999999999999
-0.255445757935790
-0.869494929505218
0.699663340513364
0.512042864870571
-0.961261695938318
-0.020942419883358
0.971961000578546
-0.475624209070274
-0.728968627421412
0.848048096156424
0.295708050044048
-0.999122830098857
0.214735327167061
0.889416373291298
-0.669130606358856
-0.547563223492552
0.948876011644495
0.062790519529316
-0.980955155349191
0.438371146789074
0.756995055651758
-0.825113498278293
-0.335451569750258
0.996492859249503
-0.173648177666926
-0.907777478532909
0.637423989748686
0.582122970157292
-0.934825676396012
-0.104528463267658
0.988228381446553
-0.400349032556890
-0.783693457325842
0.800731370948730
0.374606593415917
-0.992114701314476
0.132256390257117
0.924546033612314
-0.604599114862370
-0.615661475325662
0.919135339255231
0.146083028562418
-0.993767919160596
0.361624570082086
0.809016994374951
-0.774944488704174
-0.413104429824548
0.985996037070503
-0.090632580197773
-0.939692620785910
0.570713567684425
0.648119901063136
-0.901832526405109
-0.187381314585732
0.997564050259824
-0.322265695230503
-0.832921240710103
0.747798090498525
0.450877540689438
-0.978147600733803
0.048849769795604
0.953190667792949
-0.535826794978988
-0.679441304261523
0.882947592858921
0.228350870110665
-0.999610115040354
0.282341456842866
0.855364260160511
-0.719339800338643
-0.487859659138729
0.968583161128627
-0.006981260297936
-0.965016494472313
0.500000000000002
0.709570736536528
-0.862513669207243
-0.268919820615277
0.999902524009303
-0.241921895599656
-0.876306680043875
0.689619543735660
0.523985905970077
-0.957319497532063
-0.034899496702528
0.975149354305565
-0.463296035119862
-0.738455340625892
0.840566603495668
0.309016994374960
-0.998440764181980
0.201077921145951
0.895711760239425
-0.658689460118669
-0.559192903470746
0.944376370237475
0.076719028126847
-0.983571470813388
0.425779291565072
0.766044443118987
-0.817144898335111
-0.348572047321829
0.995227399981830
-0.159881187691819
-0.913545457642612
0.626603811364447
0.593418886603702
-0.929776485888245
-0.118403968306531
0.990268068741572
-0.387515586452100
-0.792289643355200
0.792289643355171
0.387515586452118
-0.990268068741569
0.118403968306484
0.929776485888262
-0.593418886603687
-0.626603811364463
0.913545457642593
0.159881187691867
-0.995227399981832
0.348572047321811
0.817144898335138
-0.766044443118956
-0.425779291565089
0.983571470813384
-0.076719028126799
-0.944376370237491
0.559192903470730
0.658689460118684
-0.895711760239403
-0.201077921145998
0.998440764181981
-0.309016994374941
-0.840566603495694
0.738455340625860
0.463296035119880
-0.975149354305561
0.034899496702480
0.957319497532076
-0.523985905970085
-0.689619543735674
0.876306680043852
0.241921895599702
-0.999902524009304
0.268919820615258
0.862513669207268
-0.709570736536494
-0.499999999999994
0.965016494472308
0.006981260297984
-0.968583161128639
0.487859659138687
0.719339800338657
-0.855364260160494
-0.282341456842912
0.999610115040353
-0.228350870110646
-0.882947592858937
0.679441304261488
0.535826794979041
-0.953190667792943
-0.048849769795638
0.978147600733813
-0.450877540689433
-0.747798090498538
0.832921240710085
0.322265695230548
-0.997564050259820
0.187381314585713
0.901832526405124
-0.648119901063100
-0.570713567684429
0.939692620785903
0.090632580197806
-0.985996037070511
0.413104429824491
0.774944488704187
-0.809016994374931
-0.361624570082131
0.993767919160595
-0.146083028562398
-0.919135339255244
0.615661475325625
0.604599114862419
-0.924546033612307
-0.132256390257150
0.992114701314482
-0.374606593415912
-0.800731370948741
0.783693457325821
0.400349032556934
-0.988228381446543
0.104528463267638
0.934825676396024
-0.582122970157253
-0.637423989748690
0.907777478532901
0.173648177666960
-0.996492859249507
0.335451569750199
0.825113498278304
-0.756995055651736
-0.438371146789117
0.980955155349190
-0.062790519529296
-0.948876011644505
0.547563223492512
0.669130606358902
-0.889416373291289
-0.214735327167094
0.999122830098859
-0.295708050044043
-0.848048096156435
0.728968627421389
0.475624209070316
-0.971961000578531
0.020942419883338
0.961261695938327
-0.512042864870530
-0.699663340513368
0.869494929505209
0.255445757935823
-0.999999999999999
0.255445757935730
0.869494929505228
-0.699663340513340
-0.512042864870613
0.961261695938316
0.020942419883377
-0.971961000578553
0.475624209070231
0.728968627421454
-0.848048096156414
-0.295708050044080
0.999122830098855
-0.214735327167056
-0.889416373291307
0.669130606358831
0.547563223492592
-0.948876011644475
-0.062790519529336
0.980955155349198
-0.438371146789031
-0.756995055651761
0.825113498278281
0.335451569750290
-0.996492859249499
0.173648177666865
0.907777478532918
-0.637423989748660
-0.582122970157331
0.934825676396010
0.104528463267677
-0.988228381446558
0.400349032556846
0.783693457325881
-0.800731370948718
-0.374606593415948
0.992114701314470
-0.132256390257111
-0.924546033612322
0.604599114862343
0.615661475325700
-0.919135339255207
-0.146083028562437
0.993767919160600
-0.361624570082041
-0.809016994374954
0.774944488704162
0.413104429824579
-0.985996037070495
0.090632580197711
0.939692620785917
-0.570713567684397
-0.648119901063173
0.901832526405107
0.187381314585752
-0.997564050259826
0.322265695230457
0.832921240710138
-0.747798090498475
-0.450877540689418
0.978147600733805
-0.048849769795599
-0.953190667792955
0.535826794978960
0.679441304261558
-0.882947592858892
-0.228350870110740
0.999610115040356
-0.282341456842875
-0.855364260160514
0.719339800338630
0.487859659138771
-0.968583161128616
0.006981260297888
0.965016494472333
-0.500000000000010
-0.709570736536522
0.862513669207248
0.268919820615296
-0.999902524009303
0.241921895599609
0.876306680043899
-0.689619543735605
-0.523985905970166
0.957319497532065
0.034899496702519
-0.975149354305569
0.463296035119820
0.738455340625924
-0.840566603495642
-0.309016994375033
0.998440764181980
-0.201077921145960
-0.895711760239421
0.658689460118654
0.559192903470786
-0.944376370237460
-0.076719028126895
0.983571470813401
-0.425779291564977
-0.766044443118981
0.817144898335116
0.348572047321848
-0.995227399981825
0.159881187691772
0.913545457642632
-0.626603811364388
-0.593418886603695
0.929776485888248
0.118403968306522
-0.990268068741574
0.387515586452056
0.792289643355229
-0.792289643355142
-0.387515586452189
0.990268068741554
-0.118403968306492
-0.929776485888259
0.593418886603671
0.626603811364500
-0.913545457642573
-0.159881187691914
0.995227399981839
-0.348572047321819
-0.817144898335133
0.766044443118962
0.425779291565107
-0.983571470813375
0.076719028126752
0.944376370237507
-0.559192903470667
-0.658689460118763
0.895711760239407
0.201077921145989
-0.998440764181982
0.309016994374896
0.840566603495720
-0.738455340625827
-0.463296035119947
0.975149354305563
-0.034899496702489
-0.957319497532074
0.523985905970044
0.689619543735709
-0.876306680043829
-0.241921895599749
0.999902524009305
-0.268919820615157
-0.862513669207263
0.709570736536501
0.500000000000036
-0.965016494472296
-0.006981260298032
0.968583161128651
-0.487859659138645
-0.719339800338651
0.855364260160498
0.282341456842904
-0.999610115040352
0.228350870110599
0.882947592858960
-0.679441304261452
-0.535826794979081
0.953190667792911
0.048849769795629
-0.978147600733811
0.450877540689391
0.747798090498570
-0.832921240710058
-0.322265695230594
0.997564050259816
-0.187381314585722
-0.901832526405120
0.648119901063106
0.570713567684469
-0.939692620785887
-0.090632580197854
0.985996037070519
-0.413104429824447
-0.774944488704253
0.809016994374936
0.361624570082122
-0.993767919160590
0.146083028562351
0.919135339255263
-0.615661475325587
-0.604599114862457
0.924546033612310
0.132256390257142
-0.992114701314481
0.374606593415867
0.800731370948770
-0.783693457325791
-0.400349032556978
0.988228381446536
-0.104528463267534
-0.934825676396021
0.582122970157260
0.637423989748727
-0.907777478532881
-0.173648177667007
0.996492859249511
-0.335451569750154
-0.825113498278299
0.756995055651741
0.438371146789109
-0.980955155349181
0.062790519529249
0.948876011644521
-0.547563223492471
-0.669130606358938
0.889416373291241
0.214735327167085
-0.999122830098859
0.295708050043997
0.848048096156460
-0.728968627421356
-0.475624209070358
0.971961000578520
-0.020942419883347
-0.961261695938325
0.512042864870538
0.699663340513403
-0.869494929505185
-0.255445757935869
0.999999999999999
-0.255445757935684
-0.869494929505280
0.699663340513347
0.512042864870605
-0.961261695938303
-0.020942419883425
0.971961000578565
-0.475624209070189
-0.728968627421487
0.848048096156419
0.295708050044072
-0.999122830098856
0.214735327167009
0.889416373291328
-0.669130606358795
-0.547563223492632
0.948876011644460
0.062790519529440
-0.980955155349196
0.438371146789039
0.756995055651793
-0.825113498278254
-0.335451569750335
0.996492859249495
-0.173648177666818
-0.907777478532914
0.637423989748667
0.582122970157324
-0.934825676395993
-0.104528463267725
0.988228381446565
-0.400349032556802
-0.783693457325911
0.800731370948655
0.374606593415940
-0.992114701314471
0.132256390257064
0.924546033612340
-0.604599114862304
-0.615661475325738
0.919135339255188
0.146083028562428
-0.993767919160599
0.361624570082049
0.809016994374982
-0.774944488704132
-0.413104429824622
0.985996037070487
-0.090632580197663
-0.939692620785953
0.570713567684404
0.648119901063166
-0.901832526405086
-0.187381314585799
0.997564050259830
-0.322265695230412
-0.832921240710164
0.747798090498518
0.450877540689461
-0.978147600733795
0.048849769795551
