0.999999999999999
0.089639308903433
-0.983929588598629
-0.266036845566675
0.936234870639736
0.433883739117558
-0.858448793601865
-0.587785252292473
0.753071466003610
0.722794863827391
-0.623489801858732
-0.834573253721301
0.473868662472998
0.919527772551451
-0.309016994374946
-0.974927912181822
0.134233265817654
0.998993066541314
0.044864830350516
-0.990949761767934
-0.222520933956315
0.951056516295152
0.393025031653921
-0.880595531856737
-0.550896981452103
0.781831482468027
0.691062648986868
-0.657938725939712
-0.809016994374948
0.512899277405903
0.900968867902417
-0.351374824081342
-0.963962860695853
0.178556894798633
0.995974293995239
0.000000000000000
-0.995974293995238
-0.178556894798640
0.963962860695853
0.351374824081343
-0.900968867902417
-0.512899277405909
0.809016994374943
0.657938725939712
-0.691062648986867
-0.781831482468027
0.550896981452103
0.880595531856738
-0.393025031653921
-0.951056516295154
0.222520933956308
0.990949761767935
-0.044864830350505
-0.998993066541314
-0.134233265817655
0.974927912181822
0.309016994374950
-0.919527772551448
-0.473868662473004
0.834573253721297
0.623489801858730
-0.722794863827392
-0.753071466003610
0.587785252292471
0.858448793601867
-0.433883739117553
-0.936234870639739
0.266036845566666
0.983929588598631
-0.089639308903435
-0.999999999999999
-0.089639308903436
0.983929588598628
0.266036845566681
-0.936234870639734
-0.433883739117566
0.858448793601867
0.587785252292472
-0.753071466003610
-0.722794863827393
0.623489801858729
0.834573253721305
-0.473868662472991
-0.919527772551454
0.309016994374936
0.974927912181823
-0.134233265817654
-0.998993066541314
-0.044864830350506
0.990949761767935
0.222520933956309
-0.951056516295154
-0.393025031653922
0.880595531856737
0.550896981452104
-0.781831482468027
-0.691062648986868
0.657938725939706
0.809016994374952
-0.512899277405896
-0.900968867902424
0.351374824081329
0.963962860695857
-0.178556894798618
-0.995974293995240
0.000000000000006
0.995974293995238
0.178556894798634
-0.963962860695853
-0.351374824081343
0.900968867902417
0.512899277405910
-0.809016994374943
-0.657938725939718
0.691062648986857
0.781831482468036
-0.550896981452090
-0.880595531856745
0.393025031653907
0.951056516295159
-0.222520933956321
-0.990949761767933
0.044864830350518
0.998993066541314
0.134233265817655
-0.974927912181822
-0.309016994374951
0.919527772551448
0.473868662473005
-0.834573253721297
-0.623489801858741
0.722794863827382
0.753071466003620
-0.587785252292459
-0.858448793601875
0.433883739117539
0.936234870639744
-0.266036845566679
-0.983929588598628
0.089639308903434
0.999999999999999
0.089639308903436
-0.983929588598628
-0.266036845566681
0.936234870639733
0.433883739117567
-0.858448793601859
-0.587785252292484
0.753071466003600
0.722794863827403
-0.623489801858718
-0.834573253721313
0.473868662473003
0.919527772551448
-0.309016994374949
-0.974927912181823
0.134233265817653
0.998993066541314
0.044864830350520
-0.990949761767933
-0.222520933956323
0.951056516295149
0.393025031653935
-0.880595531856730
-0.550896981452116
0.781831482468018
0.691062648986879
-0.657938725939695
-0.809016994374961
0.512899277405908
0.900968867902418
-0.351374824081341
-0.963962860695853
0.178556894798604
0.995974293995241
0.000000000000037
-0.995974293995240
-0.178556894798620
0.963962860695856
0.351374824081330
-0.900968867902423
-0.512899277405898
0.809016994374951
0.657938725939708
-0.691062648986867
-0.781831482468028
0.550896981452102
0.880595531856738
-0.393025031653920
-0.951056516295154
0.222520933956307
0.990949761767935
-0.044864830350504
-0.998993066541313
-0.134233265817670
0.974927912181819
0.309016994374965
-0.919527772551442
-0.473868662473018
0.834573253721289
0.623489801858753
-0.722794863827372
-0.753071466003630
0.587785252292447
0.858448793601882
-0.433883739117526
-0.936234870639749
0.266036845566638
0.983929588598636
-0.089639308903448
-0.999999999999999
-0.089639308903423
0.983929588598630
0.266036845566668
-0.936234870639738
-0.433883739117554
0.858448793601866
0.587785252292473
-0.753071466003609
-0.722794863827393
0.623489801858728
0.834573253721306
-0.473868662472990
-0.919527772551454
0.309016994374935
0.974927912181826
-0.134233265817639
-0.998993066541314
-0.044864830350535
0.990949761767931
0.222520933956338
-0.951056516295145
-0.393025031653949
0.880595531856723
0.550896981452128
-0.781831482468008
-0.691062648986889
0.657938725939684
0.809016994374969
-0.512899277405871
-0.900968867902412
0.351374824081354
0.963962860695849
-0.178556894798645
-0.995974293995237
0.000000000000005
0.995974293995238
0.178556894798635
-0.963962860695852
-0.351374824081344
0.900968867902417
0.512899277405910
-0.809016994374942
-0.657938725939719
0.691062648986856
0.781831482468037
-0.550896981452090
-0.880595531856745
0.393025031653906
0.951056516295159
-0.222520933956293
-0.990949761767937
0.044864830350489
0.998993066541312
0.134233265817685
-0.974927912181816
-0.309016994374979
0.919527772551436
0.473868662473031
-0.834573253721280
-0.623489801858764
0.722794863827362
0.753071466003639
-0.587785252292481
-0.858448793601861
0.433883739117564
0.936234870639734
-0.266036845566678
-0.983929588598628
0.089639308903433
0.999999999999999
0.089639308903437
-0.983929588598628
-0.266036845566682
0.936234870639733
0.433883739117568
-0.858448793601859
-0.587785252292485
0.753071466003599
0.722794863827404
-0.623489801858717
-0.834573253721314
0.473868662472977
0.919527772551460
-0.309016994374921
-0.974927912181829
0.134233265817624
0.998993066541315
0.044864830350550
-0.990949761767929
-0.222520933956352
0.951056516295140
0.393025031653962
-0.880595531856716
-0.550896981452093
0.781831482468035
0.691062648986859
-0.657938725939716
-0.809016994374945
0.512899277405907
0.900968867902418
-0.351374824081341
-0.963962860695853
0.178556894798631
0.995974293995239
0.000000000000009
-0.995974293995237
-0.178556894798649
0.963962860695848
0.351374824081358
-0.900968867902410
-0.512899277405923
0.809016994374934
0.657938725939730
-0.691062648986845
-0.781831482468046
0.550896981452077
0.880595531856752
-0.393025031653893
-0.951056516295163
0.222520933956278
0.990949761767939
-0.044864830350474
-0.998993066541312
-0.134233265817699
0.974927912181812
0.309016994374993
-0.919527772551453
-0.473868662472993
0.834573253721304
0.623489801858732
-0.722794863827391
-0.753071466003611
0.587785252292469
0.858448793601868
-0.433883739117551
-0.936234870639760
0.266036845566664
0.983929588598641
-0.089639308903419
-0.999999999999999
-0.089639308903452
0.983929588598635
0.266036845566696
-0.936234870639748
-0.433883739117581
0.858448793601880
0.587785252292496
-0.753071466003627
-0.722794863827414
0.623489801858750
0.834573253721322
-0.473868662473014
-0.919527772551466
0.309016994374961
0.974927912181832
-0.134233265817666
-0.998993066541316
-0.044864830350508
0.990949761767927
0.222520933956311
-0.951056516295136
-0.393025031653923
0.880595531856709
0.550896981452105
-0.781831482467990
-0.691062648986869
0.657938725939662
0.809016994374953
-0.512899277405846
-0.900968867902425
0.351374824081274
0.963962860695857
-0.178556894798561
-0.995974293995240
0.000000000000033
0.995974293995236
0.178556894798608
-0.963962860695844
-0.351374824081318
0.900968867902404
0.512899277405887
-0.809016994374925
-0.657938725939698
0.691062648986835
0.781831482468020
-0.550896981452065
-0.880595531856732
0.393025031653879
0.951056516295150
-0.222520933956264
-0.990949761767933
0.044864830350460
0.998993066541314
0.134233265817714
-0.974927912181822
-0.309016994375007
0.919527772551447
0.473868662473056
-0.834573253721296
-0.623489801858787
0.722794863827380
0.753071466003658
-0.587785252292458
-0.858448793601905
0.433883739117538
0.936234870639765
-0.266036845566650
-0.983929588598623
0.089639308903404
0.999999999999999
0.089639308903466
-0.983929588598633
-0.266036845566710
0.936234870639743
0.433883739117594
-0.858448793601873
-0.587785252292508
0.753071466003617
0.722794863827424
-0.623489801858738
-0.834573253721330
0.473868662473001
0.919527772551471
-0.309016994374947
-0.974927912181836
0.134233265817652
0.998993066541316
0.044864830350522
-0.990949761767925
-0.222520933956325
0.951056516295131
0.393025031653937
-0.880595531856702
-0.550896981452117
0.781831482467981
0.691062648986880
-0.657938725939651
-0.809016994374962
0.512899277405931
0.900968867902431
-0.351374824081366
-0.963962860695861
0.178556894798658
0.995974293995241
-0.000000000000018
-0.995974293995234
-0.178556894798622
0.963962860695841
0.351374824081332
-0.900968867902397
-0.512899277405899
0.809016994374916
0.657938725939709
-0.691062648986824
-0.781831482468029
0.550896981452053
0.880595531856739
-0.393025031653866
-0.951056516295155
0.222520933956250
0.990949761767935
-0.044864830350445
-0.998993066541313
-0.134233265817728
0.974927912181819
0.309016994375021
-0.919527772551441
-0.473868662473069
0.834573253721288
0.623489801858710
-0.722794863827370
-0.753071466003593
0.587785252292446
0.858448793601854
-0.433883739117524
-0.936234870639730
0.266036845566636
0.983929588598626
-0.089639308903389
-0.999999999999999
-0.089639308903481
0.983929588598630
0.266036845566725
-0.936234870639738
-0.433883739117607
0.858448793601865
0.587785252292520
-0.753071466003608
-0.722794863827434
0.623489801858727
0.834573253721338
-0.473868662472988
-0.919527772551477
0.309016994374933
0.974927912181839
-0.134233265817637
-0.998993066541317
-0.044864830350537
0.990949761767923
0.222520933956339
-0.951056516295126
