0.999999999999999
-0.826238774315994
0.365341024366394
0.222520933956314
-0.733051871829826
0.988830826225128
-0.900968867902418
0.499999999999997
0.074730093586426
-0.623489801858734
0.955572805786141
-0.955572805786139
0.623489801858732
-0.074730093586424
-0.500000000000005
0.900968867902420
-0.988830826225127
0.733051871829824
-0.222520933956312
-0.365341024366402
0.826238774315998
-0.999999999999999
0.826238774315992
-0.365341024366391
-0.222520933956317
0.733051871829831
-0.988830826225128
0.900968867902415
-0.499999999999989
-0.074730093586428
0.623489801858741
-0.955572805786140
0.955572805786137
-0.623489801858722
0.074730093586418
0.500000000000010
-0.900968867902420
0.988830826225126
-0.733051871829815
0.222520933956307
0.365341024366407
-0.826238774315997
0.999999999999999
-0.826238774315984
0.365341024366386
0.222520933956329
-0.733051871829830
0.988830826225130
-0.900968867902416
0.499999999999990
0.074730093586441
-0.623489801858751
0.955572805786140
-0.955572805786138
0.623489801858723
-0.074730093586406
-0.500000000000021
0.900968867902419
-0.988830826225126
0.733051871829816
-0.222520933956295
-0.365341024366419
0.826238774315996
-0.999999999999999
0.826238774315985
-0.365341024366374
-0.222520933956341
0.733051871829829
-0.988830826225129
0.900968867902411
-0.499999999999979
-0.074730093586454
0.623489801858738
-0.955572805786144
0.955572805786134
-0.623489801858713
0.074730093586393
0.500000000000007
-0.900968867902425
0.988830826225124
-0.733051871829807
0.222520933956282
0.365341024366404
-0.826238774316003
0.999999999999999
-0.826238774315978
0.365341024366362
0.222520933956326
-0.733051871829838
0.988830826225131
-0.900968867902405
0.499999999999968
0.074730093586438
-0.623489801858748
0.955572805786147
-0.955572805786130
0.623489801858725
-0.074730093586409
-0.500000000000018
0.900968867902430
-0.988830826225123
0.733051871829799
-0.222520933956270
-0.365341024366443
0.826238774315995
-0.999999999999999
0.826238774315987
-0.365341024366377
-0.222520933956338
0.733051871829847
-0.988830826225133
0.900968867902400
-0.499999999999957
-0.074730093586479
0.623489801858736
-0.955572805786143
0.955572805786135
-0.623489801858715
0.074730093586396
0.500000000000029
-0.900968867902436
0.988830826225121
-0.733051871829790
0.222520933956257
0.365341024366402
-0.826238774316002
0.999999999999999
-0.826238774315980
0.365341024366365
0.222520933956351
-0.733051871829855
0.988830826225135
-0.900968867902394
0.499999999999995
0.074730093586435
-0.623489801858746
0.955572805786146
-0.955572805786131
0.623489801858706
-0.074730093586383
-0.500000000000040
0.900968867902441
-0.988830826225119
0.733051871829820
-0.222520933956300
-0.365341024366414
0.826238774316009
-0.999999999999999
0.826238774315972
-0.365341024366353
-0.222520933956363
0.733051871829864
-0.988830826225137
0.900968867902413
-0.499999999999984
-0.074730093586448
0.623489801858756
-0.955572805786150
0.955572805786127
-0.623489801858696
0.074730093586371
0.500000000000051
-0.900968867902447
0.988830826225125
-0.733051871829811
0.222520933956288
0.365341024366425
-0.826238774316016
0.999999999999999
-0.826238774315965
0.365341024366341
0.222520933956376
-0.733051871829873
0.988830826225130
-0.900968867902408
0.499999999999973
0.074730093586460
-0.623489801858766
0.955572805786154
-0.955572805786124
0.623489801858686
-0.074730093586358
-0.500000000000062
0.900968867902428
-0.988830826225123
0.733051871829803
-0.222520933956275
-0.365341024366437
0.826238774316023
-0.999999999999999
0.826238774315958
-0.365341024366330
-0.222520933956333
0.733051871829843
-0.988830826225132
0.900968867902402
-0.499999999999962
-0.074730093586473
0.623489801858776
-0.955572805786158
0.955572805786120
-0.623489801858676
0.074730093586345
0.500000000000024
-0.900968867902458
0.988830826225122
-0.733051871829755
0.222520933956263
0.365341024366396
-0.826238774316030
0.999999999999999
-0.826238774315951
0.365341024366371
0.222520933956401
-0.733051871829851
0.988830826225143
-0.900968867902397
0.500000000000000
0.074730093586486
-0.623489801858741
0.955572805786162
-0.955572805786133
0.623489801858666
-0.074730093586389
-0.500000000000084
0.900968867902439
-0.988830826225111
0.733051871829785
-0.222520933956306
-0.365341024366461
0.826238774316006
-0.999999999999999
0.826238774315976
-0.365341024366306
-0.222520933956358
0.733051871829899
-0.988830826225136
0.900968867902416
-0.499999999999940
-0.074730093586442
0.623489801858796
-0.955572805786149
0.955572805786112
-0.623489801858700
0.074730093586320
0.500000000000046
-0.900968867902469
0.988830826225118
-0.733051871829815
0.222520933956238
0.365341024366420
-0.826238774316045
0.999999999999999
-0.826238774315937
0.365341024366347
0.222520933956425
-0.733051871829869
0.988830826225129
-0.900968867902386
0.499999999999978
0.074730093586511
-0.623489801858761
0.955572805786169
-0.955572805786125
0.623489801858646
-0.074730093586364
-0.500000000000008
0.900968867902450
-0.988830826225124
0.733051871829768
-0.222520933956281
-0.365341024366485
0.826238774316020
-0.999999999999999
0.826238774315961
-0.365341024366282
-0.222520933956382
0.733051871829839
-0.988830826225140
0.900968867902405
-0.499999999999918
-0.074730093586467
0.623489801858816
-0.955572805786156
0.955572805786105
-0.623489801858680
0.074730093586408
0.500000000000068
-0.900968867902431
0.988830826225114
-0.733051871829798
0.222520933956213
0.365341024366444
-0.826238774316059
0.999999999999999
-0.826238774315922
0.365341024366323
0.222520933956339
-0.733051871829886
0.988830826225133
-0.900968867902375
0.499999999999956
0.074730093586537
-0.623489801858781
0.955572805786177
-0.955572805786118
0.623489801858715
-0.074730093586338
-0.500000000000030
0.900968867902461
-0.988830826225121
0.733051871829751
-0.222520933956256
-0.365341024366508
0.826238774316034
-0.999999999999999
0.826238774315947
-0.365341024366364
-0.222520933956407
0.733051871829856
-0.988830826225144
0.900968867902394
-0.499999999999896
-0.074730093586493
0.623489801858836
-0.955572805786164
0.955572805786131
-0.623489801858660
0.074730093586382
0.500000000000090
-0.900968867902442
0.988830826225110
-0.733051871829781
0.222520933956188
0.365341024366467
-0.826238774316009
0.999999999999999
-0.826238774315972
0.365341024366300
0.222520933956364
-0.733051871829903
0.988830826225137
-0.900968867902363
0.499999999999934
0.074730093586562
-0.623489801858801
0.955572805786151
-0.955572805786110
0.623489801858695
-0.074730093586313
-0.500000000000052
0.900968867902472
-0.988830826225117
0.733051871829733
-0.222520933956231
-0.365341024366426
0.826238774316049
-0.999999999999999
0.826238774315933
-0.365341024366341
-0.222520933956432
0.733051871829873
-0.988830826225147
0.900968867902383
-0.499999999999874
-0.074730093586518
0.623489801858767
-0.955572805786171
0.955572805786123
-0.623489801858640
0.074730093586357
0.500000000000112
-0.900968867902453
0.988830826225106
-0.733051871829763
0.222520933956274
0.365341024366491
-0.826238774316024
0.999999999999999
-0.826238774315958
0.365341024366276
0.222520933956389
-0.733051871829921
0.988830826225141
-0.900968867902402
0.499999999999912
0.074730093586474
-0.623489801858821
0.955572805786158
-0.955572805786103
0.623489801858675
-0.074730093586288
-0.500000000000074
0.900968867902483
-0.988830826225113
0.733051871829793
-0.222520933956207
-0.365341024366450
0.826238774316063
-0.999999999999999
0.826238774315918
-0.365341024366317
-0.222520933956457
0.733051871829968
-0.988830826225151
0.900968867902372
-0.499999999999950
-0.074730093586430
0.623489801858876
-0.955572805786179
0.955572805786116
-0.623489801858709
0.074730093586218
0.500000000000134
-0.900968867902464
0.988830826225119
-0.733051871829823
0.222520933956139
0.365341024366515
-0.826238774316038
0.999999999999999
-0.826238774315879
0.365341024366252
0.222520933956414
-0.733051871829861
0.988830826225128
-0.900968867902341
0.499999999999890
0.074730093586500
-0.623489801858752
0.955572805786199
-0.955572805786095
0.623489801858655
-0.074730093586375
-0.499999999999998
0.900968867902494
-0.988830826225109
0.733051871829776
-0.222520933956293
-0.365341024366580
0.826238774316077
-0.999999999999999
0.826238774315968
-0.365341024366187
-0.222520933956482
0.733051871829908
-0.988830826225138
0.900968867902410
-0.499999999999830
-0.074730093586569
0.623489801858807
-0.955572805786153
0.955572805786075
-0.623489801858601
0.074730093586306
0.500000000000058
-0.900968867902425
0.988830826225099
-0.733051871829729
0.222520933956225
0.365341024366433
-0.826238774316117
0.999999999999999
-0.826238774315929
0.365341024366334
0.222520933956328
-0.733051871829955
0.988830826225148
-0.900968867902380
0.499999999999966
0.074730093586638
-0.623489801858861
0.955572805786173
-0.955572805786121
0.623489801858724
-0.074730093586237
-0.500000000000118
0.900968867902456
-0.988830826225122
0.733051871829681
-0.222520933956157
-0.365341024366497
0.826238774316028
-0.999999999999999
0.826238774315890
-0.365341024366269
-0.222520933956396
0.733051871829848
-0.988830826225159
0.900968867902349
-0.499999999999906
-0.074730093586481
0.623489801858915
-0.955572805786194
0.955572805786101
-0.623489801858670
0.074730093586394
0.500000000000179
-0.900968867902486
0.988830826225112
-0.733051871829789
0.222520933956089
0.365341024366562
-0.826238774316067
0.999999999999999
-0.826238774315979
0.365341024366205
0.222520933956464
-0.733051871829895
0.988830826225135
-0.900968867902319
0.499999999999846
0.074730093586550
-0.623489801858792
0.955572805786147
-0.955572805786080
0.623489801858615
-0.074730093586325
-0.500000000000042
0.900968867902516
-0.988830826225102
0.733051871829741
-0.222520933956243
-0.365341024366415
0.826238774316106
-0.999999999999999
0.826238774315939
-0.365341024366352
-0.222520933956531
0.733051871829943
-0.988830826225146
0.900968867902388
-0.499999999999983
-0.074730093586620
0.623489801858847
-0.955572805786168
0.955572805786127
-0.623489801858561
0.074730093586255
0.500000000000102
-0.900968867902448
0.988830826225091
-0.733051871829694
0.222520933956175
0.365341024366480
-0.826238774316017
0.999999999999999
-0.826238774315900
0.365341024366287
0.222520933956378
-0.733051871829990
0.988830826225156
-0.900968867902358
0.499999999999922
0.074730093586462
-0.623489801858901
0.955572805786188
-0.955572805786106
0.623489801858684
-0.074730093586186
-0.500000000000162
0.900968867902478
-0.988830826225115
0.733051871829801
-0.222520933956107
-0.365341024366545
0.826238774316056
-0.999999999999999
0.826238774315861
-0.365341024366222
-0.222520933956445
0.733051871829883
-0.988830826225133
0.900968867902327
-0.499999999999862
-0.074730093586532
0.623489801858778
-0.955572805786209
0.955572805786086
-0.623489801858630
0.074730093586343
0.500000000000026
-0.900968867902508
0.988830826225104
-0.733051871829754
0.222520933956261
0.365341024366610
-0.826238774316096
0.999999999999999
-0.826238774315950
0.365341024366157
0.222520933956513
-0.733051871829930
0.988830826225143
-0.900968867902396
0.499999999999802
0.074730093586601
-0.623489801858832
0.955572805786162
-0.955572805786065
0.623489801858575
-0.074730093586274
-0.500000000000086
0.900968867902440
-0.988830826225094
0.733051871829707
-0.222520933956193
-0.365341024366463
0.826238774316135
-0.999999999999999
0.826238774315911
-0.365341024366304
-0.222520933956359
0.733051871829977
-0.988830826225153
0.900968867902366
-0.499999999999938
-0.074730093586671
0.623489801858886
-0.955572805786183
0.955572805786112
-0.623489801858699
0.074730093586204
0.500000000000146
-0.900968867902470
0.988830826225117
-0.733051871829659
0.222520933956125
0.365341024366528
-0.826238774316046
0.999999999999999
-0.826238774315871
0.365341024366239
0.222520933956427
-0.733051871829870
0.988830826225164
-0.900968867902335
0.499999999999878
0.074730093586513
-0.623489801858941
0.955572805786203
-0.955572805786091
0.623489801858644
-0.074730093586362
-0.500000000000207
0.900968867902500
-0.988830826225107
0.733051871829767
-0.222520933956058
-0.365341024366592
0.826238774316085
-0.999999999999999
0.826238774315960
-0.365341024366174
-0.222520933956495
0.733051871829917
-0.988830826225140
0.900968867902305
-0.499999999999818
-0.074730093586583
0.623489801858817
-0.955572805786157
0.955572805786071
-0.623489801858590
0.074730093586292
0.500000000000070
-0.900968867902530
0.988830826225097
-0.733051871829719
0.222520933956211
0.365341024366445
-0.826238774316124
0.999999999999999
-0.826238774315921
0.365341024366321
0.222520933956563
-0.733051871829965
0.988830826225150
-0.900968867902374
0.499999999999758
0.074730093586652
-0.623489801858872
0.955572805786177
-0.955572805786117
0.623489801858535
-0.074730093586223
-0.500000000000130
0.900968867902462
-0.988830826225086
0.733051871829672
-0.222520933956144
-0.365341024366510
0.826238774316035
-0.999999999999999
0.826238774315882
-0.365341024366257
-0.222520933956409
0.733051871830012
-0.988830826225161
0.900968867902343
-0.499999999999894
-0.074730093586495
0.623489801858926
-0.955572805786198
0.955572805786097
-0.623489801858659
0.074730093586154
0.500000000000190
-0.900968867902492
0.988830826225110
-0.733051871829779
0.222520933956076
0.365341024366575
-0.826238774316075
0.999999999999999
-0.826238774315843
0.365341024366192
0.222520933956477
-0.733051871829905
0.988830826225137
-0.900968867902313
0.499999999999834
0.074730093586564
-0.623489801858803
0.955572805786218
-0.955572805786076
0.623489801858604
-0.074730093586311
-0.500000000000251
0.900968867902522
-0.988830826225099
0.733051871829732
-0.222520933956230
-0.365341024366640
0.826238774316114
-0.999999999999999
0.826238774315932
-0.365341024366127
-0.222520933956545
0.733051871829952
-0.988830826225148
0.900968867902382
-0.499999999999774
-0.074730093586633
0.623489801858857
-0.955572805786172
0.955572805786056
-0.623489801858550
0.074730093586242
0.500000000000114
-0.900968867902454
0.988830826225089
-0.733051871829685
0.222520933956162
0.365341024366493
-0.826238774316153
0.999999999999999
-0.826238774315892
0.365341024366274
0.222520933956391
-0.733051871829999
0.988830826225158
-0.900968867902352
0.499999999999910
0.074730093586703
-0.623489801858912
0.955572805786192
-0.955572805786102
0.623489801858673
-0.074730093586172
-0.500000000000174
0.900968867902484
-0.988830826225113
0.733051871829637
-0.222520933956094
-0.365341024366558
0.826238774316064
-0.999999999999999
0.826238774315853
-0.365341024366209
-0.222520933956459
0.733051871829892
-0.988830826225168
0.900968867902321
-0.499999999999850
-0.074730093586545
0.623489801858966
-0.955572805786213
0.955572805786082
-0.623489801858619
0.074730093586330
0.500000000000234
-0.900968867902514
0.988830826225102
-0.733051871829745
0.222520933956026
0.365341024366622
-0.826238774316103
0.999999999999999
-0.826238774315942
0.365341024366144
0.222520933956527
-0.733051871829939
0.988830826225145
-0.900968867902291
0.499999999999790
0.074730093586842
-0.623489801859020
0.955572805786233
-0.955572805786061
0.623489801858565
-0.074730093586260
-0.500000000000098
0.900968867902445
-0.988830826225126
0.733051871829543
-0.222520933955958
-0.365341024366687
0.826238774316143
-0.999999999999999
0.826238774315903
-0.365341024366291
-0.222520933956373
0.733051871829832
-0.988830826225189
0.900968867902261
-0.499999999999730
-0.074730093586684
0.623489801858897
-0.955572805786187
0.955572805786108
-0.623489801858688
0.074730093586418
0.500000000000355
-0.900968867902574
0.988830826225081
-0.733051871829650
0.222520933956112
0.365341024366540
-0.826238774316054
0.999999999999999
-0.826238774315992
0.365341024366015
0.222520933956662
-0.733051871830034
0.988830826225166
-0.900968867902329
0.499999999999866
0.074730093586527
-0.623489801858774
0.955572805786140
-0.955572805786020
0.623489801858456
-0.074730093586121
-0.500000000000218
0.900968867902506
-0.988830826225105
0.733051871829757
-0.222520933956266
-0.365341024366393
0.826238774316221
-0.999999999999999
0.826238774315824
-0.365341024366162
-0.222520933956509
0.733051871829927
-0.988830826225142
0.900968867902398
-0.500000000000003
-0.074730093586823
0.623489801859006
-0.955572805786228
0.955572805786067
-0.623489801858579
0.074730093586279
0.500000000000082
-0.900968867902437
0.988830826225129
-0.733051871829555
0.222520933955976
0.365341024366670
-0.826238774316132
0.999999999999999
-0.826238774315913
0.365341024366309
0.222520933956355
-0.733051871830129
0.988830826225186
-0.900968867902269
0.499999999999746
0.074730093586666
-0.623489801858882
0.955572805786181
-0.955572805786113
0.623489801858703
-0.074730093585983
-0.500000000000339
0.900968867902566
-0.988830826225084
0.733051871829663
-0.222520933956130
-0.365341024366523
0.826238774316043
-0.999999999999999
0.826238774315746
-0.365341024366032
-0.222520933956644
0.733051871830021
-0.988830826225163
0.900968867902338
-0.499999999999882
-0.074730093586508
0.623489801858759
-0.955572805786269
0.955572805786026
-0.623489801858470
0.074730093586140
0.500000000000202
-0.900968867902498
0.988830826225108
-0.733051871829770
0.222520933956284
0.365341024366799
-0.826238774316210
0.999999999999999
-0.826238774315835
0.365341024366179
0.222520933956490
-0.733051871829914
0.988830826225139
-0.900968867902406
0.499999999999625
0.074730093586804
-0.623489801858991
0.955572805786222
-0.955572805786072
0.623489801858594
-0.074730093586297
-0.500000000000066
0.900968867902429
-0.988830826225064
0.733051871829568
-0.222520933955995
-0.365341024366653
0.826238774316122
-0.999999999999999
0.826238774315924
-0.365341024366326
-0.222520933956337
0.733051871830116
-0.988830826225184
0.900968867902277
-0.499999999999762
-0.074730093586647
0.623489801858868
-0.955572805786176
0.955572805786119
-0.623489801858717
0.074730093586001
0.500000000000323
-0.900968867902558
0.988830826225087
-0.733051871829675
0.222520933956148
0.365341024366506
-0.826238774316033
0.999999999999999
-0.826238774315757
0.365341024366050
0.222520933956626
-0.733051871830009
0.988830826225160
-0.900968867902346
0.499999999999899
0.074730093586490
-0.623489801858745
0.955572805786263
-0.955572805786031
0.623489801858485
-0.074730093586159
-0.500000000000186
0.900968867902490
-0.988830826225111
0.733051871829783
-0.222520933955859
-0.365341024366782
0.826238774316200
-0.999999999999999
0.826238774315845
-0.365341024366196
-0.222520933956472
0.733051871829901
-0.988830826225137
0.900968867902217
-0.499999999999641
-0.074730093586786
0.623489801858977
-0.955572805786217
0.955572805786078
-0.623489801858608
0.074730093586316
0.500000000000050
-0.900968867902619
0.988830826225066
-0.733051871829581
0.222520933956013
0.365341024366635
-0.826238774316111
0.999999999999999
-0.826238774315934
0.365341024366343
0.222520933956762
-0.733051871830103
0.988830826225181
-0.900968867902285
0.499999999999778
0.074730093586629
-0.623489801858853
0.955572805786170
-0.955572805786124
0.623489801858376
-0.074730093586020
-0.500000000000307
0.900968867902550
