0.999999999999999
0.975807860095306
0.904401959647565
0.789237221724079
0.635885809228713
0.451767519812808
0.245790784309488
0.027921638723569
-0.191298475243087
-0.401262750256474
-0.591812216084367
-0.753727274054622
-0.879173780697053
-0.962082097133162
-0.998440764181980
-0.986490593923520
-0.926809786739339
-0.822285955503484
-0.677976410513221
-0.500863465172522
-0.299516601786620
-0.083677843332316
0.136209607307624
0.349506654194866
0.545893073330301
0.715866849259717
0.851203923248289
0.945356108439568
0.993767919160595
0.994096984815366
0.946327383799163
0.852770413853939
0.717952761591639
0.548397482022569
0.352308385236557
0.139173100960066
-0.080695973575216
-0.296660631545544
-0.498271578510745
-0.675774014000217
-0.820579610508390
-0.925682053535850
-0.985996037070504
-0.998603312456594
-0.962893885754205
-0.880595531856737
-0.755690197347020
-0.594221336879654
-0.404001504979995
-0.194234351219972
0.024930691738072
0.242889481131219
0.449096237906559
0.633573796645684
0.787396343528010
0.903121285404190
0.975149354305562
0.999995523992272
0.976457630438007
0.905674537670619
0.791071034656341
0.638192129352151
0.454434757489239
0.248689887164855
0.030912335754125
-0.188360886759295
-0.398520403422611
-0.589397797376976
-0.751757603384018
-0.877744159160096
-0.961261695938318
-0.998269277850215
-0.986976319697495
-0.927929223127294
-0.823984939381997
-0.680172737770919
-0.503450868096819
-0.302369890750445
-0.086658964004069
0.133244894304672
0.346701794364204
0.543383777794802
0.713774528476699
0.849629812651963
0.944376370237480
0.993429957280054
0.994417151298565
0.947290187621395
0.854329270445666
0.720032246799343
0.550896981452103
0.355106962408138
0.142135348732757
-0.077713381426514
-0.293802005593911
-0.495675231314094
-0.673565567947797
-0.818865919671943
-0.924546033612312
-0.985492653565725
-0.998756921218921
-0.963697054534301
-0.882009399911613
-0.757646355689093
-0.596625138196349
-0.406736643075801
-0.197168488407944
0.021939521572637
0.239986003602563
0.446420935683846
0.631256112300235
0.785548416547707
0.901832526405112
0.974482118963728
0.999982096009160
0.977098659516909
0.906939008081217
0.792897765908477
0.640492736369782
0.457097927058695
0.251586763744510
0.033902756056973
-0.185421612065933
-0.395774489027935
-0.586978102371392
-0.749781202967733
-0.876306680043862
-0.960432689513915
-0.998088854996448
-0.987453210044203
-0.929040352678503
-0.825676546934597
-0.682362976111758
-0.506033764121165
-0.305220472894337
-0.089639308903436
0.130278988491368
0.343893830853722
0.540869617879329
0.711675817973069
0.848048096156424
0.943388177963530
0.993083102199183
0.994728415744058
0.948244511287227
0.855880479068560
0.722105286267250
0.553391549243348
0.357902360656708
0.145096324107613
-0.074730093586424
-0.290940749522187
-0.493074446825117
-0.671351092126002
-0.817144898335126
-0.923401737138392
-0.984980447915482
-0.998901589093856
-0.964491596283472
-0.883415372204709
-0.759595731569281
-0.599023598515590
-0.409468140058896
-0.200100860540564
0.018948155004269
0.237080377715496
0.443741637094023
0.628932776940317
0.783693457325838
0.900535694187320
0.973806160042905
0.999959716170870
0.977730941593511
0.908195359559797
0.794717399127558
0.642787609686543
0.459757004680449
0.254481388115572
0.036892872861822
-0.182480677475439
-0.393025031653922
-0.584553152728769
-0.747798090498529
-0.874861356216685
-0.959595085281234
-0.997899497235825
-0.987921260694513
-0.930143165446118
-0.827360763017989
-0.684547105928693
-0.508612130123437
-0.308068322699842
-0.092618851350322
0.127311916418549
0.341082788800355
0.538350616090680
0.709570736536518
0.846458787921222
0.942391540464033
0.992727357023034
0.995030775365401
0.949190346253539
0.857424025836179
0.724171861437471
0.555881163064890
0.360694554957810
0.148056000577930
-0.071746136761378
-0.288076888944374
-0.490469248326068
-0.669130606358855
-0.815416561904552
-0.922249174357852
-0.984459424705047
-0.999037314786327
-0.965277503888968
-0.884813436149740
-0.761538307536740
-0.601416696366317
-0.412195971476870
-0.203031441367184
0.015956618811721
0.234172629481222
0.441058366122203
0.626603811364457
0.781831482468027
0.899230800360077
0.973121483594287
0.999928384677748
0.978354471007613
0.909443580859484
0.796529918024200
0.645076728758686
0.462411966550389
0.257373734365310
0.039882659401107
-0.179538109315096
-0.390272055913748
-0.582122970157286
-0.745808283729263
-0.873408200617127
-0.958748890738519
-0.997701206263482
-0.988380467458431
-0.931237651557740
-0.829037572555045
-0.686725107669353
-0.511185943022057
-0.310913414672957
-0.095597564671823
0.124343704647483
0.338268693368588
0.535826794978993
0.707459303011768
0.844861902173869
0.941386466660901
0.992362724936242
0.995324227455865
0.950127684053203
0.858959896930667
0.726231953809998
0.558365800629669
0.363483520315683
0.151014351648642
-0.068761537663806
-0.285210449497799
-0.487859659138729
-0.666904130524180
-0.813680925852314
-0.921088355588450
-0.983929588598628
-0.999164097081316
-0.966054770315331
-0.886203579231217
-0.763474066201502
-0.603804410325484
-0.414920112910136
-0.205960204653203
0.012964939775275
0.231262784929949
0.438371146789073
0.624269236421595
0.779962508642702
0.897917856604811
0.972428095747110
0.999888101810272
0.978969242177372
0.910683660806179
0.798335306372706
0.647360073093984
0.465062788901258
0.260263776601401
0.042872088910215
-0.176593933926816
-0.387515586452092
-0.579687576411972
-0.743811800472711
-0.871947226253855
-0.957894113460916
-0.997493983854521
-0.988830826225128
-0.932323801215512
-0.830706960534935
-0.688896961836231
-0.513755179776209
-0.313755723344373
-0.098575422202447
0.121374379749651
0.335451569750251
0.533298177137557
0.705341536300404
0.843257453209711
0.940372965551570
0.991989209203001
0.995608769388462
0.951056516295155
0.860488078602884
0.728285544942850
0.560845439695171
0.366269231763464
0.153971350836544
-0.065776323011880
-0.282341456842865
-0.485245702624175
-0.664671684553416
-0.811938005715848
-0.919919291221851
-0.983390944339324
-0.999281934843867
-0.966823388604459
-0.887585789004554
-0.765402990234619
-0.606186719018232
-0.417640539972134
-0.208887124180281
0.009973144676488
0.228350870110651
0.435680003150663
0.621929073010880
0.778086552580946
0.896596874675017
0.971726002708591
0.999838867929057
0.979575249599345
0.911915588298669
0.800133548011211
0.649637622251902
0.467709448002854
0.263151488952142
0.045861134627713
-0.173648177666918
-0.384755647944924
-0.577246993294521
-0.741808658601430
-0.870478446205542
-0.957030761100407
-0.997277831864002
-0.989272332962988
-0.933401604696209
-0.832368912013280
-0.691062648986866
-0.516319817386057
-0.316595223269711
-0.101552397284368
0.118403968306496
0.332631443164276
0.530764785202597
0.703217455360707
0.841645455391800
0.939351046208920
0.991606813167028
0.995884398615970
0.951976834664476
0.862008557172522
0.730332616452249
0.563320058063631
0.369051664363422
0.156926971670534
-0.062790519529301
-0.279469936662853
-0.482627402182599
-0.662433288431465
-0.810187817097811
-0.918741991723543
-0.982843496749093
-0.999390827019095
-0.967583351875672
-0.888960053096194
-0.767325062368343
-0.608563601118109
-0.420357228309569
-0.211812173746601
0.006981260297956
0.225436911090835
0.432984959298131
0.619583342081492
0.776203631076347
0.895267866396144
0.971015210763879
0.999780683474844
0.980172487848545
0.913139352308720
0.801924626841830
0.651909355843787
0.470351920162243
0.266036845566687
0.048849769795626
-0.170700866905850
-0.381992265099249
-0.574801242653065
-0.739798876047573
-0.869001873620727
-0.956158841385735
-0.997052752226919
-0.989704983719634
-0.934471052351316
-0.834023412112260
-0.693222149733988
-0.518879832892922
-0.319431889029718
-0.104528463267659
0.115432496909186
0.329808338856482
0.528226641853077
0.701087079207481
0.840025923150766
0.938320717781187
0.991215540251539
0.996151112670951
0.952888630922460
0.863521319028236
0.732373150012779
0.565789633582224
0.371830793207177
0.159881187691848
-0.059804153945020
-0.276595914663649
-0.480004781253059
-0.660188962196478
-0.808430375665915
-0.917556467632726
-0.982287250728687
-0.999490772632194
-0.968334653325766
-0.890326359203700
-0.769240265396251
-0.610935035347224
-0.423070153602601
-0.214735327167069
0.003989313423074
0.222520933956307
0.430286039357553
0.617232064632450
0.774313760984847
0.893930843665496
0.970295726275993
0.999713548968502
0.980760951578486
0.914354941881177
0.803708526830795
0.654175253533043
0.472990181723973
0.268919820615279
0.051837967659645
-0.167752028027984
-0.379225462652914
-0.572350346382002
-0.737782470802745
-0.867517521717708
-0.955278362122338
-0.996818746958190
-0.990128774621972
-0.935532134607121
-0.835670446020767
-0.695375444745711
-0.521435203379503
-0.322265695230517
-0.107503593510532
0.112459992158381
0.326982282099342
0.525683769810497
0.698950426911888
0.838398870984685
0.937281989491887
0.990815393959216
0.996408909165776
0.953791896906695
0.865026350627756
0.734407127357552
0.568254144143274
0.374606593415925
0.162833972454299
-0.056817252993029
-0.273719416573542
-0.477377863313299
-0.657938725939699
-0.806665697152802
-0.916362729562232
-0.981722211257632
-0.999581770788450
-0.969077286229078
-0.891684695095879
-0.771148582173415
-0.613301000476461
-0.425779291565079
-0.217656558273570
0.000997330835796
0.219602964810939
0.427583267489700
0.614875261712427
0.772416959224592
0.892585818452120
