0.999999999999999
-0.774944488704179
0.201077921145964
0.463296035119862
-0.919135339255234
0.961261695938318
-0.570713567684430
-0.076719028126820
0.689619543735670
-0.992114701314477
0.848048096156424
-0.322265695230509
-0.348572047321817
0.862513669207258
-0.988228381446551
0.669130606358853
-0.048849769795610
-0.593418886603700
0.968583161128631
-0.907777478532905
0.438371146789074
0.228350870110656
-0.792289643355192
0.999610115040353
-0.756995055651753
0.173648177666929
0.487859659138736
-0.929776485888254
0.953190667792944
-0.547563223492548
-0.104528463267666
0.709570736536527
-0.995227399981831
0.832921240710097
-0.295708050044048
-0.374606593415921
0.876306680043866
-0.983571470813384
0.648119901063120
-0.020942419883347
-0.615661475325663
0.975149354305563
-0.895711760239412
0.413104429824531
0.255445757935798
-0.809016994374949
0.998440764181979
-0.738455340625875
0.146083028562403
0.512042864870575
-0.939692620785908
0.944376370237476
-0.523985905970071
-0.132256390257128
0.728968627421422
-0.997564050259823
0.817144898335122
-0.268919820615246
-0.400349032556897
0.889416373291303
-0.978147600733799
0.626603811364454
0.006981260297979
-0.637423989748689
0.980955155349193
-0.882947592858916
0.387515586452098
0.282341456842891
-0.825113498278293
0.996492859249503
-0.719339800338637
0.118403968306499
0.535826794979007
-0.948876011644503
0.934825676396012
-0.499999999999985
-0.159881187691862
0.747798090498538
-0.999122830098858
0.800731370948731
-0.241921895599654
-0.425779291565095
0.901832526405116
-0.971961000578541
0.604599114862374
0.034899496702512
-0.658689460118696
0.985996037070505
-0.869494929505211
0.361624570082067
0.309016994374955
-0.840566603495694
0.993767919160592
-0.699663340513356
0.090632580197757
0.559192903470751
-0.957319497532071
0.924546033612302
-0.475624209070266
-0.187381314585745
0.766044443118979
-0.999902524009303
0.783693457325824
-0.214735327167056
-0.450877540689447
0.913545457642612
-0.965016494472307
0.582122970157294
0.062790519529346
-0.679441304261527
0.990268068741569
-0.855364260160487
0.335451569750236
0.335451569750257
-0.855364260160527
0.990268068741566
-0.679441304261511
0.062790519529268
0.582122970157311
-0.965016494472313
0.913545457642580
-0.450877540689402
-0.214735327167077
0.783693457325837
-0.999902524009303
0.766044443118965
-0.187381314585724
-0.475624209070310
0.924546033612321
-0.957319497532065
0.559192903470710
0.090632580197806
-0.699663340513371
0.993767919160601
-0.840566603495667
0.309016994374935
0.361624570082088
-0.869494929505235
0.985996037070501
-0.658689460118680
0.034899496702462
0.604599114862391
-0.971961000578546
0.901832526405094
-0.425779291565049
-0.241921895599675
0.800731370948761
-0.999122830098856
0.747798090498523
-0.159881187691784
-0.500000000000028
0.934825676396019
-0.948876011644478
0.535826794978964
0.118403968306520
-0.719339800338652
0.996492859249507
-0.825113498278281
0.282341456842870
0.387515586452145
-0.882947592858939
0.980955155349189
-0.637423989748651
0.006981260297930
0.626603811364471
-0.978147600733816
0.889416373291280
-0.400349032556878
-0.268919820615266
0.817144898335151
-0.997564050259822
0.728968627421407
-0.132256390257078
-0.523985905970101
0.944376370237483
-0.939692620785891
0.512042864870545
0.146083028562424
-0.738455340625918
0.998440764181982
-0.809016994374936
0.255445757935736
0.413104429824577
-0.895711760239421
0.975149354305549
-0.615661475325624
-0.020942419883382
0.648119901063136
-0.983571470813393
0.876306680043848
-0.374606593415901
-0.295708050044095
0.832921240710117
-0.995227399981829
0.709570736536481
-0.104528463267616
-0.547563223492566
0.953190667792964
-0.929776485888235
0.487859659138711
0.173648177666937
-0.756995055651786
0.999610115040354
-0.792289643355183
0.228350870110607
0.438371146789106
-0.907777478532914
0.968583161128617
-0.593418886603672
-0.048849769795632
0.669130606358901
-0.988228381446549
0.862513669207245
-0.348572047321757
-0.322265695230499
0.848048096156439
-0.992114701314469
0.689619543735675
-0.076719028126788
-0.570713567684489
0.961261695938317
-0.919135339255220
0.463296035119795
0.201077921145964
-0.774944488704204
0.999999999999999
-0.774944488704176
0.201077921145922
0.463296035119934
-0.919135339255237
0.961261695938305
-0.570713567684360
-0.076719028126831
0.689619543735706
-0.992114701314488
0.848048096156417
-0.322265695230458
-0.348572047321904
0.862513669207267
-0.988228381446543
0.669130606358784
-0.048849769795589
-0.593418886603752
0.968583161128627
-0.907777478532896
0.438371146789016
0.228350870110649
-0.792289643355210
0.999610115040351
-0.756995055651757
0.173648177666894
0.487859659138798
-0.929776485888251
0.953190667792934
-0.547563223492483
-0.104528463267659
0.709570736536552
-0.995227399981838
0.832921240710093
-0.295708050044000
-0.374606593415993
0.876306680043869
-0.983571470813375
0.648119901063060
-0.020942419883339
-0.615661475325702
0.975149354305584
-0.895711760239402
0.413104429824486
0.255445757935887
-0.809016994374962
0.998440764181976
-0.738455340625889
0.146083028562382
0.512042864870630
-0.939692620785906
0.944376370237469
-0.523985905970016
-0.132256390257121
0.728968627421437
-0.997564050259829
0.817144898335126
-0.268919820615225
-0.400349032556969
0.889416373291300
-0.978147600733795
0.626603811364393
0.006981260297973
-0.637423989748728
0.980955155349208
-0.882947592858919
0.387515586452052
0.282341456842966
-0.825113498278305
0.996492859249498
-0.719339800338583
0.118403968306478
0.535826794979049
-0.948876011644528
0.934825676396004
-0.499999999999942
-0.159881187691939
0.747798090498552
-0.999122830098860
0.800731370948667
-0.241921895599633
-0.425779291565140
0.901832526405113
-0.971961000578536
0.604599114862311
0.034899496702505
-0.658689460118713
0.985996037070518
-0.869494929505214
0.361624570082047
0.309016994375030
-0.840566603495690
0.993767919160590
-0.699663340513300
0.090632580197763
0.559192903470793
-0.957319497532094
0.924546033612304
-0.475624209070222
-0.187381314585822
0.766044443118993
-0.999902524009304
0.783693457325775
-0.214735327167035
-0.450877540689491
0.913545457642644
-0.965016494472302
0.582122970157230
0.062790519529425
-0.679441304261543
0.990268068741580
-0.855364260160505
0.335451569750216
0.335451569750330
-0.855364260160509
0.990268068741563
-0.679441304261454
0.062790519529303
0.582122970157329
-0.965016494472334
0.913545457642594
-0.450877540689383
-0.214735327167153
0.783693457325850
-0.999902524009302
0.766044443118915
-0.187381314585703
-0.475624209070329
0.924546033612351
-0.957319497532059
0.559192903470692
0.090632580197884
-0.699663340513387
0.993767919160603
-0.840566603495624
0.309016994374914
0.361624570082161
-0.869494929505274
0.985996037070498
-0.658689460118621
0.034899496702384
0.604599114862408
-0.971961000578564
0.901832526405061
-0.425779291565030
-0.241921895599751
0.800731370948740
-0.999122830098855
0.747798090498471
-0.159881187691819
-0.500000000000047
0.934825676396047
-0.948876011644489
0.535826794978946
0.118403968306598
-0.719339800338667
0.996492859249509
-0.825113498278237
0.282341456842849
0.387515586452164
-0.882947592858976
0.980955155349184
-0.637423989748634
0.006981260297851
0.626603811364488
-0.978147600733820
0.889416373291244
-0.400349032556858
-0.268919820615342
0.817144898335196
-0.997564050259820
0.728968627421354
-0.132256390257001
-0.523985905970120
0.944376370237509
-0.939692620785903
0.512042864870526
0.146083028562502
-0.738455340625895
0.998440764181983
-0.809016994374890
0.255445757935770
0.413104429824596
-0.895711760239456
0.975149354305557
-0.615661475325607
-0.020942419883461
0.648119901063153
-0.983571470813397
0.876306680043811
-0.374606593415881
-0.295708050044116
0.832921240710161
-0.995227399981827
0.709570736536546
-0.104528463267538
-0.547563223492584
0.953190667792936
-0.929776485888206
0.487859659138692
0.173648177666902
-0.756995055651837
0.999610115040355
-0.792289643355205
0.228350870110531
0.438371146789125
-0.907777478532899
0.968583161128597
-0.593418886603654
-0.048849769795597
0.669130606358959
-0.988228381446561
0.862513669207263
-0.348572047321683
-0.322265695230573
0.848048096156421
-0.992114701314459
0.689619543735618
-0.076719028126823
-0.570713567684553
0.961261695938338
-0.919135339255234
0.463296035119726
0.201077921146041
-0.774944488704181
0.999999999999999
-0.774944488704127
0.201077921145957
0.463296035120004
-0.919135339255268
0.961261695938315
-0.570713567684296
-0.076719028126909
0.689619543735681
-0.992114701314498
0.848048096156375
-0.322265695230492
-0.348572047321977
0.862513669207307
-0.988228381446548
0.669130606358726
-0.048849769795511
-0.593418886603724
0.968583161128675
-0.907777478532863
0.438371146789048
0.228350870110836
-0.792289643355258
0.999610115040352
-0.756995055651632
0.173648177666817
0.487859659138768
-0.929776485888322
0.953190667792910
-0.547563223492512
-0.104528463267850
0.709570736536607
-0.995227399981835
0.832921240710113
-0.295708050043925
-0.374606593415961
0.876306680043852
-0.983571470813361
0.648119901063087
-0.020942419883375
-0.615661475325764
0.975149354305576
-0.895711760239418
0.413104429824414
0.255445757935853
-0.809016994374941
0.998440764181972
-0.738455340625836
0.146083028562417
0.512042864870698
-0.939692620785933
0.944376370237481
-0.523985905969949
-0.132256390257199
0.728968627421413
-0.997564050259834
0.817144898335081
-0.268919820615259
-0.400349032557041
0.889416373291336
-0.978147600733802
0.626603811364332
0.006981260298051
-0.637423989748701
0.980955155349223
-0.882947592858882
0.387515586452085
0.282341456843041
-0.825113498278350
0.996492859249501
-0.719339800338528
0.118403968306400
0.535826794979019
-0.948876011644552
0.934825676395976
-0.499999999999972
-0.159881187692017
0.747798090498604
-0.999122830098859
0.800731370948620
-0.241921895599557
-0.425779291565108
0.901832526405196
-0.971961000578518
0.604599114862340
0.034899496702697
-0.658689460118772
0.985996037070512
-0.869494929505119
0.361624570081974
0.309016994374996
-0.840566603495794
0.993767919160581
-0.699663340513325
0.090632580197799
0.559192903470858
-0.957319497532084
0.924546033612318
-0.475624209070153
-0.187381314585787
0.766044443118971
-0.999902524009305
0.783693457325797
-0.214735327167069
-0.450877540689561
0.913545457642629
-0.965016494472311
0.582122970157166
0.062790519529389
-0.679441304261517
0.990268068741591
-0.855364260160464
0.335451569750249
0.335451569750404
-0.855364260160549
0.990268068741568
-0.679441304261396
0.062790519529225
0.582122970157300
-0.965016494472354
0.913545457642562
-0.450877540689414
-0.214735327167230
0.783693457325899
-0.999902524009303
0.766044443118865
-0.187381314585626
-0.475624209070298
0.924546033612381
-0.957319497532036
0.559192903470721
0.090632580197963
-0.699663340513442
0.993767919160599
-0.840566603495582
0.309016994374840
0.361624570082128
-0.869494929505313
0.985996037070484
-0.658689460118648
0.034899496702306
0.604599114862471
-0.971961000578556
0.901832526405027
-0.425779291564959
-0.241921895599717
0.800731370948855
-0.999122830098852
0.747798090498495
-0.159881187691630
-0.500000000000115
0.934825676396034
-0.948876011644429
0.535826794978880
0.118403968306563
-0.719339800338800
0.996492859249515
-0.825113498278257
0.282341456842665
0.387515586452237
-0.882947592858959
0.980955155349191
-0.637423989748574
0.006981260297886
0.626603811364460
-0.978147600733837
0.889416373291260
-0.400349032556890
-0.268919820615417
0.817144898335176
-0.997564050259823
0.728968627421300
-0.132256390257036
-0.523985905970090
0.944376370237535
-0.939692620785876
0.512042864870556
0.146083028562580
-0.738455340625947
0.998440764181981
-0.809016994374844
0.255445757935694
0.413104429824564
-0.895711760239491
0.975149354305539
-0.615661475325635
-0.020942419883539
0.648119901063212
-0.983571470813391
0.876306680043773
-0.374606593415808
-0.295708050044082
0.832921240710204
-0.995227399981819
0.709570736536491
-0.104528463267460
-0.547563223492650
0.953190667792960
-0.929776485888177
0.487859659138624
0.173648177666979
-0.756995055651888
0.999610115040357
-0.792289643355157
0.228350870110454
0.438371146789196
-0.907777478532932
0.968583161128578
-0.593418886603591
-0.048849769795675
0.669130606359017
-0.988228381446573
0.862513669207223
-0.348572047321610
-0.322265695230647
0.848048096156462
-0.992114701314449
0.689619543735562
-0.076719028126745
-0.570713567684618
0.961261695938360
-0.919135339255203
0.463296035119858
0.201077921146118
-0.774944488704231
0.999999999999999
-0.774944488704077
0.201077921145880
0.463296035119872
-0.919135339255298
0.961261695938293
-0.570713567684418
-0.076719028126987
0.689619543735738
-0.992114701314479
0.848048096156333
-0.322265695230417
-0.348572047321837
0.862513669207346
-0.988228381446536
0.669130606358837
-0.048849769795432
-0.593418886603787
0.968583161128638
-0.907777478532830
0.438371146788977
0.228350870110691
-0.792289643355305
0.999610115040350
-0.756995055651729
0.173648177666740
0.487859659138836
-0.929776485888267
0.953190667792886
-0.547563223492447
-0.104528463267702
0.709570736536662
-0.995227399981843
0.832921240710070
-0.295708050043850
-0.374606593416033
0.876306680043890
-0.983571470813347
0.648119901063027
-0.020942419883296
-0.615661475325826
0.975149354305593
-0.895711760239383
0.413104429824343
0.255445757935929
-0.809016994374987
0.998440764181968
-0.738455340625784
0.146083028562339
0.512042864870765
-0.939692620785959
0.944376370237455
-0.523985905969883
-0.132256390257277
0.728968627421466
-0.997564050259840
0.817144898335036
-0.268919820615183
-0.400349032557113
0.889416373291371
-0.978147600733786
0.626603811364271
0.006981260298129
-0.637423989748761
0.980955155349194
-0.882947592858845
0.387515586452013
0.282341456842898
-0.825113498278394
0.996492859249495
-0.719339800338632
0.118403968306322
0.535826794979085
-0.948876011644505
0.934825676395948
-0.499999999999904
-0.159881187691870
0.747798090498656
-0.999122830098862
0.800731370948709
-0.241921895599481
-0.425779291565179
0.901832526405132
-0.971961000578499
0.604599114862277
0.034899496702548
-0.658689460118831
0.985996037070525
-0.869494929505193
0.361624570081901
0.309016994375071
-0.840566603495714
0.993767919160572
-0.699663340513269
0.090632580197721
0.559192903470923
-0.957319497532106
0.924546033612288
-0.475624209070084
-0.187381314585864
0.766044443119021
-0.999902524009306
0.783693457325748
-0.214735327166993
-0.450877540689631
0.913545457642661
-0.965016494472291
0.582122970157103
0.062790519529468
-0.679441304261575
0.990268068741602
-0.855364260160424
0.335451569750175
0.335451569750478
-0.855364260160590
0.990268068741557
-0.679441304261339
0.062790519529147
0.582122970157364
-0.965016494472375
0.913545457642530
-0.450877540689344
-0.214735327167307
0.783693457325948
-0.999902524009302
0.766044443118960
-0.187381314585549
-0.475624209070367
0.924546033612324
-0.957319497532013
0.559192903470656
0.090632580197814
-0.699663340513499
0.993767919160608
-0.840566603495663
0.309016994374765
0.361624570082201
-0.869494929505239
0.985996037070471
-0.658689460118589
0.034899496702454
0.604599114862533
-0.971961000578575
0.901832526405091
-0.425779291564888
-0.241921895599793
0.800731370948765
-0.999122830098849
0.747798090498443
-0.159881187691777
-0.500000000000183
0.934825676396062
-0.948876011644476
0.535826794978814
0.118403968306641
-0.719339800338697
0.996492859249522
-0.825113498278212
0.282341456842808
0.387515586452309
-0.882947592858996
0.980955155349176
-0.637423989748689
0.006981260298035
0.626603811364699
-0.978147600733853
0.889416373291225
-0.400349032556818
-0.268919820615274
0.817144898335090
-0.997564050259801
0.728968627421246
-0.132256390256958
-0.523985905970156
0.944376370237486
-0.939692620785927
0.512042864870294
0.146083028562657
-0.738455340626000
0.998440764181986
-0.809016994374932
0.255445757935838
0.413104429824843
-0.895711760239526
0.975149354305522
-0.615661475325573
-0.020942419883390
0.648119901063099
-0.983571470813446
0.876306680043735
-0.374606593415735
-0.295708050044157
0.832921240710122
-0.995227399981833
0.709570736536276
-0.104528463267382
-0.547563223492716
0.953190667792983
-0.929776485888232
0.487859659138754
0.173648177667280
-0.756995055651939
0.999610115040359
-0.792289643355109
0.228350870110599
0.438371146789062
-0.907777478533060
0.968583161128558
-0.593418886603528
-0.048849769795753
0.669130606358906
-0.988228381446550
0.862513669207069
-0.348572047321536
-0.322265695230722
0.848048096156504
-0.992114701314468
0.689619543735669
-0.076719028126440
-0.570713567684682
0.961261695938382
-0.919135339255172
0.463296035119789
0.201077921145972
-0.774944488704137
0.999999999999999
-0.774944488704028
0.201077921145803
0.463296035119941
-0.919135339255240
0.961261695938334
-0.570713567684167
-0.076719028127065
0.689619543735794
-0.992114701314489
0.848048096156412
-0.322265695230558
-0.348572047322124
0.862513669207386
-0.988228381446524
0.669130606358778
-0.048849769795581
-0.593418886603667
0.968583161128714
-0.907777478532797
0.438371146788907
0.228350870110767
-0.792289643355215
0.999610115040354
-0.756995055651529
0.173648177666663
0.487859659138904
-0.929776485888296
0.953190667792931
-0.547563223492571
-0.104528463268006
0.709570736536718
-0.995227399981850
0.832921240710026
-0.295708050043992
-0.374606593415895
0.876306680044037
-0.983571470813333
0.648119901062968
-0.020942419883218
-0.615661475325709
0.975149354305560
-0.895711760239247
0.413104429824272
0.255445757936005
-0.809016994375033
0.998440764181976
-0.738455340625884
0.146083028562037
0.512042864870832
-0.939692620785986
0.944376370237429
-0.523985905970009
-0.132256390257129
0.728968627421676
-0.997564050259845
0.817144898334990
-0.268919820615108
-0.400349032556976
0.889416373291303
-0.978147600733723
0.626603811364210
0.006981260298208
-0.637423989748821
0.980955155349210
-0.882947592858915
0.387515586452150
0.282341456843192
-0.825113498278438
0.996492859249488
-0.719339800338577
0.118403968306470
0.535826794978959
-0.948876011644602
0.934825676395920
-0.499999999999837
-0.159881187691947
0.747798090498557
-0.999122830098856
0.800731370948526
-0.241921895599405
-0.425779291565250
0.901832526405166
-0.971961000578534
0.604599114862396
0.034899496702854
-0.658689460118890
0.985996037070538
-0.869494929505154
0.361624570082040
0.309016994374929
-0.840566603495879
0.993767919160563
-0.699663340513213
0.090632580197642
0.559192903470799
-0.957319497532063
0.924546033612171
-0.475624209070015
-0.187381314585941
0.766044443119071
-0.999902524009304
0.783693457325841
-0.214735327166694
-0.450877540689701
0.913545457642693
-0.965016494472270
0.582122970157224
0.062790519529319
-0.679441304261799
0.990268068741613
-0.855364260160383
0.335451569750101
0.335451569750338
-0.855364260160513
0.990268068741515
-0.679441304261281
0.062790519529069
0.582122970157428
-0.965016494472336
0.913545457642591
-0.450877540689071
-0.214735327167383
0.783693457325996
