0.999999999999999
-0.417640539972131
-0.651152758743573
0.961536119504148
-0.152000169561266
-0.834573253721302
0.849103418222192
0.125333233564306
-0.953791896906692
0.671351092126003
0.393025031653924
-0.999637465011020
0.441953229673223
0.630482294044716
-0.968583161128629
0.178556894798634
0.819437965209733
-0.863017923326348
-0.098575422202446
0.945356108439569
-0.691062648986863
-0.368124552684679
0.998550122907320
-0.465945472355824
-0.609354685562814
0.974927912181821
-0.204984153792223
-0.803708526830792
0.876306680043860
0.071746136761385
-0.936234870639738
0.710273137068052
0.342957157654136
-0.996738762088014
0.489599871965048
0.587785252292476
-0.980565772275218
0.231262784929948
0.787396343528013
-0.888960053096191
-0.044864830350518
0.926434797042888
-0.728968627421409
-0.317541094684846
0.994204695916451
-0.512899277405904
-0.565789633582215
0.985492653565725
-0.257373734365287
-0.770513242775798
0.900968867902412
0.017950993798112
-0.915962993388171
0.747135564508140
0.291894792201046
-0.990949761767935
0.535826794978985
0.543383777794816
-0.989704983719632
0.283298069832738
0.753071466003618
-0.912324417231449
0.008975858480987
0.904827052466023
-0.764760776027591
-0.266036845566685
0.986976319697496
-0.558365800629654
-0.520583930743616
0.993199708502811
-0.309016994374939
-0.735083659720182
0.923018467515393
-0.035896202634574
-0.893035048612888
0.781831482468024
0.239986003602573
-0.982287250728689
0.580499952001567
0.497406623913227
-0.995974293995238
0.334511859971839
0.716562866343796
-0.933043264819441
0.062790519529308
0.880595531856739
-0.798335306372698
-0.213761154992118
0.976885954764648
-0.602213200286079
-0.473868662473001
0.998026728428270
-0.359764181061804
-0.697522514745704
0.942391540464033
-0.089639308903431
-0.867517521717732
0.814260281314360
0.187381314585754
-0.970776348122924
0.623489801858710
0.449987113092146
-0.999355523643319
0.384755647944910
0.677976410513241
-0.951056516295144
0.116423103505795
0.853810500668361
-0.829594860571815
-0.160865609613725
0.963962860695859
-0.644314329694474
-0.425779291565096
0.999959716170870
-0.409468140058867
-0.657938725939731
0.959031909598958
-0.143122483211095
-0.839484407258089
0.844327925502001
0.134233265817679
-0.956450432738637
0.664671684553408
0.401262750256495
-0.999838867929058
0.433883739117538
0.637423989748706
-0.966311937657217
0.169718089100648
0.824549628907152
-0.858448793601855
-0.107503593510545
0.948244511287232
-0.684547105928673
-0.376455265374410
0.998993066541314
-0.457984742103050
-0.616447076559484
0.972891321940140
-0.196190637499077
-0.809016994374957
0.871947226253853
0.080695973575235
-0.939351046208929
0.703926182748932
0.351374824081358
-0.997422925272834
0.481753674101701
0.595023196102049
-0.978765291933707
0.222520933956299
0.792897765908484
-0.884813436149731
-0.053829843412143
0.929776485888256
-0.722794863827381
-0.326039611452354
0.995129582585912
-0.505173300974489
-0.573167882188932
0.983929588598626
-0.248689887164843
-0.776203631076360
0.897038094386963
0.026924682845674
-0.919527772551454
0.741139468049847
0.300467997289462
-0.992114701314478
0.528226641853075
0.550896981452110
-0.988380467458428
0.274678522802381
0.758946694294561
-0.908612337232870
-0.000000000000008
0.908612337232877
-0.758946694294550
-0.274678522802397
0.988380467458431
-0.550896981452096
-0.528226641853089
0.992114701314476
-0.300467997289446
-0.741139468049858
0.919527772551448
-0.026924682845658
-0.897038094386970
0.776203631076349
0.248689887164859
-0.983929588598629
0.573167882188918
0.505173300974553
-0.995129582585904
0.326039611452285
0.722794863827432
-0.929776485888229
0.053829843412069
0.884813436149765
-0.792897765908439
-0.222520933956371
0.978765291933722
-0.595023196101990
-0.481753674101765
0.997422925272829
-0.351374824081289
-0.703926182748984
0.939351046208903
-0.080695973575161
-0.871947226253889
0.809016994374914
0.196190637499149
-0.972891321940157
0.616447076559426
0.457984742103115
-0.998993066541311
0.376455265374342
0.684547105928727
-0.948244511287208
0.107503593510472
0.858448793601892
-0.824549628907110
-0.169718089100720
0.966311937657236
-0.637423989748649
-0.433883739117604
0.999838867929056
-0.401262750256427
-0.664671684553463
0.956450432738616
-0.134233265817606
-0.844327925502041
0.839484407258050
0.143122483211168
-0.959031909598978
0.657938725939675
0.409468140058934
-0.999959716170871
0.425779291565029
0.644314329694530
-0.963962860695840
0.160865609613652
0.829594860571856
-0.853810500668322
-0.116423103505868
0.951056516295167
-0.677976410513187
-0.384755647944977
0.999355523643322
-0.449987113092081
-0.623489801858768
0.970776348122907
-0.187381314585681
-0.814260281314403
0.867517521717695
0.089639308903476
-0.942391540464048
0.697522514745631
0.359764181061846
-0.998026728428277
0.473868662472962
0.602213200286160
-0.976885954764638
0.213761154992019
0.798335306372725
-0.880595531856691
-0.062790519529353
0.933043264819478
-0.716562866343764
-0.334511859971935
0.995974293995242
-0.497406623913139
-0.580499952001604
0.982287250728670
-0.239986003602529
-0.781831482468088
0.893035048612868
0.035896202634676
-0.923018467515411
0.735083659720113
0.309016994374981
-0.993199708502823
0.520583930743578
0.558365800629738
-0.986976319697489
0.266036845566587
0.764760776027620
-0.904827052465980
-0.008975858481032
0.912324417231490
-0.753071466003588
-0.283298069832835
0.989704983719639
-0.543383777794730
-0.535826794979023
0.990949761767922
-0.291894792201003
-0.747135564508208
0.915962993388153
-0.017950993798010
-0.900968867902431
0.770513242775733
0.257373734365331
-0.985492653565740
0.565789633582190
0.512899277405979
-0.994204695916447
0.317541094684763
0.728968627421430
-0.926434797042855
0.044864830350487
0.888960053096231
-0.787396343527994
-0.231262784930033
0.980565772275224
-0.587785252292405
-0.489599871965075
0.996738762088007
-0.342957157654107
-0.710273137068114
0.936234870639728
-0.071746136761298
-0.876306680043874
0.803708526830740
0.204984153792253
-0.974927912181840
0.609354685562789
0.465945472355895
-0.998550122907319
0.368124552684604
0.691062648986880
-0.945356108439542
0.098575422202422
0.863017923326389
-0.819437965209719
-0.178556894798713
0.968583161128635
-0.630482294044653
-0.441953229673244
0.999637465011018
-0.393025031653905
-0.671351092126060
0.953791896906685
-0.125333233564229
-0.849103418222202
0.834573253721261
0.152000169561285
-0.961536119504168
0.651152758743560
0.417640539972198
-0.999999999999999
0.417640539972064
0.651152758743585
-0.961536119504128
0.152000169561252
0.834573253721342
-0.849103418222185
-0.125333233564375
0.953791896906695
-0.671351092125951
-0.393025031653936
0.999637465011022
-0.441953229673214
-0.630482294044767
0.968583161128627
-0.178556894798568
-0.819437965209738
0.863017923326315
0.098575422202455
-0.945356108439590
0.691062648986856
0.368124552684740
-0.998550122907320
0.465945472355765
0.609354685562816
-0.974927912181808
0.204984153792221
0.803708526830827
-0.876306680043858
-0.071746136761445
0.936234870639739
-0.710273137068011
-0.342957157654138
0.996738762088019
-0.489599871964946
-0.587785252292524
0.980565772275195
-0.231262784929890
-0.787396343528085
0.888960053096164
0.044864830350634
-0.926434797042910
0.728968627421330
0.317541094684902
-0.994204695916463
0.512899277405853
0.565789633582311
-0.985492653565715
0.257373734365189
0.770513242775827
-0.900968867902368
-0.017950993798157
0.915962993388212
-0.747135564508110
-0.291894792201143
0.990949761767942
-0.535826794978899
-0.543383777794854
0.989704983719618
-0.283298069832694
-0.753071466003685
0.912324417231430
-0.008975858480885
-0.904827052466042
0.764760776027525
0.266036845566728
-0.986976319697513
0.558365800629616
0.520583930743703
-0.993199708502806
0.309016994374842
0.735083659720213
-0.923018467515354
0.035896202634529
0.893035048612934
-0.781831482467996
-0.239986003602672
0.982287250728697
-0.580499952001484
-0.497406623913266
0.995974293995228
-0.334511859971797
-0.716562866343867
0.933043264819425
-0.062790519529206
-0.880595531856761
0.798335306372637
0.213761154992162
-0.976885954764669
0.602213200286043
0.473868662473091
-0.998026728428268
0.359764181061709
0.697522514745736
-0.942391540463999
0.089639308903386
0.867517521717768
-0.814260281314351
-0.187381314585826
0.970776348122928
-0.623489801858653
-0.449987113092161
0.999355523643317
-0.384755647944894
-0.677976410513295
0.951056516295139
-0.116423103505722
-0.853810500668369
0.829594860571774
0.160865609613741
-0.963962860695879
0.644314329694461
0.425779291565162
-0.999959716170870
0.409468140058800
0.657938725939743
-0.959031909598937
0.143122483211079
0.839484407258129
-0.844327925501993
-0.134233265817752
0.956450432738642
-0.664671684553353
-0.401262750256510
0.999838867929059
-0.433883739117523
-0.637423989748763
0.966311937657213
-0.169718089100575
-0.824549628907161
0.858448793601817
0.107503593510562
-0.948244511287255
0.684547105928661
0.376455265374478
-0.998993066541315
0.457984742102985
0.616447076559497
-0.972891321940123
0.196190637499061
0.809016994375000
-0.871947226253845
-0.080695973575308
0.939351046208934
-0.703926182748880
-0.351374824081374
0.997422925272839
-0.481753674101686
-0.595023196102108
0.978765291933704
-0.222520933956228
-0.792897765908494
0.884813436149696
0.053829843412159
-0.929776485888283
0.722794863827370
0.326039611452424
-0.995129582585913
0.505173300974426
0.573167882188946
-0.983929588598613
0.248689887164827
