0.999999999999999
0.190319468062048
-0.927557000153157
-0.543383777794805
0.720723977066249
0.817719385664431
-0.409468140058889
-0.973578902873159
0.038886102236385
0.988380467458430
0.337329987382830
-0.859979539938274
-0.664671684553426
0.606979617058048
0.895711760239412
-0.266036845566676
-0.996975742105722
-0.113450940249982
0.953791896906691
0.476501273172329
-0.772416959224599
-0.770513242775789
0.479129618224895
0.952888630922457
-0.116423103505820
-0.997203797181179
-0.263151488952130
0.897038094386968
0.604599114862376
-0.666904130524180
-0.858448793601864
0.340145095010554
0.987921260694513
0.035896202634585
-0.974257768312789
-0.406736643075799
0.819437965209731
0.718646638372928
-0.545893073330298
-0.926434797042886
0.193255917795553
0.999995523992272
0.187381314585727
-0.928670899758825
-0.540869617879332
0.722794863827390
0.815993485882554
-0.412195971476859
-0.972891321940145
0.041875653729193
0.988830826225126
0.334511859971841
-0.861502587724553
-0.662433288431474
0.609354685562807
0.894377407666337
-0.268919820615262
-0.996738762088014
-0.110477761379573
0.954686624531121
0.473868662472995
-0.774313760984854
-0.768602628680521
0.481753674101714
0.951976834664474
-0.119394224540240
-0.997422925272833
-0.260263776601399
0.898356398235636
0.602213200286079
-0.669130606358859
-0.856910362418589
0.342957157654130
0.987453210044202
0.032905981689423
-0.974927912181821
-0.404001504980002
0.821149209133698
0.716562866343789
-0.548397482022570
-0.925304300473996
0.196190637499094
0.999982096009160
0.184441483668981
-0.929776485888248
-0.538350616090688
0.724859280117735
0.814260281314376
-0.414920112910130
-0.972195031668979
0.044864830350514
0.989272332962987
0.331690738005525
-0.863017923326346
-0.660188962196495
0.611724299114998
0.893035048612889
-0.271800388289454
-0.996492859249504
-0.107503593510540
0.955572805786135
0.471231809694071
-0.776203631076357
-0.766685134042639
0.484373417312204
0.951056516295152
-0.122364276755724
-0.997633124419045
-0.257373734365304
0.899666659983949
0.599821894687917
-0.671351092125999
-0.855364260160510
0.345766150139924
0.986976319697496
0.029915466169411
-0.975589328481115
-0.401262750256488
0.822853102117255
0.714472679632796
-0.550896981452108
-0.924165520566705
0.199123600901022
0.999959716170870
0.181500001629215
-0.930873748644203
-0.535826794978998
0.726917207456611
0.812519787475584
-0.417640539972125
-0.971490038292868
0.047853605341166
0.989704983719632
0.328866646738595
-0.864525533178353
-0.657938725939724
0.614088436501810
0.891684695095885
-0.274678522802397
-0.996238035791516
-0.104528463267649
0.956450432738631
0.468590738440717
-0.778086552580950
-0.764760776027599
0.486988824404364
0.950127684053202
-0.125333233564297
-0.997834392738110
-0.254481388115574
0.900968867902413
0.597425219474884
-0.673565567947786
-0.853810500668355
0.348572047321798
0.986490593923524
0.026924682845656
-0.976242011289670
-0.398520403422607
0.824549628907141
0.712376096951344
-0.553391549243343
-0.923018467515397
0.202054781745385
0.999928384677748
0.178556894798643
-0.931962678203969
-0.533298177137570
0.728968627421403
0.810772019947098
-0.420357228309551
-0.970776348122921
0.050841951945603
0.990128774621968
0.326039611452335
-0.866025403784440
-0.655682599805289
0.616447076559471
0.890326359203698
-0.277554198388932
-0.995974293995238
-0.101552397284367
0.957319497532065
0.465945472355831
-0.779962508642700
-0.762829571862273
0.489599871965041
0.949190346253542
-0.128301068387827
-0.998026728428269
-0.251586763744526
0.902263010333648
0.595023196102054
-0.675774014000200
-0.852249097851403
0.351374824081318
0.985996037070509
0.023933658491780
-0.976885954764640
-0.395774489027968
0.826238774315975
0.710273137068082
-0.555881163064900
-0.921863151588493
0.204984153792246
0.999888101810272
0.175612189523962
-0.933043264819447
-0.530764785202594
0.731013521647795
0.809016994374943
-0.423070153602600
-0.970053967548096
0.053829843412130
0.990543701876216
0.323209657454461
-0.867517521717715
-0.653420603990108
0.618800198173353
0.888960053096196
-0.280427389305993
-0.995701636221688
-0.098575422202456
0.958179992386561
0.463296035119875
-0.781831482468018
-0.760891538834830
0.492206536620099
0.948244511287232
-0.131267754658209
-0.998210129767733
-0.248689887164881
0.903549075692470
0.592615846072377
-0.677976410513197
-0.850680065687356
0.354174455327982
0.985492653565732
0.020942419883338
-0.977521153141464
-0.393025031653909
0.827920523222579
0.708163818808660
-0.558365800629671
-0.920699583128420
0.207911690817767
0.999838867929057
0.172665912166275
-0.934115498817189
-0.528226641853083
0.733051871829825
0.807254726470168
-0.425779291565069
-0.969322903035169
0.056817252993038
0.990949761767933
0.320376810078739
-0.869001873620729
-0.651152758743583
0.621147780278298
0.887585789004561
-0.283298069832732
-0.995420064911703
-0.095597564671842
0.959031909598958
0.460642450450653
-0.783693457325823
-0.758946694294573
0.494808795034634
0.947290187621404
-0.134233265817623
-0.998384595114687
-0.245790784309522
0.904827052466003
0.590203190936487
-0.680172737770931
-0.849103418222185
0.356970915999501
0.984980447915481
0.017950993798087
-0.978147600733806
-0.390272055913744
0.829594860571833
0.706048161055828
-0.560845439695165
-0.919527772551449
0.210837366614618
0.999780683474845
0.169718089100673
-0.935179370598549
-0.525683769810510
0.735083659720170
0.805485232008606
-0.428484617944740
-0.968583161128634
0.059804153945019
0.991346950662067
0.317541094684861
-0.870478446205539
-0.648879084367498
0.623489801858715
0.886203579231225
-0.286166214270771
-0.995129582585913
-0.092618851350351
0.959875241542879
0.457984742103096
-0.785548416547686
-0.756995055651779
0.497406623913189
0.946327383799176
-0.137197575318824
-0.998550122907321
-0.242889481131209
0.906096929213803
0.587785252292465
-0.682362976111763
-0.847519169570121
0.359764181061811
0.984459424705047
0.014959407015262
-0.978765291933710
-0.387515586452104
0.831261771375075
0.703926182748948
-0.563320058063616
-0.918347730347649
0.213761154992105
0.999713548968503
0.166768746716115
-0.936234870639731
-0.523136191838707
0.737108867130233
0.803708526830799
-0.431186108523489
-0.967834748450671
0.062790519529290
0.991735265002979
0.314702536658197
-0.871947226253848
-0.646599601215822
0.625826241948789
0.884813436149753
-0.289031796944438
-0.994830191844721
-0.089639308903471
0.960709980668804
0.455322933869050
-0.787396343528020
-0.755036640377511
0.500000000000009
0.945356108439565
-0.140160656625153
-0.998706711663819
-0.239986003602561
0.907358694567865
0.585362051785826
-0.684547105928688
-0.845927333913354
0.362554225509612
0.983929588598630
0.011967686315594
-0.979374221211595
-0.384755647944945
0.832921240710092
0.701797902884000
-0.565789633582202
-0.917159467080774
0.216683029776429
0.999637465011021
0.163817911415158
-0.937281989491883
-0.520583930743629
0.739127475930325
0.801924626841840
-0.433883739117532
-0.967077671701083
0.065776323011859
0.992114701314473
0.311861161409561
-0.873408200617111
-0.644314329694523
0.628157079632675
0.883415372204726
-0.291894792200992
-0.994521895368277
-0.086658964004113
0.961536119504135
0.452657049577063
-0.789237221724047
-0.753071466003645
0.502588900079003
0.944376370237499
-0.143122483211062
-0.998854359982397
-0.237080377715556
0.908612337232847
0.582933611109100
-0.686725107669300
-0.844327925502050
0.365341024366331
0.983390944339339
0.008975858481070
-0.979974383116327
-0.381992265099227
0.834573253721322
0.699663340513340
-0.568254144143290
-0.915962993388153
0.219602964810978
0.999552432283502
0.160865609613671
-0.938320717781199
-0.518027009373109
0.741139468049869
0.800133548011193
-0.436577485577687
-0.966311937657218
0.068761537663825
0.992485256199834
0.309016994374935
-0.874861356216692
-0.642023290261344
0.630482294044719
0.882009399911608
-0.294755174410909
-0.994204695916450
-0.083677843332314
0.962353650653279
0.449987113092122
-0.791071034656339
-0.751099550122302
0.505173300974495
0.943388177963534
-0.146083028562402
-0.998993066541313
-0.234172629481236
0.909857845986192
0.580499952001586
-0.688896961836218
-0.842720958654048
0.368124552684658
0.982843496749097
0.005983950294409
-0.980565772275214
-0.379225462652953
0.836217795619824
0.697522514745723
-0.570713567684405
-0.914758319980705
0.222520933956280
0.999458451547165
0.157911867740873
-0.939351046208909
-0.515465450616893
0.743144825477365
0.798335306372727
-0.439267323789342
-0.965537553173983
0.071746136761330
0.992846926341830
0.306170061015507
-0.876306680043837
-0.639726503425836
0.632801864369436
0.880595531856765
-0.297612917967841
-0.993878596328833
-0.080695973575281
0.963162566797640
0.447313148315692
-0.792897765908433
-0.749120910386254
0.507753179550692
0.942391540464058
-0.149042266176100
-0.999122830098859
-0.231262784929917
0.911095209678039
0.578061096249530
-0.691062648986886
-0.841106447755001
0.370904785546302
0.982287250728683
0.002991988539332
-0.981148383394176
-0.376455265374372
0.837854851683759
0.695375444745694
-0.573167882188935
-0.913545457642594
0.225436911090854
0.999355523643320
0.154956712238482
-0.940372965551576
-0.512899277405899
0.745143530260974
0.796529918024193
-0.441953229673228
-0.964754525183621
0.074730093586423
0.993199708502812
0.303320386816853
-0.877744159160094
-0.637423989748695
0.635115769842171
0.879173780697058
-0.300467997289440
-0.993543599524649
-0.077713381426532
0.963962860695848
0.444635179184943
