0.999999999999999
-0.761215017830409
0.158896606741102
0.519306051163170
-0.949503736732326
0.926246956610307
-0.460642450450629
-0.224951054343867
0.803114692137303
-0.997734875046455
0.715866849259713
-0.092122317800412
-0.575617065685678
0.968459027639234
-0.898794046299164
0.399892024319731
0.289986417453593
-0.841376056184760
0.990949761767932
-0.667275624961674
0.024930691738060
0.629320391049845
-0.983026957126159
0.867269374343280
-0.337329987382819
-0.353708069622590
0.875825776431863
-0.979675398423231
0.615661475325650
0.042373876588215
-0.680172737770933
0.993141528831898
-0.831815755384860
0.273239761301900
0.415827335842043
-0.906307787036656
0.963962860695847
-0.561258225348234
-0.109486480664014
0.727943732009925
-0.998756921218923
0.792593803177893
-0.207911690817737
-0.476062800311945
0.932683996873433
-0.943883330308359
0.504312335347570
0.176103083620956
-0.772416959224614
0.999847695156390
-0.749781202967721
0.141641728415565
0.534141581324953
-0.954834915120036
0.919527772551434
-0.445081784436578
-0.241921895599687
0.813390944581542
-0.996408909165772
0.703571906532458
-0.074730093586384
-0.589800567488780
0.972660192581124
-0.891006524188355
0.383834901812971
0.306644740933369
-0.850680065687360
0.988456141806983
-0.654175253533017
0.007479912757705
0.642787609686564
-0.986079076295150
0.858448793601843
-0.320849151161088
-0.369978408957901
0.884115393504622
-0.976025421103616
0.601815023152017
0.059804153945078
-0.692862663375286
0.995030775365406
-0.822002075447892
0.256409873671994
0.431635982329653
-0.913545457642618
0.959173061326973
-0.546728420318297
-0.126817292884979
0.739798876047607
-0.999474736358010
0.781831482468000
-0.190808995376495
-0.491338136832559
0.938836932555996
-0.937975407878380
0.489165001109252
0.193255917795599
-0.783383614930469
0.999390827019093
-0.738118997487298
0.124343704647447
0.548814406786707
-0.959875241542901
0.912528491425385
-0.429385542199356
-0.258819045102581
0.823419430264577
-0.994779427478928
0.691062648986808
-0.057315105861945
-0.603804410325501
0.976565075805989
-0.882947592858907
0.367660859476806
0.323209657454507
-0.859724949801232
0.985661428529852
-0.640875613984995
-0.009973144676563
0.656059028990542
-0.988830826225140
0.849366721041903
-0.304270581179825
-0.386136049285807
0.892135700463902
-0.972078136985756
0.587785252292430
0.077216214377326
-0.705341536300453
0.996616925885651
-0.811938005715813
0.239501881110670
0.447313148315706
-0.920504853452462
0.954091088551896
-0.532032076515278
-0.144109475330025
0.751428670181071
-0.999888101810273
0.770831008314767
-0.173648177666866
-0.506463806996958
0.944703889414194
-0.931781769052789
0.473868662472924
0.210349884345555
-0.794111644398418
0.998629534754569
-0.726231953809960
0.107007804582321
0.563320058063669
-0.964623180668680
0.905251245280985
-0.413558504966429
-0.275637355817073
0.833197094412478
-0.992846926341826
0.678342887063843
-0.039882659401008
-0.617624328489675
0.980172487848564
-0.874619707139355
0.351374824081286
0.339676121183010
-0.868507953367023
0.982566473233268
-0.627380757516630
-0.027423164194294
0.669130606358924
-0.991281368706433
0.840025923150717
-0.287599327431944
-0.402176068832517
0.899884254246520
-0.967834748450650
0.573576436350967
0.094604754002609
-0.717605555360885
0.997899497235831
-0.801626611801772
0.222520933956225
0.462854058383511
-0.927183854566825
0.948718490388774
-0.517173670587817
-0.161357760632893
0.762829571862307
-0.999996891660591
0.759595731569229
-0.156434465040124
-0.521435203379569
0.950283080316123
-0.925304300473960
0.458427978851587
0.227379776283062
-0.804597779766715
0.997564050259815
-0.714123692844284
0.089639308903310
0.577654116593964
-0.969077286229096
0.897698250837894
-0.397605493806709
-0.292371704722851
0.842720958654090
-0.990611994413042
0.665416495326181
-0.022438064295722
-0.631256112300328
0.983481329856184
-0.866025403784375
0.334981756510454
0.356039116274483
-0.877026400996792
0.979172218670612
-0.613694794791950
-0.044864830350670
0.681998360062553
-0.993429957280067
0.830429245225824
-0.270840468142946
-0.418093581652641
0.907358694567918
-0.963296548075510
0.559192903470679
0.111964476103422
-0.729650984817551
0.998878098732279
-0.791071034656279
0.205472204769687
0.478253978621465
-0.933580426497232
0.943056903383019
-0.502157728550320
-0.178556894798709
0.773998108266295
-0.999801072770520
0.748129074605486
-0.139173100959973
-0.536247765547974
0.955572805786187
-0.918544975241604
0.442847653626950
0.244340406138036
-0.814838826856983
0.996194698091736
-0.701797902883896
0.072243508222452
0.591812216084436
-0.973236201460478
0.889871808811398
-0.381531368161884
-0.309016994375048
0.851988121928074
-0.988075312474469
0.652287411278051
-0.004986634338633
-0.644695609384059
0.986490593923533
-0.857167300702054
0.318486650251547
0.372293658402110
-0.885277697888900
0.975479698764683
-0.599821894687781
-0.062292830244936
0.694658370459081
-0.995275937465140
0.820579610508285
-0.253999108223605
-0.433883739117682
0.914556744641168
-0.958464918240209
0.544639035014923
0.129290092740189
-0.741474155515954
0.999552432283506
-0.780274489610316
0.188360886759123
0.493508218064430
-0.939692620785952
0.937108052108895
-0.486988824404294
-0.195701638804705
0.784930877348615
-0.999300704788391
0.736434530278292
-0.121869343405012
-0.550896981452243
0.960571454522734
-0.911505852311622
0.427132432717055
0.261226607538321
-0.824831666147101
0.994521895368258
-0.689258338483819
0.054825701469265
0.605790043840922
-0.977098659516943
0.881774303211555
-0.365341024366288
-0.325568154457297
0.860995761366723
-0.985237653224041
0.638959634165552
0.012466314595583
-0.657938725939864
0.989199363399633
-0.848048096156343
0.301894529873723
0.388434796274793
-0.893259330618351
0.971490038292825
-0.585766283023884
-0.079701855139779
0.707106781186660
-0.996818746958205
0.810480019292318
-0.237080377715355
-0.449541731392660
0.921476211870490
-0.953341330705921
0.529919264233063
0.146576326362246
-0.753071466003689
0.999922292480976
-0.769240265396129
0.171192192197870
0.508612130123551
-0.945518575599372
0.930873748644128
-0.471671578744689
-0.212786770195717
0.795624548881897
-0.998495940131145
0.724515660859172
-0.104528463267476
-0.565378388799303
0.965277503889001
-0.904189075869069
0.411287103130430
0.278033236783281
-0.834573253721385
0.992546151641299
-0.676508819316844
0.037391194276188
0.619583342081632
-0.980663483856350
0.873408200617068
-0.349039394155531
-0.342020143325848
0.869741133155805
-0.982099881040211
0.625437223758744
0.029915466169609
-0.670981427986066
0.991606813167050
-0.838670567945316
0.285210449497581
0.404457613145783
-0.900968867902498
0.967204452544266
-0.571532241275825
-0.097086602077457
0.719339800338792
-0.998057915804539
0.800133548011112
-0.220089430227403
-0.465062788901447
0.928114988519091
-0.947927346167075
0.515038074909874
0.163817911415265
-0.764439383627787
0.999987566661690
-0.757971723145303
0.153971350836387
0.523561114000799
-0.951056516295219
0.924355892017989
-0.456210657353013
-0.229807084675216
0.806075865470200
-0.997387023937881
0.712376096951212
-0.087155742747438
-0.579687576412097
0.969689520376729
-0.896596874674928
0.395316491507963
0.294755174411058
-0.844060622197893
0.990268068741538
-0.663553229010100
0.019945297363118
0.633187909234305
-0.983929588598673
0.864776049423724
-0.332631443164093
-0.358367949545518
0.878221573370301
-0.978662951718799
0.611724299114832
0.047355505202842
-0.683819742589446
0.993712209893265
-0.829037572554907
0.268439491255736
0.420357228309740
-0.908403961341598
0.962624246949972
-0.557124105270423
-0.114441775495643
0.731353701619337
-0.998993066541321
0.789543348300113
-0.203031441366949
-0.480442183779470
0.934471052351381
-0.942224613775806
0.499999999999781
0.181009595945638
-0.775574445610341
0.999748234942500
-0.746472295364969
0.136703608309771
0.538350616090775
-0.956304755963077
0.917556467632662
-0.440610769775694
-0.246757397690530
0.816281643541248
-0.995974293995210
0.700019536383259
-0.069756473743975
-0.593820185573649
0.973806160042955
-0.888731561387231
0.379225462652665
0.311387326757459
-0.853290881632219
0.987688340595112
-0.650395513961731
0.002493324919256
0.646599601215995
-0.986895978856767
0.855880479068390
-0.316122169412901
-0.374606593416062
0.886434498786079
-0.974927912181772
0.597825037323502
0.064781119290447
-0.696449759075003
0.995514912254027
-0.819152044288894
0.251586763744313
0.436128798589861
-0.915562346134166
0.957750816684843
-0.542546263865477
-0.131762088840278
0.743144825477510
-0.999623914312570
0.778712646036742
-0.185911607162644
-0.495675231314365
0.940542467248737
-0.936234870639684
0.484809620246178
0.198146143199607
-0.786473260103602
0.999204370226167
-0.734745484892226
0.119394224540125
0.552976131368067
-0.961261695938369
0.910477546658724
-0.424876667889608
-0.263632546012115
0.826238774316175
-0.994258180634399
0.687449743083201
-0.052335956242751
-0.607771911354209
0.977626168919358
-0.880595531856598
0.363018918047804
0.327924627507329
-0.862261220398046
0.984807753012172
-0.637039682139286
-0.014959407015529
0.659814332695402
-0.989561751039424
0.846724199228210
-0.299516601786455
-0.390731128489462
0.894377407666443
-0.970895900158353
0.583743672234541
0.082187000421567
-0.708867630217040
0.997014371128758
-0.809016994374822
0.234657400467477
0.451767519813056
-0.922441841766849
0.952585646243040
-0.527803157613081
-0.149042266176356
0.754709580222914
-0.999950266955945
0.767644740357828
-0.168735142481832
-0.510757291371987
0.946327383799214
-0.929959941292416
0.469471562785693
0.215222333218873
-0.797132507223097
0.998356138179151
-0.722794863827144
0.102048472132860
0.567433204758943
-0.965925826289127
0.903121285404078
-0.409013144454610
-0.280427389306319
0.835944224756488
-0.992239206600150
0.674670545931924
-0.034899496702265
-0.621538503922951
0.981148383394230
-0.872191264396440
0.346701794363861
0.344362039239199
-0.870968906043226
0.981627183447617
-0.623489801858518
-0.032407582170023
0.672828078337305
-0.991926093126613
0.837309998994423
-0.282819798501621
-0.406736643076026
0.902047880524401
-0.966568143838466
0.569484493168166
0.099567846596196
-0.721069573412121
0.998210129767747
-0.798635510047139
0.217656558273282
0.467268628273345
-0.929040352678633
0.947130308985559
-0.512899277405740
-0.166277043794353
0.766044443119144
-0.999972025061267
0.756343002654659
-0.151507279442045
-0.525683769810645
0.951824039861383
-0.923401737138304
0.453990499739309
0.232232964430534
-0.807548940058894
0.997203797181152
-0.710624072444829
0.084671634772418
0.581717432498799
-0.970295726276061
0.895489924657164
-0.393025031653612
-0.297136811701178
0.845395038487844
-0.989917986891532
0.661685837596675
-0.017452406437005
-0.635115769842419
0.984371730566921
-0.863521319028039
0.330279061954993
0.360694554958006
-0.879411286122358
0.978147600733746
-0.609750000544221
-0.049845885661048
0.685636874028713
-0.993988284916805
0.827640746023738
-0.266036845566427
-0.422618261740962
0.909443580859616
-0.961945961498607
0.555051843608449
0.116918363439990
-0.733051871829982
0.999101823931329
-0.788010753606539
0.200589415782949
0.482627402182929
-0.935355868899174
0.941386466660834
-0.497839163109933
-0.183461171814047
0.777145961457161
-0.999689182000807
0.744810875546021
-0.134233265817256
-0.540450119880802
0.957030761100481
-0.916562255869865
0.438371146788799
0.249172855231537
-0.817719385664647
0.995747698246399
-0.698236818085918
0.067269005611792
0.595824463473493
-0.974370064785305
0.887585789004393
-0.376917199620652
-0.313755723344764
0.854588336701075
-0.987295228574554
0.648499573345398
0.000000000000321
-0.648499573345887
0.987295228574656
-0.854588336700742
0.313755723344155
0.376917199621246
-0.887585789004688
0.974370064785161
-0.595824463472977
-0.067269005612432
0.698236818086378
-0.995747698246458
0.817719385664277
-0.249172855230916
-0.438371146789376
0.916562255870122
-0.957030761100295
0.540450119880453
0.134233265817892
-0.744810875546449
0.999689182000823
-0.777145961456757
0.183461171813416
0.497839163110490
-0.941386466660974
0.935355868898947
-0.482627402182366
-0.200589415783578
0.788010753606934
-0.999101823931302
0.733051871829545
-0.116918363439578
-0.555051843608983
0.961945961498783
-0.909443580859349
0.422618261740381
0.266036845567046
-0.827640746024099
0.993988284916760
-0.685636874028246
0.049845885660407
0.609750000544730
-0.978147600733879
0.879411286122053
-0.360694554957408
-0.330279061955384
0.863521319028363
-0.984371730566808
0.635115769841923
0.017452406437647
-0.661685837597156
0.989917986891623
-0.845395038487623
0.297136811700565
0.393025031654202
-0.895489924657450
0.970295726275906
-0.581717432498277
-0.084671634773058
0.710624072445120
-0.997203797181200
0.807548940058516
-0.232232964429909
-0.453990499739881
0.923401737138551
-0.951824039861186
0.525683769810293
0.151507279442680
-0.756343002655079
0.999972025061271
-0.766044443118732
0.166277043793720
0.512899277406291
-0.947130308985693
0.929040352678395
-0.467268628272777
-0.217656558273908
0.798635510047526
-0.998210129767709
0.721069573411677
-0.099567846595557
-0.569484493168693
0.966568143838630
-0.902047880524124
0.406736643075440
0.282819798502237
-0.837309998994774
0.991926093126531
-0.672828078336830
0.032407582169381
0.623489801859020
-0.981627183447739
0.870968906042910
-0.344362039238596
-0.346701794364463
0.872191264396754
-0.981148383394106
0.621538503922448
0.034899496702907
-0.674670545932398
0.992239206600202
-0.835944224756136
0.280427389305703
0.409013144455196
-0.903121285404354
0.965925826288961
-0.567433204758414
-0.102048472133273
0.722794863827588
-0.998356138179188
0.797132507222709
-0.215222333218246
-0.469471562786260
0.929959941292652
-0.946327383799080
0.510757291371435
0.168735142482465
-0.767644740358240
0.999950266955938
-0.754709580222493
0.149042266175722
0.527803157613433
-0.952585646243236
0.922441841766601
-0.451767519812483
-0.234657400468101
0.809016994375200
-0.997014371128709
0.708867630216748
-0.082187000420928
-0.583743672235063
0.970895900158507
-0.894377407666155
0.390731128488871
0.299516601787067
-0.846724199228430
0.989561751039331
-0.659814332694920
0.014959407014888
0.637039682139781
-0.984807753012284
0.862261220397720
-0.327924627506938
-0.363018918048402
0.880595531856902
-0.977626168919223
0.607771911353699
0.052335956243392
-0.687449743083668
0.994258180634444
-0.826238774315813
0.263632546011496
0.424876667890189
-0.910477546658989
0.961261695938192
-0.552976131367532
-0.119394224540536
0.734745484892661
-0.999204370226193
0.786473260103206
-0.198146143198978
-0.484809620246740
0.936234870639910
-0.940542467248519
0.495675231313807
0.185911607163275
-0.778712646037145
0.999623914312553
-0.743144825477081
0.131762088839641
0.542546263866016
-0.957750816685027
0.915562346133908
-0.436128798589283
-0.251586763744934
0.819152044289262
-0.995514912253966
0.696449759074542
-0.064781119289807
-0.597825037324017
0.974927912181914
-0.886434498785782
0.374606593415467
0.316122169413295
-0.855880479068722
0.986895978856663
-0.646599601215505
-0.002493324919898
0.650395513962219
-0.987688340595213
0.853290881632003
-0.311387326756849
-0.379225462653259
0.888731561387525
-0.973806160042809
0.593820185573132
0.069756473744616
-0.700019536383555
0.995974293995268
-0.816281643540878
0.246757397689908
0.440610769776270
-0.917556467632918
0.956304755962889
-0.538350616090426
-0.136703608310407
0.746472295365396
-0.999748234942515
0.775574445609936
-0.181009595945007
-0.500000000000436
0.942224613776059
-0.934471052351193
0.480442183778808
0.203031441367577
-0.789543348300367
0.998993066541292
-0.731353701618977
0.114441775494892
0.557124105270862
-0.962624246950176
0.908403961341330
-0.420357228309364
-0.268439491256354
0.829037572555202
-0.993712209893180
0.683819742589060
-0.047355505201974
-0.611724299115339
0.978662951718884
-0.878221573369994
0.358367949545025
0.332631443164805
-0.864776049423989
0.983929588598518
-0.633187909233808
-0.019945297363532
0.663553229010581
-0.990268068741611
0.844060622197487
-0.294755174410553
-0.395316491508762
0.896596874675212
-0.969689520376627
0.579687576411574
0.087155742747964
-0.712376096951742
0.997387023937920
-0.806075865469686
0.229807084674591
0.456210657353382
-0.924355892018234
0.951056516295056
-0.523561114000155
-0.153971350836908
0.757971723145870
-0.999987566661693
0.764439383627520
-0.163817911414631
-0.515038074910327
0.947927346167315
-0.928114988518894
0.465062788900678
0.220089430228029
-0.800133548011360
0.998057915804499
-0.719339800338425
0.097086602076705
0.571532241276258
-0.967204452544487
0.900968867902219
-0.404457613145404
-0.285210449498305
0.838670567945603
-0.991606813166953
0.670981427985675
-0.029915466168740
-0.625437223759245
0.982099881040289
-0.869741133155432
0.342020143325351
0.349039394156239
-0.873408200617326
0.980663483856180
-0.619583342081128
-0.037391194276602
0.676508819317400
-0.992546151641363
0.834573253720969
-0.278033236782773
-0.411287103131223
0.904189075869343
-0.965277503888893
0.565378388798679
0.104528463268001
-0.724515660859692
0.998495940131174
-0.795624548881370
0.212786770195090
0.471671578745055
-0.930873748644404
0.945518575599200
-0.508612130122901
-0.171192192198391
0.769240265396684
-0.999922292480968
0.753071466003416
-0.146576326361499
-0.529919264233511
0.953341330706150
-0.921476211870240
0.449541731392290
0.237080377715978
-0.810480019292561
0.996818746958145
-0.707106781186287
0.079701855139026
0.585766283024404
-0.971490038292923
0.893259330618063
-0.388434796274411
-0.301894529874443
0.848048096156623
-0.989199363399522
0.657938725939380
-0.012466314595169
-0.638959634166045
0.985237653224112
-0.860995761366339
0.325568154456797
0.365341024366991
-0.881774303211858
0.977098659516854
-0.605790043840411
-0.054825701469679
0.689258338484367
-0.994521895368313
0.824831666146673
-0.261226607537701
-0.427132432717430
0.911505852311886
-0.960571454522619
0.550896981451613
0.121869343405537
-0.736434530278803
0.999300704788415
-0.784930877348358
0.195701638804076
0.486988824404656
-0.937108052109159
0.939692620785771
-0.493508218063773
-0.188360886759753
0.780274489610576
-0.999552432283486
0.741474155515599
-0.129290092739440
-0.544639035015366
0.958464918240424
-0.914556744640909
0.433883739117308
0.253999108224226
-0.820579610508587
0.995275937465067
-0.694658370458701
0.062292830244182
0.599821894688295
-0.975479698764775
0.885277697888601
-0.372293658401620
-0.318486650252263
0.857167300702326
-0.986490593923410
0.644695609383568
0.004986634339047
-0.652287411278537
0.988075312474550
-0.851988121927678
0.309016994374545
0.381531368162583
-0.889871808811691
0.973236201460383
-0.591812216083919
-0.072243508222979
0.701797902884434
-0.996194698091782
0.814838826856545
-0.244340406137413
-0.442847653627321
0.918544975241858
-0.955572805786031
0.536247765547336
0.139173100960496
-0.748129074605988
