0.999999999999999
0.769240265396248
0.183461171813782
-0.486988824404366
-0.932683996873427
-0.947927346167131
-0.525683769810505
0.139173100960064
0.739798876047583
0.998993066541314
0.797132507222923
0.227379776282963
-0.447313148315631
-0.915562346134057
-0.961261695938318
-0.563320058063622
0.094604754002535
0.708867630216936
0.995974293995238
0.823419430264539
0.270840468143007
-0.406736643075797
-0.896596874675019
-0.972660192581120
-0.599821894687916
0.049845885660693
0.676508819317001
0.990949761767933
0.848048096156427
0.313755723344374
-0.365341024366393
-0.875825776431854
-0.982099881040239
-0.635115769842182
0.004986634338752
0.642787609686536
0.983929588598628
0.870968906043126
0.356039116274359
-0.323209657454456
-0.853290881632152
-0.989561751039377
-0.669130606358863
-0.039882659401109
0.607771911354025
0.974927912181821
0.892135700463884
0.397605493806796
-0.280427389305997
-0.829037572555039
-0.995030775365401
-0.701797902883995
-0.084671634772633
0.571532241275931
0.963962860695851
0.911505852311676
0.438371146789083
-0.237080377715493
-0.803114692137296
-0.998495940131151
-0.733051871829828
-0.129290092740042
0.534141581324923
0.951056516295149
0.929040352678505
0.478253978621323
-0.193255917795543
-0.775574445610207
-0.999950266955942
-0.762829571862272
-0.173648177666937
0.495675231314087
0.936234870639733
0.944703889414172
0.517173670587922
-0.149042266176166
-0.746472295365145
-0.999390827019094
-0.791071034656345
-0.217656558273574
0.456210657353154
0.919527772551447
0.958464918240238
0.555051843608782
-0.104528463267639
-0.715866849259710
-0.996818746958189
-0.817719385664438
-0.261226607538149
0.415827335842025
0.900968867902413
0.970295726275998
0.591812216084374
-0.059804153945029
-0.683819742589307
-0.992239206600169
-0.842720958654045
-0.304270581179865
0.374606593415905
0.880595531856728
0.980172487848546
0.627380757516702
-0.014959407015253
-0.650395513961869
-0.985661428529859
-0.866025403784447
-0.346701794364221
0.332631443164270
0.858448793601860
0.988075312474496
0.661685837596873
0.029915466169415
-0.615661475325647
-0.977098659516906
-0.887585789004557
-0.388434796274713
0.289986417453569
0.834573253721293
0.993988284916786
0.694658370459004
0.074730093586432
-0.579687576411966
-0.966568143838542
-0.907358694567870
-0.429385542199419
0.246757397690284
0.809016994374934
0.997899497235827
0.726231953810003
0.119394224540258
-0.542546263865750
-0.954091088551916
-0.925304300474003
-0.469471562785906
0.203031441367161
0.781831482468021
0.999801072770523
0.756343002654887
0.163817911415156
-0.504312335347579
-0.939692620785903
-0.941386466660906
-0.508612130123451
0.158896606741083
0.753071466003598
0.999689182000815
0.784930877348530
0.207911690817783
-0.465062788901230
-0.923401737138386
-0.955572805786145
-0.546728420318355
0.114441775495420
0.722794863827374
0.997564050259822
0.811938005715867
0.251586763744524
-0.424876667889826
-0.905251245281003
-0.967834748450671
-0.583743672234806
0.069756473744108
0.691062648986853
0.993429957280052
0.837309998994536
0.294755174410925
-0.383834901812982
-0.885277697888846
-0.978147600733810
-0.619583342081518
0.024930691738050
0.657938725939696
0.987295228574592
0.860995761366638
0.337329987382855
-0.342020143325645
-0.863521319028219
-0.986490593923524
-0.654175253533047
-0.019945297363327
0.623489801858712
0.979172218670626
0.882947592858936
0.379225462652945
-0.299516601786604
-0.840025923150756
-0.992846926341838
-0.687449743083334
-0.064781119290186
0.587785252292458
0.969077286229070
0.903121285404196
0.420357228309587
-0.256409873671993
-0.814838826856933
-0.997203797181181
-0.719339800338660
-0.109486480664022
0.550896981452071
0.957030761100405
0.921476211870419
0.460642450450646
-0.212786770195535
-0.788010753606697
-0.999552432283503
-0.749781202967756
-0.153971350836550
0.512899277405881
0.943056903383046
0.937975407878401
0.500000000000030
-0.168735142482127
-0.759595731569258
-0.999888101810272
-0.778712646036909
-0.198146143199433
0.473868662472981
0.927183854566775
0.952585646243150
0.538350616090704
-0.124343704647447
-0.729650984817435
-0.998210129767732
-0.806075865470071
-0.241921895599695
0.433883739117522
0.909443580859472
0.965277503888975
0.575617065685688
-0.079701855139623
-0.698236818086043
-0.994521895368270
-0.831815755384888
-0.285210449497821
0.393025031653895
0.889871808811448
0.976025421103629
0.611724299115036
-0.034899496702480
-0.665416495326236
-0.988830826225125
-0.855880479068572
-0.327924627507241
0.351374824081321
0.868507953366971
0.984807753012210
0.646599601215821
0.009973144676533
-0.631256112300220
-0.981148383394165
-0.878221573370237
-0.369978408957907
0.309016994374907
0.845395038487736
0.991606813167034
0.680172737770934
0.054825701469392
-0.595824463473232
-0.971490038292860
-0.898794046299183
-0.411287103130631
0.266036845566642
0.820579610508365
0.996408909165777
0.712376096951372
0.099567846595840
-0.559192903470717
-0.959875241542875
-0.917556467632745
-0.451767519812845
0.222520933956290
0.794111644398338
0.999204370226180
0.743144825477415
0.144109475330023
-0.521435203379475
-0.946327383799151
-0.934471052351322
-0.491338136832540
0.178556894798592
0.766044443118959
0.999987566661691
0.772416959224613
0.188360886759331
-0.482627402182570
-0.930873748644193
-0.949503736732338
-0.529919264233225
0.134233265817619
0.736434530278329
0.998756921218920
0.800133548011231
0.232232964430268
-0.442847653627017
-0.913545457642580
-0.962624246950020
-0.567433204758818
0.089639308903406
0.705341536300380
0.995514912254009
0.826238774316013
0.275637355817043
-0.402176068832390
-0.894377407666318
-0.973806160042911
-0.603804410325505
0.044864830350468
0.672828078337030
0.990268068741563
0.850680065687352
0.318486650251719
-0.360694554957758
-0.873408200617113
-0.983026957126165
-0.638959634165676
-0.000000000000039
0.638959634165617
0.983026957126151
0.873408200617151
0.360694554957830
-0.318486650251646
-0.850680065687311
-0.990268068741574
-0.672828078337087
-0.044864830350545
0.603804410325444
0.973806160042893
0.894377407666352
0.402176068832461
-0.275637355816969
-0.826238774315970
-0.995514912254019
-0.705341536300435
-0.089639308903483
0.567433204758754
0.962624246949999
0.913545457642623
0.442847653627087
-0.232232964430192
-0.800133548011185
-0.998756921218924
-0.736434530278381
-0.134233265817696
0.529919264233159
0.949503736732314
0.930873748644221
0.482627402182638
-0.188360886759255
-0.772416959224564
-0.999987566661691
-0.766044443119009
-0.178556894798669
0.491338136832472
0.934471052351295
0.946327383799176
0.521435203379541
-0.144109475329946
-0.743144825477363
-0.999204370226176
-0.794111644398385
-0.222520933956365
0.451767519812776
0.917556467632714
0.959875241542905
0.559192903470781
-0.099567846595763
-0.712376096951318
-0.996408909165771
-0.820579610508409
-0.266036845566717
0.411287103130561
0.898794046299149
0.971490038292872
0.595824463473317
-0.054825701469315
-0.680172737770898
-0.991606813167020
-0.845395038487777
-0.309016994374980
0.369978408957809
0.878221573370200
0.981148383394180
0.631256112300258
-0.009973144676428
-0.646599601215762
-0.984807753012202
-0.868507953367024
-0.351374824081394
0.327924627507168
0.855880479068547
0.988830826225137
0.665416495326294
0.034899496702529
-0.611724299114952
-0.976025421103612
-0.889871808811484
-0.393025031653992
0.285210449497746
0.831815755384845
0.994521895368275
0.698236818086118
0.079701855139700
-0.575617065685648
-0.965277503888948
-0.909443580859504
-0.433883739117592
0.241921895599592
0.806075865470025
0.998210129767737
0.729650984817469
0.124343704647552
-0.538350616090639
-0.952585646243135
-0.927183854566814
-0.473868662473049
0.198146143199358
0.778712646036843
0.999888101810273
0.759595731569308
0.168735142482175
-0.499999999999938
-0.937975407878374
-0.943056903383072
-0.512899277405972
0.153971350836474
0.749781202967705
0.999552432283502
0.788010753606762
0.212786770195611
-0.460642450450602
-0.921476211870378
-0.957030761100428
-0.550896981452135
0.109486480663917
0.719339800338606
0.997203797181176
0.814838826856961
0.256409873672096
-0.420357228309517
-0.903121285404175
-0.969077286229096
-0.587785252292521
0.064781119290109
0.687449743083257
0.992846926341828
0.840025923150797
0.299516601786650
-0.379225462652860
-0.882947592858900
-0.979172218670639
-0.623489801858795
0.019945297363235
0.654175253532999
0.986490593923516
0.863521319028265
0.342020143325718
-0.337329987382796
-0.860995761366592
-0.987295228574604
-0.657938725939744
-0.024930691738156
0.619583342081446
0.978147600733794
0.885277697888869
0.383834901813067
-0.294755174410851
-0.837309998994501
-0.993429957280064
-0.691062648986909
-0.069756473744171
0.583743672234720
0.967834748450648
0.905251245281036
0.424876667889870
-0.251586763744435
-0.811938005715821
-0.997564050259826
-0.722794863827448
-0.114441775495497
0.546728420318302
0.955572805786130
0.923401737138421
0.465062788901299
-0.207911690817721
-0.784930877348473
-0.999689182000817
-0.753071466003640
-0.158896606741187
0.508612130123372
0.941386466660885
0.939692620785919
0.504312335347658
-0.163817911415080
-0.756343002654846
-0.999801072770521
-0.781831482468069
-0.203031441367223
0.469471562785812
0.925304300473969
0.954091088551940
0.542546263865791
-0.119394224540167
-0.726231953809950
-0.997899497235822
-0.809016994374996
-0.246757397690359
0.429385542199362
0.907358694567826
0.966568143838565
0.579687576412029
-0.074730093586383
-0.694658370458938
