0.999999999999999
0.053829843412128
-0.994204695916450
-0.160865609613699
0.976885954764647
0.266036845566675
-0.948244511287225
-0.368124552684678
0.908612337232873
0.465945472355826
-0.858448793601865
-0.558365800629662
0.798335306372699
0.644314329694495
-0.728968627421411
-0.722794863827393
0.651152758743572
0.792897765908475
-0.565789633582211
-0.853810500668348
0.473868662472997
0.904827052466020
-0.376455265374392
-0.945356108439570
0.274678522802386
0.974927912181823
-0.169718089100667
-0.993199708502812
0.062790519529313
0.999959716170870
0.044864830350520
-0.995129582585910
-0.152000169561270
0.978765291933710
0.257373734365303
-0.951056516295153
-0.359764181061813
0.912324417231451
0.457984742103071
-0.863017923326348
-0.550896981452104
0.803708526830787
0.637423989748695
-0.735083659720172
-0.716562866343790
0.657938725939709
0.787396343528018
-0.573167882188920
-0.849103418222197
0.481753674101714
0.900968867902421
-0.384755647944937
-0.942391540464035
0.283298069832739
0.972891321940144
-0.178556894798628
-0.992114701314477
0.071746136761373
0.999838867929057
0.035896202634587
-0.995974293995237
-0.143122483211122
0.980565772275217
0.248689887164855
-0.953791896906689
-0.351374824081354
0.915962993388164
0.449987113092130
-0.867517521717715
-0.543383777794812
0.809016994374946
0.630482294044718
-0.741139468049845
-0.710273137068060
0.664671684553417
0.781831482468031
-0.580499952001566
-0.844327925502022
0.489599871965046
0.897038094386973
-0.393025031653919
-0.939351046208926
0.291894792201030
0.970776348122919
-0.187381314585710
-0.990949761767937
0.080695973575204
0.999637465011020
0.026924682845659
-0.996738762088012
-0.134233265817664
0.982287250728687
0.239986003602586
-0.956450432738627
-0.342957157654136
0.919527772551451
0.441953229673242
-0.871947226253857
-0.535826794978997
0.814260281314366
0.623489801858743
-0.747135564508146
-0.703926182748942
0.671351092125991
0.776203631076358
-0.587785252292472
-0.839484407258088
0.497406623913210
0.893035048612887
-0.401262750256451
-0.936234870639742
0.300467997289443
0.968583161128630
-0.196190637499074
-0.989704983719636
0.089639308903428
0.999355523643321
0.017950993798114
-0.997422925272832
-0.125333233564305
0.983929588598625
0.231262784929965
-0.959031909598963
-0.334511859971869
0.923018467515390
0.433883739117566
-0.876306680043862
-0.528226641853102
0.819437965209723
0.616447076559473
-0.753071466003593
-0.697522514745714
0.677976410513213
0.770513242775789
-0.595023196102019
-0.834573253721309
0.505173300974496
0.888960053096204
-0.409468140058874
-0.933043264819447
0.309016994374946
0.966311937657229
-0.204984153792217
-0.988380467458431
0.098575422202418
0.998993066541314
0.008975858481007
-0.998026728428270
-0.116423103505844
0.985492653565723
0.222520933956319
-0.961536119504141
-0.326039611452358
0.926434797042883
0.425779291565099
-0.880595531856727
-0.520583930743620
0.824549628907137
0.609354685562828
-0.758946694294543
-0.691062648986871
0.684547105928666
0.764760776027611
-0.602213200286071
-0.829594860571833
0.512899277405883
0.884813436149746
-0.417640539972122
-0.929776485888261
0.317541094684850
0.963962860695863
-0.213761154992081
-0.986976319697499
0.107503593510507
0.998550122907320
0.000000000000001
-0.998550122907320
-0.107503593510567
0.986976319697489
0.213761154992139
-0.963962860695848
-0.317541094684853
0.929776485888250
0.417640539972125
-0.884813436149718
-0.512899277405935
0.829594860571816
0.602213200286096
-0.764760776027591
-0.684547105928689
0.691062648986869
0.758946694294582
-0.609354685562781
-0.824549628907155
0.520583930743593
0.880595531856742
-0.425779291565071
-0.926434797042884
0.326039611452302
0.961536119504157
-0.222520933956289
-0.985492653565729
0.116423103505813
0.998026728428271
-0.008975858481004
-0.998993066541312
-0.098575422202477
0.988380467458426
0.204984153792248
-0.966311937657220
-0.309016994374949
0.933043264819446
0.409468140058929
-0.888960053096177
-0.505173300974523
0.834573253721292
0.595023196102045
-0.770513242775787
-0.677976410513257
0.697522514745671
0.753071466003633
-0.616447076559449
-0.819437965209741
0.528226641853075
0.876306680043864
-0.433883739117512
-0.923018467515413
0.334511859971813
0.959031909598972
-0.231262784929934
-0.983929588598630
0.125333233564302
0.997422925272837
-0.017950993798055
-0.999355523643319
-0.089639308903460
0.989704983719631
0.196190637499105
-0.968583161128630
-0.300467997289500
0.936234870639721
0.401262750256505
-0.893035048612873
-0.497406623913237
0.839484407258071
0.587785252292474
-0.776203631076320
-0.671351092126035
0.703926182748920
0.747135564508166
-0.623489801858718
-0.814260281314384
0.535826794978994
0.871947226253886
-0.441953229673188
-0.919527772551463
0.342957157654106
0.956450432738636
-0.239986003602556
-0.982287250728688
0.134233265817605
0.996738762088017
-0.026924682845628
-0.999637465011019
-0.080695973575236
0.990949761767932
0.187381314585727
-0.970776348122905
-0.291894792201074
0.939351046208911
0.393025031653948
-0.897038094386960
-0.489599871965061
0.844327925502013
0.580499952001614
-0.781831482468002
-0.664671684553451
0.710273137068038
0.741139468049867
-0.630482294044705
-0.809016994374948
0.543383777794762
0.867517521717738
-0.449987113092090
-0.915962993388176
0.351374824081325
0.953791896906694
-0.248689887164852
-0.980565772275229
0.143122483211077
0.995974293995241
-0.035896202634555
-0.999838867929057
-0.071746136761390
0.992114701314477
0.178556894798687
-0.972891321940134
-0.283298069832783
0.942391540464025
0.384755647944953
-0.900968867902414
-0.481753674101767
0.849103418222166
0.573167882188957
-0.787396343527990
-0.657938725939732
0.716562866343778
0.735083659720183
-0.637423989748643
-0.803708526830819
0.550896981452066
0.863017923326367
-0.457984742103043
-0.912324417231461
0.359764181061797
0.951056516295171
-0.257373734365252
-0.978765291933719
0.152000169561232
0.995129582585913
-0.044864830350496
-0.999959716170870
-0.062790519529373
0.993199708502806
0.169718089100711
-0.974927912181815
-0.274678522802416
0.945356108439562
0.376455265374402
-0.904827052465993
-0.473868662473043
0.853810500668324
0.565789633582243
-0.792897765908458
-0.651152758743587
0.722794863827383
0.728968627421452
-0.644314329694454
-0.798335306372693
0.558365800629680
0.858448793601908
-0.465945472355757
-0.908612337232902
0.368124552684622
0.948244511287242
-0.266036845566633
-0.976885954764654
0.160865609613671
0.994204695916453
-0.053829843412117
-0.999999999999999
-0.053829843412123
0.994204695916452
0.160865609613789
-0.976885954764629
-0.266036845566748
0.948244511287204
0.368124552684733
-0.908612337232852
-0.465945472355863
0.858448793601847
0.558365800629685
-0.798335306372689
-0.644314329694502
0.728968627421409
0.722794863827387
-0.651152758743583
-0.792897765908531
0.565789633582144
0.853810500668386
-0.473868662472938
-0.904827052466044
0.376455265374344
0.945356108439582
-0.274678522802356
-0.974927912181829
0.169718089100650
0.993199708502813
-0.062790519529310
-0.999959716170870
-0.044864830350502
0.995129582585901
0.152000169561350
-0.978765291933695
-0.257373734365368
0.951056516295134
0.359764181061855
-0.912324417231436
-0.457984742103099
0.863017923326335
0.550896981452118
-0.803708526830781
-0.637423989748692
0.735083659720179
0.716562866343783
-0.657938725939642
-0.787396343528063
0.573167882188859
0.849103418222229
-0.481753674101662
-0.900968867902441
0.384755647944895
0.942391540464046
-0.283298069832723
-0.972891321940148
0.178556894798625
0.992114701314477
-0.071746136761384
-0.999838867929057
-0.035896202634675
0.995974293995230
0.143122483211195
-0.980565772275206
-0.248689887164913
0.953791896906675
0.351374824081384
-0.915962993388151
-0.449987113092146
0.867517521717707
0.543383777794815
-0.809016994374945
-0.630482294044709
0.741139468049863
0.710273137068122
-0.664671684553362
-0.781831482468077
0.580499952001517
0.844327925502047
-0.489599871965006
-0.897038094386987
0.393025031653890
0.939351046208932
-0.291894792201014
-0.970776348122920
0.187381314585721
0.990949761767933
-0.080695973575116
-0.999637465011023
-0.026924682845748
0.996738762088007
0.134233265817723
-0.982287250728676
-0.239986003602617
0.956450432738618
0.342957157654165
-0.919527772551439
-0.441953229673244
0.871947226253856
0.535826794978999
-0.814260281314380
-0.623489801858812
0.747135564508087
0.703926182749005
-0.671351092125946
-0.776203631076396
0.587785252292424
0.839484407258105
-0.497406623913183
-0.893035048612901
0.401262750256448
0.936234870639743
-0.300467997289440
-0.968583161128631
0.196190637499099
0.989704983719648
-0.089639308903341
-0.999355523643323
-0.017950993798174
0.997422925272828
0.125333233564364
-0.983929588598619
-0.231262784929995
0.959031909598954
0.334511859971872
-0.923018467515389
-0.433883739117569
0.876306680043861
0.528226641853080
-0.819437965209673
-0.616447076559543
0.753071466003554
0.697522514745757
-0.677976410513169
-0.770513242775827
0.595023196101994
0.834573253721326
-0.505173300974469
-0.888960053096205
0.409468140058872
0.933043264819448
-0.309016994374943
-0.966311937657222
0.204984153792131
0.988380467458444
-0.098575422202358
-0.998993066541317
-0.008975858481067
0.998026728428267
0.116423103505875
-0.985492653565718
-0.222520933956350
0.961536119504140
0.326039611452361
-0.926434797042882
-0.425779291565076
0.880595531856739
0.520583930743695
-0.824549628907087
-0.609354685562875
0.758946694294504
0.691062648986914
-0.684547105928643
