0.999999999999999
0.253034359076131
-0.871947226253862
-0.694299574162845
0.520583930743608
0.957750816684929
-0.035896202634583
-0.975916761938747
-0.457984742103066
0.744145010569353
0.834573253721301
-0.321793593854450
-0.997422925272833
-0.182970947394051
0.904827052466019
0.640875613985023
-0.580499952001575
-0.934648480581909
0.107503593510527
0.989052686346543
0.393025031653921
-0.790155012375692
-0.792897765908473
0.388894256356595
0.989704983719633
0.111964476103303
-0.933043264819446
-0.584148485111085
0.637423989748692
0.906728826522705
-0.178556894798637
-0.997090885390702
-0.326039611452338
0.832092437156156
0.747135564508144
-0.453990499739549
-0.976885954764646
-0.040380923169142
0.956450432738631
0.524410567641363
-0.691062648986868
-0.874135756577052
0.248689887164863
0.999989928992004
0.257373734365297
-0.869741133155698
-0.697522514745700
0.516746808235997
0.959031909598963
-0.031410759078136
-0.974927912181825
-0.461969759730579
0.741139468049863
0.837037260298629
-0.317541094684847
-0.997734875046455
-0.187381314585717
0.902907053368375
0.644314329694485
-0.576839726452755
-0.936234870639736
0.103040545578645
0.988380467458430
0.397147890634775
-0.787396343528016
-0.795624548881774
0.384755647944947
0.990337346439116
0.116423103505807
-0.931419255684619
-0.587785252292468
0.633959526508166
0.908612337232870
-0.174139245707399
-0.996738762088015
-0.330279061955153
0.829594860571832
0.750111069630456
-0.449987113092126
-0.977835471138024
-0.044864830350505
0.955130783952426
0.528226641853072
-0.687811804415969
-0.876306680043854
0.244340406137899
0.999959716170870
0.261707925628591
-0.867517521717722
-0.700731405818904
0.512899277405918
0.960293685676937
-0.026924682845667
-0.973919425411304
-0.465945472355817
0.738118997487347
0.839484407258070
-0.313282199597446
-0.998026728428270
-0.191787907539956
0.900968867902427
0.647740067614427
-0.573167882188941
-0.937802403039824
0.098575422202471
0.987688340595139
0.401262750256471
-0.784621814930603
-0.798335306372697
0.380609289778885
0.990949761767932
0.120879385912299
-0.929776485888256
-0.591410180293907
0.630482294044727
0.910477546658813
-0.169718089100690
-0.996366562457243
-0.334511859971821
0.827080574274568
0.753071466003610
-0.445974662797083
-0.978765291933709
-0.049347833863730
0.953791896906694
0.532032076515315
-0.684547105928697
-0.878459952927495
0.239986003602581
0.999909362145144
0.266036845566656
-0.865276436727949
-0.703926182748927
0.509041415750381
0.961536119504140
-0.022438064295820
-0.972891321940151
-0.469911799899888
0.735083659720181
0.841914645309157
-0.309016994374957
-0.998298479539762
-0.196190637499081
0.899012535107135
0.651152758743559
-0.569484493168456
-0.939351046208915
0.094108313318524
0.986976319697499
0.405369527637423
-0.781831482468047
-0.801029983781105
0.376455265374396
0.991542217370801
0.125333233564295
-0.928114988519047
-0.595023196102026
0.626992362396840
0.912324417231447
-0.165293514029517
-0.995974293995240
-0.338737920245284
0.824549628907154
0.756016693999244
-0.441953229673251
-0.979675398423231
-0.053829843412097
0.952433798569328
0.535826794978966
-0.681268619282682
-0.880595531856732
0.235626767265342
0.999838867929057
0.270360406986323
-0.863017923326359
-0.707106781186522
0.505173300974520
0.962759186055457
-0.017950993798123
-0.971843622476425
-0.473868662472972
0.732033515886196
0.844327925501996
-0.304745564927240
-0.998550122907319
-0.200589415783248
0.897038094386973
0.654552334343413
-0.565789633582228
-0.940880768954213
0.089639308903454
0.986244419107046
0.409468140058868
-0.779025402343253
-0.803708526830771
0.372293658401959
0.992114701314473
0.129784556752241
-0.926434797042889
-0.598624226943416
0.623489801858764
0.914152911751093
-0.160865609613713
-0.995561964603082
-0.342957157654087
0.822002075447913
0.758946694294540
-0.437922894720401
-0.980565772275208
-0.058310768718925
0.951056516295162
0.539610720810745
-0.677976410513224
-0.882713373816672
0.231262784929989
0.999748234942507
0.274678522802377
-0.860742027003958
-0.710273137068025
0.501295010989928
0.963962860695847
-0.013463561731222
-0.970776348122930
-0.477815980375904
0.728968627421430
0.846724199228260
-0.300467997289455
-0.998781653462333
-0.204984153792195
0.895045585511197
0.657938725939703
-0.562083377852153
-0.942391540464019
0.085168498971962
0.985492653565729
0.413558504966488
-0.776203631076384
-0.806370881570456
0.368124552684702
0.992667202067967
0.134233265817653
-0.924735945302247
-0.602213200286054
0.619974682979129
0.915962993388162
-0.156434465040256
-0.995129582585914
-0.347169487214364
0.819437965209741
0.761861407873384
-0.433883739117602
-0.981436395555738
-0.062790519529289
0.949660077825438
0.543383777794757
-0.674670545932086
-0.884813436149723
0.226894144495923
0.999637465011020
0.278991106039206
-0.858448793601886
-0.713425186616643
0.497406623913235
0.965147119180883
-0.008975858481046
-0.969689520376688
-0.481753674101695
0.725889056058915
0.849103418222164
-0.296184377620491
-0.998993066541312
-0.209374763007039
0.893035048612913
0.661311865323635
-0.558365800629694
-0.943883330308349
0.080695973575231
0.984721038215631
0.417640539972089
-0.773366225503550
-0.809016994374934
0.363948032196819
0.993199708502806
0.138679271154423
-0.923018467515407
-0.605790043840784
0.616447076559517
0.917754625683972
-0.152000169561303
-0.994677156652783
-0.351374824081331
0.816857349838971
0.764760776027569
-0.429835844221593
-0.982287250728684
-0.067269005612004
0.948244511287242
0.547145889934076
-0.671351092126023
-0.886895676556394
0.222520933956372
0.999506560365731
0.283298069832716
-0.856138269310487
-0.716562866343785
0.493508218064369
0.966311937657212
-0.004487974438984
-0.968583161128635
-0.485681664337278
0.722794863827425
0.851465534561441
-0.291894792201057
-0.999184357885972
-0.213761154992058
0.891006524188375
0.664671684553400
-0.554636976794350
-0.945356108439547
0.076221822798909
0.983929588598636
0.421714162855256
-0.770513242775799
-0.811646811946176
0.359764181061851
0.993712209893234
0.143122483211096
-0.921282398275837
-0.609354685562764
0.612907053652988
0.919527772551438
-0.147562812492504
-0.994204695916457
-0.355573083550921
0.814260281314400
0.767644740357975
-0.425779291565136
-0.983118320656120
-0.071746136761333
0.946809845192937
0.550896981452084
-0.668018115955529
-0.888960053096168
0.218143241396611
0.999355523643321
0.287599327431974
-0.853810500668378
-0.719686113050175
0.489599871965084
0.967457292663042
-0.000000000000069
-0.967457292663063
-0.489599871965013
0.719686113050232
0.853810500668336
-0.287599327432051
-0.999355523643318
-0.218143241396476
0.888960053096205
0.668018115955468
-0.550896981452152
-0.946809845192911
0.071746136761414
0.983118320656135
0.425779291565011
-0.767644740358027
-0.814260281314353
0.355573083550997
0.994204695916449
0.147562812492424
-0.919527772551470
-0.612907053652923
0.609354685562828
0.921282398275805
-0.143122483211177
-0.993712209893250
-0.359764181061775
0.811646811946223
0.770513242775747
-0.421714162855330
-0.983929588598621
-0.076221822798828
0.945356108439592
0.554636976794282
-0.664671684553461
-0.891006524188338
0.213761154992138
0.999184357885975
0.291894792200979
-0.851465534561513
-0.722794863827369
0.485681664337349
0.968583161128614
0.004487974438846
-0.966311937657248
-0.493508218064348
0.716562866343802
0.856138269310445
-0.283298069832794
-0.999506560365729
-0.222520933956237
0.886895676556458
0.671351092126005
-0.547145889934097
-0.948244511287216
0.067269005612085
0.982287250728699
0.429835844221468
-0.764760776027658
-0.816857349838957
0.351374824081354
0.994677156652774
0.152000169561223
-0.917754625684004
-0.616447076559409
0.605790043840894
0.923018467515354
-0.138679271154448
-0.993199708502815
-0.363948032196743
0.809016994374982
0.773366225503462
-0.417640539972215
-0.984721038215607
-0.080695973575206
0.943883330308376
0.558365800629626
-0.661311865323696
-0.893035048612851
0.209374763007174
0.998993066541318
0.296184377620468
-0.849103418222206
-0.725889056058859
0.481753674101766
0.969689520376668
0.008975858480907
-0.965147119180919
-0.497406623913214
0.713425186616700
0.858448793601844
-0.278991106039284
-0.999637465011018
-0.226894144495789
0.884813436149787
0.674670545932068
-0.543383777794826
-0.949660077825412
0.062790519529370
0.981436395555753
0.433883739117478
-0.761861407873474
-0.819437965209727
0.347169487214440
0.995129582585906
0.156434465040176
-0.915962993388194
-0.619974682979021
0.602213200286165
0.924735945302237
-0.134233265817678
-0.992667202067977
-0.368124552684627
0.806370881570504
0.776203631076297
-0.413558504966614
-0.985492653565725
-0.085168498971938
0.942391540464047
0.562083377852085
-0.657938725939765
-0.895045585511135
0.204984153792330
0.998781653462334
0.300467997289432
-0.846724199228303
-0.728968627421374
0.477815980375976
0.970776348122897
0.013463561731084
-0.963962860695853
-0.501295010989907
0.710273137068082
0.860742027003916
-0.274678522802456
-0.999748234942504
-0.231262784929854
0.882713373816737
0.677976410513206
-0.539610720810814
-0.951056516295137
0.058310768719006
0.980565772275235
0.437922894720276
-0.758946694294630
-0.822002075447899
0.342957157654163
0.995561964603074
0.160865609613633
-0.914152911751126
-0.623489801858656
0.598624226943526
0.926434797042880
-0.129784556752321
-0.992114701314483
-0.372293658401884
0.803708526830837
0.779025402343185
-0.409468140058994
-0.986244419107037
-0.089639308903401
0.940880768954241
