0.999999999999999
0.309016994374947
-0.809016994374947
-0.809016994374947
0.309016994374947
0.999999999999999
0.309016994374947
-0.809016994374946
-0.809016994374947
0.309016994374947
0.999999999999999
0.309016994374948
-0.809016994374946
-0.809016994374947
0.309016994374946
0.999999999999999
0.309016994374948
-0.809016994374946
-0.809016994374947
0.309016994374946
0.999999999999999
0.309016994374948
-0.809016994374946
-0.809016994374947
0.309016994374946
0.999999999999999
0.309016994374948
-0.809016994374946
-0.809016994374947
0.309016994374946
0.999999999999999
0.309016994374949
-0.809016994374946
-0.809016994374948
0.309016994374946
0.999999999999999
0.309016994374949
-0.809016994374946
-0.809016994374948
0.309016994374945
0.999999999999999
0.309016994374949
-0.809016994374945
-0.809016994374948
0.309016994374945
0.999999999999999
0.309016994374949
-0.809016994374945
-0.809016994374948
0.309016994374945
0.999999999999999
0.309016994374956
-0.809016994374945
-0.809016994374944
0.309016994374945
0.999999999999999
0.309016994374950
-0.809016994374949
-0.809016994374948
0.309016994374938
0.999999999999999
0.309016994374943
-0.809016994374945
-0.809016994374953
0.309016994374944
0.999999999999999
0.309016994374950
-0.809016994374941
-0.809016994374949
0.309016994374951
0.999999999999999
0.309016994374957
-0.809016994374945
-0.809016994374945
0.309016994374944
0.999999999999999
0.309016994374951
-0.809016994374949
-0.809016994374949
0.309016994374937
0.999999999999999
0.309016994374944
-0.809016994374944
-0.809016994374953
0.309016994374943
0.999999999999999
0.309016994374951
-0.809016994374940
-0.809016994374949
0.309016994374950
0.999999999999999
0.309016994374958
-0.809016994374944
-0.809016994374945
0.309016994374943
0.999999999999999
0.309016994374952
-0.809016994374948
-0.809016994374949
0.309016994374936
0.999999999999999
0.309016994374945
-0.809016994374935
-0.809016994374954
0.309016994374942
0.999999999999999
0.309016994374939
-0.809016994374939
-0.809016994374950
0.309016994374949
0.999999999999999
0.309016994374959
-0.809016994374943
-0.809016994374946
0.309016994374955
0.999999999999999
0.309016994374953
-0.809016994374947
-0.809016994374958
0.309016994374935
0.999999999999999
0.309016994374946
-0.809016994374951
-0.809016994374954
0.309016994374941
0.999999999999999
0.309016994374966
-0.809016994374939
-0.809016994374950
0.309016994374948
0.999999999999999
0.309016994374960
-0.809016994374943
-0.809016994374946
0.309016994374927
0.999999999999999
0.309016994374953
-0.809016994374947
-0.809016994374942
0.309016994374934
0.999999999999999
0.309016994374947
-0.809016994374934
-0.809016994374955
0.309016994374940
0.999999999999999
0.309016994374940
-0.809016994374938
-0.809016994374951
0.309016994374947
0.999999999999999
0.309016994374961
-0.809016994374942
-0.809016994374947
0.309016994374953
0.999999999999999
0.309016994374954
-0.809016994374946
-0.809016994374960
0.309016994374933
0.999999999999999
0.309016994374948
-0.809016994374950
-0.809016994374956
0.309016994374939
0.999999999999999
0.309016994374968
-0.809016994374938
-0.809016994374951
0.309016994374946
0.999999999999999
0.309016994374962
-0.809016994374942
-0.809016994374947
0.309016994374925
0.999999999999999
0.309016994374955
-0.809016994374946
-0.809016994374943
0.309016994374932
0.999999999999999
0.309016994374949
-0.809016994374933
-0.809016994374956
0.309016994374939
0.999999999999999
0.309016994374942
-0.809016994374937
-0.809016994374952
0.309016994374945
0.999999999999999
0.309016994374963
-0.809016994374941
-0.809016994374948
0.309016994374952
0.999999999999999
0.309016994374956
-0.809016994374945
-0.809016994374961
0.309016994374931
0.999999999999999
0.309016994374950
-0.809016994374949
-0.809016994374957
0.309016994374911
0.999999999999999
0.309016994374970
-0.809016994374936
-0.809016994374953
0.309016994374944
0.999999999999999
0.309016994374937
-0.809016994374957
-0.809016994374965
0.309016994374924
0.999999999999999
0.309016994374957
-0.809016994374945
-0.809016994374945
0.309016994374957
0.999999999999999
0.309016994374978
-0.809016994374932
-0.809016994374957
0.309016994374937
0.999999999999999
0.309016994374944
-0.809016994374953
-0.809016994374936
0.309016994374916
0.999999999999999
0.309016994374965
-0.809016994374940
-0.809016994374949
0.309016994374950
0.999999999999999
0.309016994374985
-0.809016994374927
-0.809016994374962
0.309016994374929
0.999999999999999
0.309016994374952
-0.809016994374948
-0.809016994374941
0.309016994374963
0.999999999999999
0.309016994374972
-0.809016994374935
-0.809016994374954
0.309016994374942
0.999999999999999
0.309016994374939
-0.809016994374923
-0.809016994374966
0.309016994374922
0.999999999999999
