0.999999999999999
-0.028420106309702
-0.998384595114689
0.085168498971958
0.993543599524648
-0.141641728415587
-0.985492653565726
0.197657340379124
0.974257768312791
-0.253034359076127
-0.959875241542889
0.307593871893527
0.942391540464036
-0.361159607424229
-0.921863151588501
0.413558504966515
0.898356398235642
-0.464621273650230
-0.871947226253866
0.514182939383401
0.842720958654042
-0.562083377852120
-0.810772019947096
0.608167831851781
0.776203631076359
-0.652287411278114
-0.739127475930352
0.694299574162837
0.699663340513371
-0.734068587199619
-0.657938725939720
0.771465964272571
0.614088436501835
-0.806370881570456
-0.568254144143275
0.838670567945416
0.520583930743623
-0.868260669255128
-0.471231809694090
0.895045585511166
0.420357228309578
-0.918938779744385
-0.368124552684700
0.939863057589408
0.314702536658189
-0.957750816684923
-0.260263776601405
0.972544265084078
0.204984153792253
-0.984195607969239
-0.149042266176192
0.992667202067970
0.092618851350348
-0.997931677271289
-0.035896202634604
0.999972025061269
-0.020942419883340
-0.998781653462335
0.077713381426490
0.994364408338680
-0.134233265817634
-0.986734560969009
0.190319468062018
0.975916761938751
-0.245790784309463
-0.961945961498713
0.300467997289432
0.944867296647454
-0.354174455327986
-0.924735945302253
0.406736643075777
0.901616948029721
-0.457984742103037
-0.875584997912139
0.507753179550728
0.846724199228301
-0.555881163064864
-0.815127795728570
0.602213200286055
0.780897869382104
-0.646599601215777
-0.744145010569374
0.688896961836203
0.704987960785749
-0.728968627421378
-0.663553229010228
0.766685134042626
0.619974682979116
-0.801924626841801
-0.574393116684698
0.834573253721276
0.526955795496696
-0.864525533178347
-0.477815980375943
0.891684695095860
0.427132432717234
-0.915962993388147
-0.375068901421553
0.937281989491881
0.321793593854479
-0.955572805786129
-0.267478632400283
0.970776348122906
0.212299498367097
-0.982843496749083
-0.156434465040261
0.991735265002978
0.100064021715339
-0.997422925272830
-0.043370290571372
0.999888101810272
-0.013463561731127
-0.999122830098859
0.070253915826867
0.995129582585915
-0.126817292884900
-0.987921260694521
0.182970947393998
0.977521153141468
-0.238533457578543
-0.963962860695864
0.293325311537697
0.947290187621411
-0.347169487214365
-0.927557000153180
0.399892024319706
0.904827052466037
-0.451322586365656
-0.879173780697077
0.501295010989876
0.850680065687371
-0.549647846794627
-0.819437965209755
0.596224874965578
0.785548416547739
-0.640875613984981
-0.749120910386247
0.683455805808970
0.710273137068105
-0.723827881937786
-0.669130606358895
0.761861407873370
0.625826241948860
-0.797433504528541
-0.580499952001629
0.830429245225878
0.533298177137603
-0.860742027003915
-0.484373417312251
0.888273915031127
0.433883739117619
-0.912935959014670
-0.381992265099307
0.934648480581891
0.328866646738638
-0.953341330705943
-0.274678522802455
0.968954116344016
0.219602964811022
-0.981436395555729
-0.163817911415194
0.990747840471430
0.107503593510591
-0.996858367583928
-0.050841951945697
0.999748234942504
-0.005983950294300
-0.999408105935471
0.062790519529219
0.995839079454946
-0.119394224540198
-0.989052686346555
0.175612189523920
0.979070852155460
-0.231262784929888
-0.965925826289093
0.286166214270725
0.949660077825441
-0.340145095010475
-0.930326158303600
0.393025031653838
0.907986531939650
-0.444635179184886
-0.882713373816719
0.494808795034612
0.854588336701006
-0.543383777794752
-0.823702287237224
0.590203190936397
0.790155012375720
-0.635115769842114
-0.754054896979962
0.677976410513153
0.715518573655459
-0.718646638372857
-0.674670545932130
0.756995055651721
0.631642786017057
-0.792897765908436
-0.586574308417379
0.826238774315954
0.539610720810872
-0.856910362418547
-0.490903753615190
0.884813436149696
0.440610769775943
-0.909857845986157
-0.388894256356664
0.931962678203933
0.335921299574211
-0.951056516295134
-0.281863044974934
0.967077671701058
0.226894144495977
-0.979974383116303
-0.171192192198086
0.989704983719621
0.114937150492931
-0.996238035791508
-0.058310768719013
0.999552432283499
0.001495995943785
-0.999637465011023
0.055323610109755
0.996492859249509
-0.111964476103206
-0.990128774621982
0.168243606173301
0.980565772275236
-0.223979173156728
-0.967834748450690
0.278991106039159
0.951976834664505
-0.333101671730228
-0.933043264819485
0.386136049285662
0.911095209678052
-0.437922894720275
-0.886203579231249
0.488294894587850
0.858448793601909
-0.537089306539046
-0.827920523222625
0.584148485111028
0.794717399127618
-0.629320391049774
-0.758946694294629
0.672459082520267
0.720723977066335
-0.713425186616613
-0.680172737770974
0.752086349649432
0.637423989748754
-0.788317664755456
-0.592615846072428
0.822002075447837
0.545893073330388
-0.853030753803422
-0.497406623913319
0.881303452064950
0.447313148315741
-0.906728826522666
-0.395774489028058
0.929224732628352
0.342957157654209
-0.948718490388762
-0.289031796944560
0.965147119180858
0.234172629481323
-0.978457541230221
-0.178556894798746
0.988606753095251
0.122364276755842
-0.995561964603070
-0.065776323012020
0.999300704788394
0.008975858481137
-0.999810894492901
0.047853605341085
0.997090885390711
-0.104528463267554
-0.991149465313806
0.160865609613590
0.982005829860212
-0.216683029776331
-0.969689520376709
0.271800388289343
0.954240328516307
-0.326039611452212
-0.935708167679017
0.379225462652845
0.914152911751142
-0.431186108523419
-0.889644201664143
0.481753674101620
0.862261220398033
-0.530764785202503
-0.832092437156205
0.578061096249453
0.799235321538384
-0.623489801858627
-0.763796028634714
0.666904130524075
0.725889056058971
-0.708163818808600
-0.685636874028529
0.747135564508078
0.643169529686379
-0.783693457325767
-0.598624226943554
0.817719385664358
0.552144883199344
-0.849103418222122
-0.503881664371742
0.877744159160028
0.453990499739653
-0.903549075692417
-0.402632578165238
0.926434797042847
0.349973827323316
-0.946327383799126
-0.296184377620618
0.963162566797609
0.241438012536744
-0.976885954764618
-0.185911607163078
0.987453210044188
0.129784556752406
-0.994830191844702
-0.073238197127816
0.998993066541309
0.016455218820249
-0.999928384677750
0.040380923169059
0.997633124419054
-0.097086602077133
-0.992114701314501
0.153478612642733
0.983390944339352
-0.209374763006914
-0.971490038292889
0.264594463341162
0.956450432738677
-0.318959309297887
-0.938320717781229
0.372293658401810
0.917159467080838
-0.424425197516627
-0.893035048612943
0.475185499556308
0.866025403784536
-0.524410567641267
-0.836217795619921
0.571941364940378
0.803708526830848
-0.617624328489511
-0.768602628680628
0.661311865323501
0.731013521647871
-0.702862829321663
-0.691062648986998
0.742142977223443
0.648879084367587
-0.779025402343138
-0.604599114862447
0.813390944581455
0.558365800629792
-0.845128575408620
-0.510328512712790
0.874135756576986
0.460642450450787
-0.900318771402151
-0.409468140059007
0.923593027543950
0.356970915999670
-0.943883330308329
-0.303320386816989
0.961124125586787
0.248689887164950
-0.975259711649553
-0.193255917795715
0.986244419107007
0.137197575318924
-0.994042758459011
-0.080695973575400
0.998629534754568
0.023933658491886
-0.999989928992005
0.032905981689217
0.998119545996335
-0.089639308903280
-0.993024428619222
0.146083028562306
0.984721038215650
-0.202054781745220
-0.973236201460498
0.257373734365181
0.958607023676522
-0.311861161409346
-0.940880768954262
0.365341024366261
0.920114707450717
-0.417640539971940
-0.896375930360206
0.468590738440575
0.869741133155791
-0.518027009373032
-0.840296367800411
0.565789633582065
0.808136764729789
-0.611724299114901
-0.773366225503615
0.655682599805142
0.736097087119814
-0.697522514745593
-0.696449759074898
0.737108867130098
0.654552334343538
-0.774313760984745
-0.610540175535085
0.809016994374875
0.564555477562069
-0.841106447754915
-0.516746808236183
0.870478446205480
0.467268628273215
-0.897038094386876
-0.416280792260515
0.920699583128361
0.363948032196963
-0.941386466660826
-0.310439425274886
0.959031909598914
0.255927847624553
-0.973578902873130
-0.200589415783432
0.984980447915449
0.144602917698027
-0.993199708502795
-0.088149235093151
0.998210129767721
0.031410759078262
-0.999995523992271
0.025429199123845
0.998550122907332
-0.082187000421078
-0.993878596328847
0.138679271154219
0.985996037070527
-0.194723495543246
-0.974927912181868
0.250138605360191
0.960709980668858
-0.304745564927040
-0.943388177963605
0.358367949545168
0.923018467515464
-0.410832515490323
-0.899666659984056
0.461969759730447
0.873408200617223
-0.511614467557004
-0.844327925502092
0.559606246363086
0.812519787475705
-0.605790043840715
-0.778086552581054
0.650016648925670
0.741139468050009
-0.692143173870298
-0.701797902884121
0.732033515886037
0.660188962196591
-0.769558796866310
-0.616447076559628
0.804597779766528
0.570713567684557
-0.837037260298527
-0.523136191838880
0.866772432671577
0.473868662473150
-0.893707228200193
-0.423070153602811
0.917754625683918
0.370904785546453
-0.938836932555908
-0.317541094684979
0.956886035893219
0.263151488952333
-0.971843622476365
-0.207911690817917
0.983661367188529
0.152000169561492
-0.992301089144593
-0.095597564672000
0.997734875046441
0.038886102236631
-0.999945169365509
0.017950993797899
0.998924831061308
-0.074730093586274
-0.994677156652796
0.131267754658018
0.987215869567971
-0.187381314585558
-0.976565075806019
0.242889481130993
0.962759186055502
-0.297612917967719
-0.945842804519955
0.351374824081105
0.925870584810059
