0.999999999999999
-0.067269005612040
-0.990949761767934
0.200589415783272
0.963962860695852
-0.330279061955166
-0.919527772551450
0.453990499739547
0.858448793601866
-0.569484493168450
-0.781831482468031
0.674670545932074
0.691062648986865
-0.767644740358009
-0.587785252292472
0.846724199228283
0.473868662472999
-0.910477546658814
-0.351374824081345
0.957750816684929
0.222520933956319
-0.987688340595137
-0.089639308903433
0.999748234942506
-0.044864830350513
-0.993712209893242
0.178556894798633
0.969689520376687
-0.309016994374949
-0.928114988519038
0.433883739117558
0.869741133155695
-0.550896981452100
-0.795624548881782
0.657938725939709
0.707106781186550
-0.753071466003606
-0.605790043840819
0.834573253721301
0.493508218064348
-0.900968867902414
-0.372293658401948
0.951056516295153
0.244340406137899
-0.983929588598629
-0.111964476103315
0.998993066541314
-0.022438064295796
-0.995974293995238
0.156434465040234
0.974927912181824
-0.287599327432018
-0.936234870639739
0.413558504966520
0.880595531856741
-0.532032076515334
-0.809016994374945
0.640875613985020
0.722794863827390
-0.738118997487336
-0.623489801858733
0.822002075447904
0.512899277405907
-0.891006524188362
-0.393025031653927
0.943883330308367
0.266036845566681
-0.979675398423235
-0.134233265817663
0.997734875046455
0.000000000000010
-0.997734875046455
0.134233265817644
0.979675398423236
-0.266036845566675
-0.943883330308369
0.393025031653922
0.891006524188371
-0.512899277405903
-0.822002075447915
0.623489801858718
0.738118997487339
-0.722794863827386
-0.640875613985035
0.809016994374950
0.532032076515338
-0.880595531856732
-0.413558504966537
0.936234870639737
0.287599327432023
-0.974927912181819
-0.156434465040225
0.995974293995238
0.022438064295815
-0.998993066541314
0.111964476103310
0.983929588598630
-0.244340406137880
-0.951056516295151
0.372293658401943
0.900968867902423
-0.493508218064331
-0.834573253721300
0.605790043840815
0.753071466003619
-0.707106781186552
-0.657938725939713
0.795624548881774
0.550896981452117
-0.869741133155696
-0.433883739117562
0.928114988519033
0.309016994374940
-0.969689520376686
-0.178556894798645
0.993712209893240
0.044864830350512
-0.999748234942506
0.089639308903421
0.987688340595140
-0.222520933956314
-0.957750816684932
0.351374824081327
0.910477546658814
-0.473868662472994
-0.846724199228290
0.587785252292456
0.767644740358010
-0.691062648986858
-0.674670545932086
0.781831482468032
0.569484493168455
-0.858448793601859
-0.453990499739564
0.919527772551450
0.330279061955174
-0.963962860695848
-0.200589415783268
0.990949761767933
0.067269005612051
-0.999999999999999
0.067269005612040
0.990949761767935
-0.200589415783258
-0.963962860695859
0.330279061955164
0.919527772551454
-0.453990499739529
-0.858448793601865
0.569484493168446
0.781831482468038
-0.674670545932057
-0.691062648986866
0.767644740358004
0.587785252292488
-0.846724199228284
-0.473868662473004
0.910477546658809
0.351374824081363
-0.957750816684921
-0.222520933956352
0.987688340595138
0.089639308903431
-0.999748234942505
0.044864830350501
0.993712209893244
-0.178556894798607
-0.969689520376695
0.309016994374957
0.928114988519037
-0.433883739117553
-0.869741133155701
0.550896981452084
0.795624548881798
-0.657938725939683
-0.707106781186539
0.753071466003612
0.605790043840823
-0.834573253721295
-0.493508218064365
0.900968867902405
0.372293658401979
-0.951056516295156
-0.244340406137890
0.983929588598628
0.111964476103320
-0.998993066541313
0.022438064295776
0.995974293995241
-0.156434465040242
-0.974927912181822
0.287599327432013
0.936234870639741
-0.413558504966502
-0.880595531856751
0.532032076515305
0.809016994374939
-0.640875613985027
-0.722794863827393
0.738118997487332
0.623489801858748
-0.822002075447893
-0.512899277405936
0.891006524188373
0.393025031653919
-0.943883330308366
-0.266036845566686
0.979675398423231
0.134233265817683
-0.997734875046453
0.000000000000013
0.997734875046455
-0.134233265817652
-0.979675398423237
0.266036845566657
0.943883330308376
-0.393025031653891
-0.891006524188361
0.512899277405910
0.822002075447910
-0.623489801858725
-0.738118997487352
0.722794863827372
0.640875613985050
-0.809016994374955
-0.532032076515331
0.880595531856736
0.413558504966529
-0.936234870639730
-0.287599327432042
0.974927912181815
0.156434465040272
-0.995974293995239
-0.022438064295806
0.998993066541314
-0.111964476103290
-0.983929588598633
0.244340406137861
0.951056516295166
-0.372293658401951
-0.900968867902419
0.493508218064338
0.834573253721311
-0.605790043840799
-0.753071466003632
0.707106781186518
0.657938725939706
-0.795624548881780
-0.550896981452109
0.869741133155686
0.433883739117580
-0.928114988519026
-0.309016994374986
0.969689520376688
0.178556894798637
-0.993712209893241
-0.044864830350531
0.999748234942506
-0.089639308903401
-0.987688340595143
0.222520933956322
0.957750816684929
-0.351374824081335
-0.910477546658822
0.473868662472977
0.846724199228300
-0.587785252292440
-0.767644740358005
0.691062648986864
0.674670545932079
-0.781831482468019
-0.569484493168471
0.858448793601849
0.453990499739582
-0.919527772551453
-0.330279061955166
0.963962860695850
0.200589415783287
-0.990949761767931
-0.067269005612071
0.999999999999999
-0.067269005612049
-0.990949761767934
0.200589415783266
0.963962860695856
-0.330279061955145
-0.919527772551462
0.453990499739512
0.858448793601889
-0.569484493168453
-0.781831482468033
0.674670545932063
0.691062648986880
-0.767644740357991
-0.587785252292504
0.846724199228259
0.473868662472996
-0.910477546658813
-0.351374824081355
0.957750816684923
0.222520933956343
-0.987688340595131
-0.089639308903479
0.999748234942506
-0.044864830350510
-0.993712209893243
0.178556894798616
0.969689520376693
-0.309016994374911
-0.928114988519055
0.433883739117561
0.869741133155697
-0.550896981452091
-0.795624548881758
0.657938725939690
0.707106781186533
-0.753071466003581
-0.605790043840816
0.834573253721268
0.493508218064357
-0.900968867902385
-0.372293658401971
0.951056516295159
0.244340406137937
-0.983929588598629
-0.111964476103368
0.998993066541313
-0.022438064295728
-0.995974293995241
0.156434465040251
0.974927912181832
-0.287599327432021
-0.936234870639758
0.413558504966510
0.880595531856773
-0.532032076515313
-0.809016994374934
0.640875613984990
0.722794863827387
-0.738118997487299
-0.623489801858741
0.822002075447866
0.512899277405929
-0.891006524188377
-0.393025031653963
0.943883330308368
0.266036845566732
-0.979675398423232
-0.134233265817730
0.997734875046453
-0.000000000000022
-0.997734875046458
0.134233265817661
0.979675398423246
-0.266036845566665
-0.943883330308391
0.393025031653899
0.891006524188357
-0.512899277405869
-0.822002075447905
0.623489801858687
0.738118997487346
-0.722794863827339
-0.640875613985043
0.809016994374960
0.532032076515372
-0.880595531856740
-0.413558504966573
0.936234870639733
0.287599327432088
-0.974927912181817
-0.156434465040208
0.995974293995234
0.022438064295798
-0.998993066541316
0.111964476103299
0.983929588598642
-0.244340406137870
-0.951056516295145
0.372293658401907
0.900968867902415
-0.493508218064297
-0.834573253721306
0.605790043840761
0.753071466003626
-0.707106781186564
-0.657938725939743
0.795624548881785
0.550896981452149
-0.869741133155691
-0.433883739117623
0.928114988519029
0.309016994374924
-0.969689520376676
-0.178556894798628
0.993712209893235
0.044864830350522
-0.999748234942507
0.089639308903410
0.987688340595133
-0.222520933956275
-0.957750816684927
0.351374824081290
0.910477546658818
-0.473868662472935
-0.846724199228296
0.587785252292493
0.767644740358036
-0.691062648986871
-0.674670545932115
0.781831482468025
0.569484493168510
-0.858448793601854
-0.453990499739523
0.919527772551434
0.330279061955157
-0.963962860695838
-0.200589415783279
0.990949761767924
0.067269005612062
-0.999999999999999
0.067269005612001
0.990949761767932
-0.200589415783219
-0.963962860695854
0.330279061955100
0.919527772551458
-0.453990499739570
-0.858448793601885
0.569484493168460
0.781831482468063
-0.674670545932070
-0.691062648986915
0.767644740357997
0.587785252292450
-0.846724199228263
-0.473868662472988
0.910477546658793
0.351374824081347
-0.957750816684909
-0.222520933956335
0.987688340595141
0.089639308903470
-0.999748234942506
0.044864830350462
0.993712209893242
-0.178556894798568
-0.969689520376691
0.309016994374974
0.928114988519052
-0.433883739117569
-0.869741133155721
0.550896981452099
0.795624548881822
-0.657938725939697
-0.707106781186607
0.753071466003586
0.605790043840809
-0.834573253721273
-0.493508218064349
0.900968867902389
0.372293658401963
-0.951056516295126
-0.244340406137928
0.983929588598631
0.111964476103359
-0.998993066541313
0.022438064295737
0.995974293995240
-0.156434465040148
-0.974927912181831
0.287599327432030
0.936234870639754
-0.413558504966518
-0.880595531856769
0.532032076515320
0.809016994374996
-0.640875613984997
-0.722794863827381
0.738118997487305
0.623489801858735
-0.822002075447871
-0.512899277405921
0.891006524188329
0.393025031653955
-0.943883330308371
-0.266036845566724
0.979675398423234
0.134233265817721
-0.997734875046454
-0.000000000000083
0.997734875046457
-0.134233265817670
-0.979675398423245
0.266036845566674
0.943883330308389
-0.393025031653907
-0.891006524188404
0.512899277405877
0.822002075447900
-0.623489801858694
-0.738118997487340
0.722794863827345
0.640875613985037
-0.809016994374898
-0.532032076515364
0.880595531856745
0.413558504966565
-0.936234870639736
-0.287599327432080
0.974927912181819
0.156434465040311
