0.999999999999999
0.688535413882383
-0.051837967659630
-0.759919966917073
-0.994625650217837
-0.609750000544474
0.154956712238492
0.823136368534441
0.978560368142514
0.524410567641366
-0.256409873672027
-0.877505124625964
-0.951976834664473
-0.433434403098325
0.355106962408135
0.922441841766728
0.915160788198429
0.337799382375539
-0.449987113092118
-0.957463508684780
-0.868507953366989
-0.238533457578582
0.540030487489659
0.982193688004177
0.812519787475583
0.136703608310076
-0.624269236421596
-0.996366562457242
-0.747798090498533
-0.033404373026486
0.701797902883988
0.999829792074516
0.675038536511941
-0.070253915826901
-0.771783154533408
-0.992546151641322
-0.595023196102041
0.173157066445847
0.833472740925942
0.974593930820409
0.508612130123434
-0.274199003780130
-0.886203579231212
-0.946166092639894
-0.416734145163362
0.372293658401941
0.929408881510496
0.907568199391644
0.320376810078734
-0.466386640339886
-0.962624246950010
-0.859215128233999
-0.220575840915193
0.555466572400004
0.985492653565725
0.801626611801845
0.118403968306508
-0.638575961155369
-0.997768295725414
-0.735421651756667
-0.014959407015271
0.714821488755277
0.999319226239544
0.661311865323658
-0.088645948447632
-0.783383614930432
-0.990128774621972
-0.580093836331962
0.191298475243078
0.843525385985085
0.970295726275998
0.492640552974419
-0.291894792201023
-0.894600356090906
-0.940033260679736
-0.399892024319751
0.389353619733208
0.936059535738968
0.899666659983956
0.302845176437495
-0.482627402182605
-0.967457292663054
-0.849629812651967
-0.202543136739214
0.570713567684426
0.988456141806989
0.790460549722892
0.100064021715307
-0.652665304509923
-0.998830372850130
-0.722794863827396
0.003490651415215
0.727601738061185
0.998468476299784
0.647360073093984
-0.107007804582392
-0.794717399127548
-0.987374342073244
-0.564967003424946
0.209374763007074
0.853290881632149
0.965667217686237
0.476501273172337
-0.309491215007842
-0.902692596809109
-0.933580426497205
-0.382913773892381
0.406281038920693
0.942391540464030
0.891458859784622
0.285210449497814
-0.498703870007505
-0.971961000578542
-0.839755269614259
-0.184441483668990
0.585766283024041
0.991083143909597
0.779025402343255
0.081690011745010
-0.666532470249440
-0.999552432283502
-0.709922025069488
0.021939521572623
0.740134300202263
0.997277831864003
0.633187909234152
-0.125333233564287
-0.805780648924960
-0.984283791647638
-0.549647846794697
0.227379776282944
0.862765903537617
0.960709980668820
0.460199784783868
-0.326982282099332
-0.910477546658807
-0.926809786739346
-0.365805173546831
0.423070153602577
0.948402740170899
0.882947592858936
0.267478632400264
-0.514610571130116
-0.976133837562913
-0.829594860571843
-0.166277043794151
0.600619594235953
0.993372765600393
0.767325062368356
0.063288193199850
-0.680172737770902
-0.999934228225053
-0.696807517601296
0.040380923169125
0.752414908895708
0.995747698246439
0.618800198173377
-0.143615997126825
-0.816569598217084
-0.980858175417507
-0.534141581324938
0.245307385878777
0.871947226253856
0.955425702745803
0.443741637094035
-0.344362039239010
-0.917952555519679
-0.919723646239251
-0.348572047321827
0.439715248498104
0.954091088551919
0.874135756577069
0.249655761336436
-0.530342090657240
-0.979974383116316
-0.819152044289008
-0.148056000577938
0.615268445017587
0.995324227455863
0.755363512779383
0.044864830350531
-0.693581463711031
-0.999975630705394
-0.683455805809040
0.058808578459317
0.764439383627662
0.993878596328828
0.604201837716564
-0.161849871527502
-0.827080574274543
-0.977098659516912
-0.518453485594260
0.263151488952113
0.880831724313058
0.949816182769146
0.427132432717227
-0.361624570082073
-0.925115078780207
-0.912324417231462
-0.331220261646739
0.456210657353144
0.959454649203123
0.865026350627760
0.231747903494192
-0.545893073330283
-0.983481329856161
-0.808430375665938
-0.129784556752325
0.629707848667949
0.996936865167454
0.743144825477409
0.026426194801839
-0.706754083526988
-0.999676625630463
-0.669871434827043
0.077216214377201
0.776203631076336
0.991671162383094
0.589397797376998
-0.180028649666406
-0.837309998994508
-0.973006523744666
-0.502588900079073
0.280906011087376
0.889416373291284
0.943883330308380
0.410377825689836
-0.378763998189355
-0.931962678203962
-0.904614618530837
-0.313755723344397
0.472550764869015
0.964491596283463
0.855622475997210
0.213761154992143
-0.561258225348207
-0.986653483962199
-0.797433504528606
-0.111468932206356
0.643932889785126
0.998210129767732
0.730673159897300
0.007978563357527
-0.719686113050157
-0.999037314786328
-0.656059028990542
0.095597564671788
0.787703646505397
0.989126147854737
0.574393116684703
-0.198146143199364
-0.847254390118629
-0.968583161128639
-0.486553225335805
0.298564908363861
0.897698250837921
0.937629165000506
0.393483519545694
-0.395774489027905
-0.938493022759547
-0.896596874675036
-0.296184377620499
0.488730008614165
0.969200215136305
0.845927333913372
0.195701638804614
-0.576432316169762
-0.989489765582886
-0.786165174386225
-0.093115361868973
0.657938725939683
0.999143587817243
0.717952761591666
-0.010471784116221
-0.732373150012744
-0.998057915804533
-0.642023290261382
0.113946372040047
0.798935515127342
0.986244419107044
0.559192903470780
-0.216196184644370
-0.856910362418568
-0.963830077451584
-0.470351920162270
0.316122169412997
0.905674537670601
0.931055815862538
0.376455265374432
-0.412650251956982
-0.944703889414155
-0.888273915031169
-0.278512206039676
0.504742880917540
0.973578902873149
0.835944224756306
0.177575502677204
-0.591410180293883
-0.991989209202996
-0.774629221157005
-0.074730093586470
0.671720589322966
0.999736921552069
0.704987960785742
-0.028918566828638
-0.744810875546245
-0.996738762088017
-0.627768996627528
0.132256390257075
0.809895413436038
0.983026957126166
0.543802332128769
-0.234172629481176
-0.866274628848282
-0.958748890738535
-0.453990499739578
0.333571817464823
0.913342518534841
0.924165520566727
0.359298859863657
-0.429385542199388
-0.950593163890347
-0.879648572866640
-0.260745224489231
0.520583930743588
0.977626168919296
0.825676546934624
0.159388917033939
-0.606186719018210
-0.994150963972310
-0.762829571862300
-0.056319385995566
0.685273788370223
0.999989928992004
0.691783170903247
-0.047355505202520
-0.756995055651738
-0.995080302697614
-0.613301000476500
0.150521386302468
0.820579610508375
0.979474857187151
0.528226641853132
-0.252069358243045
-0.875344001663047
-0.953341330705975
-0.437474533754613
0.350907912382495
0.920699583128412
0.916960624678788
0.342020143325724
-0.445974662797003
-0.956158841385730
-0.870723784384614
-0.242889481131279
0.536247765547805
0.981340635521223
0.815127795728580
0.141148072876820
-0.620756902174693
-0.995974293995235
-0.750770243289730
-0.037889506392925
0.698593709357626
0.999902524009304
0.678342887063925
-0.065776323011829
-0.768921542641148
-0.993083102199188
-0.598624226943474
0.168735142482082
0.830984469274284
0.975589328481126
0.512471134855682
-0.269880278599852
-0.884115393504572
-0.947609238173061
-0.420809644503939
0.368124552684617
0.927743226989886
0.909443580859497
0.324624997709653
-0.462411966550323
-0.961399027255449
-0.861502587724571
-0.224951054343917
0.551729053112632
0.984721038215621
0.804301562100307
0.122859179678360
-0.635115769842125
-0.997458578581329
-0.738455340625910
-0.019446728601721
0.711675817973021
0.999474736358010
0.664671684553456
-0.084174749518166
-0.780586276549331
-0.990747840471446
-0.583743672234824
0.186891458544581
0.841106447754978
0.971371693703653
0.496541174560765
-0.287599327431961
-0.892585818452092
-0.941554564434952
-0.404001504980036
0.385215877553874
0.934471052351288
0.901616948029722
0.307119344598742
-0.478691857940554
-0.966311937657204
-0.851988121928018
-0.206936050651964
0.567022523362342
0.987766226259823
0.793201531471338
0.104528463267701
-0.649258434034304
-0.998603312456590
-0.725889056058911
-0.000997330835853
0.724515660859228
0.998706711663822
0.650774217265877
-0.102544521605517
-0.791985286515930
-0.988075312474507
-0.568664401927244
0.204984153792181
0.850942100268507
0.966823388604479
0.480442183779370
-0.305220472894285
-0.900752393038663
-0.935179370598580
-0.387055836940023
0.402176068832369
0.940880768954202
0.893483390499364
0.289509143194791
-0.494808795034613
-0.970895900158402
-0.842183625869957
-0.188850602648233
0.582122970157244
0.990475163023567
0.781831482468081
0.086162163711268
-0.663180080364164
-0.999408105935466
-0.713075667351227
0.017452406437241
0.737108867130206
0.997598711374517
0.636655216119384
-0.120879385912283
-0.803114692137267
-0.985066427979246
-0.553391549243416
0.223007069184633
0.860488078602850
0.961945961498725
0.464179642863194
-0.322737716469597
-0.908612337232849
-0.928485826880940
-0.369978408957961
0.418999353002154
0.946970194829494
0.885045677060280
0.271800388289552
-0.510757291371644
-0.975149354305549
-0.832092437156195
-0.170700866905953
0.597025253065894
0.992846926341829
0.770195285635373
0.067766533188611
-0.676875969682624
-0.999872685053499
-0.700019536383398
0.035896202634490
0.749451149858925
0.996151112670955
0.622319487445681
-0.139173100959973
-0.813970704787257
-0.981722211257646
-0.537930313304387
0.240954069435802
0.869741133155669
0.956741072739904
0.447759087838842
-0.340145095010464
-0.916162975385057
-0.921476211870433
-0.352775034460921
0.435680003150581
0.952737257040074
0.876306680043896
0.253999108223786
-0.526531917830649
-0.979070852155430
-0.821717990987357
-0.152493021882748
0.611724299114928
0.994880708828782
