0.999999999999999
-0.155449335201731
-0.951671008370679
0.451322586365698
0.811355416346531
-0.703571906532482
-0.592615846072353
0.887815385136400
0.316595223269708
-0.986244419107040
-0.009973144676495
0.989345056526703
-0.297612917967898
-0.896817596035590
0.576432316169791
0.717605555360814
-0.799534929205606
-0.469031208929663
0.945356108439567
0.175121251758010
-0.999801072770522
0.135715572434303
0.957607281747653
-0.433434403098319
-0.822853102117266
0.689258338483944
0.608563601118111
-0.878459952927505
-0.335451569750258
0.982751399947617
0.029915466169407
-0.992052078604184
0.278512206039628
0.905463004055330
-0.560019450099957
-0.731353701619174
0.787396343528006
0.486553225335766
-0.938665094365414
-0.194723495543422
0.999204370226178
-0.115927814621221
-0.963162566797658
0.415373776021009
0.834023412112262
-0.674670545932067
-0.624269236421607
0.868755021509327
0.354174455328017
-0.978867388761683
-0.049845885660704
0.994364408338679
-0.259300686788312
-0.913748169581489
0.543383777794791
0.744810875546271
-0.774944488704174
-0.503881664371655
0.931600628198003
0.214248267717870
-0.998210129767733
0.096093934410196
0.968334653325767
-0.397147890634771
-0.844861902173878
0.659814332695166
0.639726503425806
-0.858704452032103
-0.372756431019482
0.974593930820405
0.069756473744138
-0.996281125759492
0.239986003602549
0.921669796324020
-0.526531917830725
-0.757971723145468
0.762184318760066
0.521009631840577
-0.924165520566700
-0.233687800263668
0.996818746958188
-0.076221822798874
-0.973121483594295
0.378763998189380
0.855364260160508
-0.644695609383922
-0.654929252388096
0.848312243159715
0.391190103902763
-0.969932726338079
-0.089639308903452
0.997801468292049
-0.220575840915165
-0.929224732628396
0.509470574795344
0.770831008314834
-0.749120910386204
-0.537930313304338
0.916362729562235
0.253034359076157
-0.995030775365399
0.056319385995468
0.977521153141465
-0.360229412798432
-0.865526307662218
0.629320391049827
0.669871434827045
-0.837582529478809
-0.409468140058921
0.964885629795701
0.109486480664007
-0.998924831061299
0.201077921145950
0.936409972729536
-0.492206536620100
-0.783383614930460
0.735759460917832
0.554636976794320
-0.908195359559783
-0.272280247040591
0.992846926341832
-0.036394542273246
-0.981531911539137
0.341551508529329
0.875344001663069
-0.613694794792021
-0.684547105928703
0.826519579853794
0.427583267489731
-0.959454649203129
-0.129290092740063
0.999650767132350
-0.181500001629182
-0.943222657947608
0.474746671879511
0.795624548881797
-0.722105286267235
-0.571122975490008
0.899666659983942
0.291417807094682
-0.990268068741566
0.016455218820099
0.985152163089204
-0.322737716469622
-0.884813436149754
0.597825037323694
0.698950426911923
-0.815127795728537
-0.445528279010997
0.953641945300201
0.149042266176224
-0.999978987688302
0.161849871527494
0.949660077825438
-0.457097927058691
-0.807548940058709
0.708163818808644
0.587381750363287
-0.890780024015855
-0.310439425274776
0.987295228574588
0.003490651415229
-0.988380467458433
0.303795521770319
0.893930843665525
-0.581717432498593
-0.713075667351190
0.803411709375117
0.463296035119868
-0.947449830697098
-0.168735142482185
0.999909362145143
-0.142135348732738
-0.955719671206808
0.439267323789338
0.819152044288997
-0.693940605217090
-0.603406832788052
0.881538987243240
0.329337533745289
-0.983929588598622
-0.023435132879383
0.991215540251542
-0.284732460668096
-0.902692596809134
0.565378388799076
0.726917207456629
-0.791375982090763
-0.480879466835402
0.940880768954219
0.188360886759329
-0.999441918203706
0.122364276755713
0.961399027255479
-0.421261956056593
-0.830429245225936
0.679441304261502
0.619191847113831
-0.871947226253836
-0.348104613809501
0.980172487848537
0.043370290571368
-0.993656253522186
0.265556117486788
0.911095209678040
-0.548814406786625
-0.740469540309793
0.779025402343226
0.498271578510787
-0.933937373602048
-0.207911690817783
0.998576841838646
-0.102544521605509
-0.966695886414323
0.403088987376244
0.841376056184784
-0.664671684553375
-0.634730513202288
0.862008557172495
0.366733198900980
-0.976025421103619
-0.063288193199864
0.995701636221692
-0.246274121619980
-0.919135339255245
0.532032076515297
0.753727274054663
-0.766364883865730
-0.515465450616891
0.926622407101427
0.227379776283032
-0.997314477224455
0.082683968660199
0.971608141304320
-0.384755647944912
-0.851988121928023
0.649637622251850
0.650016648925834
-0.851726934143028
-0.385215877553977
0.971490038292850
0.083180916338495
-0.997350874585441
0.226894144495817
0.926809786739346
-0.515038074910021
-0.766685134042678
0.753399463701966
0.532454242495032
-0.918938779744374
-0.246757397690355
0.995655326598521
-0.062790519529273
-0.976133837562930
0.366269231763386
0.862261220397979
-0.634345098725609
-0.665044172627254
0.841106447755002
0.403545296352429
-0.966568143838531
-0.103040545578718
0.998603312456596
-0.207423896524555
-0.934115498817213
0.497839163110113
0.779337964931502
-0.740134300202232
-0.549231195078655
0.910889548496296
0.266036845566728
-0.993600050061314
0.042872088910173
0.980271174621730
-0.347637093734878
-0.872191264396644
0.618800198173325
0.679807105539151
-0.830151323416252
-0.421714162855338
0.961261695938304
0.122859179678373
-0.999458451547164
0.187871124031167
0.941049568878677
-0.480442183779269
-0.791680732735947
0.726574670970938
0.565789633582272
-0.902477915779735
-0.285210449497847
0.991149465313780
-0.022936601439278
-0.984018506422725
0.328866646738529
0.881774303211682
-0.603009105202998
-0.694299574162922
0.818865919671905
0.439715248498152
-0.955572805786110
-0.142628933705570
0.999915951636247
-0.168243606173320
-0.947609238173066
0.462854058383440
0.803708526830839
-0.712725970767037
-0.582122970157293
0.893707228200249
0.304270581179893
-0.988304547331974
0.002991988539285
0.987374342073247
-0.309965358680322
-0.891006524188396
0.586978102371376
0.708515812605221
-0.807254726470133
-0.457541391468682
0.949503736732297
0.162341942175517
-0.999975630705394
0.148549151846622
0.953791896906704
-0.445081784436487
-0.815416561904599
0.698593709357655
0.598224706513116
-0.884580975215050
-0.323209657454488
0.985066427979216
0.016953814736691
-0.990337346439121
0.290940749522096
0.899884254246507
-0.570713567684418
-0.722450164872238
0.795322363375923
0.475185499556560
-0.943056903383032
-0.181990362179893
0.999637465011017
-0.128795596577488
-0.959595085281245
0.427132432717098
0.826800179863301
-0.684183509326008
-0.614088436501905
0.875102787744557
0.342020143325688
-0.981436395555721
-0.036892872861876
0.992906340675845
-0.271800388289381
-0.908403961341524
0.554221972059677
0.736097087119788
-0.783073577733140
-0.492640552974509
0.936234870639710
0.201566376507190
-0.998901589093850
0.108990799405962
0.965016494472318
-0.409013144454789
-0.837854851683781
0.669501103834434
0.629707848668040
-0.865276436727918
-0.360694554957921
0.977415894286077
0.056817252993091
-0.995080302697621
0.252551890060241
0.916562255869991
-0.537509876752197
-0.749451149859006
0.770513242775768
0.509899607151796
-0.929040352678478
-0.221062196752819
0.997768295725408
-0.089142639758908
-0.970053967548101
0.390731128489189
0.848576179215564
-0.654552334343340
-0.645076728758745
0.855105831622700
0.379225462653037
-0.973006523744639
-0.076719028126856
0.996858367583940
-0.233202912935523
-0.924355892018052
0.520583930743519
0.762507040116486
-0.757646355689075
-0.526955795496760
0.921476211870385
0.240470066417874
-0.996238035791509
0.069259014315143
0.974705500327497
-0.372293658401868
-0.858959896930686
0.639343148287494
0.660188962196547
-0.844595018849495
-0.397605493806888
0.968210038219140
0.096590280253195
-0.998239827923770
0.213761154992053
0.931781769052857
-0.503450868096736
-0.775259563548072
0.744478035621386
0.543802332128814
-0.913545457642580
-0.259782263994650
0.994311418112893
-0.049347833863709
-0.978969242177394
0.353708069622511
0.869001873620751
-0.623879596709301
-0.675038536511988
0.833748180182031
0.415827335842124
-0.963028346012732
-0.116423103505956
0.999224134096957
-0.194234351219919
-0.938836932556029
0.486117505277217
0.787703646505455
-0.731013521647708
-0.560432514578242
0.905251245280997
0.278991106039338
-0.991989209202992
0.029417020156534
0.982843496749113
-0.334981756510488
-0.878698114040613
0.608167831851708
0.689619543735712
-0.822569631083374
-0.433883739117641
0.957463508684766
0.136209607307749
-0.999810894492901
0.174630270445070
0.945518575599354
-0.468590738440649
-0.799834338054743
0.717258170684887
0.576839726452803
-0.896596874674956
-0.298088950228480
0.989272332962978
-0.009474502756607
-0.986326722653198
0.316122169412969
0.888044760497674
-0.592214104710421
-0.703926182748980
0.811063818989253
0.451767519812883
-0.951517740230584
-0.155941919509923
0.999999875666361
-0.154956712238456
-0.951824039861355
0.450877540689368
0.811646811946278
-0.703217455360638
-0.593017440070093
0.887585789004490
0.317068198399609
-0.986161870314175
-0.010471784116375
0.989417534072691
-0.297136811700776
-0.897038094387022
0.576024762546920
0.717952761591668
-0.799235321538253
-0.469471562785957
0.945193406200643
0.175612189524082
-0.999791002430335
0.135221503812821
0.957750816684959
-0.432984959298082
-0.823136368534518
0.688896961836161
0.608959219054615
-0.878221573370166
-0.335921299574214
0.982659058768020
0.030413904743353
-0.992114701314487
0.278033236783019
0.905674537670667
-0.559606246363173
-0.731693699726917
0.787088844750826
0.486988824404425
-0.938493022759507
