0.999999999999999
0.094108313318514
-0.982287250728688
-0.278991106039229
0.929776485888251
0.453990499739546
-0.844327925502014
-0.612907053652976
0.728968627421411
0.750111069630458
-0.587785252292474
-0.860742027003942
0.425779291565071
0.940880768954225
-0.248689887164854
-0.987688340595137
0.062790519529314
0.999506560365731
0.125333233564303
-0.975916761938747
-0.309016994374945
0.917754625683980
0.481753674101712
-0.827080574274561
-0.637423989748691
0.707106781186548
0.770513242775790
-0.562083377852132
-0.876306680043863
0.397147890634783
0.951056516295153
-0.218143241396546
-0.992114701314477
0.031410759078126
0.998026728428271
0.156434465040232
-0.968583161128631
-0.338737920245291
0.904827052466020
0.509041415750370
-0.809016994374949
-0.661311865323650
0.684547105928687
0.790155012375688
-0.535826794979002
-0.891006524188369
0.368124552684678
0.960293685676941
-0.187381314585719
-0.995561964603079
0.000000000000002
0.995561964603080
0.187381314585728
-0.960293685676942
-0.368124552684674
0.891006524188371
0.535826794978998
-0.790155012375691
-0.684547105928683
0.661311865323648
0.809016994374947
-0.509041415750374
-0.904827052466015
0.338737920245289
0.968583161128630
-0.156434465040237
-0.998026728428271
-0.031410759078128
0.992114701314477
0.218143241396535
-0.951056516295152
-0.397147890634779
0.876306680043865
0.562083377852134
-0.770513242775788
-0.707106781186544
0.637423989748695
0.827080574274562
-0.481753674101716
-0.917754625683978
0.309016994374956
0.975916761938747
-0.125333233564308
-0.999506560365730
-0.062790519529316
0.987688340595137
0.248689887164849
-0.940880768954228
-0.425779291565060
0.860742027003937
0.587785252292478
-0.750111069630457
-0.728968627421410
0.612907053652980
0.844327925502009
-0.453990499739558
-0.929776485888255
0.278991106039222
0.982287250728688
-0.094108313318515
-0.999999999999999
-0.094108313318505
0.982287250728690
0.278991106039213
-0.929776485888248
-0.453990499739549
0.844327925502015
0.612907053652972
-0.728968627421417
-0.750111069630450
0.587785252292486
0.860742027003947
-0.425779291565069
-0.940880768954224
0.248689887164859
0.987688340595135
-0.062790519529326
-0.999506560365731
-0.125333233564312
0.975916761938746
0.309016994374947
-0.917754625683982
-0.481753674101708
0.827080574274568
0.637423989748676
-0.707106781186541
-0.770513242775791
0.562083377852130
0.876306680043861
-0.397147890634788
-0.951056516295149
0.218143241396558
0.992114701314478
-0.031410759078124
-0.998026728428271
-0.156434465040227
0.968583161128632
0.338737920245280
-0.904827052466025
-0.509041415750378
0.809016994374944
0.661311865323652
-0.684547105928691
-0.790155012375685
0.535826794979006
0.891006524188360
-0.368124552684669
-0.960293685676943
0.187381314585724
0.995561964603079
-0.000000000000007
-0.995561964603080
-0.187381314585709
0.960293685676940
0.368124552684682
-0.891006524188367
-0.535826794978993
0.790155012375694
0.684547105928680
-0.661311865323663
-0.809016994374935
0.509041415750366
0.904827052466019
-0.338737920245294
-0.968583161128628
0.156434465040241
0.998026728428270
0.031410759078109
-0.992114701314476
-0.218143241396544
0.951056516295153
0.397147890634774
-0.876306680043868
-0.562083377852118
0.770513242775800
0.707106781186551
-0.637423989748710
-0.827080574274560
0.481753674101696
0.917754625683976
-0.309016994374934
-0.975916761938742
0.125333233564298
0.999506560365730
0.062790519529311
-0.987688340595133
-0.248689887164845
0.940880768954220
0.425779291565056
-0.860742027003940
-0.587785252292451
0.750111069630460
0.728968627421426
-0.612907053652984
-0.844327925502022
0.453990499739562
0.929776485888253
-0.278991106039254
-0.982287250728687
0.094108313318548
0.999999999999999
0.094108313318529
-0.982287250728691
-0.278991106039235
0.929776485888260
0.453990499739545
-0.844327925502032
-0.612907053652968
0.728968627421401
0.750111069630447
-0.587785252292467
-0.860742027003930
0.425779291565073
0.940880768954213
-0.248689887164864
-0.987688340595139
0.062790519529331
0.999506560365730
0.125333233564279
-0.975916761938747
-0.309016994374915
0.917754625683984
0.481753674101728
-0.827080574274571
-0.637423989748695
0.707106781186565
0.770513242775788
-0.562083377852158
-0.876306680043858
0.397147890634766
0.951056516295147
-0.218143241396535
-0.992114701314474
0.031410759078129
0.998026728428273
0.156434465040222
-0.968583161128626
-0.338737920245275
0.904827052466015
0.509041415750349
-0.809016994374947
-0.661311865323627
0.684547105928694
0.790155012375699
-0.535826794979010
-0.891006524188371
0.368124552684700
0.960293685676942
-0.187381314585756
-0.995561964603078
-0.000000000000016
0.995561964603081
0.187381314585732
-0.960293685676949
-0.368124552684678
0.891006524188382
0.535826794978989
-0.790155012375680
-0.684547105928676
0.661311865323645
0.809016994374932
-0.509041415750371
-0.904827052466005
0.338737920245298
0.968583161128634
-0.156434465040246
-0.998026728428271
-0.031410759078104
0.992114701314477
0.218143241396511
-0.951056516295155
-0.397147890634796
0.876306680043870
0.562083377852137
-0.770513242775804
-0.707106781186547
0.637423989748714
0.827080574274557
-0.481753674101700
-0.917754625683974
0.309016994374939
0.975916761938741
-0.125333233564303
-0.999506560365730
-0.062790519529306
0.987688340595134
0.248689887164840
-0.940880768954221
-0.425779291565051
0.860742027003942
0.587785252292447
-0.750111069630463
-0.728968627421423
0.612907053652988
0.844327925502019
-0.453990499739567
-0.929776485888251
0.278991106039259
0.982287250728686
-0.094108313318497
-0.999999999999999
-0.094108313318524
0.982287250728692
0.278991106039231
-0.929776485888262
-0.453990499739541
0.844327925502005
0.612907053652964
-0.728968627421404
-0.750111069630444
0.587785252292471
0.860742027003927
-0.425779291565078
-0.940880768954231
0.248689887164868
0.987688340595138
-0.062790519529336
-0.999506560365730
-0.125333233564274
0.975916761938748
0.309016994374911
-0.917754625683986
-0.481753674101724
0.827080574274573
0.637423989748691
-0.707106781186568
-0.770513242775785
0.562083377852162
0.876306680043856
-0.397147890634771
-0.951056516295146
0.218143241396540
0.992114701314473
-0.031410759078134
-0.998026728428273
-0.156434465040217
0.968583161128627
0.338737920245271
-0.904827052466017
-0.509041415750345
0.809016994374950
0.661311865323623
-0.684547105928698
-0.790155012375696
0.535826794979014
0.891006524188368
-0.368124552684705
-0.960293685676941
0.187381314585761
0.995561964603083
0.000000000000011
-0.995561964603081
-0.187381314585672
0.960293685676934
0.368124552684673
-0.891006524188384
-0.535826794979033
0.790155012375683
0.684547105928673
-0.661311865323691
-0.809016994374963
0.509041415750375
0.904827052466003
-0.338737920245250
-0.968583161128633
0.156434465040251
0.998026728428267
0.031410759078156
-0.992114701314477
-0.218143241396506
0.951056516295139
0.397147890634791
-0.876306680043873
-0.562083377852086
0.770513242775770
0.707106781186544
-0.637423989748717
-0.827080574274586
0.481753674101704
0.917754625683972
-0.309016994374997
-0.975916761938753
0.125333233564308
0.999506560365729
0.062790519529358
-0.987688340595135
-0.248689887164835
0.940880768954242
0.425779291565098
-0.860742027003945
-0.587785252292443
0.750111069630504
0.728968627421419
-0.612907053652991
-0.844327925501986
0.453990499739521
0.929776485888249
-0.278991106039263
-0.982287250728675
0.094108313318501
0.999999999999999
0.094108313318462
-0.982287250728682
-0.278991106039226
0.929776485888264
0.453990499739486
-0.844327925502007
-0.612907053652960
0.728968627421446
0.750111069630478
-0.587785252292475
-0.860742027003925
0.425779291565134
0.940880768954229
-0.248689887164873
-0.987688340595129
0.062790519529284
0.999506560365731
0.125333233564269
-0.975916761938761
-0.309016994374960
0.917754625683988
0.481753674101670
-0.827080574274544
-0.637423989748687
0.707106781186572
0.770513242775745
-0.562083377852119
-0.876306680043854
0.397147890634827
0.951056516295162
-0.218143241396545
-0.992114701314472
0.031410759078195
0.998026728428270
0.156434465040212
-0.968583161128643
-0.338737920245320
0.904827052466020
0.509041415750341
-0.809016994374986
-0.661311865323662
0.684547105928701
0.790155012375659
-0.535826794978970
-0.891006524188366
0.368124552684710
0.960293685676923
-0.187381314585710
-0.995561964603077
0.000000000000050
0.995561964603076
0.187381314585723
-0.960293685676952
-0.368124552684616
0.891006524188360
0.535826794978981
-0.790155012375720
-0.684547105928711
0.661311865323652
0.809016994374927
-0.509041415750428
-0.904827052466025
0.338737920245308
0.968583161128618
-0.156434465040200
-0.998026728428270
-0.031410759078095
0.992114701314485
0.218143241396557
-0.951056516295158
-0.397147890634734
0.876306680043848
0.562083377852129
-0.770513242775810
-0.707106781186500
0.637423989748677
0.827080574274551
-0.481753674101758
-0.917754625683993
0.309016994374948
0.975916761938739
-0.125333233564369
-0.999506560365731
-0.062790519529296
0.987688340595144
0.248689887164885
-0.940880768954225
-0.425779291565042
0.860742027003976
0.587785252292485
-0.750111069630470
-0.728968627421377
0.612907053652951
0.844327925502014
-0.453990499739576
-0.929776485888226
0.278991106039214
0.982287250728685
-0.094108313318563
-0.999999999999999
-0.094108313318514
0.982287250728694
0.278991106039167
-0.929776485888245
-0.453990499739532
0.844327925502040
0.612907053653002
-0.728968627421411
-0.750111069630437
0.587785252292525
0.860742027003951
