0.999999999999999
-0.498703870007516
-0.502588900079051
0.999989928992004
-0.494808795034659
-0.506463806996922
0.999959716170870
-0.490903753615138
-0.510328512712697
0.999909362145144
-0.486988824404367
-0.514182939383409
0.999838867929057
-0.483064086256904
-0.518027009373134
0.999748234942506
-0.479129618224892
-0.521860645254553
0.999637465011020
-0.475185499556448
-0.525683769810504
0.999506560365730
-0.471231809694074
-0.529496306035565
0.999355523643320
-0.467268628273055
-0.533298177137564
0.999184357885973
-0.463296035119853
-0.537089306539151
0.998993066541313
-0.459314110250504
-0.540869617879338
0.998781653462334
-0.455322933869002
-0.544639035015033
0.998550122907320
-0.451322586365686
-0.548397482022577
0.998298479539764
-0.447313148315631
-0.552144883199268
0.998026728428270
-0.443294700476978
-0.555881163064894
0.997734875046455
-0.439267323789380
-0.559606246363245
0.997422925272832
-0.435231099372322
-0.563320058063634
0.997090885390701
-0.431186108523502
-0.567022523362406
0.996738762088013
-0.427132432717189
-0.570713567684446
0.996366562457241
-0.423070153602586
-0.574393116684669
0.995974293995237
-0.418999353002185
-0.578061096249574
0.995561964603077
-0.414920112910117
-0.581717432498612
0.995129582585910
-0.410832515490512
-0.585362051785847
0.994677156652775
-0.406736643075785
-0.588994880701251
0.994204695916450
-0.402632578165116
-0.592615846072374
0.993712209893239
-0.398520403422594
-0.596224874965627
0.993199708502811
-0.394400201675760
-0.599821894687915
0.992667202067969
-0.390272055913731
-0.603406832788031
0.992114701314475
-0.386136049285738
-0.606979617058051
0.991542217370800
-0.381992265099239
-0.610540175534941
0.990949761767932
-0.377840786818456
-0.614088436501831
0.990337346439113
-0.373681698062476
-0.617624328489636
0.989704983719631
-0.369515082603785
-0.621147780278318
0.989052686346542
-0.365341024366366
-0.624658720898501
0.988380467458426
-0.361159607424219
-0.628157079632717
0.987688340595135
-0.356970915999457
-0.631642786017013
0.986976319697491
-0.352775034460825
-0.635115769842191
0.986244419107038
-0.348572047321781
-0.638575961155400
0.985492653565721
-0.344362039239012
-0.642023290261367
0.984721038215623
-0.340145095010544
-0.645457687723977
0.983929588598623
-0.335921299574105
-0.648879084367499
0.983118320656117
-0.331690738005480
-0.652287411278149
0.982287250728681
-0.327453495516733
-0.655682599805311
0.981436395555735
-0.323209657454443
-0.659064581563063
0.980565772275217
-0.318959309298065
-0.662433288431475
0.979675398423224
-0.314702536658126
-0.665788652558042
0.978765291933702
-0.310439425274714
-0.669130606358881
0.977835471138020
-0.306170061015435
-0.672459082520347
0.976885954764644
-0.301894529873892
-0.675774014000222
0.975916761938746
-0.297612917967846
-0.679075334029142
0.974927912181812
-0.293325311537702
-0.682362976111785
0.973919425411295
-0.289031796944444
-0.685636874028452
0.972891321940139
-0.284732460668109
-0.688896961836239
0.971843622476420
-0.280427389305999
-0.692143173870447
0.970776348122905
-0.276116669570875
-0.695375444745738
0.969689520376676
-0.271800388289432
-0.698593709357703
0.968583161128624
-0.267478632400223
-0.701797902884004
0.967457292663052
-0.263151488952122
-0.704987960785763
0.966311937657208
-0.258819045102469
-0.708163818808704
0.965147119180879
-0.254481388115525
-0.711325412984683
0.963962860695844
-0.250138605360393
-0.714472679632819
0.962759186055455
-0.245790784309473
-0.717605555360819
0.961536119504130
-0.241438012536589
-0.720723977066288
0.960293685676928
-0.237080377715452
-0.723827881937847
0.959031909598954
-0.232717967617556
-0.726917207456634
0.957750816684922
-0.228350870110635
-0.729991891397406
0.956450432738627
-0.223979173156781
-0.733051871829867
0.955130783952405
-0.219602964810896
-0.736097087119766
0.953791896906678
-0.215222333218583
-0.739127475930367
0.952433798569312
-0.210837366614592
-0.742142977223529
0.951056516295147
-0.206448153320992
-0.745143530261015
0.949660077825405
-0.202054781745331
-0.748129074605562
0.948244511287209
-0.197657340379081
-0.751099550122327
0.946809845192905
-0.193255917795520
-0.754054896979942
0.945356108439560
-0.188850602648174
-0.756995055651803
0.943883330308344
-0.184441483668913
-0.759919966917112
0.942391540464015
-0.180028649666395
-0.762829571862297
0.940880768954210
-0.175612189523936
-0.765723811882047
0.939351046208912
-0.171192192197949
-0.768602628680535
0.937802403039802
-0.166768746716032
-0.771465964272623
0.936234870639714
-0.162341942175409
-0.774313760984887
0.934648480581893
-0.157911867740791
-0.777145961456996
0.933043264819410
-0.153478612642808
-0.779962508642759
0.931419255684609
-0.149042266176099
-0.782763345811130
0.929776485888225
-0.144602917697793
-0.785548416547745
0.928114988519039
-0.140160656625095
-0.788317664755592
0.926434797042870
-0.135715572434210
-0.791071034656361
0.924735945302207
-0.131267754658207
-0.793808470791771
0.923018467515390
-0.126817292884879
-0.796529918024201
0.921282398275798
-0.122364276755722
-0.799235321538354
0.919527772551408
-0.117908795963234
-0.801924626841881
0.917754625683966
-0.113450940249891
-0.804597779766684
0.915962993388133
-0.108990799406010
-0.807254726470209
0.914152911751088
-0.104528463267591
-0.809895413436059
0.912324417231431
-0.100064021715193
-0.812519787475608
0.910477546658774
-0.095597564671783
-0.815127795728606
0.908612337232861
-0.091129182100584
-0.817719385664442
0.906728826522676
-0.086658964004055
-0.820294505083404
0.904827052466017
-0.082187000421174
-0.822853102117327
0.902907053368351
-0.077713381426416
-0.825395125230846
0.900968867902378
-0.073238197127601
-0.827920523222618
0.899012535107112
-0.068761537663734
-0.830429245225911
0.897038094386938
-0.064283493203990
-0.832921240710131
0.895045585511124
-0.059804153944985
-0.835396459481402
0.893035048612866
-0.055323610109754
-0.837854851683766
0.891006524188328
-0.050841951945598
-0.840296367800373
0.888960053096185
-0.046359269721918
-0.842720958654042
0.886895676556387
-0.041875653729087
-0.845128575408748
0.884813436149689
-0.037391194276283
-0.847519169570175
0.882713373816666
-0.032905981689332
-0.849892692986877
0.880595531856700
-0.028420106309685
-0.852249097851427
0.878459952927450
-0.023933658491689
-0.854588336701020
0.876306680043837
-0.019446728601561
-0.856910362418612
0.874135756577008
-0.014959407015228
-0.859215128234041
0.871947226253848
-0.010471784116166
-0.861502587724561
0.869741133155659
-0.005983950294261
-0.863772694816242
0.867517521717659
-0.001495995943647
-0.866025403784491
0.865276436727922
0.002991988539455
-0.868260669255154
0.863017923326304
0.007479912757762
-0.870478446205590
0.860742027003932
0.011967686315661
-0.872678689965243
0.858448793601832
0.016455218820230
-0.874861356216714
0.856138269310404
0.020942419883405
-0.877026400996814
0.853810500668326
0.025429199124137
-0.879173780697068
0.851465534561432
0.029915466169421
-0.881303452065027
0.849103418222125
0.034401130657020
-0.883415372204763
0.846724199228252
0.038886102236496
-0.885509498577893
0.844327925501959
0.043370290571364
-0.887585789004596
0.841914645309151
0.047853605341261
-0.889644201664094
0.839484407258035
0.052335956243073
-0.891684695095908
0.837037260298563
0.056817252993104
-0.893707228200335
0.834573253721273
0.061297405329231
-0.895711760239431
0.832092437156100
0.065776323011926
-0.897698250837981
0.829594860571816
0.070253915826984
-0.899666659984008
0.827080574274522
0.074730093586546
-0.901616948029735
0.824549628907075
0.079204766131256
-0.903549075692527
0.822002075447884
0.083677843332412
-0.905463004055341
0.819437965209680
0.088149235092997
-0.907358694567898
0.816857349838879
0.092618851350393
-0.909236109047119
0.814260281314341
0.097086602077403
-0.911095209678047
0.811646811946132
0.101552397284409
-0.912935959014740
0.809016994374924
0.106016147021519
-0.914758319980703
0.806370881570414
0.110477761379699
-0.916562255870005
0.803708526830713
0.114937150492931
-0.918347730347692
0.801029983781081
0.119394224540353
-0.920114707450666
0.798335306372640
0.123848893747281
-0.921863151588535
0.795624548881761
0.128301068387925
-0.923593027544064
0.792897765908429
0.132750658786397
-0.925304300474021
0.790155012375616
0.137197575318865
-0.926996935910006
0.787396343527980
0.141641728415690
-0.928670899758842
0.784621814930533
0.146083028562556
-0.930326158303609
0.781831482467943
0.150521386302613
-0.931962678204019
0.779025402343203
0.154956712238612
-0.933580426497222
0.776203631076281
0.159388917033924
-0.935179370598588
0.773366225503483
0.163817911415232
-0.936759478302118
0.770513242775733
0.168243606173549
-0.938320717781217
0.767644740357926
0.172665912166348
-0.939863057589455
0.764760776027558
0.177084740319696
-0.941386466660920
0.761861407873337
0.181500001629260
-0.942890914311160
0.758946694294457
0.185911607163002
-0.944376370237527
0.756016693999199
0.190319468062179
-0.945842804519906
0.753071466003528
0.194723495543476
-0.947290187621431
0.750111069630423
0.199123600901123
-0.948718490388813
0.747135564508083
0.203519695508018
-0.950127684053229
0.744145010569257
0.207911690817839
-0.951517740230604
0.741139468049728
0.212299498367171
-0.952888630922477
0.738118997487337
0.216683029776613
-0.954240328516309
0.735083659720143
0.221062196752782
-0.955572805786185
0.732033515886122
0.225436911090871
-0.956886035893328
0.728968627421317
0.229807084675093
-0.958179992386569
0.725889056058764
0.234172629481340
-0.959454649203149
0.722794863827393
0.238533457578739
-0.960709980668843
0.719686113050161
0.242889481131422
-0.961945961498745
0.716562866343732
0.247240612400072
-0.963162566797708
0.713425186616591
0.251586763744575
-0.964359772060790
0.710273137067934
0.255927847624458
-0.965537553173984
0.707106781186393
0.260263776601543
-0.966695886414343
0.703926182748920
0.264594463341478
-0.967834748450701
0.700731405818857
0.268919820615282
-0.968954116344079
0.697522514745614
0.273239761301979
-0.970053967548097
0.694299574162725
0.277554198389035
-0.971134279909646
0.691062648986711
0.281863044974988
-0.972195031669000
0.687811804415937
0.286166214270983
-0.973236201460481
0.684547105928636
0.290463619602296
-0.974257768312830
0.681268619282581
0.294755174410956
-0.975259711649631
0.677976410513102
0.299040792256181
-0.976242011289677
0.674670545931923
0.303320386816986
-0.977204647447571
0.671351092125988
0.307593871893710
-0.978147600733831
0.668018115955452
0.311861161409531
-0.979070852155476
0.664671684553343
0.316122169413070
-0.979974383116362
0.661311865323536
0.320376810078817
-0.980858175417509
0.657938725939563
0.324624997709732
-0.981722211257647
0.654552334343424
0.328866646738753
-0.982566473233309
0.651152758743529
0.333101671730517
-0.983390944339356
0.647740067614355
0.337329987382869
-0.984195607969278
0.644314329694382
0.341551508529435
-0.984980447915487
0.640875613984877
0.345766150140054
-0.985745448369804
0.637423989748683
0.349973827323349
-0.986490593923539
0.633959526508121
0.354174455328218
-0.987215869567956
0.630482294044639
0.358367949545332
-0.987921260694544
0.626992362396708
0.362554225509689
-0.988606753095267
0.623489801858589
0.366733198901038
-0.989272332962996
0.619974682978911
0.370904785546431
-0.989917986891577
0.616447076559434
0.375068901421702
-0.990543701876237
0.612907053652906
0.379225462652954
-0.991149465313814
0.609354685562702
0.383374385519083
-0.991735265002984
0.605790043840678
0.387515586452210
-0.992301089144618
0.602213200285905
0.391648982040197
-0.992846926341848
0.598624226943404
0.395774489028126
-0.993372765600412
0.595023196101971
0.399892024319760
-0.993878596328847
0.591410180293807
0.404001504980055
-0.994364408338702
0.587785252292335
0.408102848235576
-0.994830191844722
0.584148485110912
0.412195971477002
-0.995275937465134
0.580499952001547
0.416280792260580
-0.995701636221700
0.576839726452683
0.420357228309578
-0.996107279539987
0.573167882188824
0.424425197516768
-0.996492859249522
0.569484493168317
0.428484617944844
-0.996858367583934
0.565789633582043
0.432535407828893
-0.997203797181186
0.562083377852110
0.436577485577841
-0.997529141083609
0.558365800629605
0.440610769776094
-0.997834392738122
0.554636976794216
0.444635179184973
-0.998119545996341
0.550896981451971
0.448650632745168
-0.998384595114691
0.547145889933917
0.452657049577143
-0.998629534754577
0.543383777794599
0.456654348983588
-0.998854359982405
0.539610720810732
0.460642450450834
-0.999059066269743
0.535826794978907
0.464621273650276
-0.999243649493394
0.532032076515209
0.468590738440797
-0.999408105935470
0.528226641852919
0.472550764869171
-0.999552432283505
0.524410567641162
0.476501273172483
-0.999676625630465
0.520583930743561
0.480442183779531
-0.999780683474848
0.516746808235909
0.484373417312233
-0.999864603720717
0.512899277405783
0.488294894588017
-0.999928384677751
0.509041415750209
0.492206536620227
-0.999972025061269
0.505173300974301
0.496108264620506
-0.999995523992272
0.501295010989883
0.500000000000185
-0.999998880997441
0.497406623913141
0.503881664371674
-0.999982096009159
0.493508218064228
0.507753179550818
-0.999945169365509
0.489599871964894
0.511614467557301
-0.999888101810272
0.485681664337111
0.515465450616998
-0.999810894492897
0.481753674101678
0.519306051163346
-0.999713548968499
0.477815980375840
0.523136191838908
-0.999596067197812
0.473868662472884
0.526955795496735
-0.999458451547156
0.469911799899751
0.530764785202698
-0.999300704788396
0.465945472355631
0.534563084235870
-0.999122830098853
0.461969759730559
0.538350616090851
-0.998924831061291
0.457984742102997
0.542127304479115
-0.998706711663809
0.453990499739437
0.545893073330353
-0.998468476299771
0.449987113091971
0.549647846794770
-0.998210129767731
0.445974662796879
0.553391549243469
-0.997931677271284
0.441953229672997
0.557124105270733
-0.997633124419036
0.437922894720301
0.560845439695361
-0.997314477224444
0.433883739117453
0.564555477561987
-0.996975742105705
0.429835844221394
0.568254144143344
-0.996616925885645
0.425779291564887
0.571941364940644
-0.996238035791510
0.421714162855082
0.575617065685826
-0.995839079454928
0.417640539972071
0.579281172342867
-0.995420064911685
0.413558504966421
0.582933611109087
-0.994981000601577
0.409468140058750
0.586574308417376
-0.994521895368245
0.405369527637255
0.590203190936566
-0.994042758459019
0.401262750256252
0.593820185573646
-0.993543599524634
0.397147890634726
0.597425219475054
-0.993024428619180
0.393025031653829
0.601018220028138
-0.992485256199807
0.388894256356459
0.604599114862443
-0.991926093126533
0.384755647944759
0.608167831851890
-0.991346950662061
0.380609289778646
0.611724299115143
-0.990747840471427
0.376455265374344
0.615268445017783
-0.990128774621949
0.372293658401856
0.618800198173564
-0.989489765582860
0.368124552684547
0.622319487445681
-0.988830826225091
0.363948032196612
0.625826241948910
-0.988151969821043
0.359764181061594
0.629320391049967
-0.987453210044185
0.355573083550687
0.632801864369644
-0.986734560968981
0.351374824081259
0.636270591784050
-0.985996037070472
0.347169487214293
0.639726503425848
-0.985237653224017
0.342957157653965
0.643169529686361
-0.984459424705038
0.338737920245083
0.646599601215921
-0.983661367188546
0.334511859971595
0.650016648925975
-0.982843496749067
0.330279061955089
0.653420603990293
-0.982005829860160
0.326039611452222
0.656811397846185
-0.981148383394127
0.321793593854288
0.660188962196572
-0.980271174621666
0.317541094684640
0.663553229010326
-0.979374221211578
0.313282199597186
0.666904130524330
-0.978457541230221
0.309016994374875
0.670241599244674
-0.977521153141422
0.304745564927106
0.673565567947840
-0.976565075805927
0.300467997289295
0.676875969682736
-0.975589328481059
0.296184377620279
0.680172737771026
-0.974593930820389
0.291894792200792
0.683455805809157
-0.973578902873130
0.287599327431951
0.686725107669518
-0.972544265084041
0.283298069832641
0.689980577501780
-0.971490038292815
0.278991106039078
0.693222149734053
-0.970416243733703
0.274678522802196
0.696449759074867
-0.969322903035148
0.270360406986116
0.699663340513496
-0.968210038219126
0.266036845566615
0.702862829321934
-0.967077671701033
0.261707925628497
0.706048161056024
-0.965925826289013
0.257373734365157
0.709219271556604
-0.964754525183554
0.253034359075943
0.712376096951438
-0.963563791977083
0.248689887164623
0.715518573655535
-0.962353650653247
0.244340406137620
0.718646638373081
-0.961124125586792
0.239986003602469
0.721760228098545
-0.959875241542831
0.235626767265176
0.724859280117798
-0.958607023676406
0.231262784929769
0.727943732009997
-0.957319497531982
0.226894144495650
0.731013521647906
-0.956012689042997
0.222520933956045
0.734068587199773
-0.954686624531078
0.218143241396452
0.737108867130419
-0.953341330705902
0.213761154991981
0.740134300202324
-0.951976834664399
0.209374763006907
0.743144825477474
-0.950593163890270
0.204984153792010
0.746140382317665
-0.949190346253505
0.200589415783009
0.749120910386345
-0.947768410009538
0.196190637499011
0.752086349649670
-0.946327383799101
0.191787907539832
0.755036640377714
-0.944867296647369
0.187381314585553
0.757971723145526
-0.943388177963439
0.182970947393840
0.760891538834920
-0.941890057539819
0.178556894798378
0.763796028634771
-0.940372965551525
0.174139245707310
0.766685134042801
-0.938836932555922
0.169718089100547
0.769558796866602
-0.937281989491811
0.165293514029320
0.772416959224666
-0.935708167678881
0.160865609613490
0.775259563548132
-0.934115498817156
0.156434465039978
0.778086552581073
-0.932504014986038
0.152000169560971
0.780897869382229
-0.930873748644139
0.147562812492342
0.783693457326015
-0.929224732628310
0.143122483210960
0.786473260103511
-0.927557000153058
0.138679271154233
0.789237221724167
-0.925870584809963
0.134233265817409
0.791985286516083
-0.924165520566659
0.129784556751998
0.794717399127695
-0.922441841766662
0.125333233564195
0.797433504528746
-0.920699583128339
0.120879385912173
0.800133548011261
-0.918938779744291
0.116423103505626
0.802817475191195
-0.917159467080647
0.111964476103067
0.805485232008707
-0.915361680976443
0.107503593510240
0.808136764729662
-0.913545457642533
0.103040545578314
0.810772019947115
-0.911710833661408
0.098575422202071
0.813390944581577
-0.909857845986094
0.094108313318098
0.815993485882628
-0.907986531939496
0.089639308903426
0.818579591429837
-0.906096929213654
0.085168498971907
0.821149209133828
-0.904189075868975
0.080695973575121
0.823702287237318
-0.902263010333668
0.076221822798745
0.826238774316167
-0.900318771402185
0.071746136761195
0.828758619280412
-0.898356398235612
0.067269005611812
0.831261771375296
-0.896375930360102
0.062790519529041
0.833748180182038
-0.894377407666269
0.058310768718622
0.836217795619855
-0.892360870408389
0.053829843411768
0.838670567945463
-0.890326359203589
0.049347833863346
0.841106447755080
-0.888273915031026
0.044864830350520
0.843525385985177
-0.886203579231062
0.040380923169110
