0.999999999999999
-0.175612189523975
-0.938320717781190
0.505173300974500
0.760891538834818
-0.772416959224598
-0.489599871965054
0.944376370237480
0.157911867740838
-0.999838867929057
0.193255917795551
0.931962678203973
-0.520583930743605
-0.749120910386209
0.783693457325838
0.473868662473002
-0.950127684053199
-0.140160656625148
0.999355523643321
-0.210837366614614
-0.925304300473997
0.535826794978994
0.737108867130246
-0.794717399127549
-0.457984742103074
0.955572805786138
0.122364276755728
-0.998550122907320
0.228350870110652
0.918347730347650
-0.550896981452094
-0.724859280117747
0.805485232008596
0.441953229673232
-0.960709980668813
-0.104528463267658
0.997422925272834
-0.245790784309478
-0.911095209678028
0.565789633582207
0.712376096951349
-0.815993485882548
-0.425779291565077
0.965537553173970
0.086658964004071
-0.995974293995240
0.263151488952115
0.903549075692489
-0.580499952001561
-0.699663340513375
0.826238774315987
0.409468140058901
-0.970053967548094
-0.068761537663819
0.994204695916452
-0.280427389305994
-0.895711760239415
0.595023196102031
0.686725107669362
-0.836217795619829
-0.393025031653940
0.974257768312786
0.050841951945638
-0.992114701314479
0.297612917967884
0.887585789004560
-0.609354685562797
-0.673565567947806
0.845927333913347
0.376455265374401
-0.978147600733803
-0.032905981689441
0.989704983719637
-0.314702536658152
-0.879173780697062
0.623489801858718
0.660188962196503
-0.855364260160497
-0.359764181061822
0.981722211257630
0.014959407015279
-0.986976319697497
0.331690738005508
0.870478446205555
-0.637423989748680
-0.646599601215807
0.864525533178356
0.342957157654139
-0.984980447915481
0.002991988539349
0.983929588598635
-0.348572047321783
-0.861502587724568
0.651152758743549
0.632801864369504
-0.873408200617114
-0.326039611452369
0.987921260694508
-0.020942419883329
-0.980565772275224
0.365341024366371
0.852249097851403
-0.664671684553407
-0.618800198173376
0.882009399911601
0.309016994374967
-0.990543701876213
0.038886102236365
0.976885954764651
-0.381992265099246
-0.842720958654047
0.677976410513208
0.604599114862386
-0.890326359203692
-0.291894792201046
0.992846926341835
-0.056817252993005
-0.972891321940153
0.398520403422576
0.832921240710119
-0.691062648986838
-0.590203190936485
0.898356398235624
0.274678522802423
-0.994830191844714
0.074730093586392
0.968583161128638
-0.414920112910101
-0.822853102117282
0.703926182748924
0.575617065685696
-0.906096929213787
-0.257373734365327
0.996492859249501
-0.092618851350297
-0.963962860695859
0.431186108523488
0.812519787475594
-0.716562866343777
-0.560845439695180
0.913545457642592
0.239986003602611
-0.997834392738107
0.110477761379521
0.959031909598977
-0.447313148315594
-0.801924626841848
0.728968627421402
0.545893073330335
-0.920699583128419
-0.222520933956352
0.998854359982399
-0.128301068387805
-0.953791896906693
0.463296035119830
0.791071034656379
-0.741139468049832
-0.530764785202654
0.927557000153145
0.204984153792288
-0.999552432283501
0.146083028562355
0.948244511287234
-0.479129618224846
-0.779962508642722
0.753071466003575
0.515465450616879
-0.934115498817169
-0.187381314585747
0.999928384677747
-0.163817911415117
-0.942391540464050
0.494808795034642
0.768602628680551
-0.764760776027586
-0.500000000000039
0.940372965551567
0.169718089100711
-0.999982096009160
0.181500001629175
0.936234870639761
-0.510328512712661
-0.756995055651800
0.776203631076328
0.484373417312257
-0.946327383799151
-0.152000169561330
0.999713548968503
-0.199123600900957
-0.929776485888263
0.525683769810453
0.745143530260991
-0.787396343527975
-0.468590738440744
0.951976834664455
0.134233265817683
-0.999122830098860
0.216683029776422
0.923018467515417
-0.540869617879312
-0.733051871829861
0.798335306372687
0.452657049577063
-0.957319497532060
-0.116423103505870
0.998210129767739
-0.234172629481179
-0.915962993388195
0.555881163064847
0.720723977066299
-0.809016994374922
-0.436577485577733
0.962353650653268
0.098575422202512
-0.996975742105725
0.251586763744444
0.908612337232889
-0.570713567684378
-0.708163818808694
0.819437965209695
0.420357228309596
-0.967077671701060
-0.080695973575249
0.995420064911707
-0.268919820615236
-0.900968867902443
0.585362051785804
0.695375444745747
-0.829594860571815
-0.404001504980045
0.971490038292861
0.062790519529366
-0.993543599524657
0.286166214270748
0.893035048612920
-0.599821894687874
-0.682362976111813
0.839484407258051
0.387515586452172
-0.975589328481108
-0.044864830350588
0.991346950662075
-0.303320386816782
-0.884813436149757
0.614088436501769
0.669130606358888
-0.849103418222157
-0.370904785546312
0.979374221211583
0.026924682845700
-0.988830826225137
0.320376810078696
0.876306680043893
-0.628157079632680
-0.655682599805338
0.858448793601849
0.354174455328070
-0.982843496749077
-0.008975858481055
0.985996037070518
-0.337329987382777
-0.867517521717758
0.642023290261310
0.642023290261414
-0.867517521717691
-0.337329987382905
0.985996037070496
-0.008975858480920
-0.982843496749102
0.354174455327943
0.858448793601889
-0.655682599805235
-0.628157079632741
0.876306680043828
0.320376810078770
-0.988830826225117
0.026924682845621
0.979374221211611
-0.370904785546239
-0.849103418222228
0.669130606358829
0.614088436501876
-0.884813436149694
-0.303320386816910
0.991346950662058
-0.044864830350453
-0.975589328481138
0.387515586452047
0.839484407258124
-0.682362976111714
-0.599821894687982
0.893035048612859
0.286166214270877
-0.993543599524641
0.062790519529288
0.971490038292892
-0.404001504979921
-0.829594860571859
0.695375444745691
0.585362051785913
-0.900968867902385
-0.268919820615312
0.995420064911699
-0.080695973575114
-0.967077671701094
0.420357228309525
0.819437965209740
-0.708163818808599
-0.570713567684489
0.908612337232857
0.251586763744630
-0.996975742105714
0.098575422202377
0.962353650653289
-0.436577485577560
-0.809016994375001
0.720723977066206
0.555881163064912
-0.915962993388118
-0.234172629481310
0.998210129767731
-0.116423103505793
-0.957319497532099
0.452657049576942
0.798335306372735
-0.733051871829807
-0.540869617879426
0.923018467515365
0.216683029776498
-0.999122830098856
0.134233265817549
0.951976834664497
-0.468590738440675
-0.787396343528094
0.745143530260901
0.525683769810568
-0.929776485888234
-0.199123600901145
0.999713548968500
-0.152000169561196
-0.946327383799177
0.484373417312089
0.776203631076414
-0.756995055651711
-0.510328512712729
0.936234870639693
0.181500001629308
-0.999982096009159
0.169718089100634
0.940372965551613
-0.499999999999921
-0.764760776027637
0.768602628680501
0.494808795034760
-0.942391540464005
-0.163817911415194
0.999928384677748
-0.187381314585614
-0.934115498817218
0.515465450616811
0.753071466003701
-0.779962508642637
-0.479129618224964
0.948244511287209
0.146083028562545
-0.999552432283506
0.204984153792156
0.927557000153174
-0.530764785202491
-0.741139468049922
0.791071034656296
0.463296035119900
-0.953791896906653
-0.128301068387940
0.998854359982403
-0.222520933956275
-0.920699583128472
0.545893073330222
0.728968627421456
-0.801924626841801
-0.447313148315740
0.959031909598939
0.110477761379627
-0.997834392738112
0.239986003602452
0.913545457642636
-0.560845439695115
-0.716562866343891
0.812519787475515
0.431186108523584
-0.963962860695838
-0.092618851350460
0.996492859249513
-0.257373734365224
-0.906096929213820
0.575617065685562
0.703926182749020
-0.822853102117221
-0.414920112910172
0.968583161128597
0.074730093586527
-0.994830191844725
0.274678522802347
0.898356398235696
-0.590203190936375
-0.691062648986915
0.832921240710076
0.398520403422726
-0.972891321940122
-0.056817252993111
0.992846926341854
-0.291894792200917
-0.890326359203740
0.604599114862324
0.677976410513329
-0.842720958653975
-0.381992265099344
0.976885954764634
0.038886102236529
-0.990543701876232
0.309016994374866
0.882009399911638
-0.618800198173248
-0.664671684553508
0.852249097851347
0.365341024366444
-0.980565772275192
-0.020942419883465
0.987921260694525
-0.326039611452295
-0.873408200617194
0.632801864369400
0.651152758743630
-0.861502587724528
-0.348572047321937
0.983929588598611
0.002991988539428
-0.984980447915510
0.342957157654012
0.864525533178409
-0.646599601215747
-0.637423989748806
0.870478446205489
0.331690738005609
-0.986976319697484
0.014959407015115
0.981722211257656
-0.359764181061722
-0.855364260160537
0.660188962196381
0.623489801858824
-0.879173780697011
-0.314702536658226
0.989704983719614
-0.032905981689306
-0.978147600733822
0.376455265374342
0.845927333913426
-0.673565567947717
-0.609354685562871
0.887585789004530
0.297612917968027
-0.992114701314464
0.050841951945546
0.974257768312826
-0.393025031653803
-0.836217795619896
0.686725107669295
0.595023196102163
-0.895711760239355
-0.280427389306097
0.994204695916443
-0.068761537663656
-0.970053967548127
0.409468140058804
0.826238774316031
-0.699663340513258
-0.580499952001671
0.903549075692443
0.263151488952191
-0.995974293995225
0.086658964003950
0.965537553173994
-0.425779291565019
-0.815993485882635
0.712376096951264
0.565789633582283
-0.911095209677955
-0.245790784309623
0.997422925272825
-0.104528463267573
-0.960709980668861
0.441953229673104
0.805485232008663
-0.724859280117688
-0.550896981452237
0.918347730347593
0.228350870110756
-0.998550122907316
0.122364276755566
0.955572805786178
-0.457984742102979
-0.794717399127597
0.737108867130140
0.535826794979102
-0.925304300473959
-0.210837366614684
0.999355523643315
-0.140160656625025
-0.950127684053229
0.473868662472943
0.783693457325931
