0.999999999999999
-0.373681698062501
-0.720723977066250
0.912324417231453
0.038886102236386
-0.941386466660903
0.664671684553424
0.444635179184929
-0.996975742105722
0.300467997289449
0.772416959224600
-0.877744159160095
-0.116423103505826
0.964754525183622
-0.604599114862371
-0.512899277405911
0.987921260694512
-0.225436911090833
-0.819437965209735
0.837854851683746
0.193255917795557
-0.982287250728689
0.540869617879325
0.578061096249562
-0.972891321940142
0.149042266176170
0.861502587724557
-0.792897765908469
-0.268919820615273
0.993878596328827
-0.473868662472987
-0.639726503425802
0.951976834664470
-0.071746136761363
-0.898356398235646
0.743144825477384
0.342957157654143
-0.999458451547164
0.404001504979985
0.697522514745708
-0.925304300473993
-0.005983950294391
0.929776485888258
-0.688896961836217
-0.414920112910144
0.998993066541313
-0.331690738005507
-0.751099550122308
0.893035048612879
0.083677843332326
-0.955572805786143
0.630482294044695
0.484373417312218
-0.992485256199830
0.257373734365284
0.800133548011216
-0.855364260160497
-0.160865609613713
0.975589328481122
-0.568254144143252
-0.550896981452124
0.979974383116314
-0.181500001629193
-0.844327925502026
0.812519787475569
0.237080377715516
-0.989704983719639
0.502588900079035
0.614088436501848
-0.961536119504144
0.104528463267626
0.883415372204713
-0.764760776027581
-0.311861161409537
0.997834392738112
-0.433883739117525
-0.673565567947812
0.937281989491879
-0.026924682845645
-0.917159467080780
0.712376096951333
0.384755647944962
-0.999928384677747
0.362554225509591
0.728968627421438
-0.907358694567854
-0.050841951945658
0.945356108439575
-0.655682599805266
-0.455322933869030
0.995974293995235
-0.289031796944456
-0.779962508642724
0.871947226253841
0.128301068387869
-0.967834748450676
0.595023196102017
0.523136191838725
-0.985996037070500
0.213761154992080
0.826238774316005
-0.831261771375059
-0.204984153792275
0.984459424705053
-0.530764785202566
-0.587785252292495
0.970053967548087
-0.137197575318783
-0.867517521717736
0.785548416547694
0.280427389306037
-0.995129582585915
0.463296035119832
0.648879084367517
-0.948244511287216
0.059804153944990
0.903549075692494
-0.735083659720148
-0.354174455328039
0.999780683474845
-0.393025031653876
-0.706048161055857
0.920699583128404
0.017950993798131
-0.934115498817205
0.680172737770896
0.425779291565112
-0.998384595114688
0.320376810078690
0.758946694294591
-0.887585789004535
-0.095597564671873
0.959031909598983
-0.621147780278293
-0.494808795034689
0.990949761767927
-0.245790784309429
-0.807254726470177
0.849103418222177
0.172665912166321
-0.978147600733816
0.558365800629605
0.560845439695184
-0.977521153141453
0.169718089100619
0.850680065687372
-0.805485232008588
-0.248689887164886
0.991346950662076
-0.492206536620066
-0.623489801858789
0.958179992386557
-0.092618851350281
-0.888960053096217
0.756995055651712
0.323209657454481
-0.998550122907322
0.423070153602551
0.682362976111803
-0.933043264819416
0.014959407015232
0.921863151588517
-0.703926182748904
-0.395774489028003
0.999713548968502
-0.351374824081306
-0.737108867130280
0.902263010333628
0.062790519529391
-0.949190346253548
0.646599601215763
0.465945472355878
-0.994830191844710
0.277554198388905
0.787396343528037
-0.866025403784410
-0.140160656625213
0.970776348122937
-0.585362051785797
-0.533298177137604
0.983929588598617
-0.202054781745314
-0.832921240710117
0.824549628907114
0.216683029776504
-0.986490593923532
0.520583930743536
0.597425219474906
-0.967077671701062
0.125333233564238
0.873408200617168
-0.778086552580928
-0.291894792201080
0.996238035791522
-0.452657049576952
-0.657938725939778
0.944376370237466
-0.047853605341119
-0.908612337232903
0.726917207456557
0.365341024366431
-0.999959716170871
0.381992265099202
0.714472679632857
-0.915962993388129
-0.029915466169445
0.938320717781211
-0.671351092125949
-0.436577485577747
0.997633124419043
-0.309016994374895
-0.766685134042687
0.882009399911573
0.107503593510618
-0.962353650653293
0.611724299114956
0.505173300974566
-0.989272332962974
0.234172629481180
0.814260281314412
-0.842720958654000
-0.184441483669059
0.980565772275238
-0.548397482022524
-0.570713567684486
0.974927912181805
-0.157911867740745
-0.856910362418614
0.798335306372664
0.260263776601464
-0.992846926341847
0.481753674101627
0.632801864369524
-0.954686624531103
0.080695973575135
0.894377407666379
-0.749120910386173
-0.334511859971906
0.999122830098861
-0.412195971476780
-0.691062648986939
0.928670899758805
-0.002991988539284
-0.926434797042919
0.695375444745636
0.406736643075850
-0.999355523643318
0.340145095010478
0.745143530261033
-0.897038094386921
-0.074730093586487
0.952888630922480
-0.637423989748621
-0.476501273172416
0.993543599524641
-0.266036845566606
-0.794717399127605
0.859979539938225
0.152000169561376
-0.973578902873174
0.575617065685608
0.543383777794882
-0.981722211257613
0.190319468061988
0.839484407258147
-0.817719385664380
-0.228350870110698
0.988380467458447
-0.510328512712636
-0.606979617058158
0.963962860695827
-0.113450940249928
-0.879173780697110
0.770513242775739
0.303320386816882
-0.997203797181187
0.441953229673173
0.666904130524279
-0.940372965551544
0.035896202634541
0.913545457642645
-0.718646638372880
-0.376455265374519
0.999995523992272
-0.370904785546230
-0.722794863827473
0.911095209677993
0.041875653729345
-0.942391540464068
0.662433288431432
0.447313148315746
-0.996738762088007
0.297612917967860
0.774313760984922
-0.876306680043831
-0.119394224540379
0.965537553173995
-0.602213200286043
-0.515465450616958
0.987453210044190
-0.222520933956174
-0.821149209133760
0.836217795619809
0.196190637499218
-0.982843496749108
0.538350616090554
0.580499952001661
-0.972195031668964
0.146083028562279
0.863017923326395
-0.791071034656312
-0.271800388289577
0.994204695916458
-0.471231809693955
-0.642023290261427
0.951056516295136
-0.068761537663685
-0.899666659983986
0.741139468049753
0.345766150140032
-0.999552432283504
0.401262750256353
0.699663340513428
-0.924165520566647
-0.008975858481112
0.930873748644229
-0.686725107669246
-0.417640539972218
0.998854359982397
-0.328866646738467
-0.753071466003662
0.891684695095810
0.086658964004171
-0.956450432738648
0.628157079632604
0.486988824404442
-0.992114701314457
0.254481388115456
0.801924626841864
-0.853810500668274
-0.163817911415231
0.976242011289704
-0.565789633582115
-0.553391549243407
0.979374221211567
-0.178556894798535
-0.845927333913384
0.810772019947015
0.239986003602648
-0.990128774621993
0.499999999999904
0.616447076559522
-0.960709980668777
0.101552397284271
0.884813436149813
-0.762829571862189
-0.314702536658243
0.998026728428280
-0.431186108523417
-0.675774014000343
0.936234870639692
-0.023933658491667
-0.918347730347706
0.710273137067980
0.387515586452163
-0.999888101810270
0.359764181061722
0.731013521647899
-0.906096929213749
-0.053829843412201
0.946327383799209
-0.653420603990030
-0.457984742103217
0.995701636221676
-0.286166214270719
-0.781831482468123
0.870478446205497
0.131267754658408
-0.968583161128663
0.592615846072280
0.525683769810640
-0.985492653565706
0.210837366614549
0.827920523222651
-0.829594860571776
-0.207911690817923
0.984980447915504
-0.528226641853016
-0.590203190936576
0.969322903035142
-0.134233265817482
-0.869001873620799
0.783693457325785
0.283298069832900
-0.995420064911712
0.460642450450469
0.651152758743679
-0.947290187621363
0.056817252992879
0.904827052466070
-0.733051871829773
-0.356970915999627
0.999838867929059
-0.390272055913591
-0.708163818808760
0.919527772551416
0.020942419883513
-0.935179370598591
0.677976410513087
0.428484617944875
-0.998210129767728
0.317541094684689
0.760891538834895
-0.886203579231126
-0.098575422202589
0.959875241542917
-0.618800198173223
-0.497406623913333
0.990543701876205
-0.242889481131072
-0.809016994375011
0.847519169570029
0.175612189524109
-0.978765291933729
0.555881163064749
0.563320058063719
-0.976885954764606
0.166768746715960
0.852249097851442
-0.803708526830687
-0.251586763744630
0.991735265003008
-0.489599871964919
-0.625826241948899
0.957319497532015
-0.089639308903300
-0.890326359203739
0.755036640377414
0.326039611452452
-0.998706711663828
0.420357228309436
0.684547105928760
-0.931962678203911
0.011967686315463
0.923018467515471
-0.701797902883883
-0.398520403422709
0.999637465011015
-0.348572047321691
-0.739127475930479
0.900968867902349
0.065776323012006
-0.950127684053258
0.644314329694386
0.468590738440804
-0.994521895368255
0.274678522802272
0.789237221724197
-0.864525533178286
-0.143122483211223
0.971490038292908
-0.582933611108941
-0.535826794979166
0.983390944339298
-0.199123600900907
-0.834573253721402
0.822853102117186
0.219602964811152
-0.986976319697521
0.518027009373026
0.599821894688066
-0.966311937657185
0.122364276755620
0.874861356216770
-0.776203631076271
-0.294755174411094
0.996492859249516
-0.449987113092021
-0.660188962196626
0.943388177963486
-0.044864830350308
-0.909857845986266
0.724859280117659
0.368124552684854
-0.999982096009161
0.379225462652729
0.716562866343911
-0.914758319980640
-0.032905981689616
0.939351046208975
-0.669130606358776
-0.439267323789545
0.997422925272823
-0.306170061015262
-0.768602628680624
0.880595531856681
0.110477761379752
-0.963162566797696
0.609354685562638
0.507753179550899
-0.988830826225109
0.231262784929762
0.815993485882640
-0.841106447754897
-0.187381314585899
0.981148383394198
-0.545893073330131
-0.573167882189053
0.974257768312764
-0.154956712238309
-0.858448793601938
0.796529918024067
