0.999999999999999
0.048351693580136
-0.995324227455864
-0.144602917697801
0.981340635521229
0.239501881110718
-0.958179992386565
-0.332161131883704
0.926058885850421
0.421714162855307
-0.885277697888854
-0.507323514818609
0.836217795619839
0.588188608058745
-0.779337964931473
-0.663553229010211
0.715170120125049
0.732712602022123
-0.644314329694493
-0.795019980099481
0.567433204758781
0.849892692986863
-0.485245702624183
-0.896817596035590
0.398520403422608
0.935355868899034
-0.308068322699832
-0.965147119180892
0.214735327167060
0.985912752660916
-0.119394224540242
-0.997458578581331
0.022936601439356
0.999676625630462
0.073735514324061
-0.992546151641321
-0.169718089100670
0.976133837562917
0.264113537514759
-0.950593163890358
-0.356039116274357
0.916162975385078
0.444635179184927
-0.873165247507281
-0.529073216169525
0.822002075447909
0.608563601118111
-0.763151913917335
-0.682362976111762
0.697165102854564
0.749781202967738
-0.624658720898481
-0.810187817097824
0.546310814749134
0.863017923326352
-0.462854058383452
-0.907777478532910
0.375068901421508
0.944047911718852
-0.283776270716714
-0.971490038292868
0.189829893421331
0.989847231970983
-0.094108313318517
-0.998947824628823
-0.002493324919490
0.998706711663818
0.099071646717079
-0.989126147854731
-0.194723495543424
0.970295726275995
0.288554378821449
-0.942391540464033
-0.379686832815508
0.905674537670618
0.467268628273070
-0.860488078602878
-0.550480740085003
0.807254726470166
0.628545006435806
-0.746472295365148
-0.700731405818919
0.678709194932880
0.766364883865750
-0.604599114862373
-0.824831666147044
0.524835098908904
0.875584997912124
-0.440163063864068
-0.918150257090630
0.351374824081342
0.952129392742135
-0.259300686788311
-0.977204647447555
0.164801687431386
0.993141528831896
-0.068761537663796
-0.999791002430336
-0.027921638723568
0.997090885390700
0.124343704647498
-0.985066427979232
-0.219602964810946
0.963830077451571
0.312808597947475
-0.933580426497199
-0.403088987376272
0.894600356090902
0.489599871965062
-0.847254390118652
-0.571532241275934
0.791985286515958
0.648119901063138
-0.729309896797181
-0.718646638372924
0.659814332695165
0.782452919241452
-0.584148485111084
-0.838942056356227
0.503019946630220
0.887585789004558
-0.417187394438169
-0.927929223127291
0.327453495516746
0.959595085281237
-0.234657400467713
-0.982287250728687
0.139666896157883
0.995793512661319
-0.043370290571322
-0.999987566661691
-0.053331894243036
0.994830191844716
0.149535343443710
-0.980369617633532
-0.244340406137908
0.956741072739883
0.336860508507193
-0.924165520566699
-0.426230444642743
0.882947592858923
0.511614467557198
-0.833472740925934
-0.592214104710504
0.776203631076349
0.667275624961679
-0.711675817973056
-0.736097087119742
0.640492736369777
0.798034904178242
-0.563320058063606
-0.852509861848323
0.480879466835349
0.899012535107120
-0.393941909590934
-0.937108052108956
0.303320386816846
0.966440160908905
-0.209862349769222
-0.986734560969007
0.114441775495429
0.997801468292051
-0.017950993798080
-0.999537390195218
-0.078707657427122
0.991926093126562
0.174630270445131
-0.975038754473806
-0.268919820615267
0.949033296945781
0.360694554957818
-0.914152911751077
-0.449096237906561
0.870723784384581
0.533298177137550
-0.819152044288986
-0.612512954419591
0.759919966917077
0.685999789191182
-0.693581463711028
-0.753071466003610
0.620756902174736
0.813100761047018
-0.542127304478904
-0.865526307662220
0.458427978851657
0.909857845986204
-0.370441643310402
-0.945680807639534
0.278991106039210
0.972660192581115
-0.184931570860666
-0.990543701876220
0.089142639758975
0.999164097081317
0.007479912757766
-0.998440764181980
-0.104032516533040
0.988380467458424
0.199612255539310
-0.969077286229071
-0.293325311537732
0.940711735063531
0.384295322659833
-0.903549075692484
-0.471671578744815
0.857936836400607
0.554636976794312
-0.804301562100269
-0.632415662147696
0.743144825477387
0.704280283922021
-0.675038536511941
-0.769558796866427
0.600619594235941
0.827640746023865
-0.520583930743589
-0.877982975427974
0.435680003150660
0.920114707450659
-0.346701794364213
-0.953641945300215
0.254481388115530
0.978251157500234
-0.159881187691813
-0.993712209893246
0.063785851132631
0.999880517750669
0.032905981689411
-0.996698397863467
-0.129290092740068
0.984195607969241
0.224465141658942
-0.962489068471401
-0.317541094684849
0.931781769052798
0.407647547846433
-0.892360870408472
-0.493941866584260
0.844595018849516
0.575617065685688
-0.788930898890428
-0.651909355843782
0.725889056058870
0.722105286267239
-0.656059028990498
-0.785548416547728
0.580093836331957
0.841645455391814
-0.498703870007483
-0.889871808811469
0.412650251956987
0.929776485888246
-0.322737716469630
-0.960986316235245
0.229807084675024
0.983209439716741
-0.134727401566419
-0.996238035791517
0.038387809087497
0.999950266955942
0.058310768718947
-0.994311418112898
-0.154464050742585
0.979374221211594
0.249172855231241
-0.955278362122343
-0.341551508529375
0.922249174357837
0.430736127495530
-0.880595531856724
-0.515892698144266
0.830706960534926
0.596224874965643
-0.773049995616549
-0.670981427985985
0.708163818808639
0.739463267929126
-0.636655216119297
-0.801029983781110
0.559192903470736
0.855105831622741
-0.476501273172329
-0.901185118724679
0.389353619733182
0.938836932555987
-0.298564908363870
-0.967709170481968
0.204984153792219
0.987531832467866
-0.109486480664000
-0.998119545996328
0.012964939775239
0.999373299586926
0.083677843332340
-0.991281368706418
-0.179538109315108
0.973919425411296
0.273719416573553
-0.947449830697101
-0.365341024366430
0.912120116172271
0.453546129097296
-0.868260669255113
-0.537509876752299
0.816281643541071
0.616447076559465
-0.756669123232729
-0.689619543735696
0.689980577501577
0.756343002654887
-0.616839647289847
-0.815993485882557
0.537930313304295
0.868013169235263
-0.453990499739534
-0.911915588298680
0.365805173546813
0.947290187621401
-0.274199003780093
-0.973806160042907
0.180028649666419
0.991215540251547
-0.084174749518209
-0.999355523643322
-0.012466314595413
0.998149988796537
0.108990799406069
-0.987610209324669
-0.204496051841816
0.967834748450654
0.298088950228391
-0.939008537288520
-0.388894256356592
0.901401145451665
0.476062800311956
-0.855364260160504
-0.558779421525303
0.801328397423560
0.636270591783905
-0.739798876047562
-0.707811648915015
0.671351092125948
0.772733573497374
-0.596625138196346
-0.830429245225885
0.516319817386016
0.880359120425112
-0.431186108523532
-0.922056277615808
0.342020143325654
0.955130783952416
-0.249655761336366
-0.979273341697735
0.154956712238506
0.994258180634420
-0.058808578459306
-0.999945169365511
-0.037889506392934
0.996281125759487
0.134233265817655
-0.983300314285324
-0.229321736804850
0.961124125586834
0.322265695230483
-0.929959941292468
-0.412195971476875
0.890099194676864
0.498271578510794
-0.841914645309158
-0.579687576411969
0.785856893175363
0.655682599805312
-0.722450164872182
-0.725545977802976
0.652287411278095
0.788624379875527
-0.576024762546925
-0.844327925502036
0.494375392276932
0.892135700463868
-0.408102848235434
-0.931600628198012
0.318013912008114
0.962353650653293
-0.224951054343848
-0.984107179553602
0.129784556752229
0.996657785792648
-0.033404373026494
-0.999888101810271
-0.063288193199858
0.993767919160596
0.159388917033945
-0.978354471007604
-0.253999108223707
0.953791896906667
0.346234015300646
-0.920309894877018
-0.435231099372302
0.878221573370203
0.520158100194465
-0.827920523222583
-0.600220819089626
0.769877136972482
0.674670545932063
-0.704634209963549
-0.742811060744575
0.632801864369486
0.804005144430462
-0.555051843608745
-0.857680537756942
0.472111230506166
0.903335292863318
-0.384755647944930
-0.940542467248610
0.293802005593868
0.968954116344036
-0.200100860540580
-0.988304547331999
0.104528463267634
0.998412803784630
-0.007978563357433
-0.999184357885972
-0.088645948447631
0.990611994413042
0.184441483669008
-0.972775878209396
-0.278512206039706
0.945842804519871
0.369978408957881
-0.910064639197454
-0.457984742103108
0.865775963368392
0.541708210282718
-0.813390944581497
-0.620365869709280
0.753399463702025
0.693222149734027
-0.686362533768194
-0.759595731569269
0.612907053652924
0.818865919671960
-0.533719945590592
-0.870478446205585
0.449541731392467
0.913950654301098
-0.361159607424162
-0.948876011644509
0.269400083103075
0.974927912181842
-0.175121251757958
-0.991862730390571
0.079204766131224
0.999522099554695
0.017452406437304
-0.997834392738111
-0.113946372040135
0.986815392607206
0.209374763007076
-0.966568143838528
-0.302845176437522
0.937281989491891
0.393483519545745
-0.899230800360061
-0.480442183779341
0.852770413853895
0.562907971269120
-0.798335306372694
-0.640109699484936
0.736434530278325
0.711325412984670
-0.667646953469578
-0.775889134812439
0.592615846072333
0.833197094412442
-0.512042864870513
-0.882713373816697
0.426681491730830
0.923974919305679
-0.337329987382794
-0.956595871676303
0.244823926448120
0.980271174621730
-0.150028383526689
-0.994779427478942
0.053829843412077
0.999984955667193
0.042872088910184
-0.995839079454934
-0.139173100960087
0.982380569190505
0.234172629481286
-0.959735282739433
-0.326982282099343
0.928114988519012
0.416734145163391
-0.887815385136401
-0.502588900079117
0.839213336149577
0.583743672234795
-0.782763345811068
-0.659439539119669
0.718993308750834
0.728968627421395
-0.648499573345575
-0.791680732735936
0.571941364940540
0.846989399982775
-0.490034621073326
-0.894377407666332
0.403545296352327
