0.999999999999999
-0.093115361868949
-0.982659058768028
0.276116669570922
0.931237651557737
-0.449541731392500
-0.847519169570124
0.607375839723287
0.734407127357542
-0.744145010569353
-0.595824463473266
0.855105831622725
0.436577485577666
-0.936409972729526
-0.262189178640861
0.985237653224058
0.078707657427117
-0.999895437230425
0.107503593510527
0.979874965206535
-0.289986417453587
-0.925870584809993
0.462411966550386
0.839755269614248
-0.618800198173364
-0.724515660859271
0.753727274054624
0.584148485111083
-0.862513669207260
-0.423521940260782
0.941386466660903
0.248206857257462
-0.987610209324670
-0.064283493203989
0.999581770788449
-0.121869343405150
-0.976885954764646
0.303795521770361
0.920309894877018
-0.475185499556460
-0.831815755384867
0.630095149698372
0.714472679632799
-0.763151913917335
-0.572350346382008
0.869741133155696
0.410377825689799
-0.946166092639895
-0.234172629481209
0.989776230907789
0.049845885660693
-0.999059066269736
0.136209607307631
0.973692652520779
-0.317541094684853
-0.914556744641098
0.487859659138743
0.823702287237165
-0.641258332235484
-0.704280283921992
0.772416959224602
0.560432514578165
-0.876786712020746
-0.397147890634766
0.950747851124641
0.220089430227583
-0.991735265002984
-0.035397854069678
0.998327432985148
-0.150521386302548
-0.970295726275994
0.331220261646718
0.908612337232870
-0.500431794806781
-0.815416561904548
0.652287411278125
0.693940605217099
-0.781520472418823
-0.548397482022554
0.883648932391934
0.383834901812995
-0.955130783952426
-0.205960204653172
0.993486901926192
0.020942419883345
-0.997387023937891
0.164801687431386
0.966695886414316
-0.344830161992790
-0.902477915779737
0.512899277405911
0.806960312143792
-0.663180080364224
-0.683455805809015
0.790460549722896
0.536247765547849
-0.890326359203712
-0.370441643310425
0.959313974540062
0.191787907539933
-0.995030775365401
-0.006482606102163
0.996238035791515
-0.179047524318502
-0.962893885754201
0.358367949545320
0.896154763145903
-0.525259499667138
-0.798335306372689
0.673934061558454
0.672828078337046
-0.799235321538332
-0.523985905970057
0.896817596035591
0.356970915999476
-0.963296548075560
-0.177575502677129
0.996366562457243
-0.007978563357515
-0.994880708828784
0.193255917795562
0.958890519391085
-0.371830793207189
-0.889644201664080
0.537509876752304
0.789543348300220
-0.684547105928711
-0.662059645330442
0.807842952836247
0.511614467557173
-0.903121285404195
-0.343425536953258
0.967077671701082
0.163325962241587
-0.997493983854523
0.022438064295829
0.993315326901432
-0.207423896524619
-0.954686624531117
0.385215877553957
0.882947592858921
-0.549647846794698
-0.780586276549358
0.695016994016369
0.651152758743560
-0.816281643541102
-0.499136037492926
0.909236109047073
0.329808338856468
-0.970656554687113
-0.149042266176163
0.998412803784632
-0.036892872861850
-0.991542217370799
0.221548497619484
0.950283080316078
-0.398520403422643
-0.876066337162353
0.561670871434812
0.771465964272579
-0.705341536300417
-0.640109699484939
0.824549628907156
0.486553225335730
-0.915160788198446
-0.316122169412972
0.974032448597811
0.134727401566442
-0.999122830098858
0.051339966185943
0.989561751039370
-0.235626767265364
-0.945680807639534
0.411741588497075
0.869001873620725
-0.573576436351068
-0.762184318760051
0.715518573655442
0.628932776940277
-0.832645179887496
-0.473868662472987
0.920894083856558
0.302369890750415
-0.977204647447562
-0.120384362016201
0.999623914312566
-0.065776323011899
-0.987374342073240
0.249655761336447
0.940880768954213
-0.424876667889876
-0.861755679593727
0.585362051785875
0.752743281040970
-0.725545977802942
-0.617624328489595
0.840566603495703
0.461085001570668
-0.926434797042907
-0.288554378821433
0.980172487848546
0.106016147021406
-0.999915951636247
0.080198924328899
0.984980447915474
-0.263632546011894
-0.935883968070830
0.437922894720382
0.854329270445650
-0.597025253065961
-0.743144825477364
0.735421651756697
0.606186719018181
-0.848312243159735
-0.448204916018854
0.931781769052818
0.274678522802353
-0.982935349149562
-0.091625761342649
0.999998880997441
-0.094604754002553
-0.982380569190498
0.277554198388965
0.930691449948024
-0.450877540689475
-0.846724199228252
0.608563601118115
0.733390959351503
-0.745143530260989
-0.594622340422374
0.855880479068581
0.435231099372279
-0.936933881697929
-0.260745224489154
0.985492653565730
0.077216214377209
-0.999872685053499
0.108990799406077
0.979575249599332
-0.291417807094710
-0.925304300473989
0.463737896649732
0.838942056356211
-0.619974682979124
-0.723483722445824
0.754709580222811
0.582933611109038
-0.863269728510766
-0.422166264787444
0.941890057539865
0.246757397690248
-0.987843866299404
-0.062790519529249
0.999537390195218
-0.123354052049856
-0.976565075805968
0.305220472894374
0.919723646239220
-0.476501273172379
-0.830984469274290
0.631256112300253
0.713425186616663
-0.764117801136732
-0.571122975489945
0.870478446205576
0.409013144454824
-0.946649260115718
-0.232717967617567
0.989988495651936
0.048351693580097
-0.998993066541311
0.137691508211051
0.973350677314602
-0.318959309298086
-0.913950654301087
0.489165001109319
0.822853102117241
-0.642405529846601
-0.703217455360669
0.773366225503554
0.559192903470729
-0.877505124625978
-0.395774489027904
0.951210494154648
0.218629870274383
-0.991926093126573
-0.033902756056899
0.998239827923763
-0.152000169561299
-0.969932726338076
0.332631443164329
0.907986531939596
-0.501726432151719
-0.814549655361539
0.653420603990125
0.692862663375225
-0.782452919241473
-0.547145889934041
0.884348294314116
0.382453067047532
-0.955572805786146
-0.204496051841760
0.993656253522184
0.019446728601618
-0.997277831863998
0.166277043794193
0.966311937657204
-0.346234015300628
-0.901832526405098
0.514182939383491
0.806075865470031
-0.664299031197551
-0.682362976111707
0.791375982090799
0.534984454218127
-0.891006524188384
-0.369051664363315
0.959735282739456
0.190319468062042
-0.995178615018055
-0.004986634338735
0.996107279539963
-0.180519145250600
-0.962489068471384
0.359764181061861
0.895489924657296
-0.526531917830795
-0.797433504528563
0.675038536512006
0.671720589322957
-0.800133548011271
-0.522711139589838
0.897478421842898
0.355573083550868
-0.963697054534308
-0.176103083620844
0.996492859249507
-0.009474502756744
-0.994728415744051
0.194723495543430
0.958464918240211
-0.373219110944709
-0.888960053096147
0.538770785006905
0.788624379875527
-0.685636874028483
-0.660937728603809
0.808723785572056
0.510328512712664
-0.903762633838621
-0.342020143325618
0.967457292663057
0.161849871527449
-0.997598711374513
0.023933658491839
0.993141528831892
-0.208887124180381
-0.954240328516259
0.386595991179762
0.882244277284665
-0.550896981452124
-0.779650333723794
0.696091827364020
0.650016648925737
-0.817144898335163
-0.497839163110127
0.909857845986231
0.328395677953495
-0.971015210763903
-0.147562812492411
0.998495940131157
-0.038387809087584
-0.991346950662068
0.223007069184755
0.949816182769129
-0.399892024319831
-0.875344001663037
0.562907971269176
0.770513242775745
-0.706401210120864
-0.638959634165590
0.825395125230844
0.485245702624097
-0.915762783621252
-0.314702536658059
0.974370064785250
0.133244894304652
-0.999184357885977
0.052833931812057
0.989345056526687
-0.237080377715553
-0.945193406200688
0.413104429824609
0.868260669255122
-0.574801242653152
-0.761215017830381
0.716562866343867
0.627768996627455
-0.833472740925952
-0.472550764868985
0.921476211870418
0.300943583025080
-0.977521153141470
-0.118899111206420
0.999663820673247
-0.067269005612055
-0.987136265072974
0.251104106684539
0.940372965551539
-0.426230444642776
-0.860995761366572
0.586574308417356
0.751757603384007
-0.726574670971033
-0.616447076559441
0.841376056184812
0.459757004680396
-0.926996935910009
-0.287121694403049
0.980467816859513
0.104528463267566
-0.999934228225054
0.081690011745100
0.984721038215616
-0.265075323371943
-0.935355868899007
0.439267323789406
0.853550797275279
-0.598224706513062
-0.742142977223441
0.736434530278402
0.604996241664095
-0.849103418222233
-0.446867097560327
0.932323801215545
0.273239761301875
-0.983209439716759
-0.090135955757475
0.999995523992272
-0.096093934410282
-0.982099881040232
0.278991106039323
0.930143165446097
-0.452212340920221
-0.845927333913317
0.609750000544488
0.732373150012714
-0.746140382317580
-0.593418886603620
0.856653211049528
0.433883739117451
-0.937455693803494
-0.259300686788303
0.985745448369808
0.075724598517040
-0.999847695156388
0.110477761379622
0.979273341697706
-0.292848544541235
-0.924735945302230
0.465062788901330
0.838126965541571
-0.621147780278394
-0.722450164872135
0.755690197347101
0.581717432498543
-0.864023855812201
-0.420809644503807
0.942391540464049
0.245307385878695
-0.988075312474505
-0.061297405328999
0.999490772632191
-0.124838484627549
-0.976242011289648
0.306644740933381
0.919135339255188
-0.477815980375973
-0.830151323416220
0.632415662147770
0.712376096951319
-0.765081978256598
-0.569894326421764
0.871213811120246
0.407647547846378
-0.947130308985654
-0.231262784929868
0.990198544796763
0.046857393288134
-0.998924831061295
0.139173100960185
0.973006523744640
-0.320376810078753
-0.913342518534820
0.490469248326107
0.822002075447848
-0.643551289750834
-0.702153052995073
0.774313760984901
0.557952040886715
-0.878221573370272
-0.394400201675724
0.951671008370712
0.217169821026457
-0.992114701314493
-0.032407582169635
0.998149988796536
-0.153478612642936
-0.969567555685762
0.334041880251094
0.907358694567836
-0.503019946630348
-0.813680925852268
0.654552334343461
0.691783170903135
-0.783383614930469
-0.545893073330203
0.885045677060277
0.381070376350149
-0.956012689043055
-0.203031441367139
0.993823381310399
0.017950993798042
-0.997166407877213
0.167752028028070
0.965925826289032
-0.347637093735023
-0.901185118724652
0.515465450616949
0.805189614794376
-0.665416495326353
-0.681268619282610
0.792289643355276
0.533719945590508
-0.891684695095897
-0.367660859476772
0.960154443046370
0.188850602648069
-0.995324227455872
-0.003490651415193
0.995974293995229
-0.181990362179899
-0.962082097133131
0.361159607424296
0.894823082057593
-0.527803157613279
-0.796529918024175
0.676141500725817
0.670611596994773
-0.801029983781185
-0.521435203379439
0.898137239088956
0.354174455327934
-0.964095404234119
-0.174630270445013
0.996616925885652
-0.010970420952129
-0.994573896452038
0.196190637499230
0.958037172039964
-0.374606593415950
-0.888273915031107
0.540030487489709
0.787703646505350
-0.686725107669402
-0.659814332695072
0.809602808379863
0.509041415750333
-0.904401959647612
-0.340613984255173
0.967834748450697
0.160373418592499
-0.997701206263492
0.025429199124141
0.992965508106530
-0.210349884345606
-0.953791896906672
0.387975239601892
0.881538987243230
-0.552144883199382
-0.778712646036831
0.697165102854601
0.648879084367393
-0.818006324354744
-0.496541174560611
0.910477546658850
0.326982282099207
-0.971371693703671
-0.146083028562358
0.998576841838655
-0.039882659401176
-0.991149465313770
0.224465141659009
0.949347159528705
-0.401262750256571
-0.874619707139367
0.564143811312574
0.769558796866369
-0.707459303011870
-0.637808138851355
0.826238774316019
0.483937093930148
-0.916362729562263
-0.313282199597312
0.974705500327487
0.131762088839995
-0.999243649493389
0.054327779195562
0.989126147854715
-0.238533457578643
-0.944703889414127
0.414466346622263
0.867517521717643
-0.576024762547068
-0.760244013297607
0.717605555360892
0.626603811364407
-0.834298436648151
-0.471231809693904
0.922056277615846
0.299516601786521
-0.977835471138037
-0.117413594299990
0.999701489781187
-0.068761537663946
-0.986895978856706
0.252551890060357
0.939863057589416
-0.427583267489863
-0.860233916226527
0.587785252292533
0.750770243289682
-0.727601738061332
-0.615268445017487
0.842183625869971
0.458427978851596
-0.927557000153161
-0.285688367404790
0.980760951578512
0.103040545578548
-0.999950266955942
0.083180916338466
0.984459424705016
-0.266517507492008
-0.934825676395985
0.440610769775913
0.852770413853827
-0.599422821130301
-0.741139468049776
0.737445760655860
0.603804410325462
-0.849892692986968
-0.445528279010847
0.932863746832815
0.271800388289414
-0.983481329856169
-0.088645948447457
0.999989928992004
-0.097582899759237
-0.981816994945407
0.280427389306213
0.929592799278966
-0.453546129097384
-0.845128575408681
0.610935035347241
0.731353701619030
-0.747135564508253
-0.592214104710406
0.857424025836207
0.432535407828750
-0.937975407878459
-0.257855568771079
0.985996037070520
0.074232813184831
-0.999820467595024
0.111964476103484
0.978969242177344
-0.294278626591219
-0.924165520566695
0.466386640340078
0.837309998994433
-0.622319487445710
-0.721414990451281
0.756669123232751
0.580499952001412
-0.864776049423883
-0.419452082446085
0.942890914311145
0.243856825068122
-0.988304547332019
-0.059804153944899
0.999441918203704
-0.126322637816075
-0.975916761938699
0.308068322699997
0.918544975241588
-0.479129618224959
-0.829316319675337
0.633573796645843
0.711325412984547
-0.766044443119047
-0.568664401927165
0.871947226253867
0.406281038920530
-0.947609238173095
-0.229807084674928
0.990406377872181
0.045362988129029
-0.998854359982391
0.140654382239151
0.972660192581100
-0.321793593854480
-0.912732338703300
0.491772397870307
0.821149209133638
-0.644695609383989
-0.701087079207474
0.775259563548162
0.556709929603085
-0.878936056650165
-0.393025031653875
0.952129392742139
0.215709285751250
-0.992301089144628
-0.030912335754036
0.998057915804528
-0.154956712238708
-0.969200215136269
0.335451569750369
0.906728826522676
-0.504312335347615
-0.812810375320856
0.655682599805409
0.690702130216811
-0.784312557402928
-0.544639035015017
0.885741079069738
0.379686832815367
-0.956450432738658
-0.201566376507113
0.993988284916809
0.016455218819936
-0.997052752226909
0.169226636832049
0.965537553173963
-0.349039394155876
-0.900535694187251
0.516746808236092
0.804301562100244
-0.666532470249465
-0.680172737770774
0.793201531471408
0.532454242494921
-0.892360870408501
-0.366269231763239
0.960571454522760
0.187381314585592
-0.995467612352976
-0.001994660679555
0.995839079454920
-0.183461171813949
-0.961672972650223
0.362554225509683
0.894154236839356
-0.529073216169692
-0.795624548881686
0.677242951731491
0.669501103834405
-0.801924626841965
-0.520158100194290
0.898794046299228
0.352775034460757
-0.964491596283483
-0.173157066445632
0.996738762088028
-0.012466314595543
-0.994417151298557
0.197657340379157
0.957607281747592
-0.375993237515823
-0.887585789004501
0.541288981381519
0.786781150250523
-0.687811804416100
-0.658689460118568
0.810480019292443
0.507753179550709
-0.905039261400439
-0.339207062888783
0.968210038219191
0.158896606741018
-0.997801468292052
0.026924682845880
0.992787265119268
-0.211812173746714
-0.953341330705940
0.389353619733241
0.880831724312978
-0.553391549243473
-0.777773215586982
0.698236818086114
0.647740067614252
-0.818865919672052
-0.495242074749504
0.911095209678063
0.325568154457114
-0.971726002708646
-0.144602917697626
0.998655508726072
-0.041377420457173
-0.990949761767930
0.225922711779239
0.948876011644444
-0.402632578165223
-0.873893455212318
0.565378388799329
0.768602628680396
-0.708515812605257
-0.636655216119241
0.827080574274590
0.482627402182408
-0.916960624678843
-0.311861161409400
0.975038754473827
0.130278988491334
-0.999300704788406
0.055821504993332
0.988905025513364
-0.239986003602636
-0.944212258375502
0.415827335842217
0.866772432671569
-0.577246993294619
-0.759271307334842
0.718646638373092
0.625437223758735
-0.835122265206243
-0.469911799899823
0.922634279794520
0.298088950228167
-0.978147600733841
-0.115927814621109
0.999736921552072
-0.070253915826936
-0.986653483962170
0.253999108223862
0.939351046208884
-0.428935133403204
-0.859470145878518
0.588994880701400
0.749781202967636
-0.728627176775063
-0.614088436501784
0.842989310743928
0.457097927058532
-0.928114988519088
-0.284254401034720
0.981051891349439
0.101552397284148
-0.999964067793019
0.084671634772743
0.984195607969228
-0.267959095144637
-0.934293391748276
0.441953229673365
0.851988121927946
-0.600619594236017
-0.740134300202114
0.738455340626010
0.602611227669287
-0.850680065687387
-0.444188463367004
0.933401604696288
0.270360406986184
-0.983751018959372
-0.087155742747580
0.999982096009160
-0.099071646717276
-0.981531911539104
0.281863044974952
0.929040352678478
-0.454878902236091
-0.844327925501909
0.612118702874349
0.730332616452175
-0.748129074605560
-0.591007997438906
0.858192921703587
0.431186108523388
-0.938493022759584
-0.256409873671992
0.986244419107075
0.072740861719094
-0.999791002430334
0.113450940250050
0.978662951718786
-0.295708050044240
-0.923593027543953
0.467709448002938
0.836491158543358
-0.623489801858918
-0.720378201499908
0.757646355689182
0.579281172342603
-0.865526307662228
-0.418093581652352
0.943388177963589
0.242405718504507
-0.988531570358865
-0.058310768718682
0.999390827019087
-0.127806508294003
-0.975589328481094
0.309491215007914
0.917952555519588
-0.480442183779508
-0.828479459920160
0.634730513202343
0.710273137068021
-0.767005193570186
-0.567433204758632
0.872678689965246
0.404913620735847
-0.948086046606177
-0.228350870110446
0.990611994413075
0.043868481447551
-0.998781653462330
0.142135348733003
0.972311684599047
-0.323209657454605
-0.912120116172229
0.493074446825167
0.820294505083232
-0.645838486185158
-0.700019536383243
0.776203631076410
0.555466572399973
-0.879648572866721
-0.391648982039890
0.952585646243183
0.214248267717779
-0.992485256199864
-0.029417020156359
0.997963609153792
-0.156434465040341
-0.968830705511793
0.336860508507422
0.906096929213716
-0.505603595411493
-0.811938005715798
0.656811397846174
0.689619543735503
-0.785239744579941
-0.543383777794694
0.886434498786028
0.378302439539406
-0.956886035893333
-0.200100860540394
0.994150963972327
0.014959407015193
-0.996936865167437
0.170700866906062
0.965147119180851
-0.350440913424567
-0.899884254246458
0.518027009373331
0.803411709375034
-0.667646953469669
-0.679075334029039
0.794111644398524
0.531187347763918
-0.893035048612963
-0.364876784337503
0.960986316235258
0.185911607162663
-0.995608769388481
-0.000498665479743
0.995701636221677
-0.184931570860734
-0.961261695938251
0.363948032196965
0.893483390499261
-0.530342090657348
-0.794717399127524
0.678342887064057
0.668389112327057
-0.802817475191193
-0.518879832892846
0.899448842003876
0.351374824081141
-0.964885629795750
-0.171683474920074
0.996858367583936
-0.013962180339394
-0.994258180634391
0.199123600901168
0.957175248325290
-0.377379040140697
-0.886895676556305
0.542546263865916
0.785856893175315
-0.688896961836296
-0.657563113391597
0.811355416346660
0.506463806996773
-0.905674537670672
-0.337799382375464
0.968583161128694
0.157419439278005
-0.997899497235836
0.028420106309813
0.992606800269054
-0.213273989111205
-0.952888630922398
0.390731128489407
0.880122490076928
-0.554636976794539
-0.776832044476626
0.699306970660138
0.646599601215699
-0.819723682363112
-0.493941866584002
0.911710833661582
