0.999999999999999
0.120879385912325
-0.970776348122917
-0.355573083550941
0.884813436149738
0.569484493168451
-0.747135564508149
-0.750111069630458
0.565789633582215
0.886895676556414
-0.351374824081344
-0.971843622476422
0.116423103505824
0.999989928992004
0.125333233564302
-0.969689520376686
-0.359764181061805
0.882713373816683
0.573167882188920
-0.744145010569354
-0.753071466003609
0.562083377852132
0.888960053096191
-0.347169487214424
-0.972891321940143
0.111964476103307
0.999959716170870
0.129784556752282
-0.968583161128631
-0.363948032196784
0.880595531856739
0.576839726452738
-0.741139468049857
-0.756016693999252
0.558365800629665
0.891006524188363
-0.342957157654135
-0.973919425411303
0.107503593510529
0.999909362145144
0.134233265817651
-0.967457292663056
-0.368124552684673
0.878459952927513
0.580499952001569
-0.738118997487341
-0.758946694294547
0.554636976794317
0.893035048612882
-0.338737920245293
-0.974927912181823
0.103040545578652
0.999838867929057
0.138679271154433
-0.966311937657227
-0.372293658401935
0.876306680043866
0.584148485111084
-0.735083659720176
-0.761861407873399
0.550896981452108
0.895045585511172
-0.334511859971859
-0.975916761938744
0.098575422202451
0.999748234942506
0.143122483211118
-0.965147119180894
-0.376455265374384
0.874135756577057
0.587785252292460
-0.732033515886193
-0.764760776027592
0.547145889934090
0.897038094386967
-0.330279061955179
-0.976885954764645
0.094108313318520
0.999637465011021
0.147562812492445
-0.963962860695855
-0.380609289778858
0.871947226253863
0.591410180293898
-0.728968627421418
-0.767644740358006
0.543383777794820
0.899012535107115
-0.326039611452352
-0.977835471138021
0.089639308903437
0.999506560365731
0.152000169561242
-0.962759186055462
-0.384755647944919
0.869741133155695
0.595023196102027
-0.725889056058903
-0.770513242775785
0.539610720810797
0.900968867902419
-0.321793593854457
-0.978765291933706
0.085168498971961
0.999355523643321
0.156434465040208
-0.961536119504149
-0.388894256356579
0.867517521717730
0.598624226943427
-0.722794863827405
-0.773366225503509
0.535826794979008
0.902907053368361
-0.317541094684850
-0.979675398423231
0.080695973575217
0.999184357885974
0.160865609613677
-0.960293685676943
-0.393025031653910
0.865276436727958
0.602213200286076
-0.719686113050202
-0.776203631076334
0.532032076515346
0.904827052466009
-0.313282199597437
-0.980565772275216
0.076221822798911
0.998993066541314
0.165293514029466
-0.959031909598965
-0.397147890634769
0.863017923326361
0.605790043840815
-0.716562866343803
-0.779025402343229
0.528226641853092
0.906728826522699
-0.309016994374977
-0.981436395555737
0.071746136761403
0.998781653462334
0.169718089100652
-0.957750816684938
-0.401262750256464
0.860742027003954
0.609354685562805
-0.713425186616692
-0.781831482468013
0.524410567641372
0.908612337232866
-0.304745564927248
-0.982287250728686
0.067269005612062
0.998550122907322
0.174139245707373
-0.956450432738638
-0.405369527637428
0.858448793601875
0.612907053652952
-0.710273137068065
-0.784621814930577
0.520583930743613
0.910477546658808
-0.300467997289478
-0.983118320656124
0.062790519529334
0.998298479539766
0.178556894798623
-0.955130783952429
-0.409468140058858
0.856138269310470
0.616447076559447
-0.707106781186554
-0.787396343527998
0.516746808236021
0.912324417231436
-0.296184377620474
-0.983929588598627
0.058310768718957
0.998026728428272
0.182970947394015
-0.953791896906706
-0.413558504966516
0.853810500668354
0.619974682979069
-0.703926182748971
-0.790155012375660
0.512899277405907
0.914152911751087
-0.291894792201055
-0.984721038215620
0.053829843412173
0.997734875046455
0.187381314585715
-0.952433798569328
-0.417640539972102
0.851465534561497
0.623489801858736
-0.700731405818918
-0.792897765908464
0.509041415750395
0.915962993388150
-0.287599327432065
-0.985492653565725
0.049347833863765
0.997422925272835
0.191787907539925
-0.951056516295167
-0.421714162855306
0.849103418222199
0.626992362396800
-0.697522514745725
-0.795624548881754
0.505173300974548
0.917754625683977
-0.283298069832768
-0.986244419107035
0.044864830350556
0.997090885390706
0.196190637499090
-0.949660077825430
-0.425779291565048
0.846724199228303
0.630482294044675
-0.694299574162847
-0.798335306372693
0.501295010989945
0.919527772551436
-0.278991106039273
-0.986976319697495
0.040380923169159
0.996738762088015
0.200589415783241
-0.948244511287239
-0.429835844221490
0.844327925502018
0.633959526508147
-0.691062648986885
-0.801029983781091
0.497406623913265
0.921282398275820
-0.274678522802405
-0.987688340595133
0.035896202634619
0.996366562457246
0.204984153792173
-0.946809845192921
-0.433883739117537
0.841914645309187
0.637423989748655
-0.687811804415998
-0.803708526830782
0.493508218064364
0.923018467515384
-0.270360406986393
-0.988380467458422
0.031410759078135
0.995974293995240
0.209374763007057
-0.945356108439581
-0.437922894720321
0.839484407258078
0.640875613985012
-0.684547105928706
-0.806370881570441
0.489599871965093
0.924735945302218
-0.266036845566686
-0.989052686346540
0.026924682845696
0.995561964603083
0.213761154992061
-0.943883330308369
-0.441953229673209
0.837037260298646
0.644314329694462
-0.681268619282703
-0.809016994374910
0.485681664337322
0.926434797042876
-0.261707925628636
-0.989704983719627
0.022438064295864
0.995129582585912
0.218143241396519
-0.942391540464046
-0.445974662797027
0.834573253721333
0.647740067614425
-0.677976410513236
-0.811646811946176
0.481753674101752
0.928114988519018
-0.257373734365309
-0.990337346439115
0.017950993798126
0.994677156652781
0.222520933956265
-0.940880768954245
-0.449987113092107
0.832092437156168
0.651152758743545
-0.674670545932109
-0.814260281314344
0.477815980375926
0.929776485888242
-0.253034359076164
-0.990949761767928
0.013463561731241
0.994204695916458
0.226894144495857
-0.939351046208933
-0.453990499739509
0.829594860571860
0.654552334343387
-0.671351092126016
-0.816857349838939
0.473868662473032
0.931419255684599
-0.248689887164913
-0.991542217370802
0.008975858481023
0.993712209893246
0.231262784929907
-0.937802403039848
-0.457984742103057
0.827080574274573
0.657938725939687
-0.668018115955533
-0.819437965209700
0.469911799899963
0.933043264819436
-0.244340406137923
-0.992114701314472
0.004487974438977
0.993199708502819
0.235626767265300
-0.936234870639746
-0.461969759730556
0.824549628907167
0.661311865323607
-0.664671684553477
-0.822002075447895
0.465945472355855
0.934648480581894
-0.239986003602620
-0.992667202067964
0.000000000000021
0.992667202067976
0.239986003602524
-0.934648480581929
-0.465945472355768
0.822002075447952
0.664671684553361
-0.661311865323724
-0.824549628907144
0.461969759730593
0.936234870639731
-0.235626767265341
-0.993199708502808
-0.004487974438878
0.992114701314484
0.244340406137827
-0.933043264819472
-0.469911799899825
0.819437965209789
0.668018115955502
-0.657938725939719
-0.827080574274550
0.457984742103095
0.937802403039814
-0.231262784930003
-0.993712209893234
-0.008975858480924
0.991542217370815
0.248689887164762
-0.931419255684615
-0.473868662472995
0.816857349838964
0.671351092125985
-0.654552334343462
-0.829594860571804
0.453990499739597
0.939351046208899
-0.226894144495953
-0.994204695916441
-0.013463561731085
0.990949761767933
0.253034359076124
-0.929776485888258
-0.477815980375889
0.814260281314401
0.674670545932036
-0.651152758743620
-0.832092437156113
0.449987113092195
0.940880768954193
-0.222520933956306
-0.994677156652777
-0.017950993798084
0.990337346439121
0.257373734365269
-0.928114988519055
-0.481753674101665
0.811646811946233
0.677976410513163
-0.647740067614500
-0.834573253721247
0.445974662797065
0.942391540464032
-0.218143241396560
-0.995129582585907
-0.022438064295765
0.989704983719641
0.261707925628541
-0.926434797042914
-0.485681664337236
0.809016994375002
0.681268619282589
-0.644314329694495
-0.837037260298623
0.441953229673247
0.943883330308356
-0.213761154992158
-0.995561964603074
-0.026924682845597
0.989052686346555
0.266036845566590
-0.924735945302277
-0.489599871964957
0.806370881570466
0.684547105928676
-0.640875613985045
-0.839484407258055
0.437922894720410
0.945356108439548
-0.209374763007154
-0.995974293995231
-0.031410759078036
0.988380467458445
0.270360406986352
-0.923018467515401
-0.493508218064327
0.803708526830807
0.687811804415926
-0.637423989748731
-0.841914645309134
0.433883739117626
0.946809845192889
-0.204984153792325
-0.996366562457233
-0.035896202634577
0.987688340595139
0.274678522802364
-0.921282398275836
-0.497406623913180
0.801029983781151
0.691062648986813
-0.633959526508223
-0.844327925501965
0.429835844221631
0.948244511287226
-0.200589415783283
-0.996738762088012
-0.040380923169117
0.986976319697502
0.278991106039178
-0.919527772551475
-0.501295010989860
0.798335306372752
0.694299574162776
-0.630482294044796
-0.846724199228281
0.425779291565086
0.949660077825417
-0.196190637499131
-0.997090885390698
-0.044864830350457
0.986244419107051
0.283298069832673
-0.917754625684016
-0.505173300974413
0.795624548881848
0.697522514745695
-0.626992362396833
-0.849103418222176
0.421714162855345
0.951056516295136
-0.191787907540022
-0.997422925272828
-0.049347833863666
0.985492653565742
0.287599327431915
-0.915962993388213
-0.509041415750359
0.792897765908490
0.700731405818888
-0.623489801858769
-0.851465534561445
0.417640539972192
0.952433798569298
-0.187381314585812
-0.997734875046448
-0.053829843412017
0.984721038215627
0.291894792201015
-0.914152911751104
-0.512899277405871
0.790155012375721
0.703926182748900
-0.619974682979147
-0.853810500668303
0.413558504966606
0.953791896906659
-0.182970947394168
-0.998026728428270
-0.058310768718915
0.983929588598635
0.296184377620434
-0.912324417231477
-0.516746808235937
0.787396343528059
0.707106781186484
-0.616447076559547
-0.856138269310404
0.409468140058897
0.955130783952417
-0.178556894798665
-0.998298479539762
-0.062790519529263
0.983118320656136
0.300467997289383
-0.910477546658849
-0.520583930743528
0.784621814930656
0.710273137067976
-0.612907053652985
-0.858448793601854
0.405369527637466
0.956450432738618
-0.174139245707443
-0.998550122907316
-0.067269005611963
0.982287250728704
0.304745564927127
-0.908612337232919
-0.524410567641263
0.781831482468040
0.713425186616663
-0.609354685562838
-0.860742027003918
0.401262750256529
0.957750816684909
-0.169718089100749
-0.998781653462329
-0.071746136761276
0.981436395555761
0.309016994374829
-0.906728826522716
-0.528226641853056
0.779025402343273
0.716562866343754
-0.605790043840871
-0.863017923326311
0.397147890634860
0.959031909598937
-0.165293514029591
-0.998993066541308
-0.076221822798869
0.980565772275224
0.313282199597397
-0.904827052466039
-0.532032076515286
0.776203631076396
0.719686113050134
-0.602213200286155
-0.865276436727894
0.393025031654027
0.960293685676908
-0.160865609613719
-0.999184357885972
-0.080695973575175
0.979675398423245
0.317541094684783
-0.902907053368404
-0.535826794978924
0.773366225503571
0.722794863827317
-0.598624226943529
-0.867517521717709
0.388894256356618
0.961536119504138
-0.156434465040277
-0.999355523643318
-0.085168498971891
0.978765291933727
0.321793593854364
-0.900968867902462
-0.539610720810690
0.770513242775867
0.725889056058874
-0.595023196102061
-0.869741133155674
0.384755647944984
0.962759186055443
-0.152000169561340
-0.999506560365728
-0.089639308903339
0.977835471138048
0.326039611452231
-0.899012535107177
-0.543383777794784
0.767644740358033
0.728968627421379
-0.591410180293955
-0.871947226253828
0.380609289778936
0.963962860695828
-0.147562812492557
-0.999637465011017
-0.094108313318393
0.976885954764675
0.330279061955139
-0.897038094386986
-0.547145889934043
0.764760776027637
0.732033515886135
-0.587785252292540
-0.874135756577009
0.376455265374489
0.965147119180861
-0.143122483211245
-0.999748234942505
-0.098575422202409
0.975916761938756
0.334511859971792
-0.895045585511203
-0.550896981452037
0.761861407873463
0.735083659720109
-0.584148485111176
-0.876306680043805
0.372293658402067
0.966311937657216
-0.138679271154475
-0.999838867929056
-0.103040545578582
0.974927912181838
0.338737920245213
-0.893035048612926
-0.554636976794223
0.758946694294629
0.738118997487255
-0.580499952001591
-0.878459952927493
0.368124552684719
0.967457292663042
-0.134233265817720
-0.999909362145143
-0.107503593510438
0.973919425411325
0.342957157654029
-0.891006524188421
-0.558365800629554
0.756016693999270
0.741139468049828
-0.576839726452784
-0.880595531856709
0.363948032196850
0.968583161128610
-0.129784556752380
-0.999959716170869
-0.111964476103195
0.972891321940173
0.347169487214291
-0.888960053096207
-0.562083377852094
0.753071466003646
0.744145010569309
-0.573167882188984
-0.882713373816642
0.359764181061897
0.969689520376660
-0.125333233564422
-0.999989928992004
-0.116423103505684
0.971843622476431
0.351374824081297
-0.886895676556441
-0.565789633582157
0.750111069630512
0.747135564508088
-0.569484493168535
-0.884813436149685
0.355573083551057
0.970776348122885
-0.120879385912357
-0.999999999999999
-0.120879385912273
0.970776348122932
0.355573083550872
-0.884813436149777
-0.569484493168372
0.747135564508220
0.750111069630381
-0.565789633582320
-0.886895676556350
0.351374824081483
0.971843622476384
-0.116423103505993
-0.999989928992005
-0.125333233564113
0.969689520376680
0.359764181061819
-0.882713373816681
-0.573167882188914
0.744145010569365
0.753071466003590
-0.562083377852164
-0.888960053096169
0.347169487214477
0.972891321940127
-0.111964476103391
-0.999959716170871
-0.129784556752183
0.968583161128659
0.363948032196665
-0.880595531856803
-0.576839726452622
0.741139468049961
0.756016693999140
-0.558365800629812
-0.891006524188280
0.342957157654322
0.973919425411306
-0.107503593510522
-0.999909362145144
-0.134233265817637
0.967457292663063
0.368124552684640
-0.878459952927533
-0.580499952001523
0.738118997487389
0.758946694294501
-0.554636976794388
-0.893035048612837
0.338737920245400
0.974927912181795
-0.103040545578779
-0.999838867929060
-0.138679271154279
0.966311937657267
0.372293658401777
-0.876306680043955
-0.584148485110923
0.735083659720166
0.761861407873408
-0.550896981452108
-0.895045585511166
0.334511859971872
0.975916761938738
-0.098575422202493
-0.999748234942507
-0.143122483211049
0.965147119180913
0.376455265374305
-0.874135756577106
-0.587785252292380
0.732033515886270
0.764760776027510
-0.547145889934208
-0.897038094386898
0.330279061955326
0.976885954764608
-0.094108313318703
-0.999637465011026
-0.147562812492473
0.963962860695851
0.380609289778859
-0.871947226253870
-0.591410180293886
0.728968627421437
0.767644740357979
-0.543383777794855
-0.899012535107091
0.326039611452418
0.977835471138007
-0.089639308903536
-0.999506560365734
-0.152000169561144
0.962759186055496
0.384755647944801
-0.869741133155772
-0.595023196101902
0.725889056059010
0.770513242775668
-0.539610720810952
-0.900968867902425
0.321793593854443
0.978765291933709
-0.085168498971975
-0.999355523643321
-0.156434465040194
0.961536119504161
0.388894256356540
-0.867517521717751
-0.598624226943370
0.722794863827454
0.773366225503446
-0.535826794979091
-0.902907053368318
0.317541094684971
0.979675398423206
-0.080695973575372
-0.999184357885980
-0.160865609613523
0.960293685676995
0.393025031653740
-0.865276436728050
-0.602213200286087
0.719686113050192
0.776203631076343
-0.532032076515357
-0.904827052466003
0.313282199597477
0.980565772275208
-0.076221822798953
-0.998993066541317
-0.165293514029396
0.959031909598993
0.397147890634678
-0.863017923326411
-0.605790043840713
0.716562866343892
0.779025402343149
-0.528226641853224
-0.906728826522633
0.309016994375125
0.981436395555702
-0.071746136761587
-0.998781653462333
-0.169718089100666
0.957750816684933
0.401262750256452
-0.860742027003961
-0.609354685562771
0.713425186616722
0.781831482467987
-0.524410567641432
-0.908612337232836
0.304745564927315
0.982287250728667
-0.067269005612161
-0.998550122907327
-0.174139245707248
0.956450432738675
0.405369527637285
-0.858448793601955
-0.612907053652829
0.710273137068195
0.784621814930462
-0.520583930743794
-0.910477546658814
0.300467997289464
0.983118320656121
-0.062790519529347
-0.998298479539767
-0.178556894798582
0.955130783952442
0.409468140058820
-0.856138269310506
-0.616447076559392
0.707106781186624
0.787396343527937
-0.516746808236106
-0.912324417231395
0.296184377620623
0.983929588598599
-0.058310768719113
-0.998026728428282
-0.182970947393862
0.953791896906753
0.413558504966322
-0.853810500668347
-0.619974682979081
0.703926182748960
0.790155012375669
-0.512899277405943
-0.914152911751070
0.291894792201096
0.984721038215612
-0.053829843412215
-0.997734875046462
-0.187381314585618
0.952433798569358
0.417640539972012
-0.851465534561549
-0.623489801858614
0.700731405819029
0.792897765908369
-0.509041415750529
-0.915962993388088
0.287599327432214
0.985492653565689
-0.049347833863751
-0.997422925272834
-0.191787907539939
0.951056516295163
0.421714162855268
-0.849103418222221
-0.626992362396767
0.697522514745756
0.795624548881728
-0.505173300974584
-0.917754625683938
0.283298069832863
0.986244419107019
-0.044864830350655
-0.997090885390713
-0.196190637498937
0.949660077825479
0.425779291564907
-0.846724199228386
-0.630482294044554
0.694299574163000
0.798335306372701
-0.501295010989933
-0.919527772551442
0.278991106039259
0.986976319697488
-0.040380923169201
-0.996738762088019
-0.200589415783200
0.948244511287252
0.429835844221452
-0.844327925502071
-0.633959526508070
0.691062648986957
0.801029983781032
-0.497406623913351
-0.921282398275759
0.274678522802555
0.987688340595108
-0.035896202634775
-0.996366562457259
-0.204984153792020
0.946809845192990
0.433883739117550
-0.841914645309179
-0.637423989748666
0.687811804415987
0.803708526830757
-0.493508218064401
-0.923018467515368
0.270360406986433
0.988380467458415
-0.031410759078234
-0.995974293995249
-0.209374763006960
0.945356108439613
0.437922894720232
-0.839484407258163
-0.640875613984893
0.684547105928820
0.806370881570349
-0.489599871965228
-0.924735945302159
0.266036845566891
0.989052686346542
-0.026924682845681
-0.995561964603082
-0.213761154992075
0.943883330308383
0.441953229673171
-0.837037260298669
-0.644314329694430
0.681268619282734
0.809016994374885
-0.485681664337409
-0.926434797042839
0.261707925628732
0.989704983719613
-0.022438064295963
-0.995129582585927
-0.218143241396367
0.942391540464098
0.445974662796888
-0.834573253721419
-0.647740067614263
0.677976410513392
0.811646811946184
-0.481753674101739
-0.928114988519024
0.257373734365350
0.990337346439109
-0.017950993798168
-0.994677156652786
-0.222520933956224
0.940880768954260
0.449987113092019
-0.832092437156222
-0.651152758743470
0.674670545932182
0.814260281314286
-0.477815980376063
-0.929776485888185
0.253034359076315
0.990949761767907
-0.013463561731397
-0.994204695916474
-0.226894144495649
0.939351046208928
0.453990499739522
-0.829594860571852
-0.654552334343398
0.671351092126047
0.816857349838915
-0.473868662473069
-0.931419255684584
0.248689887164954
0.991542217370789
