0.999999999999999
0.078210529151018
-0.987766226259835
-0.232717967617588
0.951364235479193
0.381531368161951
-0.891684695095877
-0.521009631840576
0.810187817097820
0.647740067614432
-0.708867630216939
-0.758621892529023
0.590203190936457
0.850942100268540
-0.457097927058694
-0.922441841766727
0.312808597947465
0.971371693703646
-0.160865609613701
-0.996534462603823
0.004986634338759
0.997314477224457
0.151014351648634
-0.973692652520783
-0.303320386816846
0.926246956610309
0.448204916018872
-0.856138269310461
-0.582122970157289
0.765081978256537
0.701797902883987
-0.655306007573273
-0.804301562100282
0.529496306035565
0.887125934657384
-0.390731128489273
-0.948244511287224
0.242405718504634
0.986161870314184
-0.088149235092972
-0.999950266955942
-0.068264043913681
0.989272332962988
0.223007069184677
-0.954389331192284
-0.372293658401935
0.896154763145921
0.512471134855631
-0.815993485882557
-0.640109699484950
0.715866849259722
0.752086349649501
-0.598224706513031
-0.845661291344695
0.465945472355826
0.918544975241636
-0.322265695230510
-0.968954116344034
0.170700866905875
0.995655326598523
-0.014959407015273
-0.997995292875423
-0.141148072876752
0.975916761938748
0.293802005593909
-0.929959941292487
-0.439267323789380
0.861249281627849
0.573984847883478
-0.771465964272581
-0.694658370458997
0.662806766807027
0.798335306372694
-0.537930313304329
-0.882478935272503
0.399892024319748
0.945030468923143
-0.252069358243119
-0.984459424705047
0.098079173175341
0.999801072770522
0.058310768718936
-0.990680040617101
-0.213273989110969
0.957319497532070
0.363018918048096
-0.900535694187320
-0.503881664371650
0.821717990987315
0.632415662147710
-0.722794863827406
-0.745475999682848
0.606186719018245
0.840296367800322
-0.474746671879561
-0.914556744641093
0.331690738005535
0.966440160908902
-0.180519145250573
-0.994677156652776
0.024930691738084
0.998576841838649
0.131267754658224
-0.978043800734077
-0.284254401034795
0.933580426497203
0.430286039357555
-0.866274628848302
-0.565789633582211
0.777773215587050
0.687449743083317
-0.670241599244494
-0.792289643355191
0.546310814749131
0.877744159160098
-0.409013144454877
-0.941722428075165
0.261707925628621
0.982659058768024
-0.107999355706043
-0.999552432283502
-0.048351693580118
0.991989209203004
0.203519695507853
-0.960154443046357
-0.353708069622568
0.904827052466024
0.495242074749617
-0.827360763017992
-0.624658720898472
0.729650984817456
0.738791500134743
-0.614088436501830
-0.834847863263403
0.483500650208974
0.910477546658814
-0.341082788800359
-0.963830077451576
0.190319468062049
0.993600050061323
-0.034899496702500
-0.999059066269737
-0.121374379749630
0.980073557338547
0.274678522802368
-0.937108052108960
-0.421261956056612
0.871213811120198
0.557538142399385
-0.784003104842334
-0.680172737770906
0.677609765372015
0.786165174386192
-0.554636976794321
-0.872922077269803
0.418093581652565
0.938320717781186
-0.271320461950505
-0.980760951578482
0.117908795963285
0.999204370226178
0.038387809087514
-0.993199708502812
-0.193745158596800
0.962893885754205
0.344362039239033
-0.909028411137388
-0.486553225335738
0.832921240710114
0.616839647289861
-0.736434530278378
-0.732033515886168
0.621929073010880
0.829316319675355
-0.492206536620110
-0.906307787036653
0.350440913424459
0.961124125586839
-0.200100860540545
-0.992424113959740
0.044864830350558
0.999441918203709
0.111468932206285
-0.982005829860203
-0.265075323371788
0.940542467248633
0.412195971476829
-0.876066337162391
-0.549231195078560
0.790155012375710
0.672828078337028
-0.684910532306906
-0.779962508642686
0.562907971269105
0.868013169235253
-0.427132432717221
-0.934825676396004
0.280906011087440
0.978765291933705
-0.127806508293867
-0.998756921218920
-0.028420106309681
0.994311418112904
0.183951350612701
-0.965537553173976
-0.334981756510534
0.913139352308723
0.477815980375902
-0.838398870984698
-0.608959219054562
0.743144825477402
0.725202719127420
-0.629707848667975
-0.823702287237164
0.500863465172529
0.902047880524276
-0.359764181061812
-0.958322574465131
0.209862349769243
0.991149465313788
-0.054825701469362
-0.999725359559777
-0.101552397284364
0.983840426103448
0.255445757935792
-0.943883330308366
-0.403088987376279
0.880831724313071
0.540869617879338
-0.796228326280967
-0.665416495326267
0.692143173870440
0.773682263079570
-0.571122975490019
-0.863017923326327
0.436128798589688
0.931237651557722
-0.290463619602325
-0.976672278334158
0.137691508211034
0.998210129767732
0.018449576695049
-0.995324227455868
-0.174139245707354
0.968085182350405
0.325568154457125
-0.917159467080780
-0.469031208929634
0.843793109003323
0.601018220027900
-0.749781202967752
-0.718299789291090
0.637423989748709
0.818006324354690
-0.509470574795388
-0.897698250837933
0.369051664363431
0.955425702745789
-0.219602964810967
-0.989776230907785
0.064781119290169
0.999909362145144
0.091625761342689
-0.985577163588191
-0.245790784309474
0.947130308985615
0.393941909590940
-0.885509498577874
-0.532454242494998
0.802222442469397
0.657938725939706
-0.699306970660014
-0.767325062368338
0.579281172342682
0.857936836400625
-0.445081784436594
-0.927557000153156
0.299992336837174
0.974482118963728
-0.147562812492456
-0.997564050259823
-0.008477211973253
0.996238035791521
0.164309819852449
-0.970536519880784
-0.316122169412978
0.921088355588470
0.460199784783810
-0.849103418222217
-0.593017440070006
0.756343002654901
0.711325412984627
-0.645076728758712
-0.812228997583081
0.518027009373164
0.893259330618271
-0.378302439539684
-0.952433798569311
0.229321736804843
0.988304547331985
-0.074730093586458
-0.999993907657790
-0.081690011744964
0.987215869567936
0.236111362835347
-0.950283080316095
-0.384755647944910
0.890099194676866
0.523985905970057
-0.808136764729678
-0.650395513961858
0.706401210120866
0.760891538834804
-0.587381750363260
-0.852770413853928
0.453990499739562
0.923784088282262
-0.309491215007868
-0.972195031668976
0.157419439278224
0.996818746958189
-0.001495995943713
-0.997052752226920
-0.154464050742581
0.972891321940146
0.306644740933327
-0.924925627040601
-0.451322586365693
0.854329270445666
0.584957674987212
-0.762829571862268
-0.704280283921998
0.652665304509929
0.806370881570429
-0.526531917830779
-0.888731561387321
0.387515586452152
0.949347159528701
-0.239017699062639
-0.986734560968997
0.084671634772672
0.999978987688302
0.071746136761332
-0.988756381047012
-0.226408456287654
0.953341330705958
0.375531116159752
-0.894600356090904
-0.515465450616871
0.813970704787276
0.642787609686552
-0.713425186616669
-0.754382332396460
0.595423903818855
0.847519169570136
-0.462854058383430
-0.919919291221865
0.318959309298046
0.969811243937553
-0.167260408168231
-0.995974293995230
0.011469055059872
0.997768295725420
0.144602917697718
-0.975149354305580
-0.297136811700746
0.928670899758856
0.442400496655332
-0.859470145878682
-0.576839726452682
0.769240265396296
0.697165102854511
-0.660188962196545
-0.800432559000618
0.534984454218260
0.884115393504576
-0.396690188705152
-0.946166092639871
0.248689887164920
0.985066427979222
-0.094604754002602
-0.999864603720713
-0.061795125470139
0.990198544796766
0.216683029776387
-0.956304755963052
-0.366269231763399
0.899012535107147
0.506893723931657
-0.819723682363096
-0.635115769842136
0.720378201500076
0.747798090498496
-0.603406832788059
-0.842183625869885
0.471671578744844
0.915962993388146
-0.328395677953568
-0.967330992875458
0.177084740319628
0.995030775365396
-0.021440973393876
-0.998384595114692
-0.134727401566415
0.977310392379390
0.287599327431979
-0.932323801215525
-0.433434403098290
0.864525533178379
0.568664401927185
-0.775574445610233
-0.689980577501554
0.667646953469589
0.794414620535398
-0.543383777794830
-0.879411286122225
0.405825333736836
0.942890914311118
-0.258337339056915
-0.983300314285333
0.104528463267677
0.999650767132349
0.051837967659608
-0.991542217370806
-0.206936050651899
0.959173061326992
0.356970915999472
-0.903335292863307
-0.498271578510732
0.825395125230832
0.627380757516681
-0.727259563181738
-0.741139468049846
0.611329743239972
0.836764313458955
-0.480442183779345
-0.911915588298663
0.337799382375543
0.964754525183620
-0.186891458544641
-0.993988284916784
0.031410759078131
0.998901589093855
0.124838484627517
-0.979374221211597
-0.278033236783169
0.935883968070832
0.424425197516719
-0.869494929505216
-0.560432514578180
0.781831482468025
0.682727422479679
-0.675038536511931
-0.788317664755534
0.551729053112680
0.874619707139401
-0.414920112910117
-0.939521950311602
0.267959095144381
0.981436395555742
-0.114441775495415
-0.999337499192695
-0.041875653729105
0.992787265119299
0.197168488407851
-0.961945961498730
-0.347637093734854
0.907568199391680
0.489599871964975
-0.830984469274376
-0.619583342081430
0.734068587199686
0.734407127357486
-0.619191847113868
-0.831261771375031
0.489165001109360
0.907777478532874
-0.347169487214492
-0.962082097133141
0.196679587407483
0.992846926341827
-0.041377420457169
-0.999319226239546
-0.114937150492794
0.981340635521243
0.268439491255821
-0.939351046208947
-0.415373776020950
0.874377840572836
0.552144883199203
-0.788010753606762
-0.675406359231759
0.682362976111804
0.782142298101296
-0.560019450100012
-0.869741133155664
0.423973621602989
0.936059535738952
-0.277554198388988
-0.979474857187131
0.124343704647540
0.998924831061295
0.031909174591251
-0.993933564202187
-0.187381314585674
0.964623180668669
0.338268693368544
-0.911710833661514
-0.480879466835311
0.836491158543415
0.611724299114970
-0.740804596286779
-0.727601738061161
0.626992362396850
0.825676546934571
-0.497839163110173
-0.903549075692465
0.356505060462530
0.959313974540046
-0.206448153321042
-0.991606813167025
0.051339966185945
0.999637465011021
0.105024384009445
-0.983209439716744
-0.258819045102491
0.942724690773090
0.406281038920679
-0.879173780697066
-0.543802332128718
0.794111644398376
0.668018115955483
-0.689619543735686
-0.775889134812387
0.568254144143280
0.864776049423797
-0.432984959298154
-0.932504014986079
0.287121694403133
0.977415894286092
-0.134233265817670
-0.998412803784630
-0.021939521572626
0.994981000601600
0.177575502677149
-0.967204452544324
-0.328866646738575
0.915762783621234
0.472111230506228
-0.841914645309172
-0.603804410325473
0.747466920438624
0.720723977066248
-0.634730513202268
-0.820009195677942
0.506463806996922
0.899230800360079
-0.365805173546810
-0.956450432738632
0.216196184644392
0.990268068741570
-0.061297405329120
-0.999856273754320
-0.095101171161462
0.984980447915501
0.249172855231107
-0.946004566200110
-0.397147890634688
0.883882272844611
0.535405691167452
-0.800133548011264
-0.660563427530338
0.696807517601347
0.769558796866357
-0.576432316169869
-0.859724949801142
0.441953229673308
0.928855741706645
-0.296660631545631
-0.975259711649563
0.144109475330067
0.997801468292043
0.011967686315502
-0.995929470133146
-0.167752028027916
0.969689520376706
0.319431889029635
-0.919723646239271
-0.463296035119791
0.847254390118696
0.595824463473205
-0.754054896979973
-0.713774528476646
0.642405529846619
0.814260281314335
-0.515038074910115
-0.894823082057620
0.375068901421572
0.953491756554164
-0.225922711779101
-0.988830826225118
0.071248747459289
0.999975630705394
0.085168498971896
-0.986653483962214
-0.239501881110658
0.949190346253556
0.387975239601716
-0.888502848680069
-0.526955795496628
0.806075865470095
0.653043035445191
-0.703926182748983
-0.763151913917300
0.584553152728813
0.854588336700934
-0.450877540689475
-0.925115078780202
0.306170061015503
0.973006523744646
-0.153971350836579
-0.997090885390698
-0.001994660679549
0.996778878456250
0.157911867740794
-0.972078136985783
-0.309965358680383
0.923593027544027
0.454434757489203
-0.852509861848336
-0.587785252292443
0.760567870630422
0.706754083526981
-0.650016648925845
-0.808430375665906
0.523561114000670
0.890326359203684
-0.384295322659830
-0.950438240274658
0.235626767265342
0.987295228574591
-0.081193002755152
-0.999995523992272
-0.075227355405019
0.988228381446555
0.229807084674999
-0.952281714056386
-0.378763998189377
0.893035048612893
0.518453485594217
-0.811938005715865
-0.645457687723939
0.710974831112900
0.756669123232731
-0.592615846072362
-0.849366721041927
0.459757004680452
0.921282398275818
-0.315649036947109
-0.970656554687104
0.163817911415143
0.996281125759490
-0.007978563357498
-0.997529141083600
-0.148056000577921
0.974370064785234
0.300467997289344
-0.927370542663367
-0.445528279010883
0.857680537756999
0.579687576411893
-0.767005193570108
-0.699663340513288
0.657563113391880
0.802520058610429
-0.532032076515424
-0.885741079069602
0.393483519545768
0.947290187621362
-0.245307385878899
-0.985661428529845
0.091129182100762
0.999915951636246
0.065278729267268
-0.989704983719647
-0.220089430227496
0.955278362122370
0.369515082603820
-0.897478421842882
-0.509899607151726
0.817719385664416
0.637808138851446
-0.717952761591620
-0.750111069630478
0.600619594235947
0.844060622197805
-0.468590738440690
-0.917358081415231
0.325096616503793
0.968210038219166
-0.173648177666895
-0.995372269942042
0.017950993798060
0.998180183389508
0.138185406863849
-0.976565075805967
-0.290940749522228
0.931055815862512
0.436577485577709
-0.862765903537604
-0.571532241275975
0.773366225503481
0.692503004724281
-0.665044172627168
-0.796529918024226
0.540450119880583
0.881067697735409
-0.402632578165279
-0.944047911718793
0.254963604726397
0.983929588598598
-0.101056297183116
-0.999736921552066
-0.055323610109680
0.991083143909621
0.210349884345333
-0.958179992386613
-0.360229412798285
0.901832526405183
0.501295010989784
-0.823419430264630
-0.630095149698238
0.724859280117851
0.743478405414326
-0.608563601118230
-0.838670567945338
0.477377863313450
0.913342518534794
-0.334511859971989
-0.965667217686195
0.183461171813930
0.994364408338662
-0.027921638723718
-0.998731940617353
-0.128301068387697
0.978662951718867
0.281384563016558
-0.934648480581961
-0.427583267489579
0.867765453368998
0.563320058063505
-0.779650333723939
-0.685273788370141
0.672459082520435
0.790460549722804
-0.548814406786784
-0.876306680043798
0.411741588497188
0.940711735063490
-0.264594463341411
-0.982099881040213
0.110973360590796
0.999458451547159
0.045362988129127
-0.992362724936258
-0.200589415783150
0.960986316235271
0.350907912382448
-0.906096929213850
-0.492640552974304
0.829037572555108
0.622319487445526
-0.731693699726897
-0.736771790309741
0.616447076559561
0.833197094412385
-0.486117505277393
-0.909236109047021
0.343893830853831
0.963028346012719
-0.193255917795661
-0.993257641197448
0.037889506392971
0.999184357885978
0.118403968306396
-0.980663483856331
-0.271800388289366
0.938148179473203
0.418546519366694
-0.872678689965231
-0.555051843608692
0.785856893175462
0.677976410513148
-0.679807105539179
-0.784312557402832
0.557124105270650
0.871458499554843
-0.420809644503976
-0.937281989491859
0.274199003780220
0.980172487848525
-0.120879385912413
-0.999080569319845
-0.035397854069599
0.993543599524657
0.190808995376462
-0.963697054534323
-0.341551508529277
0.910271206105516
0.483937093930174
-0.834573253721345
-0.614481925507842
0.738455340625935
0.729991891397342
-0.624269236421657
-0.827640746023823
0.494808795034723
0.905039261400310
-0.353241595961592
-0.960293685676923
0.203031441367243
0.992052078604175
-0.047853605341242
-0.999537390195220
-0.108495091045551
0.982566473233299
0.262189178640804
-0.941554564434963
-0.409468140058835
0.877505124625993
0.546728420318294
-0.791985286516004
-0.670611596994770
0.687087510804463
0.778086552580916
-0.565378388799172
-0.866523638497984
0.429835844221585
0.933759016147274
-0.283776270716759
-0.978147600733795
0.130773387834380
0.998603312456591
0.025429199124000
-0.994625650217842
-0.181009595945427
0.966311937657234
0.332161131883664
-0.914354941881188
-0.475185499556418
0.840025923150791
0.606583243456811
-0.745143530260994
-0.723139383047152
0.632029302664876
0.822002075447890
-0.503450868096846
-0.900752393038679
0.362554225509643
0.957463508684772
-0.212786770195589
-0.990747840471439
0.057812944478588
0.999791002430337
0.098575422202420
-0.984371730566864
-0.252551890060297
0.944867296647453
0.400349032556877
-0.882244277284709
-0.538350616090667
0.798034904178253
0.663180080364195
-0.694299574162855
-0.771783154533402
0.573576436351056
0.861502587724546
-0.438819289849238
-0.930143165446112
0.293325311537750
0.976025421103622
-0.140654382239030
-0.998026728428270
-0.015458014835440
0.995608769388462
0.171192192197973
-0.968830705511809
-0.322737716469640
0.918347730347645
0.466386640339893
-0.845395038487748
-0.598624226943438
0.751757603384016
0.716214946851369
-0.639726503425787
-0.816281643541093
0.512042864870563
0.896375930360153
-0.371830793207154
-0.954538096542902
0.222520933956301
0.989345056526705
-0.067766533188505
-0.999945169365511
-0.088645948447658
0.986079076295140
0.242889481131240
-0.948086046606159
-0.391190103902770
0.886895676556404
0.529919264233224
-0.804005144430406
-0.655682599805311
0.701442578258628
0.765402990234635
-0.581717432498582
-0.856395846658808
0.447759087838742
0.926434797042899
-0.302845176437458
-0.973806160042913
0.150521386302503
0.997350874585424
0.005485292998387
-0.996492859249519
-0.161357760632620
0.971253107566118
0.313282199597255
-0.922249174357925
-0.457541391468502
0.850680065687435
0.590605667619778
-0.758296902119168
-0.709219271556415
0.647360073094114
0.810480019292280
-0.520583930743759
-0.891910308674253
0.381070376350436
0.951517740230544
-0.232232964430411
-0.987843866299369
0.077713381426687
0.999999875666361
0.078707657426951
-0.987688340595163
-0.233202912935430
0.951210494154685
0.381992265099110
-0.891458859784690
-0.521435203379359
0.809895413436153
0.648119901063008
-0.708515812605265
-0.758946694294451
0.589800567488894
0.851203923248206
-0.456654348983563
-0.922634279794443
0.312334918512378
0.971490038292830
-0.160373418592727
-0.996575818152620
0.004487974439075
0.997277831864013
0.151507279442255
-0.973578902873193
-0.303795521770217
0.926058885850476
0.448650632744954
-0.855880479068631
-0.582528363060924
0.764760776027688
0.702153052995063
-0.654929252388194
-0.804597779766586
0.529073216169635
0.887355972159103
-0.390272055913874
-0.948402740170863
0.241921895599796
0.986244419107018
-0.087652499818598
-0.999955115891462
-0.068761537663682
0.989199363399634
0.223493148958354
-0.954240328516313
-0.372756431019360
0.895933373087375
0.512899277405801
-0.815705125313209
-0.640492736369689
0.715518573655494
0.752414908895646
-0.597825037323806
-0.845927333913291
0.465504188506468
0.918741991723504
-0.321793593854556
-0.969077286229049
0.170209499166141
0.995701636221677
-0.014460795475276
-0.997963609153809
-0.141641728415484
0.975807860095329
0.294278626591042
-0.929776485888289
-0.439715248498037
0.860995761366682
0.574393116684582
-0.771148582173474
-0.695016994016273
0.662433288431548
0.798635510047234
-0.537509876752372
-0.882713373816638
0.399434916642611
0.945193406200661
-0.251586763744596
-0.984546874040376
0.097582899759238
0.999810894492898
