0.999999999999999
0.027921638723569
-0.998440764181980
-0.083677843332316
0.993767919160595
0.139173100960066
-0.985996037070504
-0.194234351219972
0.975149354305562
0.248689887164855
-0.961261695938318
-0.302369890750445
0.944376370237480
0.355106962408138
-0.924546033612312
-0.406736643075801
0.901832526405112
0.457097927058695
-0.876306680043862
-0.506033764121165
0.848048096156424
0.553391549243348
-0.817144898335126
-0.599023598515584
0.783693457325838
0.642787609686543
-0.747798090498529
-0.684547105928687
0.709570736536518
0.724171861437471
-0.669130606358855
-0.761538307536736
0.626603811364457
0.796529918024200
-0.582122970157286
-0.829037572555041
0.535826794978993
0.858959896930667
-0.487859659138729
-0.886203579231214
0.438371146789073
0.910683660806179
-0.387515586452092
-0.932323801215512
0.335451569750251
0.951056516295155
-0.282341456842879
-0.966823388604459
0.228350870110651
0.979575249599345
-0.173648177666918
-0.989272332962988
0.118403968306496
0.995884398615970
-0.062790519529315
-0.999390827019095
0.006981260297956
0.999780683474844
0.048849769795626
-0.997052752226919
-0.104528463267659
0.991215540251539
0.159881187691834
-0.982287250728687
-0.214735327167069
0.970295726275993
0.268919820615279
-0.955278362122342
-0.322265695230517
0.937281989491887
0.374606593415912
-0.916362729562237
-0.425779291565079
0.892585818452120
0.475624209070287
-0.866025403784436
-0.523985905970085
0.836764313458955
0.570713567684432
-0.804893797355911
-0.615661475325664
0.770513242775781
0.658689460118691
-0.733729864502863
-0.699663340513381
0.694658370458998
0.738455340625884
-0.653420603990101
-0.774944488704184
0.610145163901257
0.809016994374956
-0.564967003424921
-0.840566603495681
0.518027009373131
0.869494929505219
-0.469471562785885
-0.895711760239416
0.419452082446165
0.919135339255240
-0.368124552684658
-0.939692620785916
0.315649036947103
0.957319497532067
-0.262189178640858
-0.971961000578548
0.207911690817745
0.983571470813388
-0.152985836284017
-0.992114701314476
0.097582899759149
0.997564050259824
-0.041875653729192
-0.999902524009303
-0.013962180339160
0.999122830098857
0.069756473744147
-0.995227399981828
-0.125333233564305
0.988228381446551
0.180519145250568
-0.978147600733802
-0.235142113102605
0.965016494472305
0.289031796944493
-0.948876011644496
-0.342020143325670
0.929776485888248
0.393941909590959
-0.907777478532902
-0.444635179184942
0.882947592858917
0.493941866584251
-0.855364260160492
-0.541708210282742
0.825113498278291
0.587785252292481
-0.792289643355182
-0.632029302664864
0.756995055651742
0.674302387583741
-0.719339800338651
-0.714472679632805
0.679441304261511
0.752414908895731
-0.637423989748678
-0.788010753606732
0.593418886603683
0.821149209133718
-0.547563223492526
-0.851726934143049
0.499999999999993
0.879648572866621
-0.450877540689417
-0.904827052466027
0.400349032556874
0.927183854566796
-0.348572047321814
-0.946649260115697
0.295708050044038
0.963162566797660
-0.241921895599652
-0.976672278334171
0.187381314585702
0.987136265072991
-0.132256390257092
-0.994521895368273
0.076719028126781
0.998806137341434
-0.020942419883312
-0.999975630705394
-0.034899496702497
0.998026728428269
0.090632580197783
-0.992965508106532
-0.146083028562422
0.984807753012200
0.201077921145982
-0.973578902873161
-0.255445757935814
0.959313974540057
0.309016994374978
-0.942057452787293
-0.361624570082129
0.921863151588494
0.413104429824532
-0.898794046299156
-0.463296035119859
0.872922077269795
0.512042864870575
-0.844327925501995
-0.559192903470756
0.813100761047001
0.604599114862389
-0.779337964931477
-0.648119901063150
0.743144825477392
0.689619543735694
-0.704634209963588
-0.728968627421439
0.663926212652229
0.766044443119008
-0.621147780278291
-0.800731370948732
0.576432316169767
0.832921240710102
-0.529919264233172
-0.862513669207263
0.481753674101675
0.889416373291306
-0.432085748801986
-0.913545457642611
0.381070376350271
0.934825676396026
-0.328866646738573
-0.953190667792959
0.275637355816982
0.968583161128628
-0.221548497619443
-0.980955155349191
0.166768746716070
0.990268068741570
-0.111468932206286
-0.996492859249505
0.055821504993117
0.999610115040354
-0.000000000000002
-0.999610115040353
-0.055821504993169
0.996492859249500
0.111468932206337
-0.990268068741563
-0.166768746716121
0.980955155349181
0.221548497619493
-0.968583161128630
-0.275637355817032
0.953190667792943
0.328866646738622
-0.934825676396008
-0.381070376350319
0.913545457642590
0.432085748801981
-0.889416373291282
-0.481753674101720
0.862513669207237
0.529919264233216
-0.832921240710073
-0.576432316169810
0.800731370948735
0.621147780278332
-0.766044443118975
-0.663926212652268
0.728968627421403
0.704634209963624
-0.689619543735656
-0.743144825477427
