0.999999999999999
0.213761154992114
-0.908612337232874
-0.602213200286081
0.651152758743573
0.880595531856737
-0.274678522802390
-0.998026728428271
-0.152000169561267
0.933043264819443
0.550896981452102
-0.697522514745702
-0.849103418222192
0.334511859971845
0.992114701314477
0.089639308903432
-0.953791896906691
-0.497406623913223
0.741139468049855
0.814260281314378
-0.393025031653922
-0.982287250728687
-0.026924682845663
0.970776348122917
0.441953229673225
-0.781831482468029
-0.776203631076353
0.449987113092119
0.968583161128631
-0.035896202634585
-0.983929588598629
-0.384755647944935
0.819437965209731
0.735083659720177
-0.505173300974498
-0.951056516295154
0.098575422202446
0.993199708502812
0.326039611452341
-0.853810500668346
-0.691062648986866
0.558365800629659
0.929776485888249
-0.160865609613700
-0.998550122907320
-0.266036845566675
0.884813436149737
0.644314329694496
-0.609354685562810
-0.904827052466021
0.222520933956315
0.999959716170870
0.204984153792231
-0.912324417231455
-0.595023196102039
0.657938725939714
0.876306680043865
-0.283298069832749
-0.997422925272833
-0.143122483211121
0.936234870639738
0.543383777794809
-0.703926182748945
-0.844327925502018
0.342957157654131
0.990949761767933
0.080695973575220
-0.956450432738632
-0.489599871965056
0.747135564508150
0.809016994374951
-0.401262750256473
-0.980565772275218
-0.017950993798101
0.972891321940144
0.433883739117563
-0.787396343528011
-0.770513242775784
0.457984742103065
0.966311937657222
-0.044864830350511
-0.985492653565726
-0.376455265374398
0.824549628907140
0.728968627421407
-0.512899277405903
-0.948244511287224
0.107503593510520
0.994204695916451
0.317541094684851
-0.858448793601865
-0.684547105928685
0.565789633582211
0.926434797042886
-0.169718089100663
-0.998993066541313
-0.257373734365296
0.888960053096192
0.637423989748697
-0.616447076559477
-0.900968867902417
0.231262784929946
0.999838867929057
0.196190637499090
-0.915962993388165
-0.587785252292481
0.664671684553432
0.871947226253861
-0.291894792201026
-0.996738762088013
-0.134233265817651
0.939351046208922
0.535826794979006
-0.710273137068062
-0.839484407258076
0.351374824081335
0.989704983719632
0.071746136761375
-0.959031909598963
-0.481753674101726
0.753071466003615
0.803708526830788
-0.409468140058882
-0.978765291933708
-0.008975858480995
0.974927912181822
0.425779291565084
-0.792897765908479
-0.764760776027598
0.465945472355816
0.963962860695849
-0.053829843412131
-0.986976319697494
-0.368124552684690
0.829594860571834
0.722794863827392
-0.520583930743599
-0.945356108439565
0.116423103505825
0.995129582585910
0.309016994374961
-0.863017923326352
-0.677976410513222
0.573167882188913
0.923018467515393
-0.178556894798638
-0.999355523643320
-0.248689887164869
0.893035048612887
0.630482294044716
-0.623489801858724
-0.897038094386964
0.239986003602566
0.999637465011020
0.187381314585712
-0.919527772551451
-0.580499952001576
0.671351092125994
0.867517521717713
-0.300467997289451
-0.995974293995239
-0.125333233564292
0.942391540464035
0.528226641853088
-0.716562866343783
-0.834573253721298
0.359764181061806
0.988380467458431
0.062790519529302
-0.961536119504149
-0.473868662473003
0.758946694294546
0.798335306372697
-0.417640539972129
-0.976885954764649
0.000000000000010
0.976885954764647
0.417640539972136
-0.798335306372692
-0.758946694294551
0.473868662472996
0.961536119504151
-0.062790519529323
-0.988380467458430
-0.359764181061813
0.834573253721293
0.716562866343788
-0.528226641853081
-0.942391540464038
0.125333233564285
0.995974293995236
0.300467997289432
-0.867517521717723
-0.671351092126000
0.580499952001570
0.919527772551454
-0.187381314585705
-0.999637465011019
-0.239986003602546
0.897038094386973
0.623489801858730
-0.630482294044709
-0.893035048612890
0.248689887164834
0.999355523643321
0.178556894798617
-0.923018467515401
-0.573167882188919
0.677976410513216
0.863017923326356
-0.309016994374926
-0.995129582585913
-0.116423103505804
0.945356108439571
0.520583930743606
-0.722794863827387
-0.829594860571838
0.368124552684657
0.986976319697490
0.053829843412110
-0.963962860695855
-0.465945472355823
0.764760776027593
0.792897765908484
-0.425779291565051
-0.974927912181817
0.008975858481015
0.978765291933712
0.409468140058889
-0.803708526830784
-0.753071466003621
0.481753674101694
0.959031909598958
-0.071746136761396
-0.989704983719635
-0.351374824081342
0.839484407258072
0.710273137068068
-0.535826794978975
-0.939351046208914
0.134233265817671
0.996738762088014
0.291894792201034
-0.871947226253857
-0.664671684553438
0.587785252292452
0.915962993388156
-0.196190637499110
-0.999838867929057
-0.231262784929953
0.900968867902414
0.616447076559483
-0.637423989748669
-0.888960053096182
0.257373734365316
0.998993066541313
0.169718089100671
-0.926434797042883
-0.565789633582229
0.684547105928668
0.858448793601854
-0.317541094684857
-0.994204695916450
-0.107503593510528
0.948244511287222
0.512899277405922
-0.728968627421392
-0.824549628907128
0.376455265374403
0.985492653565725
0.044864830350518
-0.966311937657220
-0.457984742103085
0.770513242775770
0.787396343527999
-0.433883739117569
-0.972891321940143
0.017950993798093
0.980565772275217
0.401262750256493
-0.809016994374930
-0.747135564508136
0.489599871965062
0.956450432738630
-0.080695973575212
-0.990949761767932
-0.342957157654151
0.844327925501998
0.703926182748931
-0.543383777794814
-0.936234870639735
0.143122483211114
0.997422925272832
0.283298069832771
-0.876306680043848
-0.657938725939698
0.595023196102045
0.912324417231453
-0.204984153792224
-0.999959716170870
-0.222520933956337
0.904827052466030
0.609354685562794
-0.644314329694501
-0.884813436149737
0.266036845566668
0.998550122907321
0.160865609613722
-0.929776485888260
-0.558365800629648
0.691062648986870
0.853810500668346
-0.326039611452334
-0.993199708502814
-0.098575422202468
0.951056516295160
0.505173300974487
-0.735083659720181
-0.819437965209731
0.384755647944928
0.983929588598632
0.035896202634607
-0.968583161128636
-0.449987113092107
0.776203631076357
0.781831482468030
-0.441953229673218
-0.970776348122921
0.026924682845637
0.982287250728692
0.393025031653910
-0.814260281314381
-0.741139468049855
0.497406623913213
0.953791896906697
-0.089639308903407
-0.992114701314480
-0.334511859971832
0.849103418222196
0.697522514745704
-0.550896981452093
-0.933043264819450
0.152000169561240
0.998026728428272
0.274678522802377
-0.880595531856739
-0.651152758743575
0.602213200286072
0.908612337232882
-0.213761154992087
-0.999999999999999
-0.213761154992102
0.908612337232875
0.602213200286085
-0.651152758743563
-0.880595531856747
0.274678522802362
0.998026728428269
0.152000169561255
-0.933043264819445
-0.550896981452106
0.697522514745692
0.849103418222204
-0.334511859971817
-0.992114701314474
-0.089639308903423
0.953791896906692
0.497406623913226
-0.741139468049845
-0.814260281314391
0.393025031653895
0.982287250728684
0.026924682845653
-0.970776348122918
-0.441953229673232
0.781831482468020
0.776203631076367
-0.449987113092093
-0.968583161128640
0.035896202634535
0.983929588598619
0.384755647944890
-0.819437965209755
-0.735083659720153
0.505173300974522
0.951056516295147
-0.098575422202452
-0.993199708502812
-0.326039611452349
0.853810500668338
0.691062648986882
-0.558365800629635
-0.929776485888265
0.160865609613650
0.998550122907317
0.266036845566628
-0.884813436149756
-0.644314329694469
0.609354685562826
0.904827052466012
-0.222520933956321
-0.999959716170870
-0.204984153792239
0.912324417231446
0.595023196102057
-0.657938725939686
-0.876306680043883
0.283298069832701
0.997422925272837
0.143122483211073
-0.936234870639750
-0.543383777794780
0.703926182748960
0.844327925502007
-0.342957157654137
-0.990949761767934
-0.080695973575228
0.956450432738625
0.489599871965075
-0.747135564508125
-0.809016994374972
0.401262750256426
0.980565772275231
0.017950993798052
-0.972891321940152
-0.433883739117531
0.787396343528024
0.770513242775780
-0.457984742103071
-0.966311937657224
0.044864830350503
0.985492653565722
0.376455265374418
-0.824549628907119
-0.728968627421442
0.512899277405860
0.948244511287209
-0.107503593510569
-0.994204695916454
-0.317541094684818
0.858448793601875
0.684547105928680
-0.565789633582216
-0.926434797042889
0.169718089100655
0.998993066541313
0.257373734365331
-0.888960053096175
-0.637423989748725
0.616447076559426
0.900968867902396
-0.231262784929993
-0.999838867929057
-0.196190637499069
0.915962993388173
0.587785252292465
-0.664671684553426
-0.871947226253865
0.291894792201019
0.996738762088015
0.134233265817686
-0.939351046208909
-0.535826794979037
0.710273137068017
0.839484407258050
-0.351374824081381
-0.989704983719629
-0.071746136761355
0.959031909598969
0.481753674101708
-0.753071466003610
-0.803708526830793
0.409468140058875
0.978765291933715
0.008975858481031
-0.974927912181814
-0.425779291565117
0.792897765908439
0.764760776027567
-0.465945472355860
-0.963962860695844
0.053829843412151
0.986976319697497
0.368124552684671
-0.829594860571830
-0.722794863827397
0.520583930743593
0.945356108439576
-0.116423103505789
-0.995129582585906
-0.309016994374995
0.863017923326320
0.677976410513186
-0.573167882188953
-0.923018467515385
0.178556894798658
0.999355523643321
0.248689887164849
-0.893035048612883
-0.630482294044722
0.623489801858718
0.897038094386980
-0.239986003602531
-0.999637465011021
-0.187381314585776
0.919527772551426
0.580499952001536
-0.671351092126031
-0.867517521717702
0.300467997289471
0.995974293995237
0.125333233564300
