0.999999999999999
-0.294755174410904
-0.826238774315994
0.781831482468029
0.365341024366395
-0.997203797181179
0.222520933956314
0.866025403784437
-0.733051871829826
-0.433883739117557
0.988830826225128
-0.149042266176174
-0.900968867902419
0.680172737770918
0.499999999999998
-0.974927912181823
0.074730093586424
0.930873748644204
-0.623489801858735
-0.563320058063620
0.955572805786140
-0.000000000000000
-0.955572805786140
0.563320058063621
0.623489801858734
-0.930873748644202
-0.074730093586427
0.974927912181822
-0.500000000000002
-0.680172737770917
0.900968867902419
0.149042266176174
-0.988830826225128
0.433883739117557
0.733051871829826
-0.866025403784437
-0.222520933956310
0.997203797181179
-0.365341024366398
-0.781831482468032
0.826238774315995
0.294755174410910
-0.999999999999999
0.294755174410911
0.826238774315995
-0.781831482468033
-0.365341024366397
0.997203797181179
-0.222520933956311
-0.866025403784436
0.733051871829822
0.433883739117556
-0.988830826225127
0.149042266176175
0.900968867902415
-0.680172737770918
-0.499999999999995
0.974927912181822
-0.074730093586428
-0.930873748644205
0.623489801858735
0.563320058063626
-0.955572805786140
-0.000000000000006
0.955572805786140
-0.563320058063627
-0.623489801858734
0.930873748644205
0.074730093586427
-0.974927912181822
0.499999999999996
0.680172737770927
-0.900968867902422
-0.149042266176173
0.988830826225129
-0.433883739117570
-0.733051871829821
0.866025403784437
0.222520933956323
-0.997203797181178
0.365341024366398
0.781831482468032
-0.826238774315987
-0.294755174410896
0.999999999999999
-0.294755174410897
-0.826238774315986
0.781831482468033
0.365341024366396
-0.997203797181178
0.222520933956325
0.866025403784436
-0.733051871829823
-0.433883739117569
0.988830826225129
-0.149042266176175
-0.900968867902421
0.680172737770929
0.499999999999994
-0.974927912181822
0.074730093586415
0.930873748644199
-0.623489801858735
-0.563320058063625
0.955572805786136
-0.000000000000008
-0.955572805786140
0.563320058063616
0.623489801858722
-0.930873748644205
-0.074730093586426
0.974927912181825
-0.500000000000009
-0.680172737770916
0.900968867902416
0.149042266176187
-0.988830826225126
0.433883739117558
0.733051871829831
-0.866025403784444
-0.222520933956309
0.997203797181179
-0.365341024366385
-0.781831482468022
0.826238774315996
0.294755174410909
-0.999999999999999
0.294755174410911
0.826238774315994
-0.781831482468024
-0.365341024366382
0.997203797181180
-0.222520933956312
-0.866025403784443
0.733051871829833
0.433883739117555
-0.988830826225127
0.149042266176162
0.900968867902415
-0.680172737770940
-0.500000000000006
0.974927912181826
-0.074730093586401
-0.930873748644204
0.623489801858747
0.563320058063637
-0.955572805786140
0.000000000000023
0.955572805786144
-0.563320058063628
-0.623489801858711
0.930873748644200
0.074730093586412
-0.974927912181828
0.499999999999997
0.680172737770906
-0.900968867902410
-0.149042266176172
0.988830826225124
-0.433883739117546
-0.733051871829821
0.866025403784452
0.222520933956322
-0.997203797181178
0.365341024366372
0.781831482468031
-0.826238774316004
-0.294755174410922
0.999999999999999
-0.294755174410926
-0.826238774316002
0.781831482468033
0.365341024366369
-0.997203797181178
0.222520933956326
0.866025403784450
-0.733051871829823
-0.433883739117542
0.988830826225125
-0.149042266176176
-0.900968867902408
0.680172737770909
0.499999999999994
-0.974927912181829
0.074730093586416
0.930873748644199
-0.623489801858714
-0.563320058063624
0.955572805786145
0.000000000000019
-0.955572805786139
0.563320058063640
0.623489801858744
-0.930873748644206
-0.074730093586397
0.974927912181825
-0.500000000000010
-0.680172737770937
0.900968867902417
0.149042266176158
-0.988830826225130
0.433883739117559
0.733051871829811
-0.866025403784431
-0.222520933956308
0.997203797181177
-0.365341024366386
-0.781831482468022
0.826238774315980
0.294755174410908
-0.999999999999999
0.294755174410885
0.826238774315993
-0.781831482468043
-0.365341024366408
0.997203797181180
-0.222520933956340
-0.866025403784442
0.733051871829833
0.433883739117580
-0.988830826225127
0.149042266176191
0.900968867902427
-0.680172737770919
-0.499999999999981
0.974927912181819
-0.074730093586430
-0.930873748644194
0.623489801858725
0.563320058063612
-0.955572805786132
-0.000000000000004
0.955572805786135
-0.563320058063605
-0.623489801858732
0.930873748644211
0.074730093586439
-0.974927912181821
0.500000000000022
0.680172737770926
-0.900968867902423
-0.149042266176199
0.988830826225128
-0.433883739117572
-0.733051871829839
0.866025403784438
0.222520933956294
-0.997203797181180
0.365341024366400
0.781831482468013
-0.826238774315988
-0.294755174410894
0.999999999999999
-0.294755174410899
-0.826238774315985
0.781831482468016
0.365341024366394
-0.997203797181181
0.222520933956299
0.866025403784435
-0.733051871829843
-0.433883739117567
0.988830826225129
-0.149042266176149
-0.900968867902420
0.680172737770930
0.500000000000017
-0.974927912181823
0.074730093586445
0.930873748644209
-0.623489801858737
-0.563320058063600
0.955572805786137
-0.000000000000010
-0.955572805786147
0.563320058063664
0.623489801858721
-0.930873748644196
-0.074730093586368
0.974927912181818
-0.499999999999986
-0.680172737770957
0.900968867902429
0.149042266176185
-0.988830826225135
0.433883739117585
0.733051871829829
-0.866025403784417
-0.222520933956279
0.997203797181179
-0.365341024366361
-0.781831482468003
0.826238774315997
0.294755174410934
-0.999999999999999
0.294755174410913
0.826238774316009
-0.781831482468061
-0.365341024366381
0.997203797181178
-0.222520933956369
-0.866025403784428
0.733051871829815
0.433883739117605
-0.988830826225131
0.149042266176163
0.900968867902439
-0.680172737770941
-0.500000000000005
0.974927912181813
-0.074730093586460
-0.930873748644204
0.623489801858704
0.563320058063588
-0.955572805786141
-0.000000000000032
0.955572805786126
-0.563320058063629
-0.623489801858754
0.930873748644222
0.074730093586410
-0.974927912181827
0.500000000000048
0.680172737770904
-0.900968867902411
-0.149042266176226
0.988830826225124
-0.433883739117547
-0.733051871829858
0.866025403784453
0.222520933956320
-0.997203797181182
0.365341024366427
0.781831482468030
-0.826238774315973
-0.294755174410866
0.999999999999999
-0.294755174410873
-0.826238774315969
0.781831482468035
0.365341024366420
-0.997203797181183
0.222520933956328
0.866025403784449
-0.733051871829863
-0.433883739117540
0.988830826225125
-0.149042266176122
-0.900968867902408
0.680172737770910
0.500000000000041
-0.974927912181829
0.074730093586417
0.930873748644219
-0.623489801858760
-0.563320058063623
0.955572805786129
-0.000000000000040
-0.955572805786139
0.563320058063594
0.623489801858698
-0.930873748644206
-0.074730093586452
0.974927912181812
-0.500000000000011
-0.680172737770935
0.900968867902442
0.149042266176156
-0.988830826225130
0.433883739117509
0.733051871829809
-0.866025403784432
-0.222520933956361
0.997203797181177
-0.365341024366388
-0.781831482468056
0.826238774316013
0.294755174410906
-0.999999999999999
0.294755174410941
0.826238774315992
-0.781831482468008
-0.365341024366353
0.997203797181180
-0.222520933956287
-0.866025403784413
0.733051871829835
0.433883739117578
-0.988830826225136
0.149042266176193
0.900968867902426
-0.680172737770879
-0.499999999999979
0.974927912181820
-0.074730093586375
-0.930873748644193
0.623489801858727
0.563320058063658
-0.955572805786150
-0.000000000000002
0.955572805786151
-0.563320058063654
-0.623489801858731
0.930873748644191
0.074730093586380
-0.974927912181821
0.499999999999975
0.680172737770883
-0.900968867902424
-0.149042266176197
0.988830826225119
-0.433883739117574
-0.733051871829838
0.866025403784411
0.222520933956292
-0.997203797181180
0.365341024366349
0.781831482468011
-0.826238774315990
-0.294755174410946
0.999999999999999
-0.294755174410901
-0.826238774316016
0.781831482468053
0.365341024366393
-0.997203797181177
0.222520933956357
0.866025403784434
-0.733051871829806
-0.433883739117514
0.988830826225129
-0.149042266176151
-0.900968867902395
0.680172737770932
0.500000000000016
-0.974927912181810
0.074730093586447
0.930873748644208
-0.623489801858694
-0.563320058063599
0.955572805786137
0.000000000000045
-0.955572805786130
0.563320058063619
0.623489801858764
-0.930873748644217
-0.074730093586422
0.974927912181830
-0.500000000000037
-0.680172737770914
0.900968867902406
0.149042266176127
-0.988830826225126
0.433883739117536
0.733051871829789
-0.866025403784446
-0.222520933956333
0.997203797181183
-0.365341024366415
-0.781831482468038
0.826238774315966
0.294755174410878
-0.999999999999999
0.294755174410861
0.826238774315976
-0.781831482468027
-0.365341024366432
0.997203797181182
-0.222520933956316
-0.866025403784455
0.733051871829855
0.433883739117552
-0.988830826225123
0.149042266176222
0.900968867902413
-0.680172737770901
-0.499999999999954
0.974927912181826
-0.074730093586405
-0.930873748644224
0.623489801858750
0.563320058063633
-0.955572805786125
0.000000000000027
0.955572805786142
-0.563320058063584
-0.623489801858708
0.930873748644202
0.074730093586464
-0.974927912181814
0.500000000000000
0.680172737770945
-0.900968867902437
-0.149042266176168
0.988830826225132
-0.433883739117600
-0.733051871829818
0.866025403784425
0.222520933956263
-0.997203797181178
0.365341024366376
0.781831482468064
-0.826238774316006
-0.294755174410918
0.999999999999999
-0.294755174410929
-0.826238774316000
0.781831482468000
0.365341024366365
-0.997203797181179
0.222520933956274
0.866025403784419
