0.999999999999999
0.817144898335128
0.335451569750255
-0.268919820615265
-0.774944488704178
-0.997564050259823
-0.855364260160506
-0.400349032556896
0.201077921145963
0.728968627421410
0.990268068741569
0.889416373291297
0.463296035119863
-0.132256390257120
-0.679441304261514
-0.978147600733804
-0.919135339255234
-0.523985905970082
0.062790519529311
0.626603811364457
0.961261695938317
0.944376370237481
0.582122970157291
0.006981260297965
-0.570713567684427
-0.939692620785906
-0.965016494472312
-0.637423989748693
-0.076719028126823
0.512042864870568
0.913545457642599
0.980955155349192
0.689619543735673
0.146083028562416
-0.450877540689424
-0.882947592858923
-0.992114701314477
-0.738455340625886
-0.214735327167070
0.387515586452097
0.848048096156422
0.998440764181980
0.783693457325844
0.282341456842882
-0.322265695230506
-0.809016994374942
-0.999902524009303
-0.825113498278298
-0.348572047321824
0.255445757935782
0.766044443118972
0.996492859249503
0.862513669207261
0.413104429824549
-0.187381314585713
-0.719339800338646
-0.988228381446550
-0.895711760239417
-0.475624209070282
0.118403968306490
0.669130606358853
0.975149354305560
0.924546033612317
0.535826794979002
-0.048849769795603
-0.615661475325648
-0.957319497532064
-0.948876011644499
-0.593418886603712
-0.020942419883366
0.559192903470736
0.934825676396011
0.968583161128633
0.648119901063140
0.090632580197789
-0.499999999999990
-0.907777478532902
-0.983571470813387
-0.699663340513374
-0.159881187691850
0.438371146789067
0.876306680043856
0.993767919160597
0.747798090498539
0.228350870110669
-0.374606593415902
-0.840566603495677
-0.999122830098858
-0.792289643355197
-0.295708050044059
0.309016994374932
0.800731370948725
0.999610115040353
0.832921240710108
0.361624570082104
-0.241921895599652
-0.756995055651744
-0.995227399981829
-0.869494929505226
-0.425779291565083
0.173648177666915
0.709570736536508
0.985996037070502
0.901832526405120
0.487859659138749
-0.104528463267632
-0.658689460118667
-0.971961000578542
-0.929776485888259
-0.547563223492565
0.034899496702487
0.604599114862356
0.953190667792940
0.953190667792950
0.604599114862394
0.034899496702521
-0.547563223492536
-0.929776485888246
-0.971961000578550
-0.658689460118692
-0.104528463267666
0.487859659138713
0.901832526405105
0.985996037070506
0.709570736536537
0.173648177666949
-0.425779291565059
-0.869494929505206
-0.995227399981832
-0.756995055651766
-0.241921895599692
0.361624570082072
0.832921240710090
0.999610115040354
0.800731370948746
0.309016994374964
-0.295708050044020
-0.792289643355176
-0.999122830098857
-0.840566603495699
-0.374606593415934
0.228350870110637
0.747798090498521
0.993767919160593
0.876306680043873
0.438371146789091
-0.159881187691809
-0.699663340513349
-0.983571470813382
-0.907777478532919
-0.500000000000019
0.090632580197762
0.648119901063109
0.968583161128624
0.934825676396020
0.559192903470770
-0.020942419883332
-0.593418886603685
-0.948876011644486
-0.957319497532074
-0.615661475325674
-0.048849769795644
0.535826794978974
0.924546033612304
0.975149354305569
0.669130606358878
0.118403968306524
-0.475624209070258
-0.895711760239399
-0.988228381446556
-0.719339800338664
-0.187381314585754
0.413104429824518
0.862513669207246
0.996492859249506
0.766044443118994
0.255445757935811
-0.348572047321785
-0.825113498278279
-0.999902524009304
-0.809016994374966
-0.322265695230538
0.282341456842853
0.783693457325818
0.998440764181978
0.848048096156438
0.387515586452135
-0.214735327167033
-0.738455340625865
-0.992114701314472
-0.882947592858941
-0.450877540689454
0.146083028562375
0.689619543735646
0.980955155349185
0.913545457642610
0.512042864870600
-0.076719028126790
-0.637423989748670
-0.965016494472301
-0.939692620785918
-0.570713567684452
0.006981260297926
0.582122970157264
0.944376370237471
0.961261695938328
0.626603811364485
0.062790519529341
-0.523985905970047
-0.919135339255221
-0.978147600733814
-0.679441304261534
-0.132256390257156
0.463296035119822
0.889416373291285
0.990268068741574
0.728968627421442
0.201077921145990
-0.400349032556861
-0.855364260160482
-0.997564050259825
-0.774944488704202
-0.268919820615311
0.335451569750228
0.817144898335106
0.999999999999999
0.817144898335145
0.335451569750292
-0.268919820615218
-0.774944488704160
-0.997564050259820
-0.855364260160517
-0.400349032556923
0.201077921145924
0.728968627421395
0.990268068741565
0.889416373291316
0.463296035119882
-0.132256390257089
-0.679441304261484
-0.978147600733799
-0.919135339255247
-0.523985905970116
0.062790519529288
0.626603811364432
0.961261695938305
0.944376370237489
0.582122970157319
0.006981260298008
-0.570713567684408
-0.939692620785895
-0.965016494472323
-0.637423989748711
-0.076719028126857
0.512042864870529
0.913545457642588
0.980955155349198
0.689619543735705
0.146083028562442
-0.450877540689394
-0.882947592858902
-0.992114701314481
-0.738455340625911
-0.214735327167113
0.387515586452072
0.848048096156402
0.998440764181983
0.783693457325860
0.282341456842918
-0.322265695230460
-0.809016994374926
-0.999902524009303
-0.825113498278325
-0.348572047321849
0.255445757935746
0.766044443118942
0.996492859249500
0.862513669207280
0.413104429824593
-0.187381314585687
-0.719339800338617
-0.988228381446543
-0.895711760239429
-0.475624209070318
0.118403968306471
0.669130606358828
0.975149354305551
0.924546033612324
0.535826794979031
-0.048849769795562
-0.615661475325632
-0.957319497532054
-0.948876011644512
-0.593418886603728
-0.020942419883400
0.559192903470702
0.934825676396001
0.968583161128641
0.648119901063171
0.090632580197815
-0.499999999999960
-0.907777478532885
-0.983571470813391
-0.699663340513398
-0.159881187691890
0.438371146789043
0.876306680043840
0.993767919160602
0.747798090498557
0.228350870110702
-0.374606593415858
-0.840566603495662
-0.999122830098859
-0.792289643355226
-0.295708050044085
0.309016994374899
0.800731370948697
0.999610115040352
0.832921240710127
0.361624570082149
-0.241921895599626
-0.756995055651722
-0.995227399981824
-0.869494929505240
-0.425779291565120
0.173648177666868
0.709570736536489
0.985996037070495
0.901832526405141
0.487859659138772
-0.104528463267598
-0.658689460118631
-0.971961000578534
-0.929776485888271
-0.547563223492581
0.034899496702453
0.604599114862329
0.953190667792934
0.953190667792961
0.604599114862421
0.034899496702541
-0.547563223492508
-0.929776485888229
-0.971961000578555
-0.658689460118718
-0.104528463267713
0.487859659138696
0.901832526405091
0.985996037070514
0.709570736536550
0.173648177666982
-0.425779291565016
-0.869494929505196
-0.995227399981835
-0.756995055651797
-0.241921895599711
0.361624570082041
0.832921240710063
0.999610115040355
0.800731370948766
0.309016994375009
-0.295708050044002
-0.792289643355155
-0.999122830098855
-0.840566603495709
-0.374606593415965
0.228350870110590
0.747798090498499
0.993767919160589
0.876306680043896
0.438371146789122
-0.159881187691776
-0.699663340513315
-0.983571470813376
-0.907777478532933
-0.500000000000061
0.090632580197728
0.648119901063083
0.968583161128612
0.934825676396032
0.559192903470798
-0.020942419883284
-0.593418886603657
-0.948876011644475
-0.957319497532088
-0.615661475325701
-0.048849769795678
0.535826794978957
0.924546033612291
0.975149354305577
0.669130606358893
0.118403968306557
-0.475624209070216
-0.895711760239390
-0.988228381446561
-0.719339800338698
-0.187381314585773
0.413104429824488
0.862513669207222
0.996492859249508
0.766044443119016
0.255445757935858
-0.348572047321767
-0.825113498278260
-0.999902524009304
-0.809016994374977
-0.322265695230570
0.282341456842807
0.783693457325806
0.998440764181976
0.848048096156464
0.387515586452153
-0.214735327167000
-0.738455340625833
-0.992114701314470
-0.882947592858957
-0.450877540689497
0.146083028562328
0.689619543735621
0.980955155349181
0.913545457642635
0.512042864870629
-0.076719028126770
-0.637423989748622
-0.965016494472293
-0.939692620785925
-0.570713567684503
0.006981260297892
0.582122970157248
0.944376370237451
0.961261695938337
0.626603811364500
0.062790519529403
-0.523985905970018
-0.919135339255213
-0.978147600733824
-0.679441304261569
-0.132256390257176
0.463296035119780
0.889416373291263
0.990268068741577
0.728968627421474
0.201077921146037
-0.400349032556843
-0.855364260160457
-0.997564050259829
-0.774944488704215
-0.268919820615357
0.335451569750183
0.817144898335094
0.999999999999999
0.817144898335172
0.335451569750310
-0.268919820615172
-0.774944488704129
-0.997564050259819
-0.855364260160557
-0.400349032556967
0.201077921145905
0.728968627421343
0.990268068741558
0.889416373291325
0.463296035119900
-0.132256390257042
-0.679441304261470
-0.978147600733795
-0.919135339255266
-0.523985905970133
0.062790519529268
0.626603811364395
0.961261695938300
0.944376370237495
0.582122970157358
0.006981260298028
-0.570713567684392
-0.939692620785878
-0.965016494472328
-0.637423989748726
-0.076719028126905
0.512042864870513
0.913545457642580
0.980955155349208
0.689619543735719
0.146083028562461
-0.450877540689351
-0.882947592858893
-0.992114701314483
-0.738455340625944
-0.214735327167132
0.387515586452054
0.848048096156377
0.998440764181984
0.783693457325872
0.282341456842964
-0.322265695230442
-0.809016994374915
-0.999902524009302
-0.825113498278336
-0.348572047321867
0.255445757935700
0.766044443118929
0.996492859249499
0.862513669207305
0.413104429824611
-0.187381314585668
-0.719339800338584
-0.988228381446540
-0.895711760239438
-0.475624209070360
0.118403968306423
0.669130606358813
0.975149354305541
