0.999999999999999
-0.403088987376275
-0.675038536511938
0.947290187621394
-0.088645948447640
-0.875825776431857
0.794717399127553
0.235142113102592
-0.984283791647636
0.558365800629660
0.534141581324931
-0.988978978893317
0.263151488952128
0.776832044476771
-0.889416373291295
-0.059804153945036
0.937629165000495
-0.696091827363988
-0.376455265374395
0.999581770788450
-0.429385542199402
-0.653420603990106
0.956158841385738
-0.117413594299990
-0.861502587724555
0.811938005715851
0.206936050651922
-0.978765291933711
0.582122970157283
0.509470574795376
-0.992846926341836
0.290940749522183
0.758296902119054
-0.902263010333653
-0.030912335754127
0.927183854566791
-0.716562866343787
-0.349506654194868
0.998327432985149
-0.455322933869009
-0.631256112300249
0.964227708033385
-0.146083028562408
-0.846458787921230
0.828479459920238
0.178556894798652
-0.972428095747114
0.605393218023244
0.484373417312212
-0.995884398615969
0.318486650251667
0.739127475930351
-0.914354941881169
-0.001994660679610
0.915962993388170
-0.736434530278358
-0.322265695230524
0.996238035791518
-0.480879466835337
-0.608563601118116
0.971490038292865
-0.174630270445099
-0.830706960534940
0.844327925502004
0.150028383526712
-0.965277503888972
0.628157079632692
0.458871101604206
-0.998088854996447
0.345766150139931
0.719339800338668
-0.925682053535843
0.026924682845649
0.903975967248483
-0.755690197347017
-0.294755174410929
0.993315326901439
-0.506033764121150
-0.585362051785836
0.977939757526858
-0.203031441367148
-0.814260281314391
0.859470145878634
0.121374379749667
-0.957319497532068
0.650395513961853
0.432984959298160
-0.999458451547163
0.372756431019462
0.698950426911901
-0.936234870639725
0.055821504993137
0.891232802796718
-0.774313760984843
-0.266998103142919
0.989561751039381
-0.530764785202578
-0.561670871434789
0.983571470813382
-0.231262784929940
-0.797132507222943
0.873893455212335
0.092618851350346
-0.948560733217865
0.672089919485036
0.406736643075834
-0.999992042657545
0.399434916642502
0.677976410513236
-0.946004566200072
0.084671634772613
0.877744159160113
-0.792289643355173
-0.239017699062612
0.984980447915486
-0.555051843608764
-0.537509876752322
0.988380467458425
-0.259300686788300
-0.779337964931485
0.887585789004547
0.063785851132675
-0.939008537288542
0.693222149733965
0.380148108562398
-0.999689182000816
0.425779291565037
0.656435295035335
-0.954982968272723
0.113450940249957
0.863521319028253
-0.809602808379802
-0.210837366614653
0.979575249599343
-0.578874624225083
-0.512899277405947
0.992362724936241
-0.287121694403081
-0.760891538834820
0.900535694187310
0.034899496702550
-0.928670899758833
0.713774528476672
0.353241595961530
-0.998550122907321
0.451767519812762
0.634345098725661
-0.963162566797646
0.142135348732748
0.848576179215553
-0.826238774315964
-0.182480677475459
0.973350677314627
-0.602213200286075
-0.487859659138760
0.995514912254009
-0.314702536658152
-0.741808658601469
0.912732338703382
0.005983950294418
-0.917556467632755
0.733729864502860
0.326039611452385
-0.996575818152634
0.477377863313283
0.611724299115052
-0.970536519880766
0.170700866905816
0.832921240710106
-0.842183625869892
-0.153971350836593
0.966311937657230
-0.625048050043141
-0.462411966550396
0.997834392738108
-0.342020143325610
-0.722105286267266
0.924165520566688
-0.022936601439341
-0.905674537670636
0.753071466003568
0.298564908363923
-0.993767919160601
0.502588900079034
0.588591817561789
-0.977098659516894
0.199123600900987
0.816569598217122
-0.857424025836165
-0.125333233564348
0.958464918240254
-0.647360073093951
-0.436577485577720
0.999319226239542
-0.369051664363368
-0.701797902884040
0.934825676396001
-0.051837967659572
-0.893035048612896
0.771783154533381
0.270840468143073
-0.990128774621976
0.527379542125909
0.564967003424959
-0.982843496749084
0.227379776282891
0.799534929205631
-0.871947226253831
-0.096590280253194
0.949816182769156
-0.669130606358802
-0.410377825689847
0.999968170756823
-0.395774489027911
-0.680903494733594
0.944703889414163
-0.080695973575175
-0.879648572866647
0.789849278542777
0.242889481131274
-0.985661428529865
0.551729053112652
0.540869617879389
-0.987766226259829
0.255445757935736
0.781831482468043
-0.885741079069629
-0.067766533188589
0.940372965551585
-0.690341439691854
-0.383834901813023
0.999780683474845
-0.422166264787407
-0.659439539119660
0.953791896906673
-0.109486480663971
-0.865526307662231
0.807254726470124
0.214735327167101
-0.980369617633548
0.575617065685650
0.516319817386098
-0.991862730390559
0.283298069832710
0.763474066201538
-0.898794046299153
-0.038886102236438
0.930143165446144
-0.710974831112861
-0.356970915999550
0.998756921218923
-0.448204916018825
-0.637423989748749
0.962082097133150
-0.138185406863743
-0.850680065687356
0.823984939381963
0.186401556029837
-0.974257768312800
0.599023598515530
0.491338136832591
-0.995129582585910
0.310913414672926
0.744478035621504
-0.911095209677995
-0.009973144676586
0.919135339255235
-0.731013521647772
-0.329808338856535
0.996897740323622
-0.473868662472914
-0.614875261712439
0.969567555685767
-0.166768746716052
-0.835122265206206
0.840025923150718
0.157911867740842
-0.967330992875478
0.621929073010843
0.465945472355892
-0.997564050259816
0.338268693368583
0.724859280117763
-0.922634279794482
0.018948155004192
0.907358694567906
-0.750440749765101
-0.302369890750476
0.994204695916457
-0.499136037492886
-0.591812216084450
0.976242011289666
-0.195212591445460
-0.818865919671977
0.855364260160464
0.129290092740137
-0.959595085281239
0.644314329694465
0.440163063864135
-0.999164097081313
0.365341024366296
0.704634209963605
-0.933401604696194
0.047853605341114
0.894823082057689
-0.769240265396179
-0.274678522802407
0.990680040617106
-0.523985905970024
-0.568254144143334
0.982099881040217
-0.223493148958458
-0.801924626841848
0.869987120529980
0.100560171952223
-0.951056516295187
0.666160644229891
0.414012477270072
-0.999928384677747
0.392107762786981
0.683819742589402
-0.943388177963524
0.076719028126773
0.881538987243301
-0.787396343527955
-0.246757397690405
0.986326722653185
-0.548397482022529
-0.544220751236888
0.987136265072972
-0.251586763744395
-0.784312557402907
0.883882272844541
0.071746136761451
-0.941722428075204
0.687449743083231
0.387515586452128
-0.999856273754321
0.418546519366719
0.662433288431548
-0.952585646243109
0.105520278635143
0.867517521717743
-0.804893797355868
-0.218629870274533
0.981148383394195
-0.572350346381989
-0.519732140299045
0.991346950662059
-0.279469936662769
-0.766044443119057
0.897038094386953
0.042872088910261
-0.931600628198037
0.708163818808596
0.360694554957920
-0.998947824628825
0.444635179184875
0.640492736369844
-0.960986316235207
0.134233265817529
0.852770413853957
-0.821717990987283
-0.190319468062130
0.975149354305586
-0.595824463473163
-0.494808795034693
0.994728415744052
-0.307119344598618
-0.747135564508220
0.909443580859427
0.013962180339186
-0.920699583128448
0.728285544942785
0.333571817464947
-0.997203797181189
0.470351920162195
0.618016438763869
-0.968583161128608
0.162833972454175
0.837309998994596
-0.837854851683725
-0.161849871527586
0.968334653325787
-0.618800198173269
-0.469471562786011
0.997277831863999
-0.334511859971780
-0.727601738061254
0.921088355588407
-0.014959407015126
-0.909028411137407
0.747798090498484
0.306170061015546
-0.994625650217849
0.495675231313976
0.595023196102076
-0.975369826478411
0.191298475242994
0.821149209133771
-0.853290881632081
-0.133244894304725
0.960709980668836
-0.641258332235398
-0.443741637094132
0.998993066541307
-0.361624570082043
-0.707459303011825
0.931962678203937
-0.043868481447548
-0.896596874675084
0.766685134042609
0.278512206039708
-0.991215540251554
0.520583930743502
0.571532241276057
-0.981340635521218
0.219602964810870
0.804301562100344
-0.868013169235204
-0.104528463267801
0.952281714056397
-0.663180080364145
-0.417640539972225
0.999872685053498
-0.388434796274556
-0.686725107669391
0.942057452787268
-0.072740861719155
-0.883415372204767
0.784930877348498
0.250621387183193
-0.986976319697508
0.545057183359228
0.547563223492659
-0.986490593923514
0.247723765629093
0.786781150250587
-0.882009399911560
-0.075724598517211
0.943056903383074
-0.684547105928641
-0.391190103902831
0.999915951636248
-0.414920112910006
-0.665416495326293
0.951364235479172
-0.101552397284274
-0.869494929505274
0.802520058610410
0.222520933956359
-0.981911534487452
0.569074518302863
0.523136191838791
-0.990815393959199
0.275637355816953
0.768602628680566
-0.895267866396106
-0.046857393288354
0.933043264819494
-0.705341536300373
-0.364412453575995
0.999122830098861
-0.441058366122099
-0.643551289750897
0.959875241542874
-0.130278988491298
-0.854847190448154
0.819437965209662
0.194234351220112
-0.976025421103635
0.592615846072291
0.498271578510831
-0.994311418112888
0.303320386816712
0.749781202967769
-0.907777478532875
-0.017950993798198
0.922249174357901
-0.725545977802828
-0.337329987382882
0.997493983854527
-0.466827692348771
-0.621147780278408
0.967583351875634
-0.158896606741046
-0.839484407258120
0.835670446020707
0.165785299524622
-0.969322903035205
0.615661475325611
0.472990181724035
-0.996975742105714
0.330749702924128
0.730332616452346
-0.919527772551426
0.010970420951924
0.910683660806221
-0.745143530260883
-0.309965358680568
0.995030775365407
-0.492206536620042
-0.598224706513115
0.974482118963699
-0.187381314585572
-0.823419430264575
0.851203923248243
0.137197575318918
-0.961809586659802
0.638192129352028
0.447313148315692
-0.998806137341429
0.357902360656596
0.710273137068152
-0.930508919819310
0.039882659401036
0.898356398235680
-0.764117801136634
-0.282341456843008
0.991735265003003
-0.517173670587755
-0.574801242653247
0.980565772275218
-0.215709285751404
-0.806665697152842
0.866025403784402
0.108495091045710
-0.953491756554221
0.660188962196384
0.421261956056780
-0.999801072770519
0.384755647944741
0.689619543735674
-0.940711735063525
0.068761537663757
0.885277697888889
-0.782452919241384
-0.254481388115682
0.987610209324692
-0.541708210282598
-0.550896981452261
0.985829223087052
-0.243856825068117
-0.789237221724099
0.880122490076947
0.079701855139731
-0.944376370237514
0.681633574422472
0.394858395686292
-0.999959716170872
0.411287103130434
0.668389112327353
-0.950127684053196
0.097582899759113
0.871458499554918
-0.800133548011156
-0.226408456287745
0.982659058768052
-0.565789633582089
-0.526531917830880
0.990268068741542
-0.271800388289253
-0.771148582173422
0.893483390499309
0.050841951945685
-0.934471052351345
0.702508028503768
0.368124552684801
-0.999281934843873
0.437474533754401
0.646599601215953
-0.958748890738457
0.126322637816015
0.856910362418612
-0.817144898335089
-0.198146143199485
0.976885954764671
-0.589397797376867
-0.501726432151799
0.993878596328806
-0.299516601786423
-0.752414908895874
0.906096929213788
0.021939521572686
-0.923784088282295
0.722794863827326
0.341082788800466
-0.997768295725424
0.463296035119717
0.624269236421743
-0.966568143838493
0.154956712238264
0.841645455391819
-0.833472740925917
-0.169718089100741
0.970295726276019
-0.612512954419473
-0.476501273172453
0.996657785792633
-0.326982282099171
-0.733051871829970
0.917952555519591
-0.006981260297931
-0.912324417231476
0.742477111298864
0.313755723344465
-0.995420064911713
0.488730008614069
0.601416696366447
-0.973578902873115
0.183461171813570
0.825676546934729
-0.849103418222174
-0.141148072876817
0.962893885754226
-0.635115769842098
-0.450877540689544
0.998603312456586
-0.354174455327853
-0.713075667351305
0.929040352678421
-0.035896202634340
-0.900101624737264
0.761538307536696
0.286166214270877
-0.992239206600184
0.513755179776095
0.578061096249682
-0.979775303633878
0.211812173746401
0.809016994375078
-0.864023855812062
-0.112459992158430
0.954686624531143
-0.657187337329395
-0.424876667889938
0.999713548968499
-0.381070376350128
-0.692503004724377
0.939351046208853
-0.064781119289926
-0.887125934657500
0.779962508642677
0.258337339056956
-0.988228381446566
0.538350616090585
0.554221972059893
-0.985152163089171
0.239986003602387
0.791680732736050
-0.878221573370118
-0.083677843332568
0.945680807639551
-0.678709194932828
-0.398520403422698
0.999987566661691
-0.407647547846313
-0.671351092126125
0.948876011644436
-0.093611849232624
-0.873408200617243
0.797734303538465
0.230292375399779
-0.983390944339340
0.562495744497666
0.529919264233307
-0.989704983719613
0.267959095144234
0.773682263079720
-0.891684695095780
-0.054825701469597
0.935883968070925
-0.699663340513325
-0.371830793207238
0.999425136331755
-0.433883739117445
-0.649637622252007
0.957607281747603
-0.122364276755530
-0.858959896930775
0.814838826856805
0.202054781745647
-0.977730941593522
0.586170368601305
0.505173300974592
-0.993429957280040
0.295708050043901
0.755036640377634
-0.904401959647480
-0.025927700186829
0.925304300474088
-0.720032246799315
-0.344830161992832
0.998026728428276
-0.459757004680347
-0.627380757516795
0.965537553173931
-0.151014351648457
-0.843793109003415
0.831261771374952
0.173648177667174
-0.971253107566084
0.609354685562755
0.480004781253150
-0.996323967984940
0.323209657454331
0.735759460917956
-0.916362729562166
0.002991988539151
0.913950654301190
-0.739798876047414
-0.317541094684888
0.995793512661325
-0.485245702624104
-0.604599114862467
0.972660192581087
-0.179538109314938
-0.827920523222676
0.846989399982631
0.145096324107836
-0.963962860695920
0.632029302664811
0.454434757489302
-0.998384595114684
0.350440913424356
0.715866849259817
-0.927557000153095
0.031909174591116
0.901832526405205
-0.758946694294402
-0.289986417453833
0.992727357023041
-0.510328512712629
-0.581311750185914
0.978969242177345
-0.207911690817616
-0.811355416346630
0.862008557172420
0.116423103506037
-0.955866298971318
0.654175253532836
0.428484617944803
-0.999610115040351
0.377379040140549
0.695375444745798
-0.937975407878341
0.060799669945220
0.888960053096282
-0.777459685186263
-0.262189178641098
0.988830826225167
-0.534984454218148
-0.557538142399471
0.984459424705029
-0.236111362835249
-0.794111644398454
0.876306680043778
0.087652499818667
-0.946970194829585
0.675774014000036
0.402176068832663
-0.999999502665477
0.404001504979915
0.674302387583804
-0.947609238173007
0.089639308903277
0.875344001663148
-0.795322363375830
-0.234172629481444
0.984107179553650
-0.559192903470520
-0.533298177137619
0.989126147854718
-0.264113537514648
-0.776203631076439
0.889871808811394
0.058808578459518
-0.937281989491963
0.696807517601114
0.375531116159974
-0.999552432283511
0.430286039357495
0.652665304510000
-0.956450432738596
0.118403968306361
0.860995761366714
-0.812519787475472
-0.205960204653400
0.978560368142562
-0.582933611108839
-0.508612130123672
0.992965508106527
-0.291894792200939
-0.757646355689170
0.902692596809052
0.029915466169566
-0.926809786739410
0.717258170684816
0.348572047322037
-0.998269277850231
0.456210657352911
0.630482294044774
-0.964491596283444
0.147069587712826
0.845927333913431
-0.829037572554945
-0.177575502677350
0.972195031669030
-0.606186719018039
-0.483500650209200
0.995974293995212
-0.319431889029635
-0.738455340625954
0.914758319980640
0.000997330835955
-0.915562346134128
0.737108867130111
0.321321412459060
-0.996151112670971
0.481753674101481
0.607771911354260
-0.971726002708572
0.175612189523868
0.830151323416367
-0.844861902173789
-0.149042266176350
0.965016494472363
-0.628932776940144
-0.457984742103287
0.998149988796522
-0.346701794363931
-0.718646638372989
0.926058885850379
-0.027921638723433
-0.903549075692550
0.756343002654754
0.293802005594110
-0.993199708502838
0.506893723931490
0.584553152728993
-0.978147600733743
0.204007899039783
0.813680925852384
-0.859979539938203
-0.120384362016409
0.957030761100465
-0.651152758743415
-0.432085748802191
0.999490772632186
-0.373681698062244
-0.698236818086287
0.936584841964762
-0.056817252992925
-0.890780024015925
0.774944488704074
0.266036845566857
-0.989417534072708
0.531609778236500
0.560845439695377
-0.983751018959299
0.232232964430168
0.796529918024256
-0.874377840572743
-0.091625761342850
0.948244511287279
-0.672828078336910
-0.405825333737007
0.999995523992271
-0.400349032556655
-0.677242951731621
0.946327383799137
-0.085665341992574
-0.877265871885083
0.792897765908383
0.238049156779275
-0.984807753012241
0.555881163064702
0.536668602769671
-0.988531570358814
0.260263776601114
0.778712646036946
-0.888044760497565
-0.062790519529443
0.938665094365469
-0.693940605216983
-0.379225462653112
0.999663820673252
-0.426681491730604
-0.655682599805494
0.955278362122256
-0.114441775495345
-0.863017923326405
0.810187817097742
0.209862349769393
-0.979374221211633
0.579687576411816
0.512042864870765
-0.992485256199802
0.288076888944115
0.760244013297832
-0.900968867902379
-0.033902756057085
0.928300523119008
-0.714472679632691
-0.352308385236728
0.998495940131162
-0.452657049576814
-0.633573796645881
0.963430289813047
-0.143122483210824
-0.848048096156475
0.826800179863196
0.181500001629355
-0.973121483594326
0.603009105202875
0.486988824404550
-0.995608769388440
0.315649036946859
0.741139468050041
-0.913139352308593
-0.004986634338856
0.917159467080816
-0.734407127357445
-0.325096616503983
0.996492859249519
-0.478253978621130
-0.610935035347407
0.970776348122855
-0.171683474919912
-0.832368912013448
0.842720958653984
0.152985836284161
-0.966054770315367
0.625826241948681
0.461527438034207
-0.997899497235811
0.342957157653906
0.721414990451509
-0.924546033612203
0.023933658491441
0.905251245281058
-0.753727274054538
-0.297612917968043
0.993656253522199
-0.503450868096648
-0.587785252292651
0.977310392379329
-0.200100860540296
-0.815993485882720
0.857936836400466
0.124343704647593
-0.958179992386603
0.648119901063012
0.435680003150828
-0.999355523643313
0.369978408957670
0.701087079207663
-0.935179370598455
0.052833931811724
0.892585818452267
-0.772416959224527
-0.269880278600045
0.989988495651954
-0.528226641852930
-0.564143811312641
0.983026957126116
-0.228350870110411
-0.798935515127531
0.872435085653776
0.095597564672139
-0.949503736732362
0.669871434826921
0.409468140059038
-0.999975630705393
0.396690188704897
0.680172737771088
-0.945030468923062
0.081690011744719
0.879173780697196
-0.790460549722690
-0.241921895599783
0.985492653565750
-0.552560575985328
-0.540030487489819
0.987921260694480
-0.256409873671801
-0.781209268031201
0.886203579231084
0.066771461308262
-0.940033260679844
0.691062648986775
0.382913773892504
-0.999759299728274
0.423070153602421
0.658689460118842
-0.954091088551852
0.110477761379306
0.865026350627892
-0.807842952836053
-0.213761154992437
0.980172487848568
-0.576432316169671
-0.515465450617006
0.991989209202977
-0.284254401034592
-0.762829571862422
0.899230800359963
0.037889506393151
-0.929776485888365
0.711675817972835
0.356039116274478
-0.998706711663826
0.449096237906402
0.636655216119472
-0.962353650653219
0.139173100959822
0.850155361981403
-0.824549628906975
-0.185421612066246
0.974032448597886
-0.599821894687806
-0.490469248326207
0.995227399981813
-0.311861161409335
