0.999999999999999
0.926434797042887
0.716562866343792
0.401262750256474
0.026924682845663
-0.351374824081342
-0.677976410513220
-0.904827052466019
-0.998550122907320
-0.945356108439568
-0.753071466003610
-0.449987113092121
-0.080695973575217
0.300467997289452
0.637423989748689
0.880595531856737
0.994204695916451
0.961536119504148
0.787396343528011
0.497406623913221
0.134233265817656
-0.248689887164855
-0.595023196102037
-0.853810500668347
-0.986976319697495
-0.974927912181823
-0.819437965209731
-0.543383777794805
-0.187381314585724
0.196190637499096
0.550896981452102
0.824549628907140
0.976885954764647
0.985492653565726
0.849103418222192
0.587785252292473
0.239986003602566
-0.143122483211120
-0.505173300974501
-0.792897765908475
-0.963962860695852
-0.993199708502812
-0.876306680043863
-0.630482294044713
-0.291894792201032
0.089639308903435
0.457984742103068
0.758946694294556
0.948244511287226
0.998026728428271
0.900968867902419
0.671351092126004
0.342957157654131
-0.035896202634582
-0.409468140058891
-0.722794863827391
-0.929776485888251
-0.999959716170870
-0.923018467515396
-0.710273137068057
-0.393025031653924
-0.017950993798098
0.359764181061806
0.684547105928688
0.908612337232874
0.998993066541314
0.942391540464034
0.747135564508148
0.441953229673225
0.071746136761377
-0.309016994374946
-0.644314329694493
-0.884813436149737
-0.995129582585910
-0.959031909598965
-0.781831482468029
-0.489599871965051
-0.125333233564303
0.257373734365304
0.602213200286083
0.858448793601865
0.988380467458430
0.972891321940144
0.814260281314378
0.535826794978996
0.178556894798636
-0.204984153792231
-0.558365800629663
-0.829594860571831
-0.978765291933711
-0.983929588598628
-0.844327925502013
-0.580499952001571
-0.231262784929949
0.152000169561271
0.512899277405909
0.798335306372703
0.966311937657222
0.992114701314477
0.871947226253862
0.623489801858734
0.283298069832750
-0.098575422202443
-0.465945472355824
-0.764760776027598
-0.951056516295153
-0.997422925272833
-0.897038094386967
-0.664671684553424
-0.334511859971844
0.044864830350517
0.417640539972133
0.728968627421413
0.933043264819444
0.999838867929057
0.919527772551448
0.703926182748941
0.384755647944932
0.008975858481000
-0.368124552684676
-0.691062648986863
-0.912324417231453
-0.999355523643320
-0.939351046208923
-0.741139468049854
-0.433883739117558
-0.062790519529313
0.317541094684845
0.651152758743573
0.888960053096193
0.995974293995238
0.956450432738630
0.776203631076351
0.481753674101712
0.116423103505820
-0.266036845566678
-0.609354685562810
-0.863017923326351
-0.989704983719635
-0.970776348122918
-0.809016994374948
-0.528226641853085
-0.169718089100670
0.213761154992113
0.565789633582213
0.834573253721302
0.980565772275219
0.982287250728688
0.839484407258076
0.573167882188921
0.222520933956313
-0.160865609613700
-0.520583930743610
-0.803708526830789
-0.968583161128631
-0.990949761767933
-0.867517521717715
-0.616447076559466
-0.274678522802386
0.107503593510529
0.473868662472996
0.770513242775787
0.953791896906691
0.996738762088014
0.893035048612885
0.657938725939712
0.326039611452342
-0.053829843412135
-0.425779291565072
-0.735083659720181
-0.936234870639737
-0.999637465011020
-0.915962993388165
-0.697522514745705
-0.376455265374389
-0.000000000000004
0.376455265374394
0.697522514745699
0.915962993388167
0.999637465011020
0.936234870639735
0.735083659720178
0.425779291565068
0.053829843412130
-0.326039611452347
-0.657938725939711
-0.893035048612887
-0.996738762088014
-0.953791896906689
-0.770513242775788
-0.473868662472991
-0.107503593510524
0.274678522802398
0.616447076559471
0.867517521717714
0.990949761767934
0.968583161128631
0.803708526830786
0.520583930743611
0.160865609613695
-0.222520933956311
-0.573167882188925
-0.839484407258075
-0.982287250728689
-0.980565772275219
-0.834573253721299
-0.565789633582215
-0.213761154992108
0.169718089100669
0.528226641853090
0.809016994374947
0.970776348122919
0.989704983719634
0.863017923326345
0.609354685562806
0.266036845566680
-0.116423103505825
-0.481753674101711
-0.776203631076354
-0.956450432738630
-0.995974293995238
-0.888960053096194
-0.651152758743569
-0.317541094684846
0.062790519529318
0.433883739117556
0.741139468049858
0.939351046208922
0.999355523643320
0.912324417231454
0.691062648986859
0.368124552684677
-0.008975858481006
-0.384755647944937
-0.703926182748950
-0.919527772551450
-0.999838867929057
-0.933043264819442
-0.728968627421414
-0.417640539972128
-0.044864830350518
0.334511859971849
0.664671684553423
0.897038094386970
0.997422925272833
0.951056516295151
0.764760776027599
0.465945472355819
0.098575422202444
-0.283298069832755
-0.623489801858733
-0.871947226253865
-0.992114701314477
-0.966311937657221
-0.798335306372700
-0.512899277405898
-0.152000169561265
0.231262784929947
0.580499952001575
0.844327925502012
0.983929588598629
0.978765291933711
0.829594860571828
0.558365800629664
0.204984153792226
-0.178556894798634
-0.535826794979000
-0.814260281314377
-0.972891321940145
-0.988380467458430
-0.858448793601862
-0.602213200286082
-0.257373734365295
0.125333233564305
0.489599871965059
0.781831482468030
0.959031909598967
0.995129582585910
0.884813436149740
0.644314329694492
0.309016994374951
-0.071746136761382
-0.441953229673223
-0.747135564508151
-0.942391540464033
-0.998993066541313
-0.908612337232874
-0.684547105928684
-0.359764181061808
0.017950993798103
0.393025031653922
0.710273137068061
0.923018467515396
0.999959716170870
0.929776485888250
0.722794863827385
0.409468140058889
0.035896202634573
-0.342957157654133
-0.671351092126000
-0.900968867902419
-0.998026728428270
-0.948244511287224
-0.758946694294557
-0.457984742103064
-0.089639308903436
0.291894792201037
0.630482294044711
0.876306680043865
0.993199708502812
0.963962860695851
0.792897765908475
0.505173300974495
0.143122483211119
-0.239986003602573
-0.587785252292473
-0.849103418222197
-0.985492653565726
-0.976885954764645
-0.824549628907139
-0.550896981452106
-0.196190637499092
0.187381314585720
0.543383777794808
0.819437965209729
0.974927912181824
0.986976319697495
0.853810500668344
0.595023196102038
0.248689887164849
-0.134233265817654
-0.497406623913227
-0.787396343528011
-0.961536119504150
-0.994204695916449
-0.880595531856740
-0.637423989748689
-0.300467997289444
0.080695973575233
0.449987113092116
0.753071466003611
0.945356108439571
0.998550122907321
0.904827052466020
0.677976410513218
0.351374824081332
-0.026924682845653
-0.401262750256471
-0.716562866343795
-0.926434797042891
-0.999999999999999
-0.926434797042887
-0.716562866343787
-0.401262750256461
-0.026924682845670
0.351374824081342
0.677976410513226
0.904827052466025
0.998550122907320
0.945356108439567
0.753071466003604
0.449987113092106
0.080695973575222
-0.300467997289454
-0.637423989748697
-0.880595531856732
-0.994204695916450
-0.961536119504147
-0.787396343528004
-0.497406623913230
-0.134233265817657
0.248689887164860
0.595023196102047
0.853810500668342
0.986976319697495
0.974927912181821
0.819437965209723
0.543383777794811
0.187381314585724
-0.196190637499103
-0.550896981452115
-0.824549628907137
-0.976885954764647
-0.985492653565724
-0.849103418222184
-0.587785252292476
-0.239986003602562
0.143122483211130
0.505173300974492
0.792897765908473
0.963962860695854
0.993199708502810
0.876306680043867
0.630482294044714
0.291894792201027
-0.089639308903447
-0.457984742103061
-0.758946694294555
-0.948244511287228
-0.998026728428270
-0.900968867902421
-0.671351092126002
-0.342957157654123
0.035896202634598
0.409468140058886
0.722794863827393
0.929776485888254
0.999959716170870
0.923018467515398
0.710273137068054
0.393025031653913
0.017950993798107
-0.359764181061805
-0.684547105928692
-0.908612337232879
-0.998993066541313
-0.942391540464034
-0.747135564508144
-0.441953229673213
-0.071746136761386
0.309016994374948
0.644314329694500
0.884813436149745
0.995129582585910
0.959031909598964
0.781831482468023
0.489599871965037
0.125333233564308
-0.257373734365305
-0.602213200286090
-0.858448793601860
-0.988380467458429
-0.972891321940143
-0.814260281314371
-0.535826794979003
-0.178556894798638
0.204984153792236
0.558365800629673
0.829594860571826
0.978765291933710
0.983929588598627
0.844327925502006
0.580499952001578
0.231262784929950
-0.152000169561276
-0.512899277405920
-0.798335306372698
-0.966311937657224
-0.992114701314476
-0.871947226253867
-0.623489801858735
-0.283298069832745
0.098575422202455
0.465945472355816
0.764760776027596
0.951056516295154
0.997422925272832
0.897038094386971
0.664671684553425
0.334511859971838
-0.044864830350529
-0.417640539972125
-0.728968627421411
-0.933043264819446
-0.999838867929057
-0.919527772551452
-0.703926182748943
-0.384755647944927
-0.008975858480981
0.368124552684674
0.691062648986867
0.912324417231458
0.999355523643320
0.939351046208924
0.741139468049851
0.433883739117547
0.062790519529322
-0.317541094684843
-0.651152758743578
-0.888960053096199
-0.995974293995237
-0.956450432738631
-0.776203631076347
-0.481753674101702
-0.116423103505829
0.266036845566676
0.609354685562815
0.863017923326358
0.989704983719633
0.970776348122916
0.809016994374941
0.528226641853093
0.169718089100672
-0.213761154992118
-0.565789633582224
-0.834573253721297
-0.980565772275219
-0.982287250728687
-0.839484407258069
-0.573167882188928
-0.222520933956315
0.160865609613705
0.520583930743620
0.803708526830784
0.968583161128630
0.990949761767933
0.867517521717709
0.616447076559473
0.274678522802388
-0.107503593510534
-0.473868662473013
-0.770513242775786
