0.999999999999999
-0.687449743083318
-0.054825701469360
0.762829571862265
-0.993988284916784
0.603804410325477
0.163817911415136
-0.829037572555040
0.976025421103624
-0.512899277405906
-0.270840468143004
0.885277697888854
-0.946327383799164
0.415827335842036
0.374606593415909
-0.930873748644204
0.905251245281015
-0.313755723344376
-0.473868662472996
0.965277503888965
-0.853290881632155
0.207911690817764
0.567433204758781
-0.988075312474494
0.791071034656345
-0.099567846595820
-0.654175253533029
0.998993066541313
-0.719339800338655
-0.009973144676490
0.733051871829827
-0.997899497235826
0.638959634165659
0.119394224540243
-0.803114692137294
0.984807753012208
-0.550896981452105
-0.227379776282961
0.863521319028225
-0.959875241542890
0.456210657353165
0.332631443164269
-0.913545457642596
0.923401737138396
-0.356039116274358
-0.433883739117547
0.952585646243143
-0.875825776431858
0.251586763744522
0.529919264233195
-0.980172487848541
0.817719385664432
-0.144109475329993
-0.619583342081490
0.995974293995238
-0.749781202967744
0.034899496702513
0.701797902883985
-0.999801072770523
0.672828078337053
0.074730093586427
-0.775574445610198
0.991606813167031
-0.587785252292484
-0.183461171813772
0.840025923150767
-0.971490038292867
0.495675231314096
0.289986417453564
-0.894377407666327
0.939692620785913
-0.397605493806798
-0.393025031653916
0.937975407878392
-0.896596874675020
0.294755174410927
0.491338136832493
-0.970295726275991
0.842720958654045
-0.188360886759306
-0.583743672234785
0.990949761767934
-0.778712646036910
0.079701855139675
0.669130606358844
-0.999689182000815
0.705341536300416
0.029915466169392
-0.746472295365147
0.996408909165777
-0.623489801858751
-0.139173100960046
0.814838826856935
-0.981148383394174
0.534141581324935
0.246757397690289
-0.873408200617115
0.954091088551931
-0.438371146789096
-0.351374824081326
0.921476211870401
-0.915562346134062
0.337329987382835
0.451767519812806
-0.958464918240227
0.866025403784449
-0.232232964430261
-0.546728420318330
0.983929588598627
-0.806075865470066
0.124343704647517
0.635115769842156
-0.997564050259822
0.736434530278375
-0.014959407015280
-0.715866849259709
0.999204370226179
-0.657938725939716
-0.094604754002536
0.788010753606723
-0.988830826225127
0.571532241275975
0.203031441367134
-0.850680065687318
0.966568143838555
-0.478253978621345
-0.309016994374921
0.903121285404181
-0.932683996873434
0.379225462652943
0.411287103130600
-0.944703889414167
0.887585789004555
-0.275637355817000
-0.508612130123434
0.974927912181824
-0.831815755384894
0.168735142482186
0.599821894687882
-0.993429957280051
0.766044443118997
-0.059804153945061
-0.683819742589303
0.999987566661691
-0.691062648986875
-0.049845885660686
0.759595731569272
-0.994521895368273
0.607771911354029
0.158896606741107
-0.826238774315966
0.977098659516918
-0.517173670587947
-0.266036845566639
0.882947592858910
-0.947927346167140
0.420357228309589
0.369978408957858
-0.929040352678495
0.907358694567870
-0.318486650251694
-0.469471562785884
0.963962860695851
-0.855880479068557
0.212786770195613
0.563320058063582
-0.987295228574588
0.794111644398385
-0.104528463267690
-0.650395513961851
0.998756921218920
-0.722794863827408
-0.004986634338737
0.729650984817438
-0.998210129767735
0.642787609686546
0.114441775495426
-0.800133548011204
0.985661428529871
-0.555051843608817
-0.222520933956268
0.860995761366608
-0.961261695938329
0.460642450450664
0.327924627507174
-0.911505852311661
0.925304300474005
-0.360694554957823
-0.429385542199393
0.951056516295149
-0.878221573370232
0.256409873672033
0.525683769810455
-0.979172218670619
0.820579610508420
-0.149042266176221
-0.615661475325624
0.995514912254010
-0.753071466003633
0.039882659401136
0.698236818086052
-0.999888101810273
0.676508819317019
0.069756473744109
-0.772416959224591
0.992239206600172
-0.591812216084371
-0.178556894798580
0.837309998994493
-0.972660192581131
0.500000000000039
0.285210449497761
-0.892135700463865
0.941386466660914
-0.402176068832445
-0.388434796274670
0.936234870639728
-0.898794046299174
0.299516601786634
0.486988824404357
-0.969077286229061
0.845395038487782
-0.193255917795609
-0.579687576411939
0.990268068741562
-0.781831482468057
0.084671634772664
0.665416495326232
-0.999552432283501
0.708867630216960
0.024930691738047
-0.743144825477379
0.996818746958191
-0.627380757516703
-0.134233265817645
0.811938005715852
-0.982099881040238
0.538350616090681
0.241921895599672
-0.870968906043127
0.955572805786136
-0.442847653627037
-0.346701794364119
0.919527772551414
-0.917556467632767
0.342020143325746
0.447313148315562
-0.957030761100390
0.868507953367023
-0.237080377715562
-0.542546263865706
0.983026957126146
-0.809016994374979
0.129290092740084
0.631256112300201
-0.997203797181176
0.739798876047610
-0.019945297363334
-0.712376096951322
0.999390827019096
-0.661685837596877
-0.089639308903413
0.784930877348511
-0.989561751039378
0.575617065685680
0.198146143199392
-0.848048096156424
0.967834748450665
-0.482627402182605
-0.304270581179866
0.900968867902424
-0.934471052351349
0.383834901813085
0.406736643075719
-0.943056903383031
0.889871808811505
-0.280427389306076
-0.504312335347531
0.973806160042890
-0.834573253721338
0.173648177666991
0.595824463473221
-0.992846926341830
0.769240265396280
-0.064781119290198
-0.680172737770888
0.999950266955942
-0.694658370459021
-0.044864830350484
0.756343002654855
-0.995030775365403
0.611724299115021
0.153971350836518
-0.823419430264532
0.978147600733806
-0.521435203379501
-0.261226607538138
0.880595531856739
-0.949503736732323
0.424876667889930
0.365341024366303
-0.927183854566751
0.909443580859519
-0.323209657454542
-0.465062788901177
0.962624246949990
-0.858448793601904
0.217656558273632
0.559192903470690
-0.986490593923510
0.797132507222958
-0.109486480664053
-0.646599601215759
0.998495940131148
-0.726231953810023
0.000000000000041
0.726231953809967
-0.998495940131153
0.646599601215821
0.109486480663972
-0.797132507222909
0.986490593923523
-0.559192903470758
-0.217656558273552
0.858448793601862
-0.962624246950012
0.465062788901249
0.323209657454465
-0.909443580859438
0.927183854566824
-0.365341024366485
-0.424876667889754
0.949503736732297
-0.880595531856778
0.261226607538217
0.521435203379431
-0.978147600733789
0.823419430264578
-0.153971350836599
-0.611724299114957
0.995030775365395
-0.756343002654908
0.044864830350566
0.694658370458963
-0.999950266955942
0.680172737770947
0.064781119290117
-0.769240265396228
0.992846926341840
-0.595824463473286
-0.173648177666911
0.834573253721293
-0.973806160042908
0.504312335347601
0.280427389305998
-0.889871808811467
0.943056903383096
-0.406736643075897
-0.383834901812905
0.934471052351279
-0.900968867902460
0.304270581179943
0.482627402182534
-0.967834748450644
0.848048096156467
-0.198146143199472
-0.575617065685614
0.989561751039366
-0.784930877348562
0.089639308903494
0.661685837596816
-0.999390827019093
0.712376096951379
0.019945297363253
-0.739798876047555
0.997203797181182
-0.631256112300264
-0.129290092740003
0.809016994374931
-0.983026957126161
0.542546263865774
0.237080377715483
-0.868507953366983
0.957030761100413
-0.447313148315737
-0.342020143325562
0.917556467632690
-0.919527772551491
0.346701794364302
0.442847653626964
-0.955572805786112
0.870968906043167
-0.241921895599751
-0.538350616090613
0.982099881040223
-0.811938005715899
0.134233265817725
0.627380757516640
-0.996818746958185
0.743144825477433
-0.024930691738128
-0.708867630216902
0.999552432283504
-0.665416495326293
-0.084671634772583
0.781831482468007
-0.990268068741574
0.579687576412005
0.193255917795529
-0.845395038487738
0.969077286229081
-0.486988824404378
-0.299516601786610
0.898794046299114
-0.936234870639777
0.388434796274797
0.402176068832319
-0.941386466660867
0.892135700463928
-0.285210449497894
-0.499999999999920
0.972660192581099
-0.837309998994569
0.178556894798716
0.591812216084305
-0.992239206600162
0.772416959224643
-0.069756473744190
-0.676508819316959
0.999888101810272
-0.698236818086111
-0.039882659401055
0.753071466003580
-0.995514912254018
0.615661475325688
0.149042266176140
-0.820579610508373
0.979172218670636
-0.525683769810524
-0.256409873672010
0.878221573370166
-0.951056516295156
0.429385542199518
0.360694554957800
-0.925304300473953
0.911505852311671
-0.327924627507304
-0.460642450450642
0.961261695938291
-0.860995761366621
0.222520933956403
0.555051843608797
-0.985661428529848
0.800133548011185
-0.114441775495507
-0.642787609686571
0.998210129767730
-0.729650984817571
0.004986634338818
0.722794863827273
-0.998756921218924
0.650395513961999
0.104528463267609
-0.794111644398267
0.987295228574601
-0.563320058063743
-0.212786770195533
0.855880479068486
-0.963962860695858
0.469471562786006
0.318486650251671
-0.907358694567812
0.929040352678504
-0.369978408957986
-0.420357228309566
0.947927346167096
-0.882947592858922
0.266036845566772
0.517173670587927
-0.977098659516889
0.826238774315980
-0.158896606741187
-0.607771911354055
0.994521895368264
-0.759595731569399
0.049845885660767
0.691062648986734
-0.999987566661691
0.683819742589445
0.059804153944980
-0.766044443118872
0.993429957280060
-0.599821894688038
-0.168735142482106
0.831815755384785
-0.974927912181830
0.508612130123553
0.275637355816976
-0.887585789004492
0.944703889414175
-0.411287103130726
-0.379225462652920
0.932683996873384
-0.903121285404191
0.309016994375052
0.478253978621324
-0.966568143838520
0.850680065687331
-0.203031441367269
-0.571532241275955
0.988830826225115
-0.788010753606703
0.094604754002617
0.657938725939569
-0.999204370226175
0.715866849259845
0.014959407015199
-0.736434530278243
0.997564050259827
-0.635115769842307
-0.124343704647436
0.806075865469967
-0.983929588598636
0.546728420318470
0.232232964430209
-0.866025403784366
0.958464918240242
-0.451767519812929
-0.337329987382812
0.915562346134007
-0.921476211870411
0.351374824081455
0.438371146789074
-0.954091088551889
0.873408200617127
-0.246757397690395
-0.534141581324939
0.981148383394153
-0.814838826856933
0.139173100960154
0.623489801858755
-0.996408909165768
0.746472295365277
-0.029915466169473
-0.705341536300278
0.999689182000817
-0.669130606358989
-0.079701855139593
0.778712646036787
-0.990949761767941
0.583743672234920
0.188360886759254
-0.842720958653956
0.970295726276004
-0.491338136832638
-0.294755174410877
0.896596874674959
-0.937975407878400
0.393025031654043
0.397605493806776
-0.939692620785865
0.894377407666338
-0.289986417453696
-0.495675231314099
0.971490038292841
-0.840025923150765
0.183461171813880
0.587785252292487
-0.991606813167017
0.775574445610339
-0.074730093586508
-0.672828078336908
0.999801072770521
-0.701797902884124
-0.034899496702432
0.749781202967615
-0.995974293995244
0.619583342081632
0.144109475329927
-0.817719385664336
0.980172487848552
-0.529919264233337
-0.251586763744471
0.875825776431784
-0.952585646243155
0.433883739117684
0.356039116274335
-0.923401737138343
0.913545457642606
-0.332631443164400
-0.456210657353156
0.959875241542855
-0.863521319028230
0.227379776283068
0.550896981452108
-0.984807753012189
0.803114692137292
-0.119394224540338
-0.638959634165498
0.997899497235820
-0.733051871829959
0.009973144676572
0.719339800338519
-0.998993066541317
0.654175253533171
0.099567846595753
-0.791071034656234
0.988075312474504
-0.567433204758918
-0.207911690817712
0.853290881632072
-0.965277503888977
0.473868662473131
0.313755723344339
-0.905251245280953
0.930873748644213
-0.374606593416037
-0.415827335842016
0.946327383799122
-0.885277697888859
0.270840468143120
0.512899277405904
-0.976025421103599
0.829037572555038
-0.163817911415241
-0.603804410325487
0.993988284916774
-0.762829571862399
0.054825701469449
0.687449743083173
-0.999999999999999
0.687449743083456
0.054825701469286
-0.762829571862147
0.993988284916791
-0.603804410325617
-0.163817911415080
0.829037572554947
-0.976025421103634
0.512899277406043
0.270840468142963
-0.885277697888783
0.946327383799175
-0.415827335842164
-0.374606593415886
0.930873748644153
-0.905251245281022
0.313755723344493
0.473868662472987
-0.965277503888935
0.853290881632157
-0.207911690817871
-0.567433204758784
0.988075312474479
-0.791071034656334
0.099567846595915
0.654175253532876
-0.998993066541310
0.719339800338790
0.009973144676409
-0.733051871829694
0.997899497235830
-0.638959634165798
-0.119394224540176
0.803114692137195
-0.984807753012218
0.550896981452244
0.227379776282910
-0.863521319028148
0.959875241542901
-0.456210657353301
-0.332631443164246
0.913545457642540
-0.923401737138405
0.356039116274487
0.433883739117538
-0.952585646243105
0.875825776431863
-0.251586763744629
-0.529919264233199
0.980172487848520
-0.817719385664430
0.144109475330088
0.619583342081326
-0.995974293995229
0.749781202967873
-0.034899496702595
-0.701797902883846
0.999801072770524
-0.672828078337197
-0.074730093586346
0.775574445610093
-0.991606813167038
0.587785252292619
0.183461171813720
-0.840025923150677
0.971490038292879
-0.495675231314241
-0.289986417453540
0.894377407666266
-0.939692620785921
0.397605493806925
0.393025031653894
-0.937975407878344
0.896596874675031
-0.294755174411032
-0.491338136832496
0.970295726275965
-0.842720958654043
0.188360886759414
0.583743672234788
-0.990949761767919
0.778712646037032
-0.079701855139756
-0.669130606358699
0.999689182000813
-0.705341536300554
-0.029915466169310
0.746472295365018
-0.996408909165782
0.623489801858882
0.139173100959993
-0.814838826856838
0.981148383394184
-0.534141581325076
-0.246757397690238
0.873408200617047
-0.954091088551938
0.438371146789221
0.351374824081303
-0.921476211870348
0.915562346134072
-0.337329987382966
-0.451767519812784
0.958464918240196
-0.866025403784447
0.232232964430368
0.546728420318333
-0.983929588598607
0.806075865470063
-0.124343704647598
-0.635115769842005
0.997564050259816
-0.736434530278507
0.014959407015362
0.715866849259572
-0.999204370226182
0.657938725939863
0.094604754002455
-0.788010753606603
0.988830826225139
-0.571532241276089
-0.203031441367110
0.850680065687245
-0.966568143838561
0.478253978621467
0.309016994374897
-0.903121285404121
0.932683996873443
-0.379225462653071
-0.411287103130578
0.944703889414121
-0.887585789004567
0.275637355817133
0.508612130123413
-0.974927912181793
0.831815755384876
-0.168735142482267
-0.599821894687726
0.993429957280041
-0.766044443119122
0.059804153945142
0.683819742589160
-0.999987566661690
0.691062648987016
0.049845885660604
-0.759595731569146
0.994521895368281
-0.607771911354184
-0.158896606741027
0.826238774315889
-0.977098659516923
0.517173670588066
0.266036845566615
-0.882947592858845
0.947927346167148
-0.420357228309714
-0.369978408957835
0.929040352678444
-0.907358694567880
0.318486650251825
0.469471562785863
-0.963962860695815
0.855880479068570
-0.212786770195692
-0.563320058063608
0.987295228574575
-0.794111644398504
0.104528463267771
0.650395513961702
-0.998756921218916
0.722794863827543
0.004986634338655
-0.729650984817305
0.998210129767740
-0.642787609686696
-0.114441775495345
0.800133548011087
-0.985661428529875
0.555051843608932
0.222520933956244
-0.860995761366538
0.961261695938336
-0.460642450450787
-0.327924627507150
0.911505852311604
-0.925304300474014
0.360694554957951
0.429385542199371
-0.951056516295106
0.878221573370244
-0.256409873672167
-0.525683769810482
0.979172218670603
-0.820579610508401
0.149042266176301
0.615661475325470
-0.995514912254003
0.753071466003762
-0.039882659401218
-0.698236818085913
0.999888101810274
-0.676508819317163
-0.069756473744028
0.772416959224467
-0.992239206600182
0.591812216084528
0.178556894798556
-0.837309998994417
0.972660192581136
-0.500000000000159
-0.285210449497738
0.892135700463803
-0.941386466660922
0.402176068832572
0.388434796274647
-0.936234870639680
0.898794046299185
-0.299516601786765
-0.486988824404335
0.969077286229041
-0.845395038487764
0.193255917795689
0.579687576411965
-0.990268068741551
0.781831482468179
-0.084671634772746
-0.665416495326087
0.999552432283499
-0.708867630217097
-0.024930691737965
0.743144825477248
-0.996818746958198
0.627380757516855
0.134233265817564
-0.811938005715738
0.982099881040254
-0.538350616090846
-0.241921895599593
0.870968906043032
-0.955572805786160
0.442847653627212
0.346701794364149
-0.919527772551382
0.917556467632754
-0.342020143325822
-0.447313148315591
0.957030761100366
-0.868507953367007
0.237080377715641
0.542546263865542
-0.983026957126132
0.809016994374960
-0.129290092740390
-0.631256112300050
0.997203797181170
-0.739798876047588
0.019945297363643
0.712376096951185
-0.999390827019099
0.661685837596853
0.089639308903105
-0.784930877348390
0.989561751039390
-0.575617065685654
-0.198146143199090
0.848048096156321
-0.967834748450685
0.482627402182577
0.304270581179572
-0.900968867902340
0.934471052351337
-0.383834901812950
-0.406736643075541
0.943056903383004
-0.889871808811490
0.280427389305936
0.504312335347362
-0.973806160042871
0.834573253721320
-0.173648177666847
-0.595824463473064
0.992846926341820
-0.769240265396259
0.064781119290506
0.680172737770745
-0.999950266955941
0.694658370458998
0.044864830350176
-0.756343002654728
0.995030775365411
-0.611724299114995
-0.153971350836213
0.823419430264421
-0.978147600733823
0.521435203379473
0.261226607537840
-0.880595531856647
0.949503736732348
-0.424876667889798
-0.365341024366122
0.927183854566721
-0.909443580859505
0.323209657454404
0.465062788901004
-0.962624246949968
0.858448793601887
-0.217656558273489
-0.559192903470529
0.986490593923497
-0.797132507222938
0.109486480664359
0.646599601215610
-0.998495940131144
0.726231953810001
-0.000000000000349
-0.726231953809833
0.998495940131157
-0.646599601215797
-0.109486480663665
0.797132507222791
-0.986490593923537
0.559192903470731
0.217656558273251
-0.858448793601762
0.962624246950034
-0.465062788901220
-0.323209657454173
0.909443580859404
-0.927183854566812
0.365341024366349
0.424876667889577
-0.949503736732272
0.880595531856762
-0.261226607538076
-0.521435203379265
0.978147600733772
-0.823419430264560
0.153971350836904
0.611724299114802
-0.995030775365387
0.756343002654887
-0.044864830350874
-0.694658370458823
0.999950266955943
-0.680172737770924
-0.064781119289808
0.769240265396103
-0.992846926341849
0.595824463473260
0.173648177666607
-0.834573253721185
0.973806160042927
-0.504312335347573
-0.280427389305702
0.889871808811378
-0.943056903383086
0.406736643075764
0.383834901812725
-0.934471052351250
0.900968867902446
-0.304270581179804
-0.482627402182363
0.967834748450624
-0.848048096156450
0.198146143199329
0.575617065685454
-0.989561751039354
0.784930877348542
-0.089639308903801
-0.661685837596670
0.999390827019090
-0.712376096951356
-0.019945297362944
0.739798876047424
-0.997203797181188
0.631256112300239
0.129290092739697
-0.809016994374817
0.983026957126176
-0.542546263865747
-0.237080377715183
0.868507953366886
-0.957030761100437
0.447313148315606
0.342020143325379
-0.917556467632657
0.919527772551478
-0.346701794364165
-0.442847653626789
0.955572805786088
-0.870968906043151
0.241921895599609
0.538350616090448
