0.999999999999999
0.703926182748944
-0.008975858480998
-0.716562866343792
-0.999838867929057
-0.691062648986864
0.026924682845663
0.728968627421410
0.999355523643320
0.677976410513220
-0.044864830350515
-0.741139468049854
-0.998550122907320
-0.664671684553425
0.062790519529313
0.753071466003610
0.997422925272833
0.651152758743573
-0.080695973575218
-0.764760776027597
-0.995974293995238
-0.637423989748688
0.098575422202443
0.776203631076351
0.994204695916450
0.623489801858733
-0.116423103505824
-0.787396343528011
-0.992114701314477
-0.609354685562807
0.134233265817654
0.798335306372701
0.989704983719634
0.595023196102038
-0.152000169561267
-0.809016994374946
-0.986976319697495
-0.580499952001573
0.169718089100667
0.819437965209731
0.983929588598629
0.565789633582216
-0.187381314585727
-0.829594860571831
-0.980565772275219
-0.550896981452103
0.204984153792227
0.839484407258078
0.976885954764646
0.535826794978996
-0.222520933956313
-0.849103418222191
-0.972891321940143
-0.520583930743607
0.239986003602565
0.858448793601864
0.968583161128631
0.505173300974498
-0.257373734365303
-0.867517521717716
-0.963962860695853
-0.489599871965055
0.274678522802392
0.876306680043863
0.959031909598965
0.473868662473000
-0.291894792201030
-0.884813436149739
-0.953791896906691
-0.457984742103068
0.309016994374945
0.893035048612883
0.948244511287225
0.441953229673226
-0.326039611452341
-0.900968867902417
-0.942391540464035
-0.425779291565070
0.342957157654132
0.908612337232873
0.936234870639737
0.409468140058894
-0.359764181061802
-0.915962993388166
-0.929776485888248
-0.393025031653926
0.376455265374394
0.923018467515394
0.923018467515396
0.376455265374386
-0.393025031653921
-0.929776485888252
-0.915962993388168
-0.359764181061807
0.409468140058895
0.936234870639735
0.908612337232872
0.342957157654137
-0.425779291565072
-0.942391540464036
-0.900968867902420
-0.326039611452339
0.441953229673221
0.948244511287225
0.893035048612882
0.309016994374950
-0.457984742103069
-0.953791896906689
-0.884813436149738
-0.291894792201028
0.473868662472995
0.959031909598965
0.876306680043866
0.274678522802391
-0.489599871965056
-0.963962860695851
-0.867517521717716
-0.257373734365308
0.505173300974500
0.968583161128631
0.858448793601867
0.239986003602564
-0.520583930743602
-0.972891321940144
-0.849103418222190
-0.222520933956318
0.535826794978998
0.976885954764645
0.839484407258077
0.204984153792226
-0.550896981452099
-0.980565772275219
-0.829594860571834
-0.187381314585726
0.565789633582218
0.983929588598628
0.819437965209730
0.169718089100676
-0.580499952001572
-0.986976319697495
-0.809016994374949
-0.152000169561266
0.595023196102031
0.989704983719634
0.798335306372698
0.134233265817660
-0.609354685562809
-0.992114701314476
-0.787396343528012
-0.116423103505819
0.623489801858729
0.994204695916451
0.776203631076357
0.098575422202445
-0.637423989748692
-0.995974293995238
-0.764760776027597
-0.080695973575225
0.651152758743571
0.997422925272833
0.753071466003613
0.062790519529313
-0.664671684553419
-0.998550122907320
-0.741139468049861
-0.044864830350506
0.677976410513221
0.999355523643320
0.728968627421403
0.026924682845659
-0.691062648986860
-0.999838867929057
-0.716562866343787
-0.008975858481000
0.703926182748936
0.999999999999999
0.703926182748944
-0.008975858480990
-0.716562866343800
-0.999838867929057
-0.691062648986868
0.026924682845649
0.728968627421415
0.999355523643320
0.677976410513229
-0.044864830350523
-0.741139468049854
-0.998550122907320
-0.664671684553417
0.062790519529316
0.753071466003606
0.997422925272834
0.651152758743569
-0.080695973575214
-0.764760776027590
-0.995974293995237
-0.637423989748689
0.098575422202435
0.776203631076359
0.994204695916450
0.623489801858738
-0.116423103505808
-0.787396343528014
-0.992114701314477
-0.609354685562817
0.134233265817663
0.798335306372700
0.989704983719635
0.595023196102028
-0.152000169561269
-0.809016994374943
-0.986976319697497
-0.580499952001569
0.169718089100665
0.819437965209724
0.983929588598627
0.565789633582215
-0.187381314585715
-0.829594860571836
-0.980565772275219
-0.550896981452108
0.204984153792215
0.839484407258079
0.976885954764648
0.535826794979007
-0.222520933956321
-0.849103418222192
-0.972891321940146
-0.520583930743599
0.239986003602567
0.858448793601862
0.968583161128634
0.505173300974497
-0.257373734365298
-0.867517521717710
-0.963962860695850
-0.489599871965053
0.274678522802380
0.876306680043867
0.959031909598964
0.473868662473005
-0.291894792201018
-0.884813436149739
-0.953791896906693
-0.457984742103079
0.309016994374953
0.893035048612884
0.948244511287229
0.441953229673218
-0.326039611452342
-0.900968867902415
-0.942391540464039
-0.425779291565069
0.342957157654127
0.908612337232868
0.936234870639734
0.409468140058892
-0.359764181061797
-0.915962993388169
-0.929776485888250
-0.393025031653931
0.376455265374403
0.923018467515398
0.923018467515398
0.376455265374404
-0.393025031653929
-0.929776485888250
-0.915962993388170
-0.359764181061798
0.409468140058890
0.936234870639733
0.908612337232869
0.342957157654128
-0.425779291565067
-0.942391540464029
-0.900968867902416
-0.326039611452344
0.441953229673216
0.948244511287228
0.893035048612885
0.309016994374955
-0.457984742103077
-0.953791896906692
-0.884813436149740
-0.291894792201047
0.473868662473003
0.959031909598964
0.876306680043868
0.274678522802382
-0.489599871965052
-0.963962860695850
-0.867517521717711
-0.257373734365300
0.505173300974495
0.968583161128626
0.858448793601863
0.239986003602569
-0.520583930743598
-0.972891321940146
-0.849103418222193
-0.222520933956323
0.535826794979005
0.976885954764647
0.839484407258080
0.204984153792245
-0.550896981452106
-0.980565772275218
-0.829594860571837
-0.187381314585717
0.565789633582213
0.983929588598627
0.819437965209725
0.169718089100667
-0.580499952001567
-0.986976319697492
-0.809016994374944
-0.152000169561271
0.595023196102026
0.989704983719635
0.798335306372701
0.134233265817665
-0.609354685562816
-0.992114701314477
-0.787396343528016
-0.116423103505838
0.623489801858736
0.994204695916450
0.776203631076360
0.098575422202465
-0.637423989748666
-0.995974293995240
-0.764760776027591
-0.080695973575216
0.651152758743567
0.997422925272832
0.753071466003626
0.062790519529290
-0.664671684553436
-0.998550122907320
-0.741139468049855
-0.044864830350525
0.677976410513206
0.999355523643319
0.728968627421397
0.026924682845651
-0.691062648986867
-0.999838867929057
-0.716562866343801
-0.008975858481020
0.703926182748922
0.999999999999999
0.703926182748938
-0.008975858480998
-0.716562866343786
-0.999838867929058
-0.691062648986882
0.026924682845686
0.728968627421421
0.999355523643320
0.677976410513222
-0.044864830350504
-0.741139468049841
-0.998550122907321
-0.664671684553410
0.062790519529325
0.753071466003612
0.997422925272833
0.651152758743584
-0.080695973575195
-0.764760776027577
-0.995974293995237
-0.637423989748683
0.098575422202443
0.776203631076347
0.994204695916452
0.623489801858753
-0.116423103505845
-0.787396343528020
-0.992114701314476
-0.609354685562810
0.134233265817644
0.798335306372688
0.989704983719638
0.595023196102021
-0.152000169561278
-0.809016994374948
-0.986976319697496
-0.580499952001585
0.169718089100646
0.819437965209745
0.983929588598626
0.565789633582207
-0.187381314585724
-0.829594860571825
-0.980565772275222
-0.550896981452124
0.204984153792252
0.839484407258084
0.976885954764646
0.535826794978999
-0.222520933956302
-0.849103418222182
-0.972891321940151
-0.520583930743592
0.239986003602576
0.858448793601866
0.968583161128632
0.505173300974514
-0.257373734365279
-0.867517521717729
-0.963962860695848
-0.489599871965046
0.274678522802389
0.876306680043858
0.959031909598970
0.473868662473022
-0.291894792201053
-0.884813436149744
-0.953791896906690
-0.457984742103071
0.309016994374935
0.893035048612875
0.948244511287235
0.441953229673210
-0.326039611452351
-0.900968867902419
-0.942391540464036
-0.425779291565087
0.342957157654108
0.908612337232883
0.936234870639731
0.409468140058884
-0.359764181061805
-0.915962993388161
-0.929776485888258
-0.393025031653949
0.376455265374411
0.923018467515401
0.923018467515395
0.376455265374396
-0.393025031653911
-0.929776485888242
-0.915962993388178
-0.359764181061790
0.409468140058898
0.936234870639737
0.908612337232877
0.342957157654147
-0.425779291565049
-0.942391540464042
-0.900968867902412
-0.326039611452336
0.441953229673224
0.948244511287222
0.893035048612893
0.309016994374974
-0.457984742103085
-0.953791896906695
-0.884813436149736
-0.291894792201038
0.473868662472986
0.959031909598958
0.876306680043878
0.274678522802374
-0.489599871965059
-0.963962860695852
-0.867517521717721
-0.257373734365319
0.505173300974478
0.968583161128636
0.858448793601858
0.239986003602560
-0.520583930743605
-0.972891321940141
-0.849103418222203
-0.222520933956342
0.535826794979013
0.976885954764649
0.839484407258075
0.204984153792236
-0.550896981452090
-0.980565772275214
-0.829594860571848
-0.187381314585708
0.565789633582220
0.983929588598629
0.819437965209736
0.169718089100686
-0.580499952001551
-0.986976319697498
-0.809016994374939
-0.152000169561262
0.595023196102034
0.989704983719632
0.798335306372713
0.134233265817685
-0.609354685562823
-0.992114701314478
-0.787396343528010
-0.116423103505830
0.623489801858721
0.994204695916448
0.776203631076373
0.098575422202428
-0.637423989748695
-0.995974293995238
-0.764760776027604
-0.080695973575236
0.651152758743552
0.997422925272835
0.753071466003602
0.062790519529309
