0.999999999999999
-0.602611227669399
-0.273719416573559
0.932504014986086
-0.850155361981260
0.092122317800412
0.739127475930345
-0.982935349149553
0.445528279010978
0.445974662797074
-0.983026957126159
0.738791500134744
0.092618851350328
-0.850417819569846
0.932323801215509
-0.273239761301912
-0.603009105203032
0.999999875666361
-0.602213200286072
-0.274199003780147
0.932683996873432
-0.849892692986858
0.091625761342693
0.739463267929130
-0.982843496749090
0.445081784436578
0.446420935683865
-0.983118320656129
0.738455340625874
0.093115361868971
-0.850680065687347
0.932143355606508
-0.272760038084476
-0.603406832788028
0.999999502665477
-0.601815023152035
-0.274678522802414
0.932863746832786
-0.849629812651949
0.091129182100643
0.739798876047604
-0.982751399947613
0.444635179184909
0.446867097560378
-0.983209439716742
0.738118997487319
0.093611849232859
-0.850942100268559
0.931962678203962
-0.272280247040552
-0.603804410325502
0.999998880997441
-0.601416696366283
-0.275157973521114
0.933043264819457
-0.849366721041916
0.090632580197754
0.740134300202297
-0.982659058768020
0.444188463367009
0.447313148315661
-0.983300314285343
0.737782470802723
0.094108313318558
-0.851203923248309
0.931781769052796
-0.271800388289440
-0.604201837716578
0.999998010662407
-0.601018220027892
-0.275637355817031
0.933222550788801
-0.849103418222166
0.090135955757494
0.740469540309809
-0.982566473233281
0.443741637093974
0.447759087838815
-0.983390944339335
0.737445760655788
0.094604754002599
-0.851465534561505
0.931600628197989
-0.271320461950452
-0.604599114862406
0.999996891660591
-0.600619594235925
-0.276116669570970
0.933401604696224
-0.848839904258197
0.089639308903371
0.740804596286788
-0.982473643366408
0.443294700476939
0.448204916018935
-0.983481329856179
0.737108867130206
0.095101171161505
-0.851726934143071
0.931419255684592
-0.270840468142944
-0.604996241664241
0.999995523992272
-0.600220819089520
-0.276595914663730
0.933580426497224
-0.848576179215506
0.089142639758914
0.741139468049905
-0.982380569190490
0.442847653626994
0.448650632745134
-0.983571470813394
0.736771790309769
0.095597564671890
-0.851988121928035
0.931237651557706
-0.270360406986274
-0.605393218023309
0.999993907657789
-0.599821894687861
-0.277075090976109
0.933759016147311
-0.848312243159703
0.088645948447542
0.741474155515889
-0.982287250728671
0.442400496655328
0.449096237906628
-0.983661367188576
0.736434530278317
0.096093934410261
-0.852249097851418
0.931055815862489
-0.269880278599818
-0.605790043840894
0.999992042657545
-0.599422821130103
-0.277554198389007
0.933937373602097
-0.848048096156390
0.088149235092909
0.741808658601514
-0.982193688004157
0.441953229673136
0.449541731392584
-0.983751018959365
0.736097087119677
0.096590280253243
-0.852509861848355
0.930873748644179
-0.269400083102969
-0.606186719018319
0.999989928992004
-0.599023598515504
-0.278033236783259
0.934115498817220
-0.847783738271267
0.087652499818390
0.742142977223563
-0.982099881040214
0.441505852791638
0.449987113092222
-0.983840426103468
0.735759460917779
0.097086602077384
-0.852770413853986
0.930691449948009
-0.268919820615189
-0.606583243456899
0.999987566661690
-0.598624226943339
-0.278512206039743
0.934293391748386
-0.847519169570070
0.087155742747562
0.742477111298976
-0.982005829860180
0.441058366122133
0.450432382894790
-0.983929588598651
0.735421651756580
0.097582899759263
-0.853030753803520
0.930508919819330
-0.268439491255795
-0.606979617058120
0.999984955667192
-0.598224706512917
-0.278991106039356
0.934471052351360
-0.847254390118590
0.086658964003952
0.742811060744629
-0.981911534487419
0.440610769775795
0.450877540689513
-0.984018506422744
0.735083659720082
0.098079173175469
-0.853290881632221
0.930326158303533
-0.267959095144284
-0.607375839723374
0.999982096009159
-0.597825037323633
-0.279469936663010
0.934648480581961
-0.846989399982668
0.086162163711094
0.743144825477479
-0.981816994945392
0.440163063863977
0.451322586365797
-0.984107179553624
0.734745484892333
0.098575422202594
-0.853550797275402
0.930143165446064
-0.267478632400115
-0.607771911354131
0.999978987688302
-0.597425219474780
-0.279948697791581
0.934825676396051
-0.846724199228200
0.085665341992526
0.743478405414529
-0.981722211257607
0.439715248498008
0.451767519812923
-0.984195607969273
0.734407127357425
0.099071646717236
-0.853810500668431
0.929959941292428
-0.266998103142763
-0.608167831851903
0.999975630705393
-0.597025253065824
-0.280427389306127
0.935002639749606
-0.846458787921161
0.085168498971847
0.743811800472791
-0.981627183447644
0.439267323789297
0.452212340920301
-0.984283791647670
0.734068587199497
0.099567846596003
-0.854069991746729
0.929776485888186
-0.266517507491719
-0.608563601118237
0.999972025061268
-0.596625138196225
-0.280906011087558
0.935179370598602
-0.846193166127490
0.084671634772493
0.744145010569436
-0.981531911539112
0.438819289849126
0.452657049577115
-0.984371730566878
0.733729864502732
0.100064021715504
-0.854329270445768
0.929592799278957
-0.266036845566493
-0.608959219054717
0.999968170756822
-0.596224874965477
-0.281384563016856
0.935355868899090
-0.845927333913270
0.084174749518073
0.744478035621568
-0.981436395555713
0.438371146788958
0.453101645673036
-0.984459424705069
0.733390959351438
0.100560171952357
-0.854588336701074
0.929408881510419
-0.265556117486609
-0.609354685562967
0.999964067793016
-0.595824463473114
-0.281863044975021
0.935532134607182
-0.845661291344604
0.083677843332149
0.744810875546375
-0.981340635521199
0.437922894720230
0.453546129097404
-0.984546874040416
0.733051871829735
0.101056297183074
-0.854847190448226
0.929224732628306
-0.265075323371609
-0.609750000544647
0.999959716170868
-0.595423903818705
-0.282341456843070
0.935708167679046
-0.845395038487647
0.083180916338282
0.745143530261090
-0.981244631459382
0.437474533754410
0.453990499739692
-0.984634078551173
0.732712602022019
0.101552397284509
-0.855105831622797
0.929040352678410
-0.264594463341050
-0.610145163901455
0.999955115891461
-0.595023196101855
-0.282819798502039
0.935883968070909
-0.845128575408609
0.082683968660044
0.745475999682993
-0.981148383394134
0.437026064002988
0.454434757489398
-0.984721038215656
0.732373150012656
0.102048472133186
-0.855364260160588
0.928855741706621
-0.264113537514616
-0.610540175535127
0.999950266955940
-0.594622340422207
-0.283298069832978
0.936059535739054
-0.844861902173750
0.082187000421009
0.745808283729410
-0.981051891349391
0.436577485577485
0.454878902236051
-0.984807753012241
0.732033515886056
0.102544521605748
-0.855622475997279
0.928670899758763
-0.263632546011679
-0.610935035347347
0.999945169365508
-0.594221336879442
-0.283776270716958
0.936234870639825
-0.844595018849383
0.081690011744756
0.746140382317712
-0.980955155349146
0.436128798589448
0.455322933869207
-0.984894222919363
0.731693699726676
0.103040545578842
-0.855880479068659
0.928485826880842
-0.263151488951954
-0.611329743240105
0.999939823121437
-0.593820185573275
-0.284254401035066
0.936409972729620
-0.844327925501873
0.081193002754870
0.746472295365318
-0.980858175417454
0.435680003150450
0.455766852278449
-0.984980447915522
0.731353701619016
0.103536543929125
-0.856138269310571
0.928300523118879
-0.262670366455065
-0.611724299115161
0.999934228225051
-0.593418886603552
-0.284732460668297
0.936584841964897
-0.844060622197637
0.080695973574942
0.746804022789690
-0.980760951578432
0.435231099372093
0.456210657353389
-0.985066427979276
0.731013521647624
0.104032516533257
-0.856395846658912
0.928114988518954
-0.262189178640652
-0.612118702874402
0.999928384677745
-0.593017440069879
-0.285210449497991
0.936759478302133
-0.843793109003146
0.080198924328565
0.747135564508341
-0.980663483856255
0.434782087366004
0.456654348983667
-0.985152163089244
0.730673159897090
0.104528463267907
-0.856653211049630
0.927929223127202
-0.261707925628370
-0.612512954419752
0.999922292480971
-0.592615846072174
-0.285688367405180
0.936933881697981
-0.843525385984981
0.079701855139340
0.747466920438826
-0.980565772275160
0.434332967243837
0.457097927058952
-0.985237653224107
0.730332616452052
0.105024384009749
-0.856910362418727
0.927743226989818
-0.261226607537890
-0.612907053653174
0.999915951636244
-0.592214104710301
-0.286166214271021
0.937108052109032
-0.843257453209595
0.079204766130986
0.747798090498672
-0.980467816859445
0.433883739117275
0.457541391468941
-0.985322898362606
0.729991891397191
0.105520278635463
-0.857167300702259
0.927557000153052
-0.260745224488902
-0.613301000476669
0.999909362145140
-0.591812216084159
-0.286643989976689
0.937281989492016
-0.842989310743613
0.078707657426771
0.748129074605754
-0.980369617633469
0.433434403098024
0.457984742103358
-0.985407898483544
0.729650984817234
0.106016147021737
-0.857424025836332
0.927370542663213
-0.260263776601109
-0.613694794792274
0.999902524009299
-0.591410180293686
-0.287121694403376
0.937455693803562
-0.842720958653899
0.078210529150765
0.748459872677467
-0.980271174621673
0.432984959297924
0.458427978851855
-0.985492653565764
0.729309896797033
0.106511989045151
-0.857680537757050
0.927183854566710
-0.259782263994341
-0.614088436501976
0.999895437230423
-0.591007997438762
-0.287599327432402
0.937629165000632
-0.842452397006936
0.077713381426132
0.748790484631852
-0.980172487848469
0.432535407828428
0.458871101604518
-0.985577163588249
0.728968627421170
0.107007804582745
-0.857936836400802
0.926996935909838
-0.259300686788006
-0.614481925508159
0.999888101810268
-0.590605667619672
