0.999999999999999
-0.695733722557953
-0.031909174591306
0.740134300202274
-0.997963609153802
0.648499573345616
0.095597564671823
-0.781520472418820
0.991862730390568
-0.598624226943433
-0.158896606741105
0.819723682363067
-0.981722211257632
0.546310814749130
0.221548497619474
-0.854588336700962
0.967583351875670
-0.491772397870157
-0.283298069832754
0.885972439306612
-0.949503736732324
0.435231099372321
0.343893830853735
-0.913748169581485
0.927557000153154
-0.376917199620994
-0.403088987376282
0.937802403039832
-0.901832526405107
0.317068198399502
0.460642450450637
-0.958037172039992
0.872435085653915
-0.255927847624335
-0.516319817386070
0.974370064785236
-0.839484407258071
0.193745158596790
0.569894326421820
-0.986734560969008
0.803114692137296
-0.130773387834323
-0.621147780278320
0.995080302697611
-0.763474066201484
0.067269005612017
0.669871434827033
-0.999373299586926
0.720723977066237
-0.003490651415203
-0.715866849259734
0.999596067197817
-0.675038536511926
-0.060301919442789
0.758946694294569
-0.995747698246435
0.626603811364438
0.123848893747273
-0.798935515127387
0.987843866299394
-0.575617065685664
-0.186891458544651
0.835670446020774
-0.975916761938742
0.522285957359912
0.249172855231232
-0.869001873620749
0.960014961656764
-0.466827692348830
-0.310439425274785
0.898794046299172
-0.940203230014535
0.409468140058872
0.370441643310455
-0.924925627040608
0.916562255869964
-0.350440913424439
-0.428935133403177
0.947290187621406
-0.889188323749745
0.289986417453571
0.485681664337324
-0.965796642068667
0.858192921703482
-0.228350870110629
-0.540450119880652
0.980369617633542
-0.823702287237148
0.165785299524457
0.593017440070077
-0.990949761767940
0.785856893175389
-0.102544521605543
-0.643169529686291
0.997493983854524
-0.744810875546246
0.038886102236350
0.690702130216917
-0.999975630705394
0.700731405818882
0.024930691738120
-0.735421651756696
0.998384595114688
-0.653798010050633
-0.088645948447672
0.777145961456992
-0.992727357023030
0.604201837716506
0.152000169561310
-0.815705125313166
0.983026957126148
-0.552144883199216
-0.214735327167117
0.850942100268572
-0.969322903035152
0.497839163110082
0.276595914663728
-0.882713373816715
0.951671008370673
-0.441505852791727
-0.337329987382851
0.910889548496323
-0.930143165446105
0.383374385518987
0.396690188705120
-0.935355868899047
0.904827052466001
-0.323681518067573
-0.454434757489279
0.956012689043044
-0.875825776431830
0.262670366455206
0.510328512712747
-0.972775878209410
0.843257453209680
-0.200589415783206
-0.564143811312531
0.985577163588201
-0.807254726470121
0.137691508210972
0.615661475325679
-0.994364408338681
0.767964227459532
-0.074232813184842
-0.664671684553454
0.999101823931320
-0.725545977802898
0.010471784116198
0.710974831112926
-0.999770115906612
0.680172737770877
0.053331894243081
-0.754382332396489
0.996366562457237
-0.632029302664797
-0.116918363439866
0.794717399127600
-0.988905025513370
0.581311750185766
0.180028649666529
-0.831815755384885
0.977415894286088
-0.528226641853053
-0.242405718504667
0.865526307662227
-0.961945961498692
0.472990181723919
0.303795521770405
-0.895711760239436
0.942558232810232
-0.415827335841977
-0.363948032196843
0.922249174357879
-0.919331670207165
0.356970915999421
0.422618261740768
-0.945030468923171
0.892360870408440
-0.296660631545465
-0.479567259365402
0.963962860695877
-0.861755679593706
0.235142113102551
0.534563084235774
-0.978969242177380
0.827640746023836
-0.172665912166227
-0.587381750363289
0.989988495651940
-0.790155012375652
0.109486480663933
0.637808138851478
-0.996975742105727
0.749451149858910
-0.045861134627625
-0.685636874028491
0.999902524009304
-0.705694936419678
-0.017950993798186
0.730673159897331
-0.998756921218917
0.659064581562980
0.081690011745096
-0.772733573497380
0.993543599524642
-0.609750000544431
-0.145096324107662
0.811646811946229
-0.984283791647624
0.557952040886684
0.207911690817826
-0.847254390118692
0.971015210763863
-0.503881664371580
-0.269880278599992
0.879411286122279
-0.953791896906665
0.447759087838689
0.330749702924337
-0.907986531939637
0.932683996873391
-0.389812886290298
-0.390272055913847
0.932863746832797
-0.907777478532861
0.330279061955113
0.448204916018978
-0.953941611336357
0.879173780696994
-0.269400083103016
-0.504312335347705
0.971134279909653
-0.846989399982671
0.207423896524527
0.558365800629779
-0.984371730566875
0.811355416346511
-0.144602917697708
-0.610145163901298
0.993600050061334
-0.772416959224570
0.081193002755023
0.659439539119671
-0.998781653462339
0.730332616452203
-0.017452406437166
-0.706048161055876
0.999895437230424
-0.685273788370191
-0.046359269722116
0.749781202967784
-0.996936865167446
0.637423989748626
0.109982134696401
-0.790460549722942
0.989917986891541
-0.586978102371320
-0.173157066445892
0.827920523222628
-0.978867388761675
0.534141581324838
0.235626767265367
-0.862008557172574
0.963830077451561
-0.479129618224790
-0.297136811700884
0.892585818452181
-0.944867296647423
0.422166264787352
0.357436682769570
-0.919527772551503
0.922056277615756
-0.363483520315541
-0.416280792260482
0.942724690773129
-0.895489924657258
0.303320386816702
0.473429480961779
-0.962082097133175
0.865276436727891
-0.241921895599616
-0.528649994740375
0.977521153141473
-0.831538866768159
0.179538109315034
0.581717432498707
-0.988978978893328
0.794414620535338
-0.116423103505746
-0.632415662147812
0.996408909165782
-0.754054896979829
0.052833931811928
0.680538200866137
-0.999780683474846
0.710624072444840
0.010970420952111
-0.725889056058999
0.999080569319844
-0.664299031197508
-0.074730093586538
0.768283523593561
-0.994311418112889
0.615268445017559
0.138185406863934
-0.807548940058741
0.985492653565703
-0.563732004778833
-0.201077921146100
0.843525385985136
-0.972660192581086
0.509899607151627
0.263151488952276
-0.876066337162421
0.955866298971202
-0.453990499739455
-0.324153298191921
0.905039261400386
-0.935179370598492
0.396232388131422
0.383834901813056
-0.930326158303622
0.910683660806149
-0.336860508507074
-0.441953229673292
0.951824039861362
-0.882478935272471
0.276116669570788
0.498271578510819
-0.969445349895173
0.850680065687291
-0.214248267717708
-0.552560575985547
0.983118320656154
-0.815416561904494
0.151507279442240
0.604599114862461
-0.992787265119308
0.776832044476697
-0.088149235092795
-0.654175253533126
0.998412803784641
-0.735083659720090
0.024432178152579
0.701087079207582
-0.999972025061268
0.690341439691795
0.039384385715635
-0.745143530261068
0.997458578581325
-0.642787609686422
-0.103040545578740
0.786165174386299
-0.990882701063613
0.592615846072220
0.166277043794238
-0.823984939382091
0.980271174621698
-0.540030487489512
-0.228836331909905
0.858448793601959
-0.965667217686201
0.485245702624021
0.290463619602414
-0.889416373291333
0.947130308985566
-0.428484617944673
-0.350907912382700
0.916761554258709
-0.924735945302182
0.369978408957787
0.409923033841717
-0.940372965551608
0.898575333990471
-0.309965358680316
-0.467268628273212
0.960154443046385
-0.868755021509246
0.248689887164735
0.522711139590046
-0.976025421103652
0.835396459481242
-0.186401556029627
-0.576024762547147
0.987921260694534
-0.798635510047240
0.123354052049686
0.626992362396890
-0.995793512661333
0.758621892528957
-0.059804153944875
-0.675406359231885
0.999610115040358
-0.715518573655333
-0.003989313423252
0.721069573412073
-0.999355523643314
0.669501103834357
0.067766533188703
-0.763796028634725
0.995030775365382
-0.620756902174646
-0.131267754658427
0.803411709375230
-0.986653483962171
0.569484493168330
0.194234351220064
-0.839755269614335
0.974257768312768
-0.515892698144135
-0.256409873672131
0.872678689965263
-0.957894113460887
0.460199784783698
0.317541094684956
-0.902047880524356
0.937629165000451
-0.402632578164950
-0.377379040140766
0.927743226989987
-0.913545457642544
0.343425536953091
0.435680003150796
-0.949660077825489
0.885741079069581
-0.282819798501627
-0.492206536620252
0.967709170481996
-0.854329270445580
0.221062196752690
0.546728420318483
-0.981816994945437
0.819437965209632
-0.158404256935829
-0.599023598515729
0.991926093126581
-0.781209268030924
0.095101171161323
0.648879084367540
-0.997995292875431
0.739798876047451
-0.031410759077871
-0.696091827364053
0.999999875666361
-0.695375444745556
-0.032407582169984
0.740469540309852
-0.997931677271280
0.648119901062962
0.096093934410255
-0.781831482468100
0.991799121010747
-0.598224706512841
-0.159388917033938
0.820009195678014
-0.981627183447627
0.545893073330095
0.222034743394354
-0.854847190448175
0.967457292663006
-0.491338136832286
-0.283776270716798
0.886203579231283
-0.949347159528651
0.434782087366011
0.344362039239131
-0.913950654301164
0.927370542663242
-0.376455265374130
-0.403545296352495
0.937975407878453
-0.901616948029607
0.316595223269644
0.461085001570821
-0.958179992386619
0.872191264396484
-0.255445757935714
-0.516746808236113
0.974482118963773
-0.839213336149460
0.193255917795464
0.570304017961216
-0.986815392607245
0.802817475190952
-0.130278988491269
-0.621538503922868
0.995129582585932
-0.763151913917152
0.066771461307843
0.670241599244624
-0.999390827019103
0.720378201499992
-0.002991988539229
-0.716214946851495
0.999581770788443
-0.674670545932015
-0.060799669945532
0.759271307335010
-0.995701636221663
0.626215104516168
0.124343704647636
-0.799235321538449
0.987766226259792
-0.575209225687146
-0.187381314585885
0.835944224756412
-0.975807860095244
0.521860645254448
0.249655761336593
-0.869248509639923
0.959875241542805
-0.466386640339777
