0.999999999999999
-0.428033995936253
-0.633573796645686
0.970416243733766
-0.197168488407941
-0.801626611801842
0.883415372204706
0.045362988129255
-0.922249174357854
0.744145010569352
0.285210449497805
-0.988304547331991
0.560845439695163
0.508182718021301
-0.995884398615969
0.344362039239030
0.701087079207490
-0.944540247263949
0.107503593510523
0.852509861848321
-0.837309998994519
-0.135715572434310
0.953491756554187
-0.680538200866025
-0.370904785546278
0.998057915804531
-0.483500650208963
-0.584148485111092
0.983571470813384
-0.257855568771213
-0.762829571862272
0.910889548496308
-0.016953814736620
-0.896375930360152
0.784312557402887
0.224951054343869
-0.976885954764647
0.611329743239962
0.453546129097289
-0.999596067197817
0.402176068832405
0.655306007573280
-0.963162566797654
0.169226636831960
0.818293059633579
-0.869741133155691
-0.073735514324066
0.932863746832781
-0.724859280117738
-0.312334918512249
0.992239206600173
-0.537089306539134
-0.532454242495018
0.992906340675842
-0.317541094684832
-0.721069573411999
0.934825676396010
-0.079204766131194
-0.867021011307347
0.821433702192339
0.163817911415157
-0.961672972650261
0.659439539119619
0.397147890634796
-0.999425136331752
0.458427978851636
0.606979617058058
-0.978043800734073
0.230292375399717
0.780897869382087
-0.898794046299162
-0.011469055059796
0.908612337232876
-0.766364883865741
-0.252551890060323
0.982566473233293
-0.588591817561730
-0.478691857940633
0.998384595114688
-0.375993237515647
-0.676508819317024
0.955130783952414
-0.141148072876735
-0.834298436648153
0.855364260160494
0.102048472133044
-0.942724690773087
0.704987960785705
0.339207062888972
-0.995372269942040
0.512899277405892
0.556295615500317
-0.989126147854730
0.290463619602273
0.740469540309791
-0.924355892018037
0.050841951945612
0.880831724313091
-0.804893797355892
-0.191787907539994
0.969077286229085
-0.637808138851401
-0.423070153602624
0.999984955667193
-0.432984959298111
-0.629320391049859
0.971726002708586
-0.202543136739182
-0.798335306372716
0.885972439306598
0.039882659401128
-0.920114707450656
0.747798090498518
0.279948697791493
-0.987453210044205
0.565378388799114
0.503450868096833
-0.996366562457241
0.349506654194827
0.697165102854593
-0.946327383799150
0.112955480248311
0.849629812651984
-0.840296367800311
-0.130278988491407
0.951824039861332
-0.684547105928663
-0.365805173546843
0.997701206263484
-0.488294894587919
-0.579687576412006
0.984546874040387
-0.263151488952105
-0.759271307334897
0.913139352308706
-0.022438064295781
-0.893930843665510
0.787703646505413
0.219602964810968
-0.975698715600388
0.615661475325643
0.448650632745098
-0.999736921552070
0.407192146088788
0.651152758743584
-0.964623180668652
0.174630270445103
0.815127795728560
-0.872435085653916
-0.068264043913690
0.930873748644227
-0.728627176774952
-0.307119344598758
0.991542217370812
-0.541708210282689
-0.527803157613259
0.993543599524641
-0.322737716469586
-0.717258170685003
0.936759478302047
-0.084671634772570
-0.864274801953730
0.824549628907111
0.158404256935997
-0.960154443046367
0.663553229010175
0.392107762787107
-0.999224134096956
0.463296035119821
0.602611227669434
-0.979172218670622
0.235626767265275
0.777459685186426
-0.901185118724653
-0.005983950294423
0.906307787036665
-0.769877136972473
-0.247240612400083
0.981531911539141
-0.593017440070016
-0.473868662473026
0.998681234364612
-0.381070376350246
-0.672459082520355
0.956741072739877
-0.146576326362022
-0.831261771375091
0.858192921703482
0.096590280253189
-0.940880768954232
0.708867630216924
0.334041880251005
-0.994830191844719
0.517600404335598
0.551729053112750
-0.989917986891552
0.295708050043978
0.736771790309868
-0.926434797042861
0.056319385995430
0.878221573370260
-0.808136764729625
-0.186401556029823
0.967709170481986
-0.642023290261303
-0.418093581652611
0.999939823121439
-0.437922894720312
-0.625048050043225
0.973006523744644
-0.207911690817704
-0.795019980099514
0.888502848680018
0.034401130657006
-0.917952555519705
0.751428670180986
0.274678522802438
-0.986572161606976
0.569894326421768
0.498703870007557
-0.996818746958186
0.354640752961809
0.693222149734015
-0.948086046606152
0.118403968306460
0.846724199228304
-0.843257453209694
-0.124838484627555
0.950127684053212
-0.688535413882357
-0.360694554957835
0.997314477224460
-0.493074446825090
-0.575209225687256
0.985492653565721
-0.268439491255806
-0.755690197347075
0.915361680976457
-0.027921638723486
-0.891458859784653
0.791071034656291
0.214248267717933
-0.974482118963746
0.619974682979029
0.443741637094092
-0.999847695156389
0.412195971476795
0.646979917596310
-0.966054770315311
0.180028649666376
0.811938005715896
-0.875102787744554
-0.062790519529381
0.928855741706703
-0.732373150012727
-0.301894529873963
0.990815393959226
-0.546310814749081
-0.523136191838745
0.994150963972308
-0.327924627507149
-0.713425186616722
0.938665094365397
-0.090135955757483
-0.861502587724579
0.827640746023834
0.152985836284089
-0.958607023676491
0.667646953469528
0.387055836940033
-0.998993066541316
0.468150151428552
0.598224706513064
-0.980271174621712
0.240954069435851
0.773998108266254
-0.903549075692464
-0.000498665479943
0.903975967248495
-0.773366225503486
-0.241921895599703
0.980467816859515
-0.597425219474846
-0.469031208929691
0.998947824628822
-0.386136049285717
-0.668389112327213
0.958322574465124
-0.152000169561239
-0.828200094544553
0.860995761366617
0.091129182100690
-0.939008537288540
0.712725970767053
0.328866646738603
-0.994258180634415
0.522285957359915
0.547145889934101
-0.990680040617098
0.300943583025047
0.733051871829913
-0.928485826880865
0.061795125470076
0.875584997912188
-0.811355416346458
-0.181009595945591
0.966311937657255
-0.646219124047089
-0.413104429824651
0.999864603720716
-0.442847653626945
-0.620756902174844
0.974257768312764
-0.213273989110857
-0.791680732735993
0.891006524188316
0.028918566828797
-0.915762783621275
0.755036640377448
0.269400083103187
-0.985661428529880
0.574393116684577
0.493941866584322
-0.997240938513177
0.359764181061711
0.689258338484020
-0.949816182769108
0.123848893747143
0.843793109003360
-0.846193166127511
-0.119394224540340
0.948402740170936
-0.692503004724179
-0.355573083551029
0.996897740323624
-0.497839163110059
-0.570713567684505
0.986408780932129
-0.273719416573473
-0.752086349649561
0.917556467632699
-0.033404373026398
-0.888960053096230
0.794414620535367
0.208887124180357
-0.973236201460469
0.624269236421536
0.438819289849299
-0.999928384677747
0.417187394438102
0.642787609686596
-0.967457292663037
0.185421612065865
0.808723785572048
-0.877744159160063
-0.057315105862068
0.926809786739364
-0.736097087119688
-0.296660631545609
0.990058758234568
-0.550896981452049
-0.518453485594285
0.994728415744052
-0.333101671730248
-0.709570736536562
0.940542467248601
-0.095597564671764
-0.858704452032142
0.830706960534903
0.147562812492511
-0.957030761100427
0.671720589322951
0.381992265099309
-0.998731940617348
0.472990181723919
0.593820185573539
-0.981340635521220
0.246274121620004
0.770513242775817
-0.905885846074273
0.004986634338716
0.901616948029726
-0.776832044476745
-0.236595899692303
0.979374221211604
-0.601815023151928
-0.464179642863249
0.999184357885968
-0.391190103902615
-0.664299031197657
0.959875241542847
-0.157419439278068
-0.825113498278375
0.863772694816138
0.085665341992817
-0.937108052109001
0.716562866343695
0.323681518067744
-0.993656253522194
0.526955795496562
0.542546263865871
-0.991412286102152
0.306170061015332
0.729309896797273
-0.930508919819320
0.067269005611911
0.872922077269871
-0.814549655361510
-0.175612189524098
0.964885629795739
-0.650395513961782
-0.408102848235587
0.999759299728273
-0.447759087838662
-0.616447076559563
0.975479698764686
-0.218629870274323
-0.788317664755599
0.893483390499275
0.023435132879443
-0.913545457642646
0.758621892528950
0.264113537514865
-0.984721038215645
0.578874624225015
0.489165001109382
-0.997633124419038
0.364876784337522
0.685273788370317
-0.951517740230566
0.129290092739933
0.840836630169682
-0.849103418222140
-0.113946372040170
0.946649260115727
-0.696449759074697
-0.350440913424557
0.996451008100026
-0.502588900078970
-0.566200737672009
0.987295228574580
-0.278991106039143
-0.748459872677361
0.919723646239206
-0.038886102236299
-0.886434498786028
0.797734303538569
0.203519695507950
-0.971961000578564
0.628545006435737
0.433883739117630
-0.999978987688302
0.422166264787400
0.638575961155434
-0.968830705511790
0.190808995376472
0.805485232008643
-0.880359120425074
-0.051837967659701
0.924735945302266
-0.739798876047537
-0.291417807094711
0.989272332962997
-0.555466572399954
-0.513755179776262
0.995275937465119
-0.338268693368532
-0.705694936419782
0.942391540464014
-0.101056297182887
-0.855880479068646
0.833748180181952
0.142135348732923
-0.955425702745844
0.675774014000094
0.376917199621159
-0.998440764181989
0.477815980375771
0.589397797377109
-0.982380569190473
0.251586763744353
0.767005193570141
-0.908195359559729
0.010471784116088
0.899230800360147
-0.780274489610309
-0.231262784930102
0.978251157500266
-0.606186719018109
-0.459314110250648
0.999390827019090
-0.396232388131391
-0.660188962196601
0.961399027255431
-0.162833972454141
-0.822002075447991
0.866523638497938
0.080198924329001
-0.935179370598601
0.720378201499942
0.318486650251816
-0.993024428619216
0.531609778236583
0.537930313304434
-0.992114701314460
0.311387326757030
0.725545977803020
-0.932504014986038
0.072740861719131
0.870232891567010
-0.817719385664357
-0.170209499166046
