0.999999999999999
0.206448153321006
-0.914758319980691
-0.584148485111087
0.673565567947797
0.862261220397962
-0.317541094684843
-0.993372765600395
-0.092618851350323
0.955130783952421
0.486988824404368
-0.754054896979922
-0.798335306372702
0.424425197516714
0.973578902873160
-0.022438064295801
-0.982843496749093
-0.383374385519018
0.824549628907138
0.723827881937819
-0.525683769810502
-0.940880768954226
0.137197575318804
0.997529141083599
0.274678522802395
-0.884115393504607
-0.639726503425796
0.619974682979088
0.895711760239413
-0.250138605360413
-0.998993066541314
-0.162341942175472
0.931962678203970
0.547145889934089
-0.706048161055829
-0.838670567945424
0.359764181061799
0.987215869567933
0.047853605341182
-0.967457292663054
-0.447313148315636
0.782763345811118
0.770513242775795
-0.464621273650229
-0.962353650653281
0.067269005612033
0.990128774621970
0.341551508529366
-0.849103418222187
-0.692143173870413
0.563320058063614
0.924735945302243
-0.181500001629209
-0.999676625630462
-0.231262784929957
0.904189075869137
0.604599114862377
-0.654552334343433
-0.874861356216694
0.293325311537728
0.995974293995239
0.117908795963291
-0.947290187621390
-0.509041415750380
0.737108867130238
0.813390944581532
-0.401262750256466
-0.979070852155443
-0.002991988539362
0.977835471138025
0.406736643075804
-0.809895413436047
-0.741139468049865
0.503881664371633
0.949190346253542
-0.111964476103294
-0.995420064911700
-0.299040792256098
0.871947226253856
0.659064581563061
-0.599821894687906
-0.906728826522711
0.225436911090834
0.999810894492899
0.187381314585743
-0.922441841766721
-0.568254144143277
0.687811804415945
0.852249097851398
-0.335921299574117
-0.990949761767936
-0.073238197127644
0.960709980668812
0.469911799899914
-0.766685134042628
-0.786473260103463
0.441953229673206
0.968954116344039
-0.041875653729179
-0.986244419107037
-0.365341024366412
0.835396459481336
0.710273137068068
-0.542127304478896
-0.934115498817193
0.156434465040217
0.998706711663818
0.255927847624361
-0.893035048612880
-0.624658720898488
0.635115769842171
0.886895676556418
-0.268919820615259
-0.997931677271290
-0.143122483211124
0.938836932555984
0.530764785202629
-0.719686113050168
-0.827920523222588
0.377840786818440
0.983929588598634
0.028420106309729
-0.972195031668973
-0.429835844221561
0.794717399127540
0.757971723145467
-0.481753674101696
-0.956886035893276
0.086658964004047
0.992667202067970
0.323209657454477
-0.859215128233987
-0.677976410513232
0.579281172342666
0.917159467080773
-0.200589415783259
-0.999982096009160
-0.212299498367059
0.912324417231449
0.588994880701250
-0.669130606358851
-0.865276436727963
0.311861161409494
0.994042758459031
0.098575422202476
-0.953341330705952
-0.492206536620144
0.750111069630439
0.801924626841841
-0.418999353002170
-0.974927912181829
0.016455218820086
0.981722211257628
0.388894256356617
-0.821149209133690
-0.727943732009926
0.520583930743589
0.942890914311134
-0.131267754658213
-0.997090885390700
-0.280427389306020
0.881303452064983
0.644314329694506
-0.615268445017599
-0.898356398235646
0.244340406137881
0.999243649493386
0.168243606173450
-0.929776485888236
-0.552144883199291
0.701797902883964
0.841914645309188
-0.354174455327982
-0.988151969821058
-0.053829843412161
0.965925826289059
0.452657049577046
-0.779025402343227
-0.774313760984871
0.459314110250489
0.963962860695860
-0.061297405329101
-0.989272332962984
-0.347169487214441
0.845927333913340
0.696449759074782
-0.558365800629644
-0.926996935909972
0.175612189523928
0.999506560365730
0.237080377715542
-0.901616948029701
-0.609354685562843
0.650016648925809
0.877744159160117
-0.287599327432005
-0.996492859249507
-0.123848893747253
0.945356108439555
0.514182939383414
-0.733051871829801
-0.816857349838960
0.395774489027906
0.980271174621722
0.008975858481031
-0.976565075805962
-0.412195971476891
0.806370881570428
0.745143530260990
-0.498703870007468
-0.951056516295161
0.106016147021374
0.994830191844715
0.304745564927270
-0.869001873620723
-0.663553229010249
0.595023196102019
0.909236109047088
-0.219602964810929
-0.999909362145145
-0.193255917795570
0.920114707450630
0.573167882188935
-0.683455805808986
-0.855364260160513
0.330279061955128
0.991735265002984
0.079204766131242
-0.959031909598962
-0.475185499556485
0.762829571862261
0.790155012375711
-0.436577485577613
-0.970416243733774
0.035896202634521
0.985237653224053
0.370904785546331
-0.832092437156137
-0.714472679632843
0.537089306539123
0.936234870639756
-0.150521386302511
-0.998384595114686
-0.261707925628623
0.890326359203675
0.629320391049854
-0.630482294044674
-0.889644201664092
0.263151488952085
0.998298479539765
0.149042266176220
-0.936759478302060
-0.535826794979033
0.715518573655401
0.831261771375100
-0.372293658401933
-0.984980447915490
-0.034401130657021
0.970776348122908
0.435231099372386
-0.791071034656318
-0.761861407873447
0.476501273172297
0.958607023676494
-0.080695973575185
-0.991926093126558
-0.328866646738612
0.856138269310431
0.682362976111778
-0.574393116684618
-0.919527772551460
0.194723495543360
0.999928384677747
0.218143241396593
-0.909857845986189
-0.593820185573542
0.664671684553409
0.868260669255159
-0.306170061015439
-0.994677156652782
-0.104528463267671
0.951517740230584
0.497406623913284
-0.746140382317527
-0.805485232008642
0.413558504966483
0.976242011289683
-0.010471784116207
-0.980565772275206
-0.394400201675799
0.817719385664393
0.732033515886208
-0.515465450616804
-0.944867296647457
0.125333233564244
0.996616925885645
0.286166214270853
-0.878459952927495
-0.648879084367525
0.610540175534903
0.900968867902442
-0.238533457578556
-0.999458451547165
-0.174139245707412
0.927557000153138
0.557124105270590
-0.697522514745666
-0.845128575408732
0.348572047321770
0.989052686346554
0.059804153945080
-0.964359772060769
-0.457984742103106
0.775259563547992
0.778086552580977
-0.453990499739485
-0.965537553173981
0.055323610109780
0.988380467458424
0.352775034460905
-0.842720958654019
-0.700731405818958
0.553391549243315
0.929224732628414
-0.169718089100637
-0.999300704788395
-0.242889481131250
0.899012535107096
0.614088436501847
-0.645457687723907
-0.880595531856750
0.281863044974792
0.996975742105724
0.129784556752340
-0.943388177963505
-0.519306051163211
0.728968627421358
0.820294505083394
-0.390272055913681
-0.981436395555748
-0.014959407015337
0.975259711649573
0.417640539972196
-0.802817475191088
-0.749120910386254
0.493508218064311
0.952888630922478
-0.100064021715261
-0.994204695916443
-0.310439425274783
0.866025403784406
0.668018115955527
-0.590203190936405
-0.911710833661507
0.213761154992055
0.999972025061269
0.199123600901075
-0.917754625683969
-0.578061096249603
0.679075334029044
0.858448793601893
-0.324624997709526
-0.992485256199839
-0.085168498972039
0.957319497532052
0.480442183779406
-0.758946694294523
-0.793808470791770
0.431186108523465
0.971843622476440
-0.029915466169353
-0.984195607969228
-0.376455265374432
0.828758619280176
0.718646638372956
-0.532032076515278
-0.938320717781223
0.144602917697734
0.998026728428268
0.267478632400252
-0.887585789004511
-0.633959526508210
0.625826241948788
0.892360870408479
-0.257373734365216
-0.998629534754576
-0.154956712238522
0.934648480581869
0.540869617879404
-0.711325412984618
-0.834573253721316
0.366733198900821
0.985996037070517
0.040380923169200
-0.969322903035162
-0.440610769775979
0.787396343527964
0.765723811882055
-0.471231809694063
-0.960293685676971
0.074730093586351
0.991149465313783
0.334511859971859
-0.853030753803412
-0.686725107669398
0.569484493168418
0.921863151588504
-0.188850602648100
-0.999838867929056
-0.223979173156881
0.907358694567813
0.598624226943508
-0.660188962196443
-0.871213811120204
0.300467997289340
0.995275937465134
0.110477761379623
-0.949660077825416
-0.502588900079148
0.742142977223457
0.809016994374979
-0.408102848235453
-0.977521153141484
0.004487974438846
0.979374221211586
0.399892024319760
-0.814260281314317
-0.736097087119785
0.510328512712656
0.946809845192923
-0.119394224540143
-0.996107279539965
-0.291894792201074
0.875584997912120
0.653420603990179
-0.605790043840765
-0.903549075692499
0.232717967617469
0.999637465011023
0.180028649666509
-0.925304300473982
-0.562083377852229
0.693222149733919
0.848312243159761
-0.342957157654102
-0.989917986891578
-0.065776323011977
0.962759186055445
0.463296035119886
-0.771465964272510
-0.781831482468081
0.448650632745035
0.967077671701082
-0.049347833863643
-0.987453210044190
-0.358367949545346
0.839484407258066
0.704987960785793
-0.548397482022506
-0.931419255684634
0.163817911415122
0.999059066269732
0.248689887164923
-0.896375930360130
-0.618800198173457
0.640875613984949
0.883415372204738
-0.276116669570885
-0.997422925272842
-0.135715572434396
0.941386466660881
0.524410567641394
-0.724859280117659
-0.823702287237219
0.384755647944881
0.982566473233293
0.020942419883471
-0.973919425411284
-0.423070153602646
0.799235321538306
0.753071466003683
-0.488294894587874
-0.954686624531139
0.094108313318492
0.993543599524636
0.316122169413098
-0.863017923326325
-0.672459082520432
0.585362051785744
0.914152911751122
-0.207911690817716
-0.999998880997441
-0.204984153792327
0.915361680976463
0.582933611109081
-0.674670545931982
-0.861502587724600
0.318959309298007
0.993199708502816
0.091129182100786
-0.955572805786113
-0.485681664337362
0.755036640377498
0.797433504528650
-0.425779291564993
-0.973236201460464
0.023933658491721
0.983118320656105
0.381992265099340
-0.825395125230793
-0.722794863827408
0.526955795496584
