0.999999999999999
-0.302845176437489
-0.816569598217091
0.797433504528579
0.333571817464844
-0.999474736358009
0.271800388289465
0.834847863263405
-0.777459685186401
-0.363948032196783
0.997899497235825
-0.240470066417747
-0.852249097851390
0.756669123232738
0.393941909590950
-0.995275937465126
0.208887124180277
0.868755021509334
-0.735083659720177
-0.423521940260788
0.991606813167029
-0.177084740319583
-0.884348294314087
0.712725970767068
0.452657049577021
-0.986895978856720
0.145096324107603
0.899012535107120
-0.689619543735671
-0.481316630312380
0.981148383394172
-0.112955480248350
-0.912732338703386
0.665788652558008
0.509470574795370
-0.974370064785234
0.080695973575221
0.925493292074873
-0.641258332235474
-0.537089306539151
0.966568143838547
-0.048351693580130
-0.937281989491891
0.616054352538847
0.564143811312473
-0.957750816684931
0.015956618811720
0.948086046606164
-0.590203190936452
-0.590605667619923
0.947927346167129
0.016455218820112
-0.957894113460922
0.563732004778897
0.616447076559465
-0.937108052108952
-0.048849769795609
0.966695886414320
-0.536668602769469
-0.641640891025962
0.925304300473996
0.081193002755134
-0.974482118963728
0.509041415750364
0.666160644229908
-0.912528491425409
-0.113450940249982
0.981244631459414
-0.480879466835350
-0.689980577501587
0.898794046299164
0.145589694436704
-0.986976319697493
0.452212340920106
0.713075667351173
-0.884115393504608
-0.177575502677155
0.991671162383088
-0.423070153602585
-0.735421651756665
0.868507953366989
0.209374763007076
-0.995324227455865
0.393483519545668
0.756995055651756
-0.851988121928004
-0.240954069435882
0.997931677271291
-0.363483520315671
-0.777773215587047
0.834573253721307
0.272280247040586
-0.999490772632194
0.333101671730306
0.797734303538616
-0.816281643541079
-0.303320386816858
0.999999875666361
-0.302369890750448
-0.816857349838949
0.797132507222915
0.334041880250992
-0.999458451547164
0.271320461950503
0.835122265206173
-0.777145961456965
-0.364412453575929
0.997867069055411
-0.239986003602577
-0.852509861848322
0.756343002654870
0.394400201675763
-0.995227399981831
0.208399433410065
0.869001873620738
-0.734745484892438
-0.423973621602930
0.991542217370802
-0.176593933926817
-0.884580975215085
0.712376096951346
0.453101645672914
-0.986815392607209
0.144602917697794
0.899230800360078
-0.689258338483951
-0.481753674101728
0.981051891349430
-0.112459992158386
-0.912935959014698
0.665416495326268
0.509899607151715
-0.974257768312789
0.080198924328860
0.925682053535847
-0.640875613985012
-0.537509876752298
0.966440160908898
-0.047853605341152
-0.937455693803475
0.615661475325649
0.564555477561945
-0.957607281747653
0.015458014835453
0.948244511287221
-0.589800567488784
-0.591007997439115
0.947768410009577
0.016953814736644
-0.958037172039992
0.563320058063619
0.616839647289878
-0.936933881697911
-0.049347833863735
0.966823388604453
-0.536247765547843
-0.642023290261368
0.925115078780215
0.081690011745004
-0.974593930820408
0.508612130123435
0.666532470249444
-0.912324417231460
-0.113946372040049
0.981340635521234
-0.480442183779319
-0.690341439691907
0.898575333990540
0.146083028562413
-0.987056415109555
0.451767519812818
0.713425186616670
-0.883882272844576
-0.178066220877545
0.991735265002985
-0.422618261740687
-0.735759460917853
0.868260669255135
0.209862349769234
-0.995372269942037
0.393025031653941
0.757320799830894
-0.851726934143034
-0.241438012536665
0.997963609153803
-0.363018918048102
-0.778086552580950
0.834298436648144
0.272760038084482
-0.999506560365730
0.332631443164253
0.798034904178258
-0.815993485882542
-0.303795521770366
0.999999502665477
-0.301894529873903
-0.817144898335123
0.796831311696503
0.334511859971826
-0.999441918203706
0.270840468142982
0.835396459481355
-0.776832044476763
-0.364876784337623
0.997834392738110
-0.239501881110726
-0.852770413853930
0.756016693999266
0.394858395686182
-0.995178615018046
0.207911690817744
0.869248509639811
-0.734407127357541
-0.424425197516712
0.991477375010477
-0.176103083620954
-0.884813436149727
0.712026045990976
0.453546129097294
-0.986734560969003
0.144109475329971
0.899448842003762
-0.688896961836233
-0.482190598094665
0.980955155349194
-0.111964476103331
-0.913139352308727
0.665044172627189
0.510328512712708
-0.974145229574319
0.079701855139651
0.925870584809992
-0.640492736369790
-0.537930313304305
0.966311937657215
-0.047355505202563
-0.937629165000501
0.615268445017600
0.564967003424943
-0.957463508684781
0.014959407015270
0.948402740170901
-0.589397797376992
-0.591410180293934
0.947609238173042
0.017452406437302
-0.958179992386569
0.562907971269076
0.617232064632457
-0.936759478302068
-0.049845885660684
0.966950650377254
-0.535826794978970
-0.642405529846580
0.924925627040592
0.082187000421241
-0.974705500327470
0.508182718021300
0.666904130524177
-0.912120116172278
-0.114441775495411
0.981436395555745
-0.480004781253052
-0.690702130216901
0.898356398235635
0.146576326362053
-0.987136265072987
0.451322586365706
0.713774528476688
-0.883648932391932
-0.178556894798665
0.991799121010772
-0.422166264787456
-0.736097087119701
0.868013169235237
0.210349884345548
-0.995420064911706
0.392566446029671
0.757646355689113
-0.851465534561461
-0.241921895599688
0.997995292875423
-0.362554225509608
-0.778399696090189
0.834023412112261
0.273239761301909
-0.999522099554693
0.332161131883725
0.798335306372683
-0.815705125313160
-0.304270581179815
0.999998880997441
-0.301419093926014
-0.817432243634134
0.796529918024168
0.334981756510587
-0.999425136331750
0.270360406986328
0.835670446020775
-0.776517934323853
-0.365341024366401
0.997801468292049
-0.239017699062595
-0.853030753803457
0.755690197347031
0.395316491508161
-0.995129582585913
0.207423896524644
0.869494929505196
-0.734068587199585
-0.424876667889889
0.991412286102163
-0.175612189523932
-0.885045677060262
0.711675817973049
0.453990499739568
-0.986653483962201
0.143615997126838
0.899666659983953
-0.688535413882384
-0.482627402182603
0.980858175417505
-0.111468932206346
-0.913342518534845
0.664671684553450
0.510757291371650
-0.974032448597820
0.079204766131142
0.926058885850442
-0.640109699484918
-0.538350616090717
0.966183474115374
-0.046857393288210
-0.937802403039836
0.614875261712423
0.565378388799135
-0.957319497532065
0.014460795475171
0.948560733217856
-0.588994880701255
-0.591812216084349
0.947449830697116
0.017950993798062
-0.958322574465120
0.562495744497788
0.617624328489663
-0.936584841964778
-0.050343925062649
0.967077671701086
-0.535405691167507
-0.642787609686559
0.924735945302232
0.082683968660261
-0.974816827457170
0.507753179550752
0.667275624961676
-0.911915588298671
-0.114937150492848
0.981531911539130
-0.479567259365353
-0.691062648986837
0.898137239088916
0.147069587713013
-0.987215869567941
0.450877540689385
0.714123692844378
-0.883415372204689
-0.179047524318528
0.991862730390572
-0.421714162855290
-0.736434530278369
0.867765453368925
0.210837366614618
-0.995467612352967
0.392107762787076
0.757971723145439
-0.851203923248303
-0.242405718504597
0.998026728428268
-0.362089442815794
-0.778712646036932
0.833748180182016
0.273719416573604
-0.999537390195219
0.331690738005487
0.798635510047310
-0.815416561904541
-0.304745564927236
0.999998010662407
-0.300943583025167
-0.817719385664429
0.796228326280977
0.335451569750240
-0.999408105935470
0.269880278599942
0.835944224756270
-0.776203631076378
-0.365805173546768
0.997768295725410
-0.238533457578529
-0.853290881632179
0.755363512779337
0.395774489027969
-0.995080302697607
0.206936050651898
0.869741133155702
-0.733729864502870
-0.425328032610038
0.991346950662070
-0.175121251758018
-0.885277697888846
0.711325412984674
0.454434757489210
-0.986572161606974
0.143122483211162
0.899884254246510
-0.688173694712267
-0.483064086256950
0.980760951578475
-0.110973360590629
-0.913545457642613
0.664299031197529
0.511185943022066
-0.973919425411300
0.078707657427113
0.926246956610308
-0.639726503425798
-0.538770785006851
0.966054770315334
-0.046359269722012
-0.937975407878382
0.614481925507934
0.565789633582177
-0.957175248325302
0.013962180339090
0.948718490388814
-0.588591817561720
-0.592214104710523
0.947290187621384
0.018449576695110
-0.958464918240240
0.562083377852121
0.618016438763821
-0.936409972729526
-0.050841951945613
0.967204452544317
-0.534984454218218
-0.643169529686250
0.924546033612325
0.083180916338427
-0.974927912181812
0.507323514818556
0.667646953469605
-0.911710833661474
-0.115432496909234
0.981627183447670
-0.479129618224870
-0.691422995912188
0.897917856604807
0.147562812492466
-0.987295228574595
0.450432382894676
0.714472679632795
-0.883181592341005
-0.179538109315075
0.991926093126561
-0.421261956056664
-0.736771790309791
0.867517521717684
0.211324796455446
-0.995514912254019
0.391648982040008
0.758296902119075
-0.850942100268524
-0.242889481131247
0.998057915804532
-0.361624570082079
-0.779025402343250
0.833472740925945
0.274199003780128
-0.999552432283502
0.331220261646723
0.798935515127351
-0.815127795728572
-0.305220472894298
0.999996891660591
-0.300467997289392
-0.818006324354737
0.795926536541787
0.335921299574172
-0.999390827019093
0.269400083103053
0.836217795619853
-0.775889134812389
-0.366269231763465
0.997734875046455
-0.238049156779108
-0.853550797275323
0.755036640377529
0.396232388131509
-0.995030775365403
0.206448153321039
0.869987120529993
-0.733390959351548
-0.425779291565127
0.991281368706417
-0.174630270445067
-0.885509498577889
0.710974831112866
0.454878902235900
-0.986490593923517
0.142628933705496
0.900101624737251
-0.687811804415955
-0.483500650208967
0.980663483856312
-0.110477761379582
-0.913748169581474
0.663926212652262
0.511614467557168
-0.973806160042915
0.078210529150952
0.926434797042909
-0.639343148287543
-0.539190819948419
0.965925826289057
-0.045861134627668
-0.938148179473177
0.614088436501808
0.566200737671945
-0.957030761100409
0.013463561731184
0.948876011644494
-0.588188608058753
-0.592615846072338
0.947130308985619
0.018948155004239
-0.958607023676466
0.561670871434806
0.618408395357604
-0.936234870639716
-0.051339966185962
0.967330992875481
-0.534563084235705
-0.643551289750813
0.924355892018031
0.083677843332221
-0.975038754473811
0.506893723931603
0.668018115955500
-0.911505852311628
-0.115927814621222
0.981722211257651
-0.478691857940629
-0.691783170903266
0.897698250837960
0.148056000577990
-0.987374342073234
0.449987113092071
0.714821488755237
-0.882947592858906
-0.180028649666370
0.991989209203005
-0.420809644503974
-0.737108867130256
0.867269374343225
0.211812173746600
-0.995561964603090
0.391190103902758
0.758621892529086
-0.850680065687350
-0.243373183359230
0.998088854996446
-0.361159607424168
-0.779337964931444
0.833197094412415
0.274678522802332
-0.999567225815807
0.330749702924319
0.799235321538343
-0.814838826856994
-0.305695304963126
0.999995523992272
-0.299992336837166
-0.818293059633641
0.795624548881783
0.336390945865469
-0.999373299586926
0.268919820615179
0.836491158543373
-0.775574445610163
-0.366733198900884
0.997701206263478
-0.237564796784652
-0.853810500668373
0.754709580222816
0.396690188705124
-0.994981000601607
0.205960204653169
0.870232891566956
-0.733051871829817
-0.426230444642840
0.991215540251541
-0.174139245707282
-0.885741079069644
0.710624072444883
0.455322933868991
-0.986408780932130
0.142135348732793
0.900318771402223
-0.687449743083354
-0.483937093930293
0.980565772275232
-0.109982134696217
-0.913950654301066
0.663553229010188
0.512042864870494
-0.973692652520778
0.077713381426392
0.926622407101449
-0.638959634165569
-0.539610720810777
0.965796642068635
-0.045362988129275
-0.938320717781220
0.613694794792073
0.566611700966118
-0.956886035893284
0.012964939775218
0.949033296945760
-0.587785252292434
-0.593017440069984
0.946970194829502
0.019446728601581
-0.958748890738527
0.561258225348325
0.618800198173366
-0.936059535738931
-0.051837967659627
0.967457292663082
-0.534141581324942
-0.643932889785230
0.924165520566718
0.084174749518300
-0.975149354305553
0.506463806996866
0.668389112327150
-0.911300644300151
-0.116423103505756
0.981816994945423
-0.478253978621388
-0.692143173870425
0.897478421842934
0.148549151846719
-0.987453210044221
0.449541731392498
0.715170120125126
-0.882713373816688
-0.180519145250654
0.992052078604180
-0.420357228309490
-0.737445760655789
0.867021011307308
0.212299498366999
-0.995608769388467
0.390731128489331
0.758946694294584
-0.850417819569881
-0.243856825068157
0.998119545996322
-0.360694554957786
-0.779650333723931
0.832921240710096
0.275157973521195
-0.999581770788450
0.330279061955072
0.799534929205596
-0.814549655361532
-0.306170061015426
0.999993907657789
-0.299516601786663
-0.818579591429773
0.795322363375989
0.336860508507239
-0.999355523643323
0.268439491255855
0.836764313458915
-0.775259563548023
-0.367197074843757
0.997667289384867
-0.237080377715383
-0.854069991746633
0.754382332396379
0.397147890634766
-0.994930978418572
0.205472204769847
0.870478446205588
-0.732712602022150
-0.426681491730886
0.991149465313796
-0.173648177666878
-0.885972439306578
0.710273137068028
0.455766852278168
-0.986326722653177
0.141641728415681
0.900535694187328
-0.687087510804334
-0.484373417312201
0.980467816859487
-0.109486480664008
-0.914152911751131
0.663180080364224
0.512471134855711
-0.973578902873168
0.077216214377170
0.926809786739320
-0.638575961155330
-0.540030487489608
0.965667217686223
-0.044864830350590
-0.938493022759566
0.613301000476525
0.567022523362408
-0.956741072739848
0.012466314595409
0.949190346253573
-0.587381750363249
-0.593418886603782
0.946809845192923
0.019945297363386
-0.958890519391080
0.560845439695101
0.619191847113768
-0.935883968070811
-0.052335956242886
0.967583351875684
-0.533719945590647
-0.644314329694522
0.923974919305683
0.084671634772647
-0.975259711649561
0.506033764121154
0.668759942492469
-0.911095209678025
-0.116918363439899
0.981911534487436
-0.477815980375834
-0.692503004724227
0.897258369674292
0.149042266176134
-0.987531832467872
0.449096237906607
0.715518573655449
-0.882478935272539
-0.181009595945510
0.992114701314467
-0.419904707586125
-0.737782470802694
0.866772432671639
0.212786770195682
-0.995655326598524
0.390272055913650
0.759271307334873
-0.850155361981210
-0.244340406137871
0.998149988796543
-0.360229412798472
-0.779962508642750
0.832645179887520
0.275637355817055
-0.999596067197816
0.329808338856446
0.799834338054675
-0.814260281314359
-0.306644740933251
0.999992042657545
-0.299040792255965
-0.818865919671947
0.795019980099411
0.337329987382824
-0.999337499192695
0.267959095144414
0.837037260298678
-0.774944488704199
-0.367660859476945
0.997633124419049
-0.236595899692204
-0.854329270445634
0.754054896979890
0.397605493806724
-0.994880708828783
0.204984153792311
0.870723784384604
-0.732373150012836
-0.427132432717207
0.991083143909583
-0.173157066445854
-0.886203579231263
0.709922025069486
0.456210657353246
-0.986244419107044
0.141148072876680
0.900752393038675
-0.686725107669298
-0.484809620246291
0.980369617633525
-0.108990799406094
-0.914354941881189
0.662806766807076
0.512899277405931
-0.973464911128343
0.076719028126802
0.926996935910010
-0.638192129352147
-0.540450119880719
0.965537553173973
-0.044366661415263
-0.938665094365409
0.612907053652909
0.567433204758752
-0.956595871676282
0.011967686315635
0.949347159528736
-0.586978102371445
-0.593820185573538
0.946649260115719
0.020443861165221
-0.959031909598940
0.560432514578158
0.619583342081598
-0.935708167678974
-0.052833931812133
0.967709170481969
-0.533298177137474
-0.644695609383924
0.923784088282234
0.085168498971929
-0.975369826478443
0.505603595411404
0.669130606358905
-0.910889548496335
-0.117413594300046
0.982005829860183
-0.477377863313280
-0.692862663375192
0.897038094386957
0.149535343443616
-0.987610209324671
0.448650632744975
0.715866849259718
-0.882244277284650
-0.181500001629203
0.992177077318321
-0.419452082446200
-0.738118997487395
0.866523638498029
0.213273989111036
-0.995701636221682
0.389812886290288
0.759595731569235
-0.849892692986841
-0.244823926448123
0.998180183389512
-0.359764181061891
-0.780274489610417
0.832368912013209
0.276116669570925
-0.999610115040356
0.329337533745278
0.800133548011265
-0.813970704787299
-0.307119344598780
0.999989928992004
-0.298564908363825
-0.819152044288964
0.794717399127518
0.337799382375480
-0.999319226239542
0.267478632400314
0.837309998994541
-0.774629221157039
-0.368124552684698
0.997598711374503
-0.236111362835367
-0.854588336701021
0.753727274054625
0.398062998107415
-0.994830191844719
0.204496051841702
0.870968906043109
-0.732033515886132
-0.427583267489670
0.991016576055454
-0.172665912166334
-0.886434498786013
0.709570736536568
0.456654348983459
-0.986161870314198
0.140654382238998
0.900968867902378
-0.686362533768201
-0.485245702624291
0.980271174621721
-0.108495091045508
-0.914556744641094
0.662433288431404
0.513327292414884
-0.973350677314598
0.076221822798923
0.927183854566812
-0.637808138851465
-0.540869617879380
0.965407648564131
-0.043868481447627
-0.938836932555959
0.612512954419544
0.567843745053027
-0.956450432738625
0.011469055059662
0.949503736732327
-0.586574308417210
-0.594221336879647
0.946488439637748
0.020942419883336
-0.959173061327011
0.560019450099988
0.619974682979148
-0.935532134607135
-0.053331894243082
0.967834748450651
-0.532876276070689
-0.645076728758625
0.923593027543999
0.085665341992592
-0.975479698764717
0.505173300974389
0.669501103834456
-0.910683660806128
-0.117908795963274
0.982099881040257
-0.476939627542474
-0.693222149734050
0.896817596035601
0.150028383526775
-0.987688340595130
0.448204916018815
0.716214946851327
-0.882009399911587
-0.181990362179785
0.992239206600176
-0.418999353002269
-0.738455340625901
0.866274628848346
0.213761154992128
-0.995747698246448
0.389353619733218
0.759919966917143
-0.849629812651970
-0.245307385878895
0.998210129767733
-0.359298859863519
-0.780586276549352
0.832092437156114
0.276595914663615
-0.999623914312566
0.328866646738642
0.800432559000688
-0.813680925852361
-0.307593871893562
0.999987566661691
-0.298088950228362
-0.819437965209803
0.794414620535414
0.338268693368698
-0.999300704788398
0.266998103142813
0.837582529478808
-0.774313760984798
-0.368588154351920
0.997564050259818
-0.235626767265360
-0.854847190448135
0.753399463702051
0.398520403422656
-0.994779427478940
0.204007899039839
0.871213811120147
-0.731693699726801
-0.428033995936371
0.990949761767932
-0.172174714950227
-0.886665197913510
0.709219271556468
0.457097927058680
-0.986079076295128
0.140160656625174
0.901185118724704
-0.685999789191201
-0.485681664337366
0.980172487848553
-0.107999355705970
-0.914758319980665
0.662059645330421
0.513755179776138
-0.973236201460444
0.075724598517171
0.927370542663331
-0.637423989748595
-0.541288981381466
0.965277503888938
-0.043370290571334
-0.939008537288564
0.612118702874251
0.568254144143332
-0.956304755963045
0.010970420951938
0.949660077825410
-0.586170368601324
-0.594622340422354
0.946327383799149
0.021440973393757
-0.959313974540066
0.559606246363307
