0.999999999999999
-0.107007804582401
-0.977098659516908
0.316122169413024
0.909443580859481
-0.510757291371685
-0.800133548011205
0.681998360062497
0.654175253533034
-0.822002075447909
-0.478253978621318
0.924355892018041
0.280427389306002
-0.984371730566860
-0.069756473744127
0.999300704788398
-0.144109475329979
-0.968459027639232
0.351374824081343
0.893259330618289
-0.542546263865757
-0.777145961456971
0.708867630216938
0.625437223758882
-0.842720958654039
-0.445081784436591
0.937975407878394
0.244340406137898
-0.990268068741569
-0.032407582169718
0.997203797181179
-0.181009595945468
-0.958464918240235
0.386136049285745
0.875825776431856
-0.573576436351046
-0.753071466003609
0.734745484892440
0.595824463473271
-0.862261220397963
-0.411287103130614
0.950283080316088
0.207911690817761
-0.994779427478932
0.004986634338757
0.993712209893242
-0.217656558273562
-0.947130308985613
0.420357228309567
0.857167300702114
-0.603804410325479
-0.727943732009913
0.759595731569280
0.565378388799130
-0.880595531856733
-0.376917199621006
0.961261695938316
0.171192192197975
-0.997899497235825
0.042373876588202
0.988830826225128
-0.253999108223708
-0.934471052351316
0.453990499739550
0.837309998994524
-0.633187909234132
-0.701797902883992
0.783383614930432
0.534141581324928
-0.897698250837940
-0.342020143325667
0.970895900158417
0.134233265817653
-0.999623914312565
0.079701855139656
0.982566473233288
-0.289986417453577
-0.920504853452446
0.486988824404372
0.816281643541088
-0.661685837596854
-0.674670545932084
0.806075865470066
0.502157728550451
-0.913545457642598
-0.306644740933344
0.979172218670627
0.097086602077283
-0.999950266955942
0.116918363439786
0.974927912181826
-0.325568154457163
-0.905251245281014
0.519306051163163
0.794111644398368
-0.689258338483953
-0.646599601215797
0.827640746023862
0.469471562785899
-0.928114988519032
-0.270840468142999
0.986079076295143
0.059804153945041
-0.998878098732276
0.153971350836542
0.965925826289067
-0.360694554957799
-0.888731561387351
0.550896981452087
0.770831008314821
-0.715866849259716
-0.617624328489624
0.848048096156417
0.436128798589643
-0.941386466660902
-0.234657400467721
0.991606813167028
0.022438064295796
-0.996408909165775
0.190808995376541
0.955572805786143
-0.395316491508169
-0.870968906043121
0.581717432498604
0.746472295365155
-0.741474155515816
-0.587785252292466
0.867269374343287
0.402176068832422
-0.953341330705958
-0.198146143199415
0.995747698246437
-0.014959407015261
-0.992546151641322
0.227379776282946
0.943883330308365
-0.429385542199408
-0.851988121928005
0.611724299114995
0.721069573412005
-0.766044443118979
-0.557124105270575
0.885277697888849
0.367660859476891
-0.963962860695854
-0.161357760632808
0.998495940131150
-0.052335956242929
-0.987295228574594
0.263632546011839
0.930873748644205
-0.462854058383440
-0.831815755384879
0.640875613985026
0.694658370459019
-0.789543348300229
-0.525683769810494
0.902047880524270
0.332631443164282
-0.973236201460455
-0.124343704647499
0.999847695156390
-0.089639308903407
-0.980663483856311
0.299516601786635
0.916562255869982
-0.495675231314101
-0.810480019292402
0.669130606358851
0.667275624961670
-0.811938005715843
-0.493508218064346
0.917556467632719
0.297136811700835
-0.981148383394173
-0.087155742747684
0.999801072770523
-0.126817292884966
-0.972660192581123
0.334981756510555
0.900968867902431
-0.527803157613202
-0.788010753606712
0.696449759074751
0.638959634165654
-0.833197094412430
-0.460642450450642
0.931781769052811
0.261226607538162
-0.987688340595136
-0.049845885660678
0.998356138179171
-0.163817911415144
-0.963296548075561
0.369978408957872
0.884115393504602
-0.559192903470730
-0.764439383627681
0.722794863827368
0.609750000544482
-0.853290881632161
-0.427132432717218
0.944703889414169
0.224951054343900
-0.992846926341835
-0.012466314595408
0.995514912254017
-0.200589415783267
-0.952585646243140
0.404457613145629
0.866025403784436
-0.589800567488741
-0.739798876047590
0.748129074605534
0.579687576412000
-0.872191264396604
-0.393025031653956
0.956304755963031
0.188360886759288
-0.996616925885646
0.024930691738068
0.991281368706422
-0.237080377715480
-0.940542467248619
0.438371146789050
0.846724199228288
-0.619583342081508
-0.714123692844363
0.772416959224599
0.548814406786699
-0.889871808811462
-0.358367949545291
0.966568143838540
0.151507279442405
-0.998993066541314
0.062292830244836
0.985661428529861
-0.273239761301891
-0.927183854566789
0.471671578744813
0.826238774316006
-0.648499573345618
-0.687449743083342
0.795624548881773
0.517173670587903
-0.906307787036639
-0.323209657454462
0.975479698764704
0.114441775495447
-0.999972025061269
0.099567846595788
0.978662951718839
-0.309016994374962
-0.912528491425415
0.504312335347596
0.804597779766687
-0.676508819316997
-0.659814332695169
0.817719385664417
0.484809620246338
-0.921476211870393
-0.287599327432031
0.983026957126159
0.077216214377268
-0.999552432283503
0.136703608310090
0.970295726276000
-0.344362039239038
-0.896596874675034
0.536247765547859
0.781831482468021
-0.703571906532467
-0.631256112300239
0.838670567945404
0.451767519812820
-0.935355868899036
-0.251586763744534
0.989199363399615
0.039882659401144
-0.997734875046456
0.173648177666935
0.960571454522718
-0.379225462652920
-0.879411286122232
0.567433204758764
0.757971723145452
-0.729650984817427
-0.601815023152058
0.858448793601870
0.418093581652578
-0.947927346167130
-0.215222333218659
0.993988284916782
0.002493324919474
-0.994521895368275
0.210349884345488
0.949503736732321
-0.413558504966502
-0.860995761366630
0.597825037323686
0.733051871829833
-0.754709580222778
-0.571532241275957
0.877026400996765
0.383834901813034
-0.959173061326983
-0.178556894798630
0.997387023937895
-0.034899496702438
-0.989917986891568
0.246757397690275
0.937108052108952
-0.447313148315654
-0.841376056184793
0.627380757516657
0.707106781186563
-0.778712646036892
-0.540450119880609
0.894377407666355
0.349039394155724
-0.969077286229070
-0.141641728415594
0.999390827019095
-0.072243508222657
-0.983929588598638
0.282819798501797
0.923401737138397
-0.480442183779348
-0.820579610508371
0.656059028990464
0.680172737770945
-0.801626611801833
-0.508612130123424
0.910477546658828
0.313755723344428
-0.977626168919295
-0.104528463267671
0.999996891660591
-0.109486480664023
-0.976565075805989
0.318486650251643
0.908403961341513
-0.512899277405906
-0.798635510047278
0.683819742589269
0.652287411278156
-0.823419430264524
-0.476062800311924
0.925304300474003
0.278033236783128
-0.984807753012198
-0.067269005612069
0.999204370226178
-0.146576326362063
-0.967834748450656
0.353708069622530
0.892135700463897
-0.544639035015017
-0.775574445610205
0.710624072444973
0.623489801858779
-0.844060622197768
-0.442847653627065
0.938836932555988
0.241921895599640
-0.990611994413043
-0.029915466169440
0.997014371128746
-0.183461171813785
-0.957750816684922
0.388434796274633
0.874619707139417
-0.575617065685654
-0.751428670181020
0.736434530278375
0.593820185573558
-0.863521319028205
-0.409013144454905
0.951056516295151
0.205472204769802
-0.995030775365404
0.007479912757680
0.993429957280058
-0.220089430227578
-0.946327383799159
0.422618261740730
0.855880479068587
-0.605790043840791
-0.726231953810001
0.761215017830415
0.563320058063596
-0.881774303211618
-0.374606593415948
0.961945961498700
0.168735142482140
-0.998057915804533
0.044864830350450
0.988456141806996
-0.256409873672008
-0.933580426497201
0.456210657353183
0.835944224756327
-0.635115769842142
-0.700019536383361
0.784930877348520
0.532032076515320
-0.898794046299134
-0.339676121182970
0.971490038292860
0.131762088840145
-0.999689182000816
0.082187000421267
0.982099881040248
-0.292371704722705
-0.919527772551454
0.489165001109298
0.814838826856925
-0.663553229010166
-0.672828078337080
0.807548940058689
0.499999999999994
-0.914556744641111
-0.304270581179916
0.979675398423226
0.094604754002556
-0.999922292480974
0.119394224540269
0.974370064785249
-0.327924627507162
-0.904189075869149
0.521435203379497
0.792593803177891
-0.691062648986813
-0.644695609383975
0.829037572555026
0.467268628273066
-0.929040352678508
-0.268439491255852
0.986490593923512
0.057315105862030
-0.998756921218922
0.156434465040243
0.965277503888957
-0.363018918048055
-0.887585789004569
0.552976131367928
0.769240265396242
-0.717605555360833
-0.615661475325706
0.849366721041912
0.433883739117573
-0.942224613775881
-0.232232964430216
0.991926093126557
0.019945297363341
-0.996194698091746
0.193255917795554
0.954834915120019
-0.397605493806725
-0.869741133155718
0.583743672234769
0.744810875546269
-0.743144825477406
-0.585766283024111
0.868507953366963
0.399892024319767
-0.954091088551921
-0.195701638804577
0.995974293995241
-0.017452406437229
-0.992239206600175
0.229807084675009
0.943056903383056
-0.431635982329647
-0.850680065687370
0.613694794792018
0.719339800338661
-0.767644740358015
-0.555051843608750
0.886434498785960
0.365341024366433
-0.964623180668651
-0.158896606741100
0.998629534754574
-0.054825701469293
-0.986895978856727
0.266036845566653
0.929959941292486
-0.465062788901269
-0.830429245225942
0.642787609686501
0.692862663375271
-0.791071034656337
-0.523561114000629
0.903121285404159
0.330279061955217
-0.973806160042898
-0.121869343405156
0.999888101810273
-0.092122317800451
-0.980172487848554
0.301894529873869
0.915562346134063
-0.497839163110146
-0.809016994374928
0.670981427985924
0.665416495326289
-0.813390944581517
-0.491338136832506
0.918544975241646
0.294755174410966
-0.981627183447655
