0.999999999999999
-0.728627176774995
0.061795125470201
0.638575961155377
-0.992362724936243
0.807548940058697
-0.184441483668972
-0.538770785006865
0.969567555685775
-0.874135756577052
0.304270581179852
0.430736127495530
-0.931962678203975
0.927370542663323
-0.419452082446172
-0.316122169413031
0.880122490076978
-0.966440160908903
0.528226641853073
0.196679587407415
-0.814838826856950
0.990747840471441
-0.628932776940308
-0.074232813184892
0.737108867130256
-0.999922292480974
0.720032246799334
-0.049347833863735
-0.648119901063138
0.993823381310390
-0.800133548011197
0.172174714950321
0.549231195078604
-0.972544265084085
0.868013169235256
-0.292371704722721
-0.441953229673249
0.936409972729532
-0.922634279794497
0.408102848235454
0.327924627507222
-0.885972439306621
0.963162566797651
-0.517600404335647
-0.208887124180303
0.822002075447921
-0.988978978893313
0.619191847113783
0.086658964004101
-0.745475999682880
0.999689182000815
-0.711325412984634
0.036892872861795
0.657563113391828
-0.995129582585913
0.792593803177888
-0.159881187691814
-0.559606246363270
0.975369826478435
-0.861755679593736
0.280427389305976
0.453101645672943
-0.940711735063551
0.917754625683964
-0.396690188705056
-0.339676121182951
0.891684695095888
-0.959735282739427
0.506893723931669
0.221062196752832
-0.829037572555059
0.987056415109552
-0.609354685562767
-0.099071646717114
0.753727274054649
-0.999300704788396
0.702508028503824
-0.024432178152600
-0.666904130524218
0.996281125759494
-0.784930877348499
0.147562812492426
0.569894326421852
-0.978043800734086
0.855364260160482
-0.268439491255851
-0.464179642863147
0.944867296647465
-0.912732338703364
0.385215877553885
0.351374824081382
-0.897258369674344
0.956158841385722
-0.496108264620310
-0.233202912935640
0.835944224756313
-0.984980447915471
0.599422821130119
0.111468932206382
-0.761861407873439
0.998756921218919
-0.693581463711003
0.011967686315522
0.676141500725787
-0.997277831864006
0.777145961456939
-0.135221503812890
-0.580093836332009
0.980565772275231
-0.848839904258188
0.256409873671978
0.475185499556493
-0.948876011644509
0.907568199391627
-0.373681698062421
-0.363018918048184
0.902692596809148
-0.952433798569300
0.485245702624128
0.245307385878862
-0.842720958654068
0.982751399947608
-0.589397797376940
-0.123848893747282
0.769877136972555
-0.998057915804525
0.684547105928628
0.000498665479979
-0.685273788370293
0.998119545996331
-0.769240265396209
0.122859179678251
0.590203190936496
-0.982935349149572
0.842183625869860
-0.244340406137805
-0.486117505277369
0.952737257040115
-0.902263010333624
0.362089442815686
0.374606593415972
-0.907986531939646
0.948560733217842
-0.474307726148583
-0.257373734365400
0.849366721041984
-0.980369617633518
0.579281172342608
0.136209607307705
-0.777773215587097
0.997203797181174
-0.675406359231759
-0.012964939775338
0.694299574162925
-0.998806137341438
0.761215017830344
-0.110477761379471
-0.600220819089653
0.985152163089213
-0.835396459481302
0.232232964430169
0.496973961027615
-0.956450432738649
0.896817596035537
-0.350440913424365
-0.386136049285843
0.913139352308757
-0.944540247263919
0.463296035119782
0.269400083103164
-0.855880479068599
0.977835471138010
-0.569074518302881
-0.148549151846824
0.785548416547779
-0.996194698091735
0.666160644229829
0.025429199124145
-0.703217455360779
0.999337499192702
-0.753071466003555
0.098079173175258
0.610145163901326
-0.987215869567951
0.828479459920175
-0.220089430227475
-0.507753179550848
0.960014961656803
-0.891232802796663
0.338737920245202
0.397605493806869
-0.918150257090660
0.940372965551527
-0.452212340920003
-0.281384563016816
0.862261220398022
-0.975149354305537
0.558779421525192
0.160865609613801
-0.793201531471378
0.995030775365391
-0.656811397846069
-0.037889506393003
0.712026045991090
-0.999713548968506
0.744810875546184
-0.085665341992558
-0.619974682979179
0.989126147854748
-0.821433702192292
0.207911690817663
0.518453485594311
-0.963430289813160
0.885509498577805
-0.326982282099223
-0.409013144454947
0.923018467515444
-0.936059535738911
0.441058366122104
0.293325311537900
-0.868507953367039
0.972311684599058
-0.548397482022491
-0.173157066445995
0.800731370948782
-0.993712209893227
0.647360073093922
0.050343925062726
-0.720723977066371
0.999934228225055
-0.736434530278250
0.073238197127529
0.629707848668087
-0.990882701063639
0.814260281314294
-0.195701638804511
-0.529073216169632
0.966695886414366
-0.879648572866557
0.315175825989429
0.420357228309667
-0.927743226989977
0.931600628197971
-0.429835844221400
-0.305220472894422
0.874619707139464
-0.969322903035148
0.537930313304208
0.185421612066118
-0.808136764729736
0.992239206600149
-0.637808138851340
-0.062790519529476
0.729309896797253
-0.999999502665477
0.727943732009848
-0.060799669945251
-0.639343148287733
0.992485256199849
-0.806960312143693
0.183461171813663
0.539610720810930
-0.969811243937573
0.873650936538859
-0.303320386816754
-0.431635982329754
0.932323801215585
-0.926996935909911
0.418546519366611
0.317068198399643
-0.880595531856824
0.966183474115351
-0.527379542125813
-0.197657340379234
0.815416561904648
-0.990611994413038
0.628157079632588
0.075227355405245
-0.737782470802852
0.999909362145141
-0.719339800338559
0.048351693579954
0.648879084367573
-0.993933564202200
0.799534929205541
-0.171192192197815
-0.550064361831520
0.972775878209431
-0.867517521717616
0.291417807094512
0.442847653627224
-0.936759478302111
0.922249174357783
-0.407192146088692
-0.328866646738745
0.886434498786040
-0.962893885754161
0.516746808235812
0.209862349769387
-0.822569631083564
0.988830826225107
-0.618408395357403
-0.087652499818598
0.746140382317677
-0.999663820673243
0.710624072444829
-0.035896202634359
-0.658314174879913
0.995227399981851
-0.791985286515877
0.158896606740904
0.560432514578291
-0.975589328481160
0.861249281627782
-0.279469936662692
-0.453990499739652
0.941049568878714
-0.917358081415129
0.395774489027791
0.340613984255430
-0.892135700463950
0.959454649203076
-0.506033764121043
-0.222034743394464
0.829594860571902
-0.986895978856691
0.608563601117922
0.100064021715469
-0.754382332396593
0.999262916410614
-0.701797902883840
0.023435132879180
0.667646953469715
-0.996366562457254
0.784312557402773
-0.146576326361809
-0.570713567684579
0.978251157500282
-0.854847190448015
0.267478632400031
0.465062788901391
-0.945193406200760
0.912324417231393
-0.384295322659618
-0.352308385236686
0.897698250838026
-0.955866298971177
0.495242074749471
0.234172629481448
-0.836491158543482
0.984807753012169
-0.598624226943308
-0.112459992158598
0.762507040116540
-0.998706711663808
0.692862663375070
-0.010970420951820
-0.676875969682837
0.997350874585451
-0.776517934323716
0.134233265817488
0.580905923320029
-0.980760951578514
0.848312243159618
-0.255445757935647
-0.476062800312096
0.949190346253616
-0.907148964113591
0.372756431019251
0.363948032196950
-0.903121285404290
0.952129392742086
-0.484373417312007
-0.246274121620201
0.843257453209827
-0.982566473233239
0.588591817561594
0.124838484627766
-0.770513242775908
0.997995292875407
-0.683819742589190
-0.001495995943931
0.685999789191293
-0.998180183389523
0.768602628680348
-0.121869343404940
-0.591007997439301
0.983118320656162
-0.841645455391670
0.243373183358965
0.486988824404576
-0.953039767852657
0.901832526405014
-0.361159607424080
-0.375531116159942
0.908403961341617
-0.948244511287159
0.473429480961461
0.258337339057081
-0.849892692986994
0.980172487848506
-0.578467932160158
-0.137197575318983
0.778399696090331
-0.997128770610588
0.674670545931913
0.013962180339415
-0.695016994016492
0.998854359982412
-0.760567870630271
0.109486480663750
0.601018220028072
-0.985322898362595
0.834847863263309
-0.231262784929730
-0.497839163110380
0.956741072739948
-0.896375930360029
0.349506654194672
0.387055836940227
-0.913545457642680
0.944212258375429
-0.462411966550217
-0.270360406986582
0.856395846658942
-0.977626168919256
0.568254144143033
0.149535343443924
-0.786165174386367
0.996107279539943
-0.665416495326153
-0.026426194801996
0.703926182749120
-0.999373299586936
0.752414908895492
-0.097086602077114
-0.610935035347400
0.987374342073287
-0.827920523222387
0.219116444786087
0.508612130123608
-0.960293685677014
0.890780024015720
-0.337799382375411
-0.398520403422781
0.918544975241729
-0.940033260679634
0.451322586365395
0.282341456843034
-0.862765903537736
0.974927912181763
-0.557952040886474
-0.161849871527661
0.793808470791842
-0.994930978418556
0.656059028990282
0.038886102236735
-0.712725970767191
0.999736921552075
-0.744145010569167
0.084671634772295
0.620756902174872
-0.989272332963017
0.820864511881972
-0.206936050651617
-0.519306051163476
0.963697054534350
-0.885045677060135
0.326039611452070
0.409923033841882
-0.923401737138456
0.935708167678901
-0.440163063863842
-0.294278626591445
0.869001873620917
-0.972078136985728
0.547563223492344
0.174139245707681
-0.801328397423762
0.993600050061303
-0.646599601215628
-0.051339966186187
0.721414990451554
-0.999945169365515
0.735759460917710
-0.072243508222364
-0.630482294044951
0.991016576055511
-0.813680925852210
0.194723495543184
0.529919264233447
-0.966950650377345
0.879173780696975
-0.314229169070324
-0.421261956056872
0.928114988519156
-0.931237651557603
0.428935133402971
0.306170061015690
-0.875102787744730
0.969077286228991
-0.537089306539002
-0.186401556029979
0.808723785572168
-0.992114701314436
0.637039682139173
0.063785851132841
-0.729991891397568
0.999998010662406
-0.727259563181484
0.059804153944853
0.640109699485134
