0.999999999999999
-0.215709285751429
-0.906939008081216
0.606979617058047
0.645076728758681
-0.885277697888853
-0.263151488952133
0.998806137341433
-0.167752028027996
-0.926434797042888
0.567433204758778
0.681633574422566
-0.861502587724550
-0.309965358680424
0.995227399981830
-0.119394224540239
-0.943718514184988
0.526531917830728
0.716562866343797
-0.835670446020760
-0.356039116274363
0.989272332962986
-0.070751340439830
-0.958748890738522
0.484373417312195
0.749781202967737
-0.807842952836231
-0.401262750256484
0.980955155349188
-0.021939521572628
-0.971490038292869
0.441058366122196
0.781209268031046
-0.778086552580945
-0.445528279010990
0.970295726275993
0.026924682845678
-0.981911534487440
0.396690188705075
0.810772019947094
-0.746472295365140
-0.488730008614203
0.957319497532062
0.075724598517098
-0.989988495651933
0.351374824081324
0.838398870984697
-0.713075667351154
-0.530764785202611
0.942057452787290
0.124343704647495
-0.995701636221689
0.305220472894326
0.864023855812194
-0.677976410513203
-0.571532241275950
0.924546033612304
0.172665912166294
-0.999037314786327
0.258337339056876
0.887585789004563
-0.641258332235462
-0.610935035347236
0.904827052466013
0.220575840915207
-0.999987566661691
0.210837366614601
0.909028411137398
-0.603009105203010
-0.648879084367500
0.882947592858918
0.267959095144419
-0.998550122907318
0.162833972454262
0.928300523118962
-0.563320058063591
-0.685273788370263
0.858959896930652
0.314702536658185
-0.994728415744054
0.114441775495404
0.945356108439575
-0.522285957359921
-0.720032246799366
0.832921240710084
0.360694554957821
-0.988531570358848
0.065776323011859
0.960154443046360
-0.480004781253057
-0.753071466003635
0.804893797355895
0.405825333736832
-0.979974383116316
0.016953814736591
0.972660192581126
-0.436577485577650
-0.784312557402917
0.774944488704156
0.449987113092146
-0.969077286229072
-0.031909174591346
0.982843496749099
-0.392107762787039
-0.813680925852327
0.743144825477367
0.493074446825146
-0.955866298971241
-0.080695973575263
0.990680040617106
-0.346701794364178
-0.841106447755030
0.709570736536489
0.534984454218231
-0.940372965551563
-0.129290092740055
0.996151112670954
-0.300467997289418
-0.866523638498024
0.674302387583687
0.575617065685707
-0.922634279794490
-0.177575502677186
0.999243649493387
-0.253516765170542
-0.889871808811483
0.637423989748670
0.614875261712472
-0.902692596809098
-0.225436911090871
0.999950266955941
-0.205960204653150
-0.911095209678040
0.599023598515562
0.652665304509967
-0.880595531856717
-0.272760038084529
0.998269277850214
-0.157911867740787
-0.930143165446131
0.559192903470718
0.688896961836270
-0.856395846658768
-0.319431889029751
0.994204695916444
-0.109486480663943
-0.946970194829528
0.518027009373096
0.723483722445881
-0.830151323416280
-0.365341024366463
0.987766226259824
-0.060799669945335
-0.961536119504162
0.475624209070237
0.756343002654896
-0.801924626841806
-0.410377825689829
0.978969242177356
-0.011967686315524
-0.973806160042918
0.432085748801939
0.787396343528036
-0.771783154533390
-0.454434757489259
0.967834748450647
0.036892872861889
-0.983751018959360
0.387515586452054
0.816569598217116
-0.739798876047558
-0.497406623913248
0.954389331192261
0.085665341992749
-0.991346950662078
0.342020143325615
0.843793109003333
-0.706048161055801
-0.539190819948409
0.938665094365407
0.134233265817731
-0.996575818152638
0.295708050043988
0.869001873620761
-0.670611596994777
-0.579687576412014
0.920699583128411
0.182480677475519
-0.999425136331754
0.248689887164791
0.892135700463909
-0.633573796645646
-0.618800198173392
0.900535694187306
0.230292375399812
-0.999888101810271
0.201077921145895
0.913139352308742
-0.595023196101992
-0.656435295035346
0.878221573370208
0.277554198388965
-0.997963609153797
0.152985836283964
0.931962678203997
-0.555051843608724
-0.692503004724285
0.853810500668323
0.324153298191804
-0.993656253522169
0.104528463267574
0.948560733217882
-0.513755179776151
-0.726917207456653
0.827360763017958
0.369978408957918
-0.986976319697480
0.055821504993080
0.962893885754225
-0.471231809694018
-0.759595731569318
0.798935515127334
0.414920112910171
-0.977939757526851
0.006981260297873
0.974927912181841
-0.427583267489641
-0.790460549722929
0.768602628680483
0.458871101604241
-0.966568143838535
-0.041875653729293
0.984634078551161
-0.382913773892297
-0.819437965209772
0.736434530278318
0.501726432151710
-0.952888630922442
-0.090632580197878
0.991989209203013
-0.337329987382751
-0.846458787921264
0.702508028503797
0.543383777794856
-0.936933881697889
-0.139173100960111
0.996975742105729
-0.290940749522104
-0.871458499554928
0.666904130524129
0.583743672234842
-0.918741991723526
-0.187381314585774
0.999581770788453
-0.243856825068037
-0.894377407666374
0.629707848667908
0.622709747129917
-0.898356398235612
-0.235142113102643
0.999801072770520
-0.196190637499000
-0.915160788198464
0.591007997439025
0.660188962196545
-0.875825776431823
-0.282341456842933
0.997633124419038
-0.148056000577822
-0.933759016147325
0.550896981452030
0.696091827364046
-0.851203923248251
-0.328866646738643
0.993083102199177
-0.099567846595711
-0.950127684053231
0.509470574795290
0.730332616452299
-0.824549628907097
-0.374606593415975
0.986161870314175
-0.050841951945511
-0.964227708033415
0.466827692348777
0.762829571862323
-0.795926536541769
-0.419452082446295
0.976885954764620
-0.001994660679479
-0.976025421103647
0.423070153602505
0.793505099790953
-0.765402990234563
-0.463296035119930
0.965277503888948
0.046857393288301
-0.985492653565735
0.378302439539605
0.822285955503506
-0.733051871829726
-0.506033764121283
0.951364235479152
0.095597564671944
-0.992606800269076
0.332631443164179
0.849103418222246
-0.698950426911827
-0.547563223492622
0.935179370598523
0.144109475330051
-0.997350874585442
0.286166214270742
0.873893455212373
-0.663180080364175
-0.587785252292592
0.916761554258616
0.192277292145586
-0.999713548968505
0.239017699062474
0.896596874675069
-0.625826241948734
-0.626603811364534
0.896154763145877
0.239986003602644
-0.999689182000813
0.191298475243023
0.917159467080791
-0.586978102371355
-0.663926212652273
0.873408200617056
0.287121694403253
-0.997277831863992
0.143122483210993
0.935532134607161
-0.546728420318249
-0.699663340513440
0.848576179215486
0.333571817464928
-0.992485256199822
0.094604754002462
0.951671008370699
-0.505173300974449
-0.733729864502911
0.821717990987227
0.379225462653068
-0.985322898362530
0.045861134627566
0.965537553174004
-0.462411966550275
-0.766044443119051
0.792897765908410
0.423973621603025
-0.975807860095286
-0.002991988539440
0.977098659516925
-0.418546519366724
-0.796529918024233
0.762184318760039
0.467709448002986
-0.963962860695812
-0.051837967659776
0.986326722653204
-0.373681698062381
-0.825113498278364
0.729650984817371
0.510328512712789
-0.949816182769108
-0.100560171952228
0.993199708502822
-0.327924627507130
-0.851726934143084
0.695375444745661
0.551729053112735
-0.933401604696150
-0.149042266176327
0.997701206263492
-0.281384563016562
-0.876306680043926
0.659439539119539
0.591812216084462
-0.914758319980647
-0.197168488408042
0.999820467595026
-0.234172629481139
-0.898794046299201
0.621929073010828
0.630482294044764
-0.893930843665423
-0.244823926448356
0.999552432283498
-0.186401556029613
-0.919135339255289
0.582933611108939
0.667646953469659
-0.870968906043065
-0.291894792201140
0.996897740323609
-0.138185406863714
-0.937281989491922
0.542546263865690
0.703217455360764
-0.845927333913317
-0.338268693368754
0.991862730390548
-0.089639308903276
-0.953190667792991
0.500863465172399
0.737108867130336
-0.818865919671870
-0.383834901813111
0.984459424705028
-0.040879176895673
-0.966823388604483
0.457984742102986
0.769240265396301
-0.789849278542750
-0.428484617944915
0.974705500327430
0.007978563357662
-0.978147600733838
0.414012477269894
0.799534929205694
-0.758946694294465
-0.472111230506348
0.962624246949978
0.056817252993159
-0.987136265073004
0.369051664363318
0.827920523222623
-0.726231953809934
-0.514610571130201
0.948244511287167
0.105520278635348
-0.993767919160614
0.323209657454307
0.854329270445744
-0.691783170903102
-0.555881163064999
0.931600628197960
0.153971350836656
-0.998026728428278
0.276595914663558
0.878698114040595
-0.655682599805221
-0.595824463473336
0.912732338703354
0.202054781745570
-0.999902524009306
0.229321736804643
0.900968867902489
-0.618016438763695
-0.634345098725762
0.891684695095813
0.249655761336551
-0.999390827019090
0.181500001629100
0.921088355588495
-0.578874624225019
-0.671351092126074
0.868507953366944
0.296660631545731
-0.996492859249488
0.133244894304497
0.939008537288590
-0.538350616090543
-0.706754083527116
0.843257453209634
0.342957157654265
-0.991215540251523
0.084671634772496
0.954686624531159
-0.496541174560630
-0.740469540309854
0.815993485882496
0.388434796274777
-0.983571470813350
0.035896202634394
0.968085182350442
-0.453546129097120
-0.772416959224704
0.786781150250435
0.432984959298274
-0.973578902873126
-0.012964939775415
0.979172218670657
-0.409468140058779
-0.802520058610559
0.755690197346949
0.476501273172414
-0.961261695938293
-0.061795125470400
0.987921260694542
-0.364412453575758
-0.830706960535031
0.722794863827275
0.518879832893054
-0.946649260115646
-0.110477761379710
0.994311418112916
-0.318486650251560
-0.856910362418652
0.688173694712225
0.560019450100050
-0.929776485888213
-0.158896606741307
0.998327432985160
-0.271800388289281
-0.881067697735472
0.651909355843644
0.599821894688049
-0.910683660806109
