0.999999999999999
-0.650395513961876
-0.153971350836533
0.850680065687338
-0.952585646243145
0.388434796274694
0.447313148315632
-0.970295726275995
0.814838826856944
-0.089639308903434
-0.698236818086073
0.997899497235825
-0.599821894687914
-0.217656558273563
0.882947592858926
-0.930873748644203
0.327924627507203
0.504312335347593
-0.983929588598628
0.775574445610209
-0.024930691738070
-0.743144825477394
0.991606813167029
-0.546728420318344
-0.280427389306000
0.911505852311674
-0.905251245281013
0.266036845566674
0.559192903470746
-0.993429957280055
0.733051871829823
0.039882659401107
-0.784930877348523
0.981148383394172
-0.491338136832512
-0.342020143325666
0.936234870639735
-0.875825776431858
0.203031441367168
0.611724299115011
-0.998756921218922
0.687449743083315
0.104528463267656
-0.823419430264539
0.966568143838546
-0.433883739117559
-0.402176068832415
0.957030761100410
-0.842720958654041
0.139173100960058
0.661685837596864
-0.999888101810272
0.638959634165652
0.168735142482147
-0.858448793601866
0.947927346167131
-0.374606593415913
-0.460642450450642
0.973806160042908
-0.806075865470056
0.074730093586417
0.708867630216943
-0.996818746958190
0.587785252292469
0.232232964430245
-0.889871808811468
0.925304300473996
-0.313755723344371
-0.517173670587910
0.986490593923520
-0.766044443118981
0.009973144676499
0.753071466003605
-0.989561751039377
0.534141581324937
0.294755174410920
-0.917556467632739
0.898794046299160
-0.251586763744496
-0.571532241275946
0.995030775365401
-0.722794863827385
-0.054825701469368
0.794111644398364
-0.978147600733804
0.478253978621314
0.356039116274359
-0.941386466660903
0.868507953366988
-0.188360886759298
-0.623489801858731
0.999390827019095
-0.676508819317008
-0.119394224540238
0.831815755384864
-0.962624246950014
0.420357228309575
0.415827335842048
-0.961261695938322
0.834573253721294
-0.124343704647472
-0.672828078337061
0.999552432283502
-0.627380757516685
-0.183461171813790
0.866025403784441
-0.943056903383058
0.360694554957800
0.473868662473000
-0.977098659516909
0.797132507222922
-0.059804153945035
-0.719339800338649
0.995514912254014
-0.575617065685654
-0.246757397690287
0.896596874675029
-0.919527772551453
0.299516601786602
0.529919264233194
-0.988830826225130
0.756343002654882
0.004986634338771
-0.762829571862255
0.987295228574593
-0.521435203379514
-0.309016994374954
0.923401737138385
-0.892135700463880
0.237080377715466
0.583743672234791
-0.996408909165777
0.712376096951344
0.069756473744152
-0.803114692137299
0.974927912181817
-0.465062788901255
-0.369978408957899
0.946327383799161
-0.860995761366621
0.173648177666940
0.635115769842191
-0.999801072770522
0.665416495326250
0.134233265817640
-0.840025923150777
0.958464918240240
-0.406736643075792
-0.429385542199390
0.965277503888968
-0.826238774315975
0.109486480663993
0.683819742589342
-0.998993066541314
0.615661475325635
0.198146143199396
-0.873408200617141
0.937975407878394
-0.346701794364185
-0.486988824404361
0.980172487848547
-0.788010753606727
0.044864830350497
0.729650984817442
-0.993988284916783
0.563320058063633
0.261226607538150
-0.903121285404184
0.913545457642596
-0.285210449497821
-0.542546263865765
0.990949761767938
-0.746472295365146
-0.019945297363330
0.772416959224600
-0.984807753012202
0.508612130123431
0.323209657454485
-0.929040352678501
0.885277697888843
-0.222520933956319
-0.595824463473284
0.997564050259823
-0.701797902883977
-0.084671634772613
0.811938005715865
-0.971490038292870
0.451767519812795
0.383834901812985
-0.951056516295156
0.853290881632164
-0.158896606741094
-0.646599601215783
0.999987566661691
-0.654175253533009
-0.149042266176178
0.848048096156441
-0.954091088551923
0.393025031653897
0.442847653627050
-0.969077286229083
0.817719385664433
-0.094604754002514
-0.694658370458992
0.998210129767733
-0.603804410325484
-0.212786770195579
0.880595531856732
-0.932683996873421
0.332631443164295
0.500000000000010
-0.983026957126154
0.778712646036887
-0.029915466169418
-0.739798876047588
0.992239206600167
-0.550896981452098
-0.275637355817030
0.909443580859482
-0.907358694567852
0.270840468143005
0.555051843608797
-0.992846926341836
0.736434530278345
0.034899496702496
-0.781831482468007
0.982099881040239
-0.495675231314080
-0.337329987382873
0.934471052351300
-0.878221573370234
0.207911690817745
0.607771911354062
-0.998495940131148
0.691062648986877
0.099567846595825
-0.820579610508411
0.967834748450650
-0.438371146789098
-0.397605493806791
0.955572805786149
-0.845395038487718
0.144109475330008
0.657938725939711
-0.999950266955942
0.642787609686498
0.163817911415104
-0.855880479068554
0.949503736732319
-0.379225462652884
-0.456210657353128
0.972660192581116
-0.809016994374938
0.079701855139610
0.705341536300377
-0.997203797181180
0.591812216084359
0.227379776282997
-0.887585789004583
0.927183854566795
-0.318486650251679
-0.512899277405933
0.985661428529872
-0.769240265396265
0.014959407015264
0.749781202967751
-0.990268068741562
0.538350616090709
0.289986417453581
-0.915562346134067
0.900968867902397
-0.256409873672065
-0.567433204758773
0.994521895368274
-0.726231953809962
-0.049845885660654
0.791071034656331
-0.979172218670628
0.482627402182577
0.351374824081404
-0.939692620785900
0.870968906043120
-0.193255917795520
-0.619583342081545
0.999204370226177
-0.680172737770918
-0.114441775495460
0.829037572555072
-0.963962860695861
0.424876667889842
0.411287103130632
-0.959875241542902
0.837309998994542
-0.129290092740042
-0.669130606358871
0.999689182000814
-0.631256112300271
-0.178556894798622
0.863521319028236
-0.944703889414156
0.365341024366332
0.469471562785873
-0.976025421103625
0.800133548011185
-0.064781119290090
-0.715866849259700
0.995974293995238
-0.579687576411958
-0.241921895599722
0.894377407666323
-0.921476211870408
0.304270581179833
0.525683769810548
-0.988075312474490
0.759595731569283
0.000000000000019
-0.759595731569307
0.988075312474501
-0.525683769810515
-0.304270581179869
0.921476211870423
-0.894377407666305
0.241921895599685
0.579687576411989
-0.995974293995241
0.715866849259674
0.064781119290128
-0.800133548011208
0.976025421103617
-0.469471562785839
-0.365341024366368
0.944703889414169
-0.863521319028217
0.178556894798585
0.631256112300212
-0.999689182000815
0.669130606358842
0.129290092740080
-0.837309998994501
0.959875241542891
-0.411287103130597
-0.424876667889876
0.963962860695871
-0.829037572555051
0.114441775495422
0.680172737770946
-0.999204370226176
0.619583342081515
0.193255917795558
-0.870968906043139
0.939692620785887
-0.351374824081368
-0.482627402182610
0.979172218670636
-0.791071034656307
0.049845885660730
0.726231953809989
-0.994521895368270
0.567433204758741
0.256409873671992
-0.900968867902414
0.915562346134052
-0.289986417453544
-0.538350616090741
0.990268068741567
-0.749781202967726
-0.014959407015302
0.769240265396290
-0.985661428529865
0.512899277405900
0.318486650251716
-0.927183854566809
0.887585789004565
-0.227379776282960
-0.591812216084390
0.997203797181183
-0.705341536300430
-0.079701855139648
0.809016994374960
-0.972660192581107
0.456210657353195
0.379225462652919
-0.949503736732331
0.855880479068534
-0.163817911415179
-0.642787609686527
0.999950266955942
-0.657938725939682
-0.144109475330046
0.845395038487739
-0.955572805786138
0.397605493806756
0.438371146789132
-0.967834748450659
0.820579610508389
-0.099567846595787
-0.691062648986905
0.998495940131152
-0.607771911354032
-0.207911690817783
0.878221573370252
-0.934471052351327
0.337329987382837
0.495675231314114
-0.982099881040247
0.781831482468054
-0.034899496702514
-0.736434530278371
0.992846926341831
-0.555051843608718
-0.270840468142987
0.907358694567868
-0.909443580859466
0.275637355816938
0.550896981452082
-0.992239206600172
0.739798876047563
0.029915466169456
-0.778712646036875
0.983026957126158
-0.499999999999977
-0.332631443164331
0.932683996873415
-0.880595531856740
0.212786770195542
0.603804410325515
-0.998210129767732
0.694658370459005
0.094604754002552
-0.817719385664455
0.969077286229060
-0.442847653627067
-0.393025031653932
0.954091088551934
-0.848048096156391
0.149042266176196
0.654175253533037
-0.999987566661691
0.646599601215754
0.158896606741076
-0.853290881632155
0.951056516295144
-0.383834901812950
-0.451767519812779
0.971490038292865
-0.811938005715843
0.084671634772575
0.701797902883964
-0.997564050259824
0.595824463473254
0.222520933956246
-0.885277697888887
0.929040352678508
-0.323209657454341
-0.508612130123464
0.984807753012199
-0.772416959224540
0.019945297363292
0.746472295365096
-0.990949761767926
0.542546263865781
0.285210449497912
-0.913545457642611
0.903121285404216
-0.261226607538059
-0.563320058063618
0.993988284916774
-0.729650984817416
-0.044864830350478
0.788010753606785
-0.980172487848539
0.486988824404427
0.346701794364274
-0.937975407878388
0.873408200617067
-0.198146143199359
-0.615661475325621
0.998993066541318
-0.683819742589314
-0.109486480663918
0.826238774316029
-0.965277503888973
0.429385542199304
0.406736643075827
-0.958464918240218
0.840025923150725
-0.134233265817658
-0.665416495326194
0.999801072770521
-0.635115769842205
-0.173648177667034
0.860995761366640
-0.946327383799185
0.369978408957810
0.465062788901238
-0.974927912181851
0.803114692137277
-0.069756473744171
-0.712376096951411
0.996408909165774
-0.583743672234853
-0.237080377715558
0.892135700463872
-0.923401737138349
0.309016994374918
0.521435203379450
-0.987295228574608
0.762829571862267
-0.004986634338846
-0.756343002654907
0.988830826225133
-0.529919264233114
