0.999999999999999
-0.342957157654131
-0.764760776027598
0.867517521717716
0.169718089100669
-0.983929588598629
0.505173300974499
0.637423989748689
-0.942391540464034
0.008975858480998
0.936234870639737
-0.651152758743572
-0.489599871965054
0.986976319697494
-0.187381314585724
-0.858448793601866
0.776203631076351
0.326039611452341
-0.999838867929057
0.359764181061806
0.753071466003611
-0.876306680043862
-0.152000169561270
0.980565772275220
-0.520583930743604
-0.623489801858737
0.948244511287223
-0.026924682845663
-0.929776485888251
0.664671684553424
0.473868662473000
-0.989704983719633
0.204984153792226
0.849103418222195
-0.787396343528012
-0.309016994374953
0.999355523643320
-0.376455265374384
-0.741139468049855
0.884813436149733
0.134233265817658
-0.976885954764649
0.535826794978992
0.609354685562806
-0.953791896906689
0.044864830350515
0.923018467515399
-0.677976410513219
-0.457984742103075
0.992114701314476
-0.222520933956304
-0.839484407258079
0.798335306372693
0.291894792201039
-0.998550122907320
0.393025031653916
0.728968627421412
-0.893035048612880
-0.116423103505826
0.972891321940146
-0.550896981452098
-0.595023196102047
0.959031909598963
-0.062790519529299
-0.915962993388169
0.691062648986863
0.441953229673235
-0.994204695916449
0.239986003602569
0.829594860571833
-0.809016994374939
-0.274678522802409
0.997422925272833
-0.409468140058883
-0.716562866343802
0.900968867902420
0.098575422202446
-0.968583161128633
0.565789633582199
0.580499952001571
-0.963962860695851
0.080695973575203
0.908612337232883
-0.703926182748943
-0.425779291565080
0.995974293995237
-0.257373734365305
-0.819437965209734
0.819437965209724
0.257373734365322
-0.995974293995238
0.425779291565065
0.703926182748955
-0.908612337232864
-0.080695973575220
0.963962860695855
-0.580499952001558
-0.565789633582212
0.968583161128629
-0.098575422202430
-0.900968867902428
0.716562866343791
0.409468140058898
-0.997422925272832
0.274678522802366
0.809016994374949
-0.829594860571824
-0.239986003602585
0.994204695916450
-0.441953229673220
-0.691062648986875
0.915962993388156
0.062790519529316
-0.959031909598968
0.595023196102022
0.550896981452124
-0.972891321940143
0.116423103505809
0.893035048612894
-0.728968627421410
-0.393025031653931
0.998550122907319
-0.291894792201009
-0.798335306372703
0.839484407258070
0.222520933956334
-0.992114701314480
0.457984742103061
0.677976410513231
-0.923018467515387
-0.044864830350518
0.953791896906694
-0.609354685562793
-0.535826794979018
0.976885954764639
-0.134233265817614
-0.884813436149734
0.741139468049853
0.376455265374400
-0.999355523643320
0.309016994374924
0.787396343528031
-0.849103418222171
-0.204984153792222
0.989704983719634
-0.473868662472992
-0.664671684553436
0.929776485888242
0.026924682845694
-0.948244511287238
0.623489801858741
0.520583930743606
-0.980565772275218
0.152000169561254
0.876306680043873
-0.753071466003591
-0.359764181061841
0.999838867929056
-0.326039611452345
-0.776203631076355
0.858448793601859
0.187381314585744
-0.986976319697499
0.489599871965021
0.651152758743606
-0.936234870639738
-0.008975858481000
0.942391540464037
-0.637423989748675
-0.505173300974523
0.983929588598623
-0.169718089100627
-0.867517521717713
0.764760776027597
0.342957157654139
-0.999999999999999
0.342957157654108
0.764760776027618
-0.867517521717697
-0.169718089100716
0.983929588598629
-0.505173300974494
-0.637423989748701
0.942391540464026
-0.008975858480967
-0.936234870639750
0.651152758743538
0.489599871965050
-0.986976319697494
0.187381314585711
0.858448793601876
-0.776203631076334
-0.326039611452377
0.999838867929058
-0.359764181061810
-0.753071466003613
0.876306680043857
0.152000169561286
-0.980565772275224
0.520583930743578
0.623489801858767
-0.948244511287209
0.026924682845660
0.929776485888254
-0.664671684553411
-0.473868662473021
0.989704983719629
-0.204984153792189
-0.849103418222219
0.787396343528011
0.309016994374955
-0.999355523643321
0.376455265374369
0.741139468049876
-0.884813436149719
-0.134233265817703
0.976885954764646
-0.535826794978990
-0.609354685562819
0.953791896906684
-0.044864830350484
-0.923018467515411
0.677976410513186
0.457984742103115
-0.992114701314476
0.222520933956301
0.839484407258088
-0.798335306372683
-0.291894792201068
0.998550122907322
-0.393025031653875
-0.728968627421413
0.893035048612879
0.116423103505842
-0.972891321940150
0.550896981452072
0.595023196102071
-0.959031909598950
0.062790519529311
0.915962993388170
-0.691062648986851
-0.441953229673250
0.994204695916447
-0.239986003602525
-0.829594860571858
0.809016994374913
0.274678522802398
-0.997422925272834
0.409468140058868
0.716562866343814
-0.900968867902401
-0.098575422202491
0.968583161128644
-0.565789633582208
-0.580499952001585
0.963962860695846
-0.080695973575187
-0.908612337232890
0.703926182748911
0.425779291565121
-0.995974293995238
0.257373734365289
0.819437965209743
-0.819437965209715
-0.257373734365338
0.995974293995242
-0.425779291565025
-0.703926182748987
0.908612337232845
0.080695973575293
-0.963962860695875
0.580499952001591
0.565789633582203
-0.968583161128632
0.098575422202441
0.900968867902423
-0.716562866343779
-0.409468140058914
0.997422925272831
-0.274678522802350
-0.809016994374976
0.829594860571798
0.239986003602629
-0.994204695916458
0.441953229673154
0.691062648986928
-0.915962993388172
-0.062790519529304
0.959031909598964
-0.595023196102031
-0.550896981452114
0.972891321940139
-0.116423103505793
-0.893035048612902
0.728968627421379
0.393025031653973
-0.998550122907317
0.291894792200966
0.798335306372748
-0.839484407258030
-0.222520933956295
0.992114701314475
-0.457984742103071
-0.677976410513223
0.923018467515392
0.044864830350534
-0.953791896906699
0.609354685562780
0.535826794979032
-0.976885954764636
0.134233265817597
0.884813436149769
-0.741139468049804
-0.376455265374468
0.999355523643317
-0.309016994374962
-0.787396343528006
0.849103418222192
0.204984153792238
-0.989704983719636
0.473868662472977
0.664671684553449
-0.929776485888236
-0.026924682845710
0.948244511287243
-0.623489801858683
-0.520583930743669
0.980565772275203
-0.152000169561181
-0.876306680043908
0.753071466003617
0.359764181061804
-0.999838867929057
0.326039611452329
0.776203631076365
-0.858448793601851
-0.187381314585760
0.986976319697502
-0.489599871965006
-0.651152758743619
0.936234870639712
0.008975858481074
-0.942391540464062
0.637423989748618
0.505173300974488
-0.983929588598630
0.169718089100667
0.867517521717721
-0.764760776027586
-0.342957157654155
0.999999999999999
-0.342957157654092
-0.764760776027629
0.867517521717688
0.169718089100733
-0.983929588598642
0.505173300974431
0.637423989748757
-0.942391540464002
0.008975858481007
0.936234870639736
-0.651152758743568
-0.489599871965064
0.986976319697491
-0.187381314585695
-0.858448793601885
0.776203631076323
0.326039611452392
-0.999838867929058
0.359764181061742
0.753071466003661
-0.876306680043822
-0.152000169561359
0.980565772275239
-0.520583930743612
-0.623489801858735
0.948244511287222
-0.026924682845644
-0.929776485888260
0.664671684553399
0.473868662473036
-0.989704983719627
0.204984153792173
0.849103418222228
-0.787396343527965
-0.309016994375025
0.999355523643324
-0.376455265374301
-0.741139468049849
0.884813436149738
0.134233265817663
-0.976885954764650
0.535826794978976
0.609354685562833
-0.953791896906679
0.044864830350468
0.923018467515418
-0.677976410513174
-0.457984742103130
0.992114701314467
-0.222520933956230
-0.839484407258128
0.798335306372639
0.291894792201030
-0.998550122907320
0.393025031653912
0.728968627421425
-0.893035048612872
-0.116423103505859
0.972891321940154
-0.550896981452059
-0.595023196102085
0.959031909598945
-0.062790519529238
-0.915962993388199
0.691062648986798
0.441953229673315
-0.994204695916451
0.239986003602564
0.829594860571836
-0.809016994374936
-0.274678522802414
0.997422925272835
-0.409468140058853
-0.716562866343826
0.900968867902394
0.098575422202508
-0.968583161128648
0.565789633582148
0.580499952001645
-0.963962860695827
0.080695973575114
0.908612337232873
-0.703926182748940
-0.425779291565085
0.995974293995236
-0.257373734365273
-0.819437965209753
0.819437965209705
0.257373734365354
-0.995974293995244
0.425779291565010
0.703926182748999
-0.908612337232838
-0.080695973575310
0.963962860695879
-0.580499952001484
-0.565789633582216
0.968583161128627
-0.098575422202425
-0.900968867902430
0.716562866343768
0.409468140058929
-0.997422925272829
0.274678522802334
0.809016994374985
-0.829594860571789
-0.239986003602645
0.994204695916460
-0.441953229673139
-0.691062648986940
0.915962993388166
0.062790519529321
-0.959031909598969
0.595023196102018
0.550896981452128
-0.972891321940135
0.116423103505776
0.893035048612909
-0.728968627421368
-0.393025031653988
0.998550122907316
-0.291894792200950
-0.798335306372758
0.839484407258021
0.222520933956422
-0.992114701314477
0.457984742103056
0.677976410513235
-0.923018467515386
-0.044864830350551
0.953791896906704
-0.609354685562767
-0.535826794979046
0.976885954764632
-0.134233265817581
-0.884813436149776
0.741139468049793
0.376455265374483
-0.999355523643316
0.309016994374838
0.787396343528017
-0.849103418222184
-0.204984153792254
0.989704983719639
-0.473868662472962
-0.664671684553461
0.929776485888230
0.026924682845727
-0.948244511287248
0.623489801858670
0.520583930743683
-0.980565772275200
0.152000169561164
0.876306680043916
-0.753071466003606
-0.359764181061819
0.999838867929057
-0.326039611452314
-0.776203631076376
0.858448793601842
0.187381314585777
-0.986976319697505
0.489599871964992
0.651152758743631
-0.936234870639707
-0.008975858481091
0.942391540464067
-0.637423989748605
-0.505173300974601
0.983929588598627
-0.169718089100651
-0.867517521717730
0.764760776027576
0.342957157654171
-0.999999999999999
0.342957157654077
0.764760776027640
-0.867517521717680
-0.169718089100749
0.983929588598645
-0.505173300974416
-0.637423989748770
0.942391540463996
-0.008975858480877
-0.936234870639742
0.651152758743469
0.489599871965079
-0.986976319697470
0.187381314585678
0.858448793601952
-0.776203631076313
-0.326039611452301
0.999838867929059
-0.359764181061832
-0.753071466003672
0.876306680043868
0.152000169561376
-0.980565772275220
0.520583930743501
0.623489801858748
-0.948244511287180
0.026924682845627
0.929776485888308
-0.664671684553387
-0.473868662473151
0.989704983719624
-0.204984153792268
-0.849103418222237
0.787396343528025
0.309016994375041
-0.999355523643320
0.376455265374285
0.741139468049860
-0.884813436149677
-0.134233265817680
0.976885954764678
-0.535826794978962
-0.609354685562936
0.953791896906674
-0.044864830350337
-0.923018467515424
0.677976410513245
0.457984742103145
-0.992114701314479
0.222520933956213
0.839484407258075
-0.798335306372629
-0.291894792201046
0.998550122907327
-0.393025031653896
-0.728968627421514
0.893035048612864
0.116423103505988
-0.972891321940158
0.550896981451950
0.595023196102098
-0.959031909598973
0.062790519529221
0.915962993388160
-0.691062648986786
-0.441953229673228
0.994204695916437
-0.239986003602548
-0.829594860571908
0.809016994374927
0.274678522802539
-0.997422925272837
0.409468140058734
0.716562866343837
-0.900968867902436
-0.098575422202524
0.968583161128624
-0.565789633582134
-0.580499952001566
0.963962860695822
-0.080695973575210
-0.908612337232927
0.703926182748928
0.425779291565203
-0.995974293995235
0.257373734365147
0.819437965209762
-0.819437965209630
-0.257373734365370
0.995974293995235
-0.425779291564994
-0.703926182748930
0.908612337232831
0.080695973575213
-0.963962860695884
0.580499952001563
0.565789633582324
-0.968583161128623
0.098575422202295
0.900968867902437
-0.716562866343677
-0.409468140058944
0.997422925272820
-0.274678522802318
-0.809016994374928
0.829594860571780
0.239986003602551
-0.994204695916462
0.441953229673226
0.691062648986952
-0.915962993388159
-0.062790519529451
0.959031909598974
-0.595023196101913
-0.550896981452142
0.972891321940105
-0.116423103505759
-0.893035048612968
0.728968627421356
0.393025031653899
-0.998550122907315
0.291894792201043
0.798335306372768
-0.839484407258073
-0.222520933956438
0.992114701314479
-0.457984742102940
-0.677976410513247
0.923018467515335
0.044864830350567
-0.953791896906743
0.609354685562753
0.535826794979156
-0.976885954764629
0.134233265817677
0.884813436149784
-0.741139468049858
-0.376455265374499
0.999355523643320
-0.309016994374822
-0.787396343528027
0.849103418222115
0.204984153792271
-0.989704983719657
0.473868662472948
0.664671684553559
-0.929776485888224
-0.026924682845630
0.948244511287254
-0.623489801858746
-0.520583930743697
0.980565772275219
-0.152000169561148
-0.876306680043870
0.753071466003521
0.359764181061835
-0.999838867929055
0.326039611452298
0.776203631076458
-0.858448793601833
-0.187381314585905
0.986976319697507
-0.489599871965076
-0.651152758743644
0.936234870639741
0.008975858481107
-0.942391540464035
0.637423989748593
0.505173300974517
-0.983929588598603
0.169718089100634
0.867517521717795
-0.764760776027565
-0.342957157654293
0.999999999999999
-0.342957157653954
-0.764760776027651
0.867517521717728
0.169718089100766
-0.983929588598627
0.505173300974402
0.637423989748695
-0.942391540463991
0.008975858480974
0.936234870639787
-0.651152758743543
-0.489599871965193
0.986976319697486
-0.187381314585550
-0.858448793601902
0.776203631076231
0.326039611452424
-0.999838867929057
0.359764181061711
0.753071466003608
-0.876306680043806
-0.152000169561280
0.980565772275245
-0.520583930743584
-0.623489801858850
0.948244511287211
-0.026924682845497
-0.929776485888273
0.664671684553289
0.473868662473065
-0.989704983719606
0.204984153792140
0.849103418222185
-0.787396343527945
-0.309016994374949
0.999355523643325
-0.376455265374375
-0.741139468049947
0.884813436149722
0.134233265817809
-0.976885954764657
0.535826794978852
0.609354685562859
-0.953791896906635
0.044864830350434
0.923018467515474
-0.677976410513149
-0.457984742103059
0.992114701314463
-0.222520933956308
-0.839484407258146
0.798335306372687
0.291894792201171
-0.998550122907322
0.393025031653777
0.728968627421448
-0.893035048612806
-0.116423103505892
0.972891321940188
-0.550896981452031
-0.595023196102020
0.959031909598936
-0.062790519529318
-0.915962993388213
0.691062648986856
0.441953229673345
-0.994204695916448
0.239986003602422
0.829594860571854
-0.809016994374850
-0.274678522802446
0.997422925272846
-0.409468140058822
-0.716562866343928
0.900968867902379
0.098575422202428
-0.968583161128656
0.565789633582214
0.580499952001672
-0.963962860695848
0.080695973575080
0.908612337232887
-0.703926182748835
-0.425779291565115
0.995974293995223
-0.257373734365241
-0.819437965209837
0.819437965209686
0.257373734365496
-0.995974293995247
0.425779291565082
0.703926182749023
-0.908612337232872
-0.080695973575343
0.963962860695858
-0.580499952001457
-0.565789633582244
0.968583161128591
-0.098575422202392
-0.900968867902494
0.716562866343744
0.409468140059063
-0.997422925272827
0.274678522802193
0.809016994375005
-0.829594860571834
-0.239986003602677
0.994204695916452
-0.441953229673109
-0.691062648986882
0.915962993388107
0.062790519529354
-0.959031909599011
0.595023196101991
0.550896981452251
-0.972891321940127
0.116423103505630
0.893035048612924
-0.728968627421267
-0.393025031654019
0.998550122907320
-0.291894792200918
-0.798335306372709
0.839484407258003
0.222520933956343
-0.992114701314496
0.457984742103027
0.677976410513343
-0.923018467515373
-0.044864830350698
0.953791896906714
-0.609354685562650
-0.535826794979074
0.976885954764649
-0.134233265817548
-0.884813436149739
0.741139468049770
0.376455265374409
-0.999355523643315
0.309016994374914
0.787396343528107
-0.849103418222166
-0.204984153792398
0.989704983719643
-0.473868662472833
-0.664671684553486
0.929776485888176
0.026924682845760
-0.948244511287223
0.623489801858644
0.520583930743615
-0.980565772275194
0.152000169561244
0.876306680043933
-0.753071466003584
-0.359764181061957
0.999838867929056
-0.326039611452175
-0.776203631076397
0.858448793601767
0.187381314585809
-0.986976319697528
0.489599871964963
0.651152758743570
-0.936234870639695
-0.008975858481010
0.942391540464079
-0.637423989748667
-0.505173300974630
0.983929588598621
-0.169718089100506
-0.867517521717746
0.764760776027481
0.342957157654202
-0.999999999999999
0.342957157654046
0.764760776027735
-0.867517521717663
-0.169718089100670
0.983929588598651
-0.505173300974486
-0.637423989748796
0.942391540464023
-0.008975858480844
-0.936234870639753
0.651152758743444
0.489599871965108
-0.986976319697465
0.187381314585646
0.858448793601969
-0.776203631076292
-0.326039611452547
0.999838867929059
-0.359764181061801
-0.753071466003694
0.876306680043852
0.152000169561409
-0.980565772275226
0.520583930743472
0.623489801858774
-0.948244511287170
0.026924682845594
0.929776485888321
-0.664671684553362
-0.473868662473180
0.989704983719620
-0.204984153792235
-0.849103418222254
0.787396343528005
0.309016994375073
-0.999355523643321
0.376455265374255
0.741139468049882
-0.884813436149661
-0.134233265817713
0.976885954764685
-0.535826794978934
-0.609354685562962
0.953791896906664
-0.044864830350304
-0.923018467515437
0.677976410513221
0.457984742103175
-0.992114701314475
0.222520933956181
0.839484407258093
-0.798335306372609
-0.291894792201078
0.998550122907329
-0.393025031653866
-0.728968627421537
0.893035048612849
0.116423103506021
-0.972891321940166
0.550896981451922
0.595023196102125
-0.959031909598963
0.062790519529188
0.915962993388174
-0.691062648986762
-0.441953229673258
0.994204695916434
-0.239986003602516
-0.829594860571927
0.809016994374907
0.274678522802571
-0.997422925272839
0.409468140058703
0.716562866343860
-0.900968867902323
-0.098575422202557
0.968583161128632
-0.565789633582106
-0.580499952001593
0.963962860695813
-0.080695973575177
-0.908612337232941
0.703926182748904
0.425779291565233
-0.995974293995232
0.257373734365115
0.819437965209781
-0.819437965209611
-0.257373734365402
0.995974293995258
-0.425779291564964
-0.703926182748954
0.908612337232817
0.080695973575246
-0.963962860695892
0.580499952001536
0.565789633582351
-0.968583161128615
0.098575422202262
0.900968867902451
-0.716562866343653
-0.409468140058974
0.997422925272818
-0.274678522802286
-0.809016994375082
0.829594860571761
0.239986003602583
-0.994204695916466
0.441953229673196
0.691062648986976
-0.915962993388146
-0.062790519529484
0.959031909598983
-0.595023196101886
-0.550896981452170
0.972891321940097
-0.116423103505726
-0.893035048612983
0.728968627421334
0.393025031653930
-0.998550122907313
0.291894792201011
0.798335306372788
-0.839484407258055
-0.222520933956470
0.992114701314484
-0.457984742102911
-0.677976410513272
0.923018467515323
0.044864830350601
-0.953791896906753
0.609354685562727
0.535826794979185
-0.976885954764622
0.134233265817644
0.884813436149800
-0.741139468049836
-0.376455265374530
0.999355523643319
-0.309016994374790
-0.787396343528048
0.849103418222097
0.204984153792303
-0.989704983719662
0.473868662472918
0.664671684553583
-0.929776485888211
-0.026924682845891
