0.999999999999999
-0.489599871965052
-0.520583930743609
0.999355523643320
-0.457984742103066
-0.550896981452104
0.997422925272833
-0.425779291565069
-0.580499952001576
0.994204695916450
-0.393025031653919
-0.609354685562813
0.989704983719633
-0.359764181061803
-0.637423989748694
0.983929588598627
-0.326039611452335
-0.664671684553429
0.976885954764646
-0.291894792201023
-0.691062648986870
0.968583161128628
-0.257373734365289
-0.716562866343800
0.959031909598962
-0.222520933956305
-0.741139468049859
0.948244511287221
-0.187381314585712
-0.764760776027605
0.936234870639730
-0.152000169561259
-0.787396343528020
0.923018467515389
-0.116423103505812
-0.809016994374957
0.908612337232870
-0.080695973575203
-0.829594860571842
0.893035048612879
-0.044864830350497
-0.849103418222205
0.876306680043856
-0.008975858480977
-0.867517521717730
0.858448793601856
0.026924682845686
-0.884813436149745
0.839484407258065
0.062790519529340
-0.900968867902426
0.819437965209717
0.098575422202459
-0.915962993388174
0.798335306372684
0.134233265817674
-0.929776485888260
0.776203631076333
0.169718089100690
-0.942391540464043
0.753071466003588
0.204984153792254
-0.953791896906696
0.728968627421386
0.239986003602593
-0.963962860695857
0.703926182748916
0.274678522802420
-0.972891321940149
0.677976410513189
0.309016994374980
-0.980565772275224
0.651152758743560
0.342957157654166
-0.986976319697499
0.623489801858717
0.376455265374429
-0.992114701314481
0.595023196102018
0.409468140058930
-0.995974293995241
0.565789633582192
0.441953229673268
-0.998550122907322
0.535826794978971
0.473868662473042
-0.999838867929058
0.505173300974472
0.505173300974546
-0.999838867929056
0.473868662472967
0.535826794979019
-0.998550122907317
0.441953229673192
0.565789633582239
-0.995974293995234
0.409468140058852
0.595023196102063
-0.992114701314470
0.376455265374350
0.623489801858761
-0.986976319697486
0.342957157654086
0.651152758743603
-0.980565772275213
0.309016994374898
0.677976410513252
-0.972891321940136
0.274678522802338
0.703926182748977
-0.963962860695842
0.239986003602510
0.728968627421444
-0.953791896906679
0.204984153792171
0.753071466003644
-0.942391540464019
0.169718089100606
0.776203631076387
-0.929776485888233
0.134233265817589
0.798335306372736
-0.915962993388146
0.098575422202402
0.819437965209750
-0.900968867902383
0.062790519529241
0.839484407258111
-0.884813436149712
0.026924682845615
0.858448793601885
-0.867517521717701
-0.008975858481077
0.876306680043897
-0.849103418222160
-0.044864830350568
0.893035048612905
-0.829594860571810
-0.080695973575302
0.908612337232906
-0.809016994374907
-0.116423103505882
0.923018467515416
-0.787396343527985
-0.152000169561301
0.936234870639765
-0.764760776027550
-0.187381314585789
0.948244511287244
-0.741139468049821
-0.222520933956354
0.959031909598990
-0.716562866343735
-0.257373734365372
0.968583161128646
-0.691062648986824
-0.291894792201078
0.976885954764667
-0.664671684553360
-0.326039611452416
0.983929588598641
-0.637423989748642
-0.359764181061856
0.989704983719640
-0.609354685562734
-0.393025031654001
0.994204695916459
-0.580499952001518
-0.425779291565126
0.997422925272837
-0.550896981452019
-0.457984742103148
0.999355523643323
-0.520583930743545
-0.489599871965109
0.999999999999999
-0.489599871964960
-0.520583930743691
0.999355523643317
-0.457984742102996
-0.550896981452162
0.997422925272828
-0.425779291565023
-0.580499952001657
0.994204695916440
-0.393025031653844
-0.609354685562869
0.989704983719624
-0.359764181061750
-0.637423989748773
0.983929588598611
-0.326039611452254
-0.664671684553488
0.976885954764631
-0.291894792200969
-0.691062648986906
0.968583161128604
-0.257373734365207
-0.716562866343854
0.959031909598942
-0.222520933956243
-0.741139468049897
0.948244511287189
-0.187381314585622
-0.764760776027660
0.936234870639705
-0.152000169561189
-0.787396343528055
0.923018467515372
-0.116423103505713
-0.809016994375007
0.908612337232834
-0.080695973575132
-0.829594860571873
0.893035048612854
-0.044864830350398
-0.849103418222250
0.876306680043815
-0.008975858480906
-0.867517521717758
0.858448793601827
0.026924682845786
-0.884813436149791
0.839484407258019
0.062790519529411
-0.900968867902457
0.819437965209685
0.098575422202516
-0.915962993388214
0.798335306372633
0.134233265817758
-0.929776485888286
0.776203631076297
0.169718089100746
-0.942391540464076
0.753071466003532
0.204984153792338
-0.953791896906722
0.728968627421347
0.239986003602648
-0.963962860695888
0.703926182748856
0.274678522802502
-0.972891321940169
0.677976410513147
0.309016994375034
-0.980565772275235
0.651152758743517
0.342957157654193
-0.986976319697504
0.623489801858606
0.376455265374534
-0.992114701314495
0.595023196101926
0.409468140059007
-0.995974293995249
0.565789633582122
0.441953229673319
-0.998550122907325
0.535826794978923
0.473868662473067
-0.999838867929058
0.505173300974448
0.505173300974644
-0.999838867929054
0.473868662472867
0.535826794979115
-0.998550122907313
0.441953229673115
0.565789633582309
-0.995974293995228
0.409468140058800
0.595023196102109
-0.992114701314467
0.376455265374324
0.623489801858784
-0.986976319697467
0.342957157653979
0.651152758743689
-0.980565772275191
0.309016994374817
0.677976410513314
-0.972891321940116
0.274678522802283
0.703926182749017
-0.963962860695827
0.239986003602482
0.728968627421464
-0.953791896906670
0.204984153792060
0.753071466003719
-0.942391540463981
0.169718089100522
0.776203631076441
-0.929776485888202
0.134233265817533
0.798335306372770
-0.915962993388123
0.098575422202346
0.819437965209783
-0.900968867902383
0.062790519529127
0.839484407258173
-0.884813436149659
0.026924682845502
0.858448793601943
-0.867517521717645
-0.008975858481134
0.876306680043924
-0.849103418222130
-0.044864830350625
0.893035048612930
-0.829594860571778
-0.080695973575302
0.908612337232953
-0.809016994374840
-0.116423103505995
0.923018467515460
-0.787396343527915
-0.152000169561413
0.936234870639785
-0.764760776027513
-0.187381314585845
0.948244511287262
-0.741139468049783
-0.222520933956409
0.959031909598990
-0.716562866343656
-0.257373734365482
0.968583161128674
-0.691062648986742
-0.291894792201186
0.976885954764679
-0.664671684553318
-0.326039611452469
0.983929588598651
-0.637423989748598
-0.359764181061909
0.989704983719648
-0.609354685562734
-0.393025031654105
0.994204695916471
-0.580499952001425
-0.425779291565229
0.997422925272845
-0.550896981451972
-0.457984742103198
0.999355523643325
-0.520583930743497
-0.489599871965158
0.999999999999999
-0.489599871964960
-0.520583930743788
0.999355523643313
-0.457984742102895
-0.550896981452257
0.997422925272820
-0.425779291564920
-0.580499952001703
0.994204695916434
-0.393025031653792
-0.609354685562914
0.989704983719616
-0.359764181061697
-0.637423989748773
0.983929588598590
-0.326039611452147
-0.664671684553573
0.976885954764606
-0.291894792200860
-0.691062648986988
0.968583161128589
-0.257373734365152
-0.716562866343894
0.959031909598925
-0.222520933956188
-0.741139468049936
0.948244511287189
-0.187381314585510
-0.764760776027733
0.936234870639666
-0.152000169561076
-0.787396343528125
0.923018467515329
-0.116423103505656
-0.809016994375040
0.908612337232811
-0.080695973575075
-0.829594860571905
0.893035048612828
-0.044864830350398
-0.849103418222310
0.876306680043760
-0.008975858480793
-0.867517521717815
0.858448793601769
0.026924682845843
-0.884813436149817
0.839484407257988
0.062790519529468
-0.900968867902482
0.819437965209652
0.098575422202572
-0.915962993388214
0.798335306372565
0.134233265817871
-0.929776485888328
0.776203631076226
0.169718089100858
-0.942391540464095
0.753071466003495
0.204984153792394
-0.953791896906739
0.728968627421308
0.239986003602703
-0.963962860695888
0.703926182748856
0.274678522802611
-0.972891321940195
0.677976410513064
0.309016994375142
-0.980565772275258
0.651152758743430
0.342957157654300
-0.986976319697522
0.623489801858606
0.376455265374534
-0.992114701314495
0.595023196101926
0.409468140059111
-0.995974293995259
0.565789633582028
0.441953229673421
-0.998550122907331
0.535826794978827
0.473868662473167
-0.999838867929061
0.505173300974350
0.505173300974644
-0.999838867929054
0.473868662472867
0.535826794979115
-0.998550122907307
0.441953229673013
0.565789633582403
-0.995974293995218
0.409468140058696
0.595023196102201
-0.992114701314452
0.376455265374218
0.623489801858872
-0.986976319697467
0.342957157653979
0.651152758743689
-0.980565772275191
0.309016994374709
0.677976410513398
-0.972891321940090
0.274678522802174
0.703926182749098
-0.963962860695797
0.239986003602372
0.728968627421541
-0.953791896906636
0.204984153792060
0.753071466003719
-0.942391540463981
0.169718089100522
0.776203631076512
-0.929776485888160
0.134233265817420
0.798335306372838
-0.915962993388077
0.098575422202233
0.819437965209848
-0.900968867902334
0.062790519529127
0.839484407258173
-0.884813436149659
0.026924682845502
0.858448793602002
-0.867517521717588
-0.008975858481247
0.876306680043979
-0.849103418222070
-0.044864830350739
0.893035048612982
-0.829594860571715
-0.080695973575415
0.908612337232953
-0.809016994374840
-0.116423103505995
0.923018467515460
-0.787396343527915
-0.152000169561413
0.936234870639785
-0.764760776027513
-0.187381314585845
0.948244511287262
-0.741139468049783
-0.222520933956631
0.959031909599054
-0.716562866343577
-0.257373734365591
0.968583161128702
-0.691062648986660
-0.291894792201295
0.976885954764703
-0.664671684553233
-0.326039611452577
0.983929588598672
-0.637423989748510
