0.999999999999999
0.056817252993044
-0.993543599524648
-0.169718089100668
0.974257768312790
0.280427389306002
-0.942391540464034
-0.387515586452101
0.898356398235640
0.489599871965051
-0.842720958654039
-0.585362051785826
0.776203631076354
0.673565567947795
-0.699663340513367
-0.753071466003608
0.614088436501827
0.822853102117263
-0.520583930743611
-0.882009399911610
0.420357228309568
0.929776485888249
-0.314702536658175
-0.965537553173970
0.204984153792234
0.988830826225127
-0.092618851350326
-0.999355523643320
-0.020942419883352
0.996975742105722
0.134233265817650
-0.981722211257634
-0.245790784309482
0.953791896906693
0.354174455328009
-0.913545457642603
-0.457984742103061
0.861502587724555
0.555881163064878
-0.798335306372705
-0.646599601215794
0.724859280117746
0.728968627421406
-0.642023290261363
-0.801924626841818
0.550896981452103
0.864525533178356
-0.452657049577032
-0.915962993388162
0.348572047321816
0.955572805786137
-0.239986003602581
-0.982843496749091
0.128301068387844
0.997422925272832
-0.014959407015280
-0.999122830098858
-0.098575422202440
0.987921260694514
0.210837366614602
-0.963962860695855
-0.320376810078726
0.927557000153161
0.425779291565056
-0.879173780697058
-0.525683769810500
0.819437965209738
0.618800198173343
-0.749120910386215
-0.703926182748941
0.669130606358867
0.779962508642693
-0.580499952001583
-0.845927333913349
0.484373417312211
0.900968867902409
-0.381992265099275
-0.944376370237478
0.274678522802403
0.975589328481114
-0.163817911415152
-0.994204695916450
0.050841951945636
0.999982096009160
0.062790519529298
-0.992846926341837
-0.175612189523946
0.972891321940149
0.286166214270782
-0.940372965551576
-0.393025031653922
0.895711760239422
0.494808795034645
-0.839484407258081
-0.590203190936431
0.772416959224614
0.677976410513208
-0.695375444745714
-0.756995055651754
0.609354685562827
0.826238774315984
-0.515465450616867
-0.884813436149723
0.414920112910151
0.931962678203966
-0.309016994374958
-0.967077671701074
0.199123600901044
0.989704983719631
-0.086658964004079
-0.999552432283501
-0.026924682845636
0.996492859249505
0.140160656625133
-0.980565772275220
-0.251586763744482
0.951976834664479
0.359764181061794
-0.911095209678039
-0.463296035119836
0.858448793601876
0.560845439695152
-0.794717399127559
-0.651152758743551
0.720723977066265
0.733051871829815
-0.637423989748717
-0.805485232008582
0.545893073330320
0.867517521717709
-0.447313148315640
-0.918347730347634
0.342957157654153
0.957319497532061
-0.234172629481261
-0.983929588598623
0.122364276755746
0.997834392738109
-0.008975858481008
-0.998854359982401
-0.104528463267629
0.986976319697498
0.216683029776408
-0.962353650653288
-0.326039611452317
0.925304300474003
0.431186108523497
-0.876306680043879
-0.530764785202580
0.815993485882563
0.623489801858701
-0.745143530260993
-0.708163818808650
0.664671684553440
0.783693457325831
-0.575617065685701
-0.849103418222178
0.479129618224913
0.903549075692464
-0.376455265374424
-0.946327383799154
0.268919820615286
0.976885954764644
-0.157911867740871
-0.994830191844714
0.044864830350537
0.999928384677748
0.068761537663772
-0.992114701314481
-0.181500001629194
0.971490038292870
0.291894792201024
-0.938320717781210
-0.398520403422563
0.893035048612905
0.499999999999966
-0.836217795619857
-0.595023196102017
0.768602628680532
0.682362976111749
-0.691062648986867
-0.760891538834783
0.604599114862411
0.829594860571808
-0.510328512712724
-0.887585789004541
0.409468140058907
0.934115498817184
-0.303320386816909
-0.968583161128616
0.193255917795600
0.990543701876210
-0.080695973575251
-0.999713548968502
-0.032905981689398
0.995974293995239
0.146083028562405
-0.979374221211608
-0.257373734365254
0.950127684053214
0.365341024366362
-0.908612337232885
-0.468590738440699
0.855364260160513
0.565789633582161
-0.791071034656376
-0.655682599805253
0.716562866343822
0.737108867130219
-0.632801864369503
-0.809016994374933
0.540869617879346
0.870478446205545
-0.441953229673279
-0.920699583128403
0.337329987382872
0.959031909598954
-0.228350870110686
-0.984980447915478
0.116423103505840
0.998210129767730
-0.002991988539417
-0.998550122907323
-0.110477761379519
0.985996037070511
0.222520933956282
-0.960709980668822
-0.331690738005502
0.923018467515401
0.436577485577614
-0.873408200617156
-0.535826794978955
0.812519787475605
0.628157079632679
-0.741139468049872
-0.712376096951330
0.660188962196543
0.787396343527972
-0.570713567684478
-0.852249097851364
0.473868662473036
0.906096929213783
-0.370904785546303
-0.948244511287218
0.263151488952146
0.978147600733791
-0.152000169561324
-0.995420064911696
0.038886102236429
0.999838867929058
0.074730093586394
-0.991346950662073
-0.187381314585652
0.970053967548113
0.297612917967842
-0.936234870639755
-0.404001504979953
0.890326359203716
0.505173300974473
-0.832921240710112
-0.599821894687899
0.764760776027641
0.686725107669303
-0.686725107669387
-0.764760776027567
0.599821894687945
0.832921240710080
-0.505173300974523
-0.890326359203663
0.404001504980058
0.936234870639714
-0.297612917967951
-0.970053967548085
0.187381314585765
0.991346950662065
-0.074730093586452
-0.999838867929057
-0.038886102236314
0.995420064911707
0.152000169561211
-0.978147600733815
-0.263151488952090
0.948244511287237
0.370904785546249
-0.906096929213831
-0.473868662472935
0.852249097851424
0.570713567684383
-0.787396343528043
-0.660188962196456
0.712376096951370
0.741139468049834
-0.628157079632724
-0.812519787475538
0.535826794979052
0.873408200617100
-0.436577485577717
-0.923018467515379
0.331690738005557
0.960709980668806
-0.222520933956394
-0.985996037070491
0.110477761379633
0.998550122907317
0.002991988539302
-0.998210129767737
-0.116423103505783
0.984980447915488
0.228350870110630
-0.959031909598986
-0.337329987382764
0.920699583128447
0.441953229673177
-0.870478446205573
-0.540869617879297
0.809016994374967
0.632801864369415
-0.737108867130297
-0.716562866343742
0.655682599805340
0.791071034656306
-0.565789633582255
-0.855364260160483
0.468590738440750
0.908612337232861
-0.365341024366468
-0.950127684053178
0.257373734365365
0.979374221211585
-0.146083028562462
-0.995974293995234
0.032905981689456
0.999713548968505
0.080695973575137
-0.990543701876226
-0.193255917795488
0.968583161128645
0.303320386816799
-0.934115498817204
-0.409468140058855
0.887585789004568
0.510328512712674
-0.829594860571841
-0.604599114862365
0.760891538834894
0.691062648986784
-0.682362976111833
-0.768602628680459
0.595023196102109
0.836217795619794
-0.500000000000066
-0.893035048612853
0.398520403422669
0.938320717781171
-0.291894792201080
-0.971490038292857
0.181500001629251
0.992114701314473
-0.068761537663830
-0.999928384677747
-0.044864830350508
0.994830191844729
0.157911867740730
-0.976885954764668
-0.268919820615176
0.946327383799191
0.376455265374318
-0.903549075692513
-0.479129618224837
0.849103418222224
0.575617065685631
-0.783693457325867
-0.664671684553397
0.708163818808691
0.745143530260954
-0.623489801858746
-0.815993485882481
0.530764785202701
0.876306680043810
-0.431186108523601
-0.925304300473959
0.326039611452426
0.962353650653257
-0.216683029776520
-0.986976319697484
0.104528463267714
0.998854359982397
0.008975858480950
-0.997834392738113
-0.122364276755689
0.983929588598633
0.234172629481204
-0.957319497532070
-0.342957157654019
0.918347730347690
0.447313148315538
-0.867517521717766
-0.545893073330224
0.805485232008650
0.637423989748629
-0.733051871829874
-0.720723977066205
0.651152758743616
0.794717399127524
-0.560845439695200
-0.858448793601847
0.463296035119887
0.911095209678015
-0.359764181061927
-0.951976834664435
0.251586763744620
0.980565772275198
-0.140160656625246
-0.996492859249495
0.026924682845751
0.999552432283505
0.086658964003993
-0.989704983719644
-0.199123600900959
0.967077671701089
0.309016994374903
-0.931962678203987
-0.414920112910099
0.884813436149749
0.515465450616842
-0.826238774316065
-0.609354685562714
0.756995055651828
0.695375444745632
-0.677976410513292
-0.772416959224541
0.590203190936523
0.839484407258035
-0.494808795034720
-0.895711760239384
0.393025031653975
0.940372965551556
-0.286166214270837
-0.972891321940136
0.175612189524003
0.992846926341820
-0.062790519529441
-0.999982096009159
-0.050841951945507
0.994204695916462
0.163817911415038
-0.975589328481139
-0.274678522802307
0.944376370237506
0.381992265099195
-0.900968867902447
-0.484373417312148
0.845927333913380
0.580499952001536
-0.779962508642729
-0.669130606358834
0.703926182748961
0.749120910386121
-0.618800198173456
-0.819437965209664
0.525683769810598
0.879173780697003
-0.425779291565159
-0.927557000153123
0.320376810078808
0.963962860695832
-0.210837366614686
-0.987921260694503
0.098575422202498
0.999122830098855
0.014959407015223
-0.997422925272835
-0.128301068387702
0.982843496749118
0.239986003602442
-0.955572805786175
-0.348572047321709
0.915962993388208
0.452657049576930
-0.864525533178407
-0.550896981452031
0.801924626841870
0.642023290261297
-0.728968627421455
-0.724859280117701
0.646599601215838
0.798335306372674
-0.555881163064915
-0.861502587724536
0.457984742103189
0.913545457642547
-0.354174455328129
-0.953791896906656
0.245790784309593
0.981722211257614
-0.134233265817750
-0.996975742105715
0.020942419883438
0.999355523643323
0.092618851350254
-0.988830826225137
-0.204984153792178
0.965537553173983
0.314702536658134
-0.929776485888304
-0.420357228309438
0.882009399911674
0.520583930743501
-0.822853102117332
-0.614088436501736
0.753071466003679
0.699663340513295
-0.673565567947864
-0.776203631076299
0.585362051785890
0.842720958654000
-0.489599871965107
-0.898356398235615
0.387515586452148
0.942391540464020
-0.280427389306037
-0.974257768312758
0.169718089100802
0.993543599524633
-0.056817252993166
-0.999999999999999
-0.056817252992937
0.993543599524659
0.169718089100576
-0.974257768312810
-0.280427389305926
0.942391540464058
0.387515586452042
-0.898356398235666
-0.489599871965006
0.842720958654063
0.585362051785704
-0.776203631076444
-0.673565567947695
0.699663340513459
0.753071466003528
-0.614088436501917
-0.822853102117202
0.520583930743696
0.882009399911566
-0.420357228309647
-0.929776485888220
0.314702536658244
0.965537553173953
-0.204984153792291
-0.988830826225119
0.092618851350369
0.999355523643319
0.020942419883209
-0.996975742105733
-0.134233265817522
0.981722211257657
0.245790784309371
-0.953791896906725
-0.354174455327915
0.913545457642641
0.457984742102985
-0.861502587724595
-0.555881163064818
0.798335306372744
0.646599601215749
-0.724859280117781
-0.728968627421376
0.642023290261473
0.801924626841733
-0.550896981452222
-0.864525533178292
0.452657049577135
0.915962993388116
-0.348572047321924
-0.955572805786107
0.239986003602665
0.982843496749076
-0.128301068387930
-0.997422925272827
0.014959407015338
0.999122830098860
0.098575422202383
-0.987921260694521
-0.210837366614573
0.963962860695893
0.320376810078590
-0.927557000153209
-0.425779291564952
0.879173780697113
0.525683769810403
-0.819437965209795
-0.618800198173275
0.749120910386272
0.703926182748879
-0.669130606358920
-0.779962508642657
0.580499952001630
0.845927333913319
-0.484373417312249
-0.900968867902347
0.381992265099407
0.944376370237431
-0.274678522802527
-0.975589328481089
0.163817911415265
0.994204695916437
-0.050841951945737
-0.999982096009160
-0.062790519529212
0.992846926341848
0.175612189523889
-0.972891321940162
-0.286166214270726
0.940372965551595
0.393025031653868
-0.895711760239435
-0.494808795034521
0.839484407258159
0.590203190936338
-0.772416959224687
-0.677976410513123
0.695375444745797
0.756995055651679
-0.609354685562896
-0.826238774315936
0.515465450616941
0.884813436149696
-0.414920112910204
-0.931962678203945
0.309016994375013
0.967077671701060
-0.199123600901184
-0.989704983719611
0.086658964004222
0.999552432283498
0.026924682845521
-0.996492859249515
-0.140160656625019
0.980565772275243
0.251586763744398
-0.951976834664506
-0.359764181061713
0.911095209678063
0.463296035119785
-0.858448793601906
-0.560845439695104
0.794717399127594
0.651152758743529
-0.720723977066364
-0.733051871829718
0.637423989748806
0.805485232008514
-0.545893073330416
-0.867517521717652
0.447313148315743
0.918347730347600
-0.342957157654234
-0.957319497532037
0.234172629481317
0.983929588598613
-0.122364276755804
-0.997834392738105
0.008975858481066
0.998854359982408
0.104528463267486
-0.986976319697521
-0.216683029776296
0.962353650653319
0.326039611452209
-0.925304300474046
-0.431186108523394
0.876306680043920
0.530764785202507
-0.815993485882613
-0.623489801858656
0.745143530261032
0.708163818808529
-0.664671684553483
-0.783693457325724
0.575617065685725
0.849103418222102
-0.479129618224938
-0.903549075692415
0.376455265374425
0.946327383799117
-0.268919820615287
-0.976885954764619
0.157911867741069
0.994830191844705
-0.044864830350737
-0.999928384677749
-0.068761537663601
0.992114701314488
0.181500001629025
-0.971490038292884
-0.291894792200860
0.938320717781211
0.398520403422458
-0.893035048612905
-0.499999999999867
0.836217795619858
0.595023196101925
-0.768602628680533
-0.682362976111666
0.691062648987032
0.760891538834745
-0.604599114862548
-0.829594860571776
0.510328512712871
0.887585789004515
-0.409468140059064
-0.934115498817163
0.303320386817018
0.968583161128616
-0.193255917795713
-0.990543701876210
0.080695973575366
0.999713548968502
0.032905981689284
-0.995974293995239
-0.146083028562292
0.979374221211643
0.257373734365198
-0.950127684053267
-0.365341024366308
0.908612337232957
0.468590738440648
-0.855364260160602
-0.565789633582160
0.791071034656446
0.655682599805252
-0.716562866343902
-0.737108867130219
0.632801864369592
0.809016994374932
-0.540869617879443
-0.870478446205432
0.441953229673331
0.920699583128336
-0.337329987382927
-0.959031909598905
0.228350870110742
0.984980447915449
-0.116423103505898
-0.998210129767723
0.002991988539418
0.998550122907329
0.110477761379518
-0.985996037070530
-0.222520933956281
0.960709980668854
0.331690738005287
-0.923018467515445
-0.436577485577459
0.873408200617184
0.535826794978811
-0.812519787475639
-0.628157079632546
0.741139468049911
0.712376096951209
-0.660188962196543
-0.787396343527901
0.570713567684478
0.852249097851304
-0.473868662473037
-0.906096929213734
0.370904785546303
0.948244511287182
-0.263151488952366
-0.978147600733779
0.152000169561494
0.995420064911691
-0.038886102236600
-0.999838867929059
-0.074730093586223
0.991346950662080
0.187381314585540
-0.970053967548113
-0.297612917967732
0.936234870639755
0.404001504979848
-0.890326359203716
-0.505173300974374
0.832921240710113
0.599821894687807
-0.764760776027752
-0.686725107669261
0.686725107669511
0.764760776027530
-0.599821894688082
-0.832921240710048
0.505173300974671
0.890326359203663
-0.404001504980163
-0.936234870639714
0.297612917968061
0.970053967548085
-0.187381314585878
-0.991346950662065
0.074730093586566
0.999838867929053
0.038886102236257
-0.995420064911724
-0.152000169561154
0.978147600733851
0.263151488952034
-0.948244511287291
-0.370904785546195
0.906096929213880
0.473868662472934
-0.852249097851484
-0.570713567684383
0.787396343528113
0.660188962196456
-0.712376096951451
-0.741139468049680
0.628157079632813
0.812519787475438
-0.535826794979101
-0.873408200617016
0.436577485577769
0.923018467515313
-0.331690738005611
-0.960709980668758
0.222520933956395
0.985996037070472
-0.110477761379634
-0.998550122907310
-0.002991988539301
0.998210129767744
0.116423103505782
-0.984980447915508
-0.228350870110408
0.959031909599003
0.337329987382603
-0.920699583128470
-0.441953229673023
0.870478446205602
0.540869617879153
-0.809016994375001
-0.632801864369326
0.737108867130298
0.716562866343662
-0.655682599805341
-0.791071034656236
0.565789633582256
0.855364260160424
-0.468590738440751
-0.908612337232813
0.365341024366628
0.950127684053160
-0.257373734365531
-0.979374221211573
0.146083028562632
0.995974293995229
-0.032905981689628
-0.999713548968505
-0.080695973575023
0.990543701876226
0.193255917795375
-0.968583161128645
-0.303320386816690
0.934115498817205
0.409468140058750
-0.887585789004673
-0.510328512712576
0.829594860571968
0.604599114862274
-0.760891538834969
-0.691062648986783
0.682362976111917
0.768602628680458
-0.595023196102201
-0.836217795619794
0.500000000000165
0.893035048612853
-0.398520403422774
-0.938320717781170
0.291894792201189
0.971490038292802
-0.181500001629363
-0.992114701314445
0.068761537663945
0.999928384677745
0.044864830350393
-0.994830191844740
-0.157911867740729
0.976885954764693
0.268919820615175
-0.946327383799228
-0.376455265374317
0.903549075692562
0.479129618224836
-0.849103418222284
-0.575617065685630
0.783693457325938
0.664671684553226
-0.708163818808772
-0.745143530260802
0.623489801858836
0.815993485882414
-0.530764785202702
-0.876306680043755
0.431186108523602
0.925304300473916
-0.326039611452427
-0.962353650653226
0.216683029776521
0.986976319697465
-0.104528463267715
-0.998854359982391
-0.008975858480949
0.997834392738120
0.122364276755462
-0.983929588598654
-0.234172629480982
0.957319497532103
0.342957157653911
-0.918347730347691
-0.447313148315435
0.867517521717766
0.545893073330128
-0.805485232008651
-0.637423989748541
0.733051871829875
0.720723977066125
-0.651152758743617
-0.794717399127454
0.560845439695389
0.858448793601788
-0.463296035120090
-0.911095209677968
0.359764181062034
0.951976834664435
-0.251586763744731
-0.980565772275197
0.140160656625360
0.996492859249495
-0.026924682845865
-0.999552432283505
-0.086658964003879
0.989704983719644
0.199123600900847
-0.967077671701147
-0.309016994374794
0.931962678204069
0.414920112909994
-0.884813436149856
-0.515465450616744
0.826238774316129
0.609354685562713
-0.756995055651903
-0.695375444745631
0.677976410513376
0.772416959224541
-0.590203190936616
-0.839484407258034
0.494808795034820
0.895711760239383
-0.393025031654080
-0.940372965551478
0.286166214270947
0.972891321940083
-0.175612189524116
-0.992846926341806
0.062790519529442
0.999982096009158
0.050841951945506
-0.994204695916474
-0.163817911415037
0.975589328481164
0.274678522802306
-0.944376370237544
-0.381992265099194
0.900968867902497
0.484373417312147
-0.845927333913441
-0.580499952001350
0.779962508642801
0.669130606358665
-0.703926182749043
-0.749120910386045
0.618800198173456
0.819437965209598
-0.525683769810599
-0.879173780696949
0.425779291565160
0.927557000153081
-0.320376810078808
-0.963962860695802
0.210837366614687
0.987921260694485
-0.098575422202725
-0.999122830098851
-0.014959407014994
0.997422925272844
0.128301068387589
-0.982843496749118
-0.239986003602331
0.955572805786175
0.348572047321601
-0.915962993388209
-0.452657049576828
0.864525533178407
0.550896981451935
-0.801924626841870
-0.642023290261209
0.728968627421611
0.724859280117622
-0.646599601216012
-0.798335306372605
0.555881163065104
0.861502587724478
-0.457984742103291
-0.913545457642547
0.354174455328237
0.953791896906656
-0.245790784309704
-0.981722211257613
0.134233265817863
0.996975742105715
-0.020942419883553
-0.999355523643323
