0.999999999999999
-0.067766533188520
-0.990815393959217
0.202054781745389
0.963430289813121
-0.332631443164282
-0.918347730347646
0.457097927058694
0.856395846658792
-0.573167882188921
-0.778712646036892
0.678709194932880
0.686725107669347
-0.771783154533410
-0.582122970157289
0.850680065687338
0.466827692348862
-0.913950654301098
-0.342957157654132
0.960432689513916
0.212786770195559
-0.989272332962987
-0.078707657427121
0.999939823121438
-0.056817252993046
-0.992239206600171
0.191298475243085
0.966311937657223
-0.322265695230512
-0.922634279794502
0.447313148315629
0.862008557172518
-0.564143811312472
-0.785548416547707
0.670611596994814
0.694658370458998
-0.764760776027597
-0.591007997439091
0.844861902173873
0.476501273172330
-0.909443580859483
-0.353241595961526
0.957319497532065
0.223493148958474
-0.987610209324669
-0.089639308903427
0.999759299728270
-0.045861134627697
-0.993543599524647
0.180519145250558
0.969077286229075
-0.311861161409529
-0.926809786739340
0.437474533754565
0.867517521717717
-0.555051843608769
-0.792289643355189
0.662433288431472
0.702508028503842
-0.757646355689090
-0.599821894687918
0.838942056356231
0.486117505277296
-0.904827052466021
-0.363483520315674
0.954091088551922
0.234172629481221
-0.985829223087088
-0.100560171952129
0.999458451547164
-0.034899496702496
-0.994728415744058
0.169718089100667
0.971726002708591
-0.301419093926070
-0.930873748644205
0.427583267489712
0.872922077269809
-0.545893073330296
-0.798935515127374
0.654175253533042
0.710273137068053
-0.750440749765107
-0.608563601118111
0.832921240710092
0.495675231314087
-0.900101624737250
-0.373681698062502
0.950747851124636
0.244823926448208
-0.983929588598631
-0.111468932206319
0.999037314786326
-0.023933658491746
-0.995793512661320
0.158896606741116
0.974257768312789
-0.290940749522189
-0.934825676396015
0.417640539972122
0.878221573370221
-0.536668602769473
-0.805485232008599
0.645838486185012
0.717952761591645
-0.743144825477403
-0.617232064632450
0.826800179863264
0.505173300974503
-0.895267866396144
-0.383834901813013
0.947290187621397
0.255445757935787
-0.981911534487439
-0.122364276755730
0.998495940131150
-0.012964939775288
-0.996738762088013
0.148056000577921
0.976672278334168
-0.280427389305991
-0.938665094365413
0.407647547846446
0.883415372204707
-0.527379542125955
-0.811938005715863
0.637423989748698
0.725545977802925
-0.735759460917848
-0.625826241948819
0.820579610508384
0.514610571130124
-0.890326359203701
-0.393941909590950
0.943718514184985
0.266036845566685
-0.979775303633916
-0.133244894304668
0.997834392738110
-0.001994660679590
-0.997564050259824
0.137197575318821
0.978969242177369
-0.269880278599916
-0.942391540464035
0.397605493806780
0.888502848680036
-0.518027009373137
-0.818293059633573
0.628932776940316
0.733051871829831
-0.728285544942835
-0.634345098725641
0.814260281314380
0.523985905970080
-0.885277697888851
-0.404001504980007
0.940033260679726
0.276595914663686
-0.977521153141466
-0.144109475329959
0.997052752226920
0.008975858480988
-0.998269277850215
0.126322637816035
0.981148383394173
-0.259300686788312
-0.946004566200083
0.387515586452081
0.893483390499314
-0.508612130123451
-0.824549628907130
0.620365869709276
0.740469540309779
-0.720723977066250
-0.642787609686543
0.807842952836228
0.533298177137575
-0.880122490076964
-0.414012477270057
0.936234870639745
0.287121694403099
-0.975149354305565
-0.154956712238485
0.996151112670950
0.019945297363302
-0.998854359982400
0.115432496909178
0.983209439716742
-0.248689887164829
-0.949503736732317
0.377379040140663
0.898356398235633
-0.499136037492962
-0.830706960534932
0.611724299115004
0.747798090498536
-0.713075667351158
-0.651152758743587
0.801328397423538
0.542546263865736
-0.874861356216697
-0.423973621602921
0.932323801215515
0.297612917967894
-0.972660192581119
-0.165785299524503
0.995129582585909
0.030912335754141
-0.999319226239544
0.104528463267681
0.985152163089195
-0.238049156779123
-0.952888630922454
0.367197074843853
0.903121285404191
-0.489599871965047
-0.836764313458967
0.603009105203011
0.755036640377534
-0.705341536300389
-0.659439539119615
0.794717399127565
0.551729053112678
-0.869494929505222
-0.433883739117556
0.928300523118955
0.308068322699844
-0.970053967548093
-0.176593933926847
0.993988284916781
0.041875653729174
-0.999663820673245
0.093611849232847
0.986976319697493
-0.227379776282964
-0.956158841385740
0.356970915999481
0.907777478532914
-0.480004781253055
-0.842720958654052
0.594221336879674
0.762184318760061
-0.697522514745713
-0.667646953469558
0.788010753606724
0.560845439695165
-0.864023855812183
-0.443741637094035
0.924165520566700
0.318486650251706
-0.967330992875477
-0.187381314585703
0.992727357023036
0.052833931812006
-0.999888101810272
0.082683968660247
0.988681689997527
-0.216683029776436
-0.959313974540061
0.346701794364186
0.912324417231465
-0.470351920162253
-0.848576179215528
0.585362051785837
0.769240265396243
-0.689619543735670
-0.675774014000220
0.781209268031034
0.569894326421819
-0.858448793601855
-0.453546129097298
0.919919291221866
0.328866646738565
-0.964491596283475
-0.198146143199389
0.991346950662070
0.063785851132641
-0.999992042657546
0.071746136761365
0.990268068741572
-0.205960204653170
-0.962353650653272
0.336390945865392
0.916761554258666
-0.460642450450640
-0.854329270445662
0.576432316169792
0.776203631076357
-0.681633574422555
-0.683819742589333
0.774313760984838
0.578874624225081
-0.852770413853950
-0.463296035119847
0.915562346134063
0.339207062888950
-0.961536119504148
-0.208887124180283
0.989847231970981
0.074730093586441
-0.999975630705394
0.060799669945365
0.991735265002980
-0.195212591445512
-0.965277503888963
0.326039611452348
0.921088355588451
-0.450877540689426
-0.859979539938279
0.567433204758769
0.783073577733179
-0.673565567947777
-0.691783170903190
0.767325062368317
0.587785252292462
-0.846989399982716
-0.472990181723960
0.911095209678047
0.349506654194874
-0.958464918240247
-0.219602964810967
0.988228381446557
0.085665341992708
-0.999838867929058
0.049845885660655
0.993083102199182
-0.184441483668924
-0.968085182350397
0.315649036947149
0.925304300474001
-0.441058366122240
-0.865526307662218
0.558365800629685
0.789849278542818
-0.665416495326273
-0.699663340513398
0.760244013297644
0.596625138196303
-0.841106447755014
-0.482627402182571
0.906518419490404
0.359764181061775
-0.955278362122334
-0.230292375399706
0.986490593923514
0.096590280253154
-0.999581770788448
0.038886102236386
0.994311418112896
-0.173648177666920
-0.970776348122907
0.305220472894314
0.929408881510487
-0.431186108523479
-0.870968906043114
0.549231195078553
0.796529918024191
-0.657187337329420
-0.707459303011773
0.753071466003642
0.605393218023260
-0.835122265206186
-0.492206536620139
0.901832526405124
0.369978408957912
-0.951976834664477
-0.240954069435940
0.984634078551146
0.107503593510470
-0.999204370226178
0.027921638723613
0.995420064911703
-0.162833972454317
-0.973350677314624
0.294755174410925
0.933401604696223
-0.421261956056641
-0.876306680043888
0.540030487489660
0.803114692137271
-0.648879084367473
-0.715170120125022
0.745808283729251
0.614088436501802
-0.829037572555022
-0.501726432151646
0.897038094386948
0.380148108562373
-0.948560733217841
-0.251586763744513
0.982659058768037
0.118403968306517
-0.998706711663820
0.016953814736600
0.996408909165773
-0.152000169561229
-0.975807860095303
0.284254401034755
0.937281989491890
-0.411287103130660
-0.881538987243273
0.530764785202638
0.809602808379821
-0.640492736369805
-0.722794863827412
0.738455340625897
0.622709747129896
-0.822853102117270
-0.511185943022096
0.892135700463882
0.390272055913706
-0.945030468923141
-0.262189178640828
0.980565772275214
0.129290092740006
-0.998088854996446
0.005983950294401
0.997277831864005
-0.141148072876764
-0.978147600733793
0.273719416573551
0.941049568878641
-0.401262750256458
-0.886665197913496
0.521435203379473
0.815993485882539
-0.632029302664819
-0.730332616452234
0.731013521647755
0.631256112300238
-0.816569598217120
-0.520583930743617
0.887125934657403
0.400349032556914
-0.941386466660912
-0.272760038084526
0.978354471007616
0.140160656625189
-0.997350874585438
-0.004986634338813
0.998026728428271
-0.130278988491419
-0.980369617633539
0.263151488952167
0.944703889414178
-0.391190103902774
-0.891684695095893
0.512042864870583
0.822285955503511
-0.623489801858735
-0.737782470802719
0.723483722445854
0.639726503425759
-0.810187817097809
-0.529919264233177
0.882009399911597
0.410377825689791
-0.937629165000480
-0.283298069832739
0.976025421103612
0.151014351648634
-0.996492859249508
-0.015956618811735
0.998655508726064
-0.119394224540221
-0.982473643366412
0.252551890060285
0.948244511287220
-0.381070376350232
-0.896596874675017
0.502588900079001
0.828479459920245
-0.614875261712472
-0.745143530260981
0.715866849259742
0.648119901063151
-0.803708526830802
-0.539190819948412
0.876786712020749
0.420357228309610
-0.933759016147292
-0.293802005593863
0.973578902873157
0.161849871527478
-0.995514912254012
-0.026924682845632
0.999164097081317
-0.108495091045635
-0.984459424705055
0.241921895599676
0.951671008370695
-0.370904785546273
-0.901401145451652
0.493074446825106
0.834573253721281
-0.606186719018210
-0.752414908895706
0.708163818808644
0.656435295035298
-0.797132507222893
-0.548397482022565
0.871458499554916
0.430286039357566
-0.929776485888267
-0.304270581179873
0.971015210763889
0.172665912166308
-0.994417151298568
-0.037889506392903
0.999552432283502
-0.097582899759098
