0.999999999999999
-0.461085001570709
-0.574801242653077
0.991149465313789
-0.339207062888955
-0.678342887063889
0.964754525183621
-0.211324796455389
-0.769877136972496
0.921282398275822
-0.079701855139653
-0.847783738271312
0.861502587724552
0.053331894243019
-0.910683660806176
0.786473260103449
0.185421612065936
-0.957463508684780
0.697522514745705
0.314229169070527
-0.987295228574595
0.596224874965618
0.437474533754563
-0.999650767132350
0.484373417312201
0.552976131367936
-0.994311418112902
0.363948032196784
0.658689460118679
-0.971371693703647
0.237080377715496
0.752743281040978
-0.931237651557738
0.106016147021432
0.833472740925942
-0.874619707139399
-0.026924682845654
0.899448842003763
-0.802520058610491
-0.159388917033872
0.949503736732325
-0.716214946851368
-0.289031796944466
0.982751399947616
-0.617232064632454
-0.413558504966523
0.998603312456594
-0.507323514818609
-0.530764785202600
0.996778878456247
-0.388434796274700
-0.638575961155369
0.977310392379383
-0.262670366455258
-0.735083659720176
0.940542467248621
-0.132256390257126
-0.818579591429735
0.887125934657388
0.000498665479894
-0.887585789004555
0.818006324354704
0.133244894304675
-0.940880768954219
0.734407127357546
0.263632546011847
-0.977521153141459
0.637808138851422
0.389353619733209
-0.996858367583931
0.529919264233217
0.508182718021296
-0.998550122907321
0.412650251957015
0.618016438763823
-0.982566473233289
0.288076888944373
0.716910607650473
-0.949190346253538
0.158404256935964
0.803114692137298
-0.899012535107118
0.025927700186617
0.875102787744589
-0.832921240710105
-0.107007804582401
0.931600628198002
-0.752086349649506
-0.238049156779116
0.971608141304303
-0.657938725939708
-0.364876784337609
0.994417151298565
-0.552144883199271
-0.485245702624184
0.999623914312565
-0.436577485577675
-0.597025253065938
0.987136265072988
-0.313282199597429
-0.698236818086063
0.957175248325320
-0.184441483668993
-0.787088844750889
0.910271206105491
-0.052335956242952
-0.862008557172520
0.847254390118660
0.080695973575218
-0.921669796324006
0.769240265396250
0.212299498367030
-0.965016494472309
0.677609765371999
0.340145095010544
-0.991281368706424
0.573984847883491
0.461969759730588
-0.999999502665477
0.460199784783856
0.575617065685679
-0.991016576055464
0.338268693368588
0.679075334029096
-0.964491596283471
0.210349884345511
0.770513242775768
-0.920894083856546
0.078707657427127
0.848312243159716
-0.860995761366622
-0.054327779195516
0.911095209678018
-0.785856893175420
-0.186401556029769
0.957750816684928
-0.696807517601295
-0.315175825989612
0.987453210044202
-0.595423903818883
-0.438371146789050
0.999676625630463
-0.483500650208974
-0.553806829508362
0.994204695916454
-0.363018918048104
-0.659439539119623
0.971134279909642
-0.236111362835363
-0.753399463702010
0.930873748644210
-0.105024384009512
-0.834023412112261
0.874135756577060
0.027921638723542
-0.899884254246488
0.801924626841824
0.160373418592559
-0.949816182769129
0.715518573655406
0.289986417453577
-0.982935349149549
0.616447076559457
0.414466346622188
-0.998655508726065
0.506463806996951
0.531609778236706
-0.996698397863469
0.387515586452125
0.639343148287597
-0.977098659516908
0.261707925628615
0.735759460917827
-0.940203230014537
0.131267754658239
0.819152044288978
-0.886665197913503
-0.001495995943704
0.888044760497608
-0.817432243634121
-0.134233265817666
0.941218134794852
-0.733729864502890
-0.264594463341248
0.977730941593511
-0.637039682139475
-0.390272055913725
0.996936865167458
-0.529073216169522
-0.509041415750354
0.998495940131153
-0.411741588497062
-0.618800198173349
0.982380569190508
-0.287121694403104
-0.717605555360809
0.948876011644501
-0.157419439278245
-0.803708526830792
0.898575333990548
-0.024930691738099
-0.875584997912134
0.832368912013279
0.107999355706006
-0.931962678203960
0.751428670181015
0.239017699062581
-0.971843622476416
0.657187337329492
0.365805173546813
-0.994521895368271
0.551313085829184
0.486117505277301
-0.999596067197817
0.435680003150689
0.597825037323681
-0.986976319697494
0.312334918512246
0.698950426911873
-0.956886035893267
0.183461171813788
0.787703646505413
-0.909857845986214
0.051339966185908
0.862513669207250
-0.846724199228299
-0.081690011745007
0.922056277615786
-0.768602628680534
-0.213273989110933
0.965277503888967
-0.676875969682669
-0.341082788800331
0.991412286102171
-0.573167882188924
-0.462854058383434
0.999998010662407
-0.459314110250509
-0.576432316169784
0.990882701063630
-0.337329987382816
-0.679807105539107
0.964227708033392
-0.209374763007117
-0.771148582173415
0.920504853452443
-0.077713381426541
-0.848839904258197
0.860488078602880
0.055323610109831
-0.911505852311659
0.785239744579824
0.187381314585661
-0.958037172039983
0.696091827363977
0.316122169412971
-0.987610209324667
0.594622340422383
0.439267323789341
-0.999701489781182
0.482627402182580
0.554636976794278
-0.994096984815366
0.362089442815817
0.660188962196467
-0.970895900158416
0.235142113102650
0.754054896979910
-0.930508919819361
0.104032516533074
0.834573253721295
-0.873650936538925
-0.028918566828641
0.900318771402191
-0.801328397423531
-0.161357760632771
0.950127684053202
-0.714821488755330
-0.290940749522162
0.983118320656128
-0.615661475325704
-0.415373776020997
0.998706711663819
-0.505603595411410
-0.532454242494998
0.996616925885645
-0.386595991179791
-0.640109699484954
0.976885954764662
-0.260745224489199
-0.736434530278367
0.939863057589435
-0.130278988491395
-0.819723682363074
0.886203579231240
0.002493324919464
-0.888502848680054
0.816857349838983
0.135221503812955
-0.941554564434953
0.733051871829852
0.265556117486810
-0.977939757526844
0.636270591783876
0.391190103902760
-0.997014371128740
0.528226641853102
0.509899607151722
-0.998440764181983
0.410832515490524
0.619583342081520
-0.982193688004186
0.286166214270800
0.718299789291135
-0.948560733217870
0.156434465040226
0.804301562100243
-0.898137239088909
0.023933658491737
0.876066337162345
-0.831815755384879
-0.108990799406051
0.932323801215493
-0.750770243289706
-0.239986003602596
0.972078136985764
-0.656435295035311
-0.366733198900855
0.994625650217834
-0.550480740084989
-0.486988824404310
0.999567225815807
-0.434782087366240
-0.598624226943389
0.986815392607213
-0.311387326757134
-0.699663340513330
0.956595871676305
-0.182480677475407
-0.788317664755504
0.909443580859481
-0.050343925062674
-0.863017923326334
0.846193166127558
0.082683968660185
-0.922441841766720
0.767964227459541
0.214248267717802
-0.965537553173967
0.676141500725723
0.342020143325626
-0.991542217370803
0.572350346381985
0.463737896649676
-0.999995523992272
0.458427978851711
0.577246993294509
-0.990747840471441
0.336390945865429
0.680538200866013
-0.963962860695847
0.208399433410128
0.771783154533404
-0.920114707450636
0.076719028126861
0.849366721041932
-0.859979539938312
-0.056319385995465
0.911915588298669
-0.784621814930632
-0.188360886759272
0.958322574465137
-0.695375444745748
-0.317068198399503
0.987766226259838
-0.593820185573540
-0.440163063864074
0.999725359559778
-0.481753674101750
-0.555466572400010
0.993988284916792
-0.361159607424265
-0.660937728603831
0.970656554687121
-0.234172629481245
-0.754709580222783
0.930143165446136
-0.103040545578656
-0.835122265206180
0.873165247507303
0.029915466169393
-0.900752393038658
0.800731370948755
0.162341942175470
-0.950438240274645
0.714123692844367
0.291894792201045
-0.983300314285327
0.614875261712451
0.416280792260420
-0.998756921218919
0.504742880917575
0.533298177137586
-0.996534462603827
0.385676011372341
0.640875613984966
-0.976672278334174
0.259782263994526
0.737108867130200
-0.939521950311606
0.129290092740018
0.820294505083334
-0.885741079069658
-0.003490651415248
0.888960053096170
-0.816281643541093
-0.136209607307544
0.941890057539838
-0.732373150012771
-0.266517507491814
0.978147600733798
-0.635500868549573
-0.392107762787005
0.997090885390700
-0.527379542125945
-0.510757291371638
0.998384595114690
-0.409923033841548
-0.620365869709230
0.982005829860197
-0.285210449497877
-0.718993308750816
0.948244511287224
-0.155449335201800
-0.804893797355896
0.897698250837937
-0.022936601439419
-0.876546805016546
0.831261771375065
0.109982134696208
-0.932683996873423
0.750111069630439
0.240954069435851
-0.972311684599094
0.655682599805349
0.367660859476842
-0.994728415744059
0.549647846794738
0.487859659138709
-0.999537390195218
0.433883739117610
0.599422821130155
-0.986653483962200
0.310439425274795
0.700375558181363
-0.956304755963058
0.181500001629256
0.788930898890453
-0.909028411137418
0.049347833863783
0.863521319028234
-0.845661291344730
-0.083677843332292
0.922826488393331
-0.767325062368377
-0.215222333218608
0.965796642068668
-0.675406359231842
-0.342957157654126
0.991671162383079
-0.571532241275968
-0.464621273650239
0.999992042657546
-0.457541391468692
-0.578061096249566
0.990611994413060
-0.335451569750274
-0.681268619282680
0.963697054534314
-0.207423896524618
-0.772416959224617
0.919723646239257
-0.075724598517082
-0.849892692986823
0.859470145878661
0.057315105862005
-0.912324417231426
0.784003104842340
0.189340271576140
-0.958607023676460
0.694658370459009
0.318013912008112
-0.987921260694505
0.593017440070050
0.441058366122132
-0.999748234942505
0.480879466835353
0.556295615500243
-0.993878596328830
0.360229412798431
0.661685837596810
-0.970416243733799
0.233202912935576
0.755363512779326
-0.929776485888298
0.102048472132997
0.835670446020738
-0.872678689965240
-0.030912335754158
0.901185118724653
-0.800133548011272
-0.163325962241665
0.950747851124628
-0.713425186616754
-0.292848544541214
0.983481329856164
-0.614088436501899
-0.417187394438226
0.998806137341432
-0.503881664371720
-0.534141581324987
0.996451008100019
-0.384755647945006
-0.641640891026018
0.976457630438005
-0.258819045102586
-0.737782470802661
0.939179908520377
-0.128301068387901
-0.820864511882043
0.885277697888844
0.004487974438875
-0.889416373291240
0.815705125313121
0.137197575318766
-0.942224613775841
0.731693699726790
0.267478632400212
-0.978354471007590
0.634730513202229
0.393025031653901
-0.997166407877214
0.526531917830683
0.511614467557185
-0.998327432985154
0.409013144454821
0.621147780278304
-0.981816994945430
0.284254401034730
0.719686113050191
-0.947927346167153
0.154464050742733
0.805485232008606
-0.897258369674355
0.021939521572774
0.877026400996775
-0.830706960534964
-0.110973360590541
0.933043264819453
-0.749451149858988
-0.241921895599553
0.972544265084090
-0.654929252388117
-0.368588154351849
0.994830191844722
-0.548814406786694
-0.488730008614109
0.999506560365729
-0.432984959298154
-0.600220819089507
0.986490593923510
-0.309491215007863
-0.701087079207428
0.956012689043009
-0.180519145250561
-0.789543348300189
0.908612337232935
-0.048351693580129
-0.864023855812153
0.845128575408795
0.084671634772639
-0.923210217112958
0.766685134042727
0.216196184644420
-0.966054770315317
0.674670545932163
0.343893830853757
-0.991799121010764
0.570713567684523
0.465504188506404
-0.999987566661691
0.456654348983517
0.578874624225145
-0.990475163023579
0.334511859971935
0.681998360062541
-0.963430289813125
0.206448153321091
0.773049995616592
-0.919331670207195
0.074730093586502
0.850417819569882
-0.858959896930661
-0.058310768718870
0.912732338703328
-0.783383614930429
-0.190319468061989
0.958890519391052
-0.693940605217094
-0.318959309298021
0.988075312474476
-0.592214104710470
-0.441953229673188
0.999770115906611
-0.480004781253038
-0.557124105270544
0.993767919160607
-0.359298859863551
-0.662433288431456
0.970174967537453
-0.232232964430188
-0.756016693999241
0.929408881510531
-0.101056297182882
-0.836217795619836
0.872191264396644
0.031909174591379
-0.901616948029709
0.799534929205651
0.164309819852356
-0.951056516295156
0.712725970767113
0.293802005593784
-0.983661367188567
0.613301000476499
0.418093581652439
-0.998854359982401
0.503019946630274
0.534984454218099
-0.996366562457239
0.383834901813034
0.642405529846477
-0.976242011289659
0.257855568771245
0.738455340625815
-0.938836932555967
0.127311916418570
0.821433702192298
-0.884813436149709
-0.005485292998567
0.889871808811429
-0.815127795728513
-0.138185406863807
0.942558232810226
-0.731013521647891
-0.268439491255895
0.978560368142500
-0.633959526508269
-0.393941909590964
0.997240938513180
-0.525683769810615
-0.512471134855659
0.998269277850218
-0.408102848235588
-0.621929073010910
0.981627183447671
-0.283298069832858
-0.720378201500067
0.947609238173060
-0.153478612642943
-0.806075865470091
0.896817596035599
-0.020942419883453
-0.877505124625992
0.830151323416301
0.111964476103221
-0.933401604696232
0.748790484631604
0.242889481131145
-0.972775878209361
0.654175253533032
0.369515082603734
-0.994930978418567
0.547980420889949
0.489599871964999
-0.999474736358013
0.432085748801963
0.601018220027881
-0.986326722653202
0.308542696899599
0.701797902883960
-0.955719671206832
0.179538109315061
0.790155012375668
-0.908195359559841
0.047355505202542
0.864525533178347
-0.844595018849568
-0.085665341992732
0.923593027544005
-0.766044443119035
-0.217169821026581
0.966311937657221
-0.673934061558494
-0.344830161992841
0.991926093126565
-0.569894326421867
-0.466386640339762
0.999982096009160
-0.455766852278296
-0.579687576411870
0.990337346439115
-0.333571817464896
-0.682727422479580
0.963162566797650
-0.205472204769865
-0.773682263079523
0.918938779744379
-0.073735514324097
-0.850942100268482
0.858448793601843
0.059306373575932
-0.913139352308674
0.782763345811088
0.191298475243067
-0.959173061326960
0.693222149733941
0.319904389329086
-0.988228381446539
0.591410180293853
0.442847653627048
-0.999791002430335
0.479129618225025
0.557952040886743
-0.993656253522187
0.358367949545431
0.663180080364216
-0.969932726338101
0.231262784930080
0.756669123232754
-0.929040352678520
0.100064021715422
0.836764313458978
-0.871702971286397
-0.032905981689304
0.902047880524297
-0.798935515127386
-0.165293514029381
0.951364235479208
-0.712026045991013
-0.294755174410811
0.983840426103459
-0.612512954419580
-0.418999353002115
0.998901589093858
-0.502157728550459
-0.535826794978929
0.996281125759504
-0.382913773892368
-0.643169529686217
0.976025421103655
-0.256891835958951
-0.739127475930301
0.938493022759602
-0.126322637816016
-0.822002075447879
0.884348294314146
0.006482606102207
-0.890326359203678
0.814549655361651
0.139173100960102
-0.942890914311115
0.730332616452317
0.269400083103126
-0.978765291933705
0.633187909234217
0.394858395686206
-0.997314477224456
0.524835098908982
0.513327292414960
-0.998210129767735
0.407192146088877
0.622709747129741
-0.981436395555740
0.282341456842947
0.721069573411890
-0.947290187621391
0.152493021882729
0.806665697152731
-0.896375930360142
0.019945297363355
0.877982975427918
-0.829594860571817
-0.112955480248302
0.933759016147248
-0.748129074605504
-0.243856825068089
0.973006523744631
-0.653420603990073
-0.370441643310406
0.995030775365390
-0.547145889934043
-0.490469248326051
0.999441918203710
-0.431186108523454
-0.601815023152037
0.986161870314199
-0.307593871893683
-0.702508028503842
0.955425702745818
-0.178556894798784
-0.790765890508417
0.907777478532937
-0.046359269722128
-0.865026350627756
0.844060622197821
0.086658964003935
-0.923974919305659
0.765402990234650
0.218143241396421
-0.966568143838554
0.673196906843477
0.345766150139825
-0.992052078604188
0.569074518302966
0.467268628272967
-0.999975630705393
0.454878902235896
0.580499952001493
-0.990198544796750
0.332631443164297
0.683455805808952
-0.962893885754248
0.204496051841798
0.774313760984802
-0.918544975241697
0.072740861719260
0.851465534561438
-0.857936836400701
-0.060301919442780
0.913545457642574
-0.782142298101420
-0.192277292145474
0.959454649203118
-0.692503004724339
-0.320849151161158
0.988380467458423
-0.590605667620021
-0.443741637094056
0.999810894492898
-0.478253978621414
-0.558779421525319
0.993543599524651
-0.357436682769593
-0.663926212652281
0.969689520376691
-0.230292375399818
-0.757320799830914
0.928670899758831
-0.099071646717152
-0.837309998994437
0.871213811120190
0.033902756056896
-0.902477915779684
0.798335306372697
0.166277043794064
-0.951671008370636
0.711325412984646
0.295708050043991
-0.984018506422695
0.611724299114987
0.419904707586106
-0.998947824628817
0.501295010989896
0.536668602769433
-0.996194698091754
0.381992265099224
0.643932889785136
-0.975807860095329
0.255927847624301
0.739798876047568
-0.938148179473201
0.125333233564246
0.822569631083441
-0.883882272844605
-0.007479912757573
0.890780024015858
-0.813970704787332
-0.140160656624996
0.943222657947601
-0.729650984817498
-0.270360406986215
0.978969242177373
-0.632415662147752
-0.395774489027815
0.997387023937894
-0.523985905970123
-0.514182939383299
0.998149988796536
-0.406281038920745
-0.623489801858642
0.981244631459408
-0.281384563016730
-0.721760228098287
0.946970194829499
-0.151507279442427
-0.807254726470108
0.895933373087295
-0.018948155004287
-0.878459952927466
0.829037572555132
0.113946372040064
-0.934115498817159
0.747466920438724
0.244823926448198
-0.973236201460434
0.652665304510039
0.371367835550243
-0.995129582585904
0.546310814749248
0.491338136832526
-0.999408105935471
0.430286039357676
0.602611227669420
-0.985996037070512
0.306644740933448
0.703217455360737
-0.955130783952433
0.177575502677268
0.791375982090814
-0.907358694567876
0.045362988129356
0.865526307662232
-0.843525385985102
-0.087652499818375
0.924355892017977
-0.764760776027605
-0.219116444786154
0.966823388604418
-0.672459082520336
-0.346701794364135
0.992177077318291
-0.568254144143258
-0.468150151428533
0.999968170756825
-0.453990499739534
-0.581311750185784
0.990058758234577
-0.331690738005499
-0.684183509325992
0.962624246950044
-0.203519695507838
-0.774944488704153
0.918150257090672
-0.071746136761339
-0.851988121927984
0.857424025836230
0.061297405329176
-0.913950654301088
0.781520472418878
0.193255917795610
-0.959735282739437
0.691783170903271
0.321793593854297
-0.988531570358853
0.589800567488831
0.444635179184791
-0.999829792074516
0.477377863313376
0.559606246363115
-0.993429957280053
0.356505060462552
0.664671684553324
-0.969445349895133
0.229321736804860
0.757971723145370
-0.928300523118946
0.098079173175381
0.837854851683684
-0.870723784384574
-0.034899496702465
0.902907053368325
-0.797734303538592
-0.167260408168118
0.951976834664442
-0.710624072444912
-0.296660631545528
0.984195607969225
-0.610935035347350
-0.420809644503883
0.998993066541310
-0.500431794806901
-0.537509876752291
0.996107279539978
-0.381070376350409
-0.644695609383944
0.975589328481133
-0.254963604726364
-0.740469540309794
0.937802403039848
-0.124343704647613
-0.823136368534326
0.883415372204836
0.008477211973356
-0.891232802796724
0.813390944581550
0.141148072876649
-0.943553463389633
0.728968627421587
0.271320461950615
-0.979172218670641
0.631642786017007
0.396690188705002
-0.997458578581319
0.523136191838898
0.515038074910175
-0.998088854996443
0.405369527637439
0.624269236421538
-0.981051891349461
0.280427389306216
0.722450164872286
-0.946649260115668
0.150521386302524
