0.999999999999999
-0.464621273650237
-0.568254144143262
0.992667202067973
-0.354174455328015
-0.663553229010210
0.970776348122917
-0.238533457578581
-0.749120910386207
0.934648480581911
-0.119394224540246
-0.823702287237167
0.884813436149737
0.001495995943701
-0.886203579231213
0.822002075447910
0.122364276755720
-0.935708167678976
0.747135564508151
0.241438012536643
-0.971490038292865
0.661311865323655
0.356970915999484
-0.993024428619199
0.565789633582214
0.467268628273061
-0.999995523992272
0.461969759730590
0.570713567684430
-0.992301089144612
0.351374824081345
0.665788652558006
-0.970053967548098
0.235626767265313
0.751099550122296
-0.933580426497200
0.116423103505829
0.825395125230823
-0.883415372204710
-0.004487974438924
0.887585789004549
-0.820294505083368
-0.125333233564294
0.936759478302065
-0.745143530260978
-0.244340406137890
0.972195031668976
-0.659064581563058
-0.359764181061808
0.993372765600395
-0.563320058063622
-0.469911799899898
0.999982096009160
-0.459314110250522
-0.573167882188920
0.991926093126566
-0.348572047321818
-0.668018115955492
0.969322903035169
-0.232717967617601
-0.753071466003606
0.932504014986091
-0.113450940249986
-0.827080574274561
0.882009399911615
0.007479912757717
-0.888960053096195
0.818579591429739
0.128301068387832
-0.937802403039822
0.743144825477392
0.247240612400044
-0.972891321940141
0.656811397846151
0.362554225509616
-0.993712209893241
0.560845439695176
0.472550764869034
-0.999959716170870
0.456654348983433
0.575617065685659
-0.991542217370803
0.345766150139937
0.670241599244486
-0.968583161128635
0.229807084675018
0.755036640377515
-0.931419255684623
0.110477761379587
0.828758619280215
-0.880595531856741
-0.010471784116229
0.890326359203687
-0.816857349838957
-0.131267754658222
0.938836932555979
-0.741139468049853
-0.250138605360415
0.973578902873156
-0.654552334343451
-0.365341024366394
0.994042758459027
-0.558365800629675
-0.475185499556432
0.999928384677748
-0.453990499739555
-0.578061096249542
0.991149465313792
-0.342957157654136
-0.672459082520324
0.967834748450671
-0.226894144495903
-0.756995055651751
0.930326158303583
-0.107503593510547
-0.830429245225902
0.879173780697057
0.013463561731168
-0.891684695095865
0.815127795728556
0.134233265817644
-0.939863057589406
0.739127475930361
0.253034359076125
-0.974257768312787
0.652287411278137
0.368124552684677
-0.994364408338674
0.555881163064898
0.477815980375919
-0.999888101810273
0.451322586365708
0.580499952001581
-0.990747840471446
0.340145095010559
0.674670545932043
-0.967077671701081
0.223979173156845
0.758946694294531
-0.929224732628397
0.104528463267648
0.832092437156136
-0.877744159160101
-0.016455218820066
0.893035048612873
-0.813390944581530
-0.137197575318767
0.940880768954218
-0.737108867130244
-0.255927847624315
0.974927912181819
-0.650016648925815
-0.370904785546248
0.994677156652776
-0.553391549243381
-0.480442183779316
0.999838867929057
-0.448650632745118
-0.582933611109032
0.990337346439117
-0.337329987382862
-0.676875969682650
0.966311937657221
-0.221062196752823
-0.760891538834812
0.928114988519055
-0.101552397284387
-0.833748180182045
0.876306680043882
0.019446728601648
-0.894377407666337
0.811646811946214
0.140160656625133
-0.941890057539835
0.735083659720195
0.258819045102513
-0.975589328481109
0.647740067614450
0.373681698062500
-0.994981000601595
0.550896981452117
0.483064086256908
-0.999780683474845
0.445974662797079
0.585362051785788
-0.989917986891566
0.334511859971851
0.679075334029074
-0.965537553173977
0.218143241396544
0.762829571862242
-0.926996935909970
0.098575422202439
0.835396459481328
-0.874861356216692
-0.022438064295757
0.895711760239400
-0.809895413436061
-0.143122483211078
0.942890914311120
-0.733051871829826
-0.261707925628564
0.976242011289665
-0.645457687723990
-0.376455265374363
0.995275937465124
-0.548397482022608
-0.485681664337285
0.999713548968503
-0.443294700477017
-0.587785252292456
0.989489765582889
-0.331690738005554
-0.681268619282654
0.964754525183635
-0.215222333218652
-0.764760776027591
0.925870584810011
-0.095597564671845
-0.837037260298627
0.873408200617149
0.025429199124026
-0.897038094386943
0.808136764729684
0.146083028562397
-0.943883330308350
0.731013521647810
0.264594463341276
-0.976885954764637
0.643169529686290
0.379225462652925
-0.995561964603075
0.545893073330317
0.488294894587897
-0.999637465011021
0.440610769775895
0.590203190936416
-0.989052686346548
0.328866646738591
0.683455805808985
-0.963962860695859
0.212299498367051
0.766685134042619
-0.924735945302247
0.092618851350375
0.838670567945405
-0.871947226253868
-0.028420106309654
0.898356398235627
-0.806370881570467
-0.149042266176131
0.944867296647438
-0.728968627421412
-0.267478632400262
0.977521153141445
-0.640875613985064
-0.381992265099232
0.995839079454939
-0.543383777794798
-0.490903753615067
0.999552432283504
-0.437922894720404
-0.592615846072335
0.988606753095264
-0.326039611452323
-0.685636874028380
0.963162566797671
-0.209374763007115
-0.768602628680514
0.923593027544008
-0.089639308903516
-0.840296367800298
0.870478446205570
0.031410759078107
-0.899666659983951
0.804597779766655
0.152000169561195
-0.945842804519866
0.726917207456635
0.270360406986343
-0.978147600733807
0.638575961155438
0.384755647944879
-0.996107279539968
0.540869617879349
0.493508218064347
-0.999458451547167
0.435231099372392
0.595023196101996
-0.988151969821058
0.323209657454469
0.687811804415965
-0.962353650653301
0.206448153321066
0.770513242775763
-0.922441841766736
0.086658964004065
0.841914645309120
-0.869001873620769
-0.034401130656904
0.900968867902405
-0.802817475191119
-0.154956712238505
0.946809845192891
-0.724859280117782
-0.273239761301882
0.978765291933707
-0.636270591783851
-0.387515586452019
0.996366562457236
-0.538350616090723
-0.496108264620333
0.999355523643321
-0.432535407828749
-0.597425219474810
0.987688340595146
-0.320376810078766
-0.689980577501565
0.961536119504147
-0.203519695507957
-0.772416959224555
0.921282398275840
-0.083677843332343
-0.843525385985087
0.867517521717710
0.037391194276247
-0.902263010333631
0.801029983781138
0.157911867740819
-0.947768410009586
0.722794863827452
0.276116669570855
-0.979374221211587
0.633959526508182
0.390272055913745
-0.996616925885640
0.535826794979062
0.498703870007467
-0.999243649493387
0.429835844221553
0.599821894687917
-0.987215869567946
0.317541094684908
0.692143173870372
-0.960709980668822
0.200589415783278
0.774313760984791
-0.920114707450678
0.080695973575274
0.845128575408702
-0.866025403784445
-0.040380923169154
0.903549075692445
-0.799235321538362
-0.160865609613653
0.948718490388791
-0.720723977066252
-0.278991106039135
0.979974383116304
-0.631642786017033
-0.393025031653891
0.996858367583930
-0.533298177137555
-0.501295010989850
0.999122830098860
-0.427132432717237
-0.602213200286062
0.986734560969006
-0.314702536658263
-0.694299574162791
0.959875241542903
-0.197657340379160
-0.776203631076344
0.918938779744390
-0.077713381426602
-0.846724199228249
0.864525533178383
0.043370290571300
-0.904827052466017
0.797433504528637
0.163817911415064
-0.949660077825408
0.718646638372950
0.281863044974832
-0.980565772275221
0.629320391049903
0.395774489027879
-0.997090885390698
0.530764785202621
0.503881664371645
-0.998993066541318
0.424425197516783
0.604599114862332
-0.986244419107045
0.311861161409539
0.696449759074691
-0.959031909598988
0.194723495543476
0.778086552580924
-0.917754625683989
0.074730093586425
0.848312243159679
-0.863017923326386
-0.046359269721934
0.906096929213784
-0.795624548881787
-0.166768746716000
0.950593163890333
-0.716562866343835
-0.284732460668085
0.981148383394168
-0.626992362396818
-0.398520403422526
0.997314477224452
-0.528226641853128
-0.506463806996896
0.998854359982400
-0.421714162855401
-0.606979617057982
0.985745448369803
-0.309016994374986
-0.698593709357666
0.958179992386565
-0.191787907540051
-0.779962508642660
0.916562255869996
-0.071746136761409
-0.849892692986858
0.861502587724603
0.049347833863669
-0.907358694567838
0.793808470791748
0.169718089100650
-0.951517740230598
0.714472679632867
0.287599327431949
-0.981722211257624
0.624658720898503
0.401262750256466
-0.997529141083592
0.525683769810573
0.509041415750319
-0.998706711663820
0.418999353002212
0.609354685562719
-0.985237653224074
0.306170061015524
0.700731405818878
-0.957319497532075
0.188850602648202
0.781831482467966
-0.915361680976523
0.068761537663868
0.851465534561455
-0.859979539938283
-0.052335956242833
0.908612337232836
-0.791985286516011
-0.172665912166231
0.952433798569313
-0.712376096951349
-0.290463619602190
0.982287250728673
-0.622319487445665
-0.404001504979960
0.997734875046454
-0.523136191838787
-0.511614467557122
0.998550122907324
-0.416280792260444
-0.611724299114984
0.984721038215627
-0.303320386816944
-0.702862829321716
0.956450432738647
-0.185911607162951
-0.783693457325829
0.914152911751137
-0.065776323011979
-0.853030753803428
0.858448793601889
0.055323610109822
-0.909857845986196
0.790155012375750
0.175612189523899
-0.953341330705945
0.710273137068082
0.293325311537728
-0.982843496749073
0.619974682979159
0.406736643075739
-0.997931677271287
0.520583930743630
0.514182939383305
-0.998384595114695
0.413558504966590
0.614088436501780
-0.984195607969247
0.300467997289465
0.704987960785724
-0.955572805786165
0.182970947394008
0.785548416547680
-0.912935959014756
0.062790519529317
0.854588336700911
-0.856910362418570
-0.058310768718884
0.911095209677964
-0.788317664755537
-0.178556894798532
0.954240328516284
