0.999999999999999
-0.446420935683849
-0.601416696366311
0.983390944339327
-0.276595914663663
-0.736434530278361
0.934115498817188
-0.097582899759148
-0.846989399982743
0.853810500668347
0.084671634772622
-0.929408881510498
0.745143530260970
0.264113537514758
-0.980955155349191
0.611724299115004
0.434782087366255
-0.999915951636247
0.457984742103068
0.591007997439093
-0.985661428529862
0.289031796944471
0.727601738061193
-0.938665094365417
0.110477761379564
0.840025923150773
-0.860488078602880
-0.071746136761382
0.924546033612314
-0.753727274054621
-0.251586763744512
0.978354471007612
-0.621929073010883
-0.423070153602593
0.999663820673246
-0.469471562785888
-0.580499952001572
0.987766226259833
-0.301419093926065
-0.718646638372927
0.943056903383061
-0.123354052049827
-0.832921240710099
0.867021011307345
0.058808578459341
-0.919527772551450
0.762184318760076
0.239017699062596
-0.975589328481119
0.632029302664851
0.411287103130619
-0.999243649493385
0.480879466835353
0.569894326421815
-0.989704983719633
0.313755723344369
0.709570736536528
-0.947290187621392
0.136209607307623
0.825676546934593
-0.873408200617125
-0.045861134627705
0.914354941881172
-0.770513242775792
-0.226408456287646
0.972660192581122
-0.642023290261355
-0.399434916642531
0.998655508726066
-0.492206536620120
-0.559192903470751
0.991477375010474
-0.326039611452344
-0.700375558181374
0.951364235479187
-0.149042266176176
-0.818293059633579
0.879648572866607
0.032905981689418
-0.909028411137391
0.778712646036899
0.213761154992115
-0.969567555685776
0.651909355843785
0.387515586452104
-0.997899497235826
0.503450868096825
0.548397482022571
-0.993083102199182
0.338268693368597
0.691062648986867
-0.955278362122339
0.161849871527525
0.810772019947093
-0.885741079069643
-0.019945297363294
0.903549075692485
-0.786781150250524
-0.201077921145961
0.966311937657225
-0.661685837596846
-0.375531116159738
0.996975742105722
-0.514610571130119
-0.537509876752291
0.994521895368271
-0.350440913424451
-0.681633574422564
0.959031909598962
-0.174630270445095
-0.803114692137302
0.891684695095872
0.006981260297982
-0.897917856604815
0.794717399127547
0.188360886759290
-0.962893885754205
0.671351092125994
0.363483520315669
-0.995884398615970
0.525683769810492
0.526531917830728
-0.995793512661318
0.362554225509601
0.672089919485044
-0.962624246950009
0.187381314585736
0.795322363375952
-0.897478421842889
0.005983950294367
0.892135700463895
-0.802520058610503
-0.175612189523965
0.959313974540057
-0.680903494733548
-0.351374824081361
0.994625650217840
-0.536668602769482
-0.515465450616851
0.996897740323617
-0.374606593415901
-0.662433288431491
0.966054770315321
-0.200100860540572
-0.787396343528008
0.903121285404189
-0.018948155004255
-0.886203579231225
0.810187817097800
0.162833972454271
-0.955572805786139
0.690341439691892
0.339207062888970
-0.993199708502815
0.547563223492520
0.504312335347584
-0.997834392738110
0.386595991179745
0.652665304509943
-0.969322903035161
0.212786770195580
0.779337964931468
-0.908612337232873
0.031909174591295
0.880122490076984
-0.817719385664413
-0.150028383526681
0.951671008370676
-0.699663340513363
-0.326982282099362
0.991606813167032
-0.558365800629635
-0.493074446825105
0.998603312456594
-0.398520403422607
-0.642787609686550
0.972428095747105
-0.225436911090807
-0.771148582173403
0.913950654301099
-0.044864830350508
-0.873893455212358
0.825113498278279
0.137197575318844
-0.947609238173046
0.708867630216939
0.314702536658180
-0.989847231970985
0.569074518302914
0.481753674101749
-0.999204370226179
0.410377825689809
0.632801864369489
-0.975369826478422
0.238049156779077
0.762829571862255
-0.919135339255236
0.057812944478559
0.867517521717723
-0.832368912013265
-0.124343704647518
0.943388177963527
-0.717952761591642
-0.302369890750450
0.987921260694515
-0.579687576411961
-0.470351920162263
0.999637465011020
-0.422166264787472
-0.622709747129869
0.978147600733801
-0.250621387183106
-0.754382332396472
0.924165520566711
-0.070751340439836
-0.860995761366636
0.839484407258066
0.111468932206355
-0.939008537288545
0.726917207456618
0.289986417453588
-0.985829223087090
0.590203190936438
0.458871101604224
-0.999902524009303
0.433883739117562
0.612512954419572
-0.980760951578481
0.263151488952108
0.745808283729289
-0.929040352678507
0.083677843332319
0.854329270445667
-0.846458787921215
-0.098575422202470
0.934471052351328
-0.735759460917855
-0.277554198388932
0.983571470813386
-0.600619594235956
-0.447313148315658
0.999999502665477
-0.445528279010990
-0.602213200286082
0.983209439716736
-0.275637355816979
-0.737108867130265
0.933759016147277
-0.096590280253172
-0.847519169570126
0.853290881632148
0.085665341992700
-0.929776485888242
0.744478035621482
0.265075323371821
-0.981148383394173
0.610935035347208
0.435680003150690
-0.999928384677748
0.457097927058654
0.591812216084411
-0.985492653565715
0.288076888944414
0.728285544942824
-0.938320717781197
0.109486480664007
0.840566603495683
-0.859979539938269
-0.072740861719280
0.924925627040610
-0.753071466003584
-0.252551890060365
0.978560368142526
-0.621147780278256
-0.423973621602903
0.999689182000815
-0.468590738440732
-0.581311750185827
0.987610209324669
-0.300467997289438
-0.719339800338667
0.942724690773069
-0.122364276755679
-0.833472740925975
0.866523638497978
0.059804153945107
-0.919919291221844
0.761538307536750
0.239986003602555
-0.975807860095306
0.631256112300232
0.412195971476879
-0.999281934843868
0.480004781253039
0.570713567684470
-0.989561751039368
0.312808597947399
0.710273137068031
-0.946970194829522
0.135221503812979
0.826238774315990
-0.872922077269807
-0.046857393288251
0.914758319980701
-0.769877136972475
-0.227379776283002
0.972891321940156
-0.641258332235425
-0.400349032556960
0.998706711663817
-0.491338136832530
-0.560019450099950
0.991346950662070
-0.325096616503818
-0.701087079207499
0.951056516295144
-0.148056000577886
-0.818865919671970
0.879173780697026
0.033902756057037
-0.909443580859465
0.778086552580968
0.214735327167045
-0.969811243937544
0.651152758743572
0.388434796274705
-0.997963609153804
0.502588900079023
0.549231195078623
-0.992965508106530
0.337329987382773
0.691783170903259
-0.954982968272741
0.160865609613722
0.811355416346523
-0.885277697888856
-0.020942419883363
0.903975967248485
-0.786165174386186
-0.202054781745423
0.966568143838558
-0.660937728603782
-0.376455265374452
0.997052752226925
-0.513755179776232
-0.538350616090665
0.994417151298566
-0.349506654194866
-0.682362976111765
0.958748890738515
-0.173648177666901
-0.803708526830812
0.891232802796686
0.007978563357554
-0.898356398235670
0.794111644398382
0.189340271576101
-0.963162566797653
0.670611596994816
0.364412453575932
-0.995974293995239
0.524835098908884
0.527379542125989
-0.995701636221683
0.361624570082042
0.672828078337099
-0.962353650653259
0.186401556029789
0.795926536541805
-0.897038094386973
0.004986634338759
0.892585818452129
-0.801924626841812
-0.176593933926855
0.959595085281246
-0.680172737770883
-0.352308385236610
0.994728415744065
-0.535826794978931
-0.516319817386032
0.996818746958191
-0.373681698062508
-0.663180080364209
0.965796642068658
-0.199123600900996
-0.788010753606741
0.902692596809096
-0.017950993798045
-0.886665197913540
0.809602808379767
0.163817911415106
-0.955866298971242
0.689619543735678
0.340145095010552
-0.993315326901437
0.546728420318328
0.505173300974524
-0.997768295725412
0.385676011372296
0.653420603990148
-0.969077286229061
0.211812173746522
0.779962508642688
-0.908195359559803
0.030912335754131
0.880595531856738
-0.817144898335121
-0.151014351648654
0.951976834664482
-0.698950426911865
-0.327924627507252
0.991735265002990
-0.557538142399342
-0.493941866584301
0.998550122907321
-0.397605493806800
-0.643551289750786
0.972195031668978
-0.224465141658907
-0.771783154533427
0.913545457642586
-0.043868481447625
-0.874377840572830
0.824549628907103
0.138185406863884
-0.947927346167122
0.708163818808682
0.315649036947093
-0.989988495651932
0.568254144143254
0.482627402182628
-0.999164097081315
0.409468140058854
0.633573796645724
-0.975149354305549
0.237080377715430
0.763474066201548
-0.918741991723558
0.056817252993059
0.868013169235264
-0.831815755384866
-0.125333233564319
0.943718514184995
-0.717258170684941
-0.303320386816892
0.988075312474503
-0.578874624225051
-0.471231809694145
0.999610115040351
-0.421261956056650
-0.623489801858725
0.977939757526859
-0.249655761336414
-0.755036640377532
0.923784088282257
-0.069756473744087
-0.861502587724576
0.838942056356198
0.112459992158457
-0.939351046208949
0.726231953810010
0.290940749522173
-0.985996037070503
0.589397797376974
0.459757004680455
-0.999888101810272
0.432984959298108
0.613301000476490
-0.980565772275209
0.262189178640804
0.746472295365198
-0.928670899758796
0.082683968660269
0.854847190448097
-0.845927333913354
-0.099567846595824
0.934825676396020
-0.735083659720157
-0.278512206039670
0.983751018959358
-0.599821894687868
-0.448204916018933
0.999998010662407
-0.444635179184951
-0.603009105203010
0.983026957126159
-0.274678522802388
-0.737782470802764
0.933401604696200
-0.095597564671789
-0.848048096156447
0.852770413853911
0.086658964004128
-0.930143165446142
0.743811800472665
0.266036845566653
-0.981340635521226
0.610145163901270
0.436577485577675
-0.999939823121439
0.456210657353139
0.592615846072381
-0.985322898362547
0.287121694403063
0.728968627421378
-0.937975407878406
0.108495091045643
0.841106447755007
-0.859470145878647
-0.073735514324060
0.925304300474000
-0.752414908895710
