0.999999999999999
-0.713425186616682
0.017950993798098
0.687811804415956
-0.999355523643320
0.738118997487340
-0.053829843412130
-0.661311865323651
0.997422925272833
-0.761861407873408
0.089639308903434
0.633959526508159
-0.994204695916450
0.784621814930592
-0.125333233564304
-0.605790043840818
0.989704983719634
-0.806370881570465
0.160865609613704
0.576839726452744
-0.983929588598628
0.827080574274563
-0.196190637499100
-0.547145889934080
0.976885954764645
-0.846724199228284
0.231262784929955
0.516746808235989
-0.968583161128630
0.865276436727949
-0.266036845566677
-0.485681664337298
0.959031909598963
-0.882713373816682
0.300467997289460
0.453990499739544
-0.948244511287222
0.899012535107124
-0.334511859971845
-0.421714162855299
0.936234870639735
-0.914152911751097
0.368124552684684
0.388894256356594
-0.923018467515393
0.928114988519040
-0.401262750256485
-0.355573083550935
0.908612337232867
-0.940880768954228
0.433883739117562
0.321793593854437
-0.893035048612881
0.952433798569327
-0.465945472355834
-0.287599327431999
0.876306680043863
-0.962759186055462
0.497406623913236
0.253034359076135
-0.858448793601863
0.971843622476425
-0.528226641853103
-0.218143241396540
0.839484407258070
-0.979675398423238
0.558365800629662
0.182970947394046
-0.819437965209721
0.986244419107044
-0.587785252292477
-0.147562812492443
0.798335306372687
-0.991542217370804
0.616447076559479
0.111964476103287
-0.776203631076352
0.995561964603080
-0.644314329694507
-0.076221822798858
0.753071466003606
-0.998298479539765
0.671351092126021
0.040380923169144
-0.728968627421402
0.999748234942506
-0.697522514745703
-0.004487974438915
0.703926182748931
-0.999909362145144
0.722794863827396
-0.031410759078145
-0.677976410513202
0.998781653462334
-0.747135564508158
0.067269005612062
0.651152758743549
-0.996366562457241
0.770513242775801
-0.103040545578671
-0.623489801858726
0.992667202067971
-0.792897765908490
0.138679271154442
0.595023196102025
-0.987688340595133
0.814260281314396
-0.174139245707400
-0.565789633582197
0.981436395555734
-0.834573253721323
0.209374763007130
0.535826794978998
-0.973919425411301
0.853810500668354
-0.244340406137917
-0.505173300974472
0.965147119180880
-0.871947226253858
0.278991106039231
0.473868662472989
-0.955130783952417
0.888960053096205
-0.313282199597467
-0.441953229673186
0.943883330308368
-0.904827052466021
0.347169487214431
0.409468140058870
-0.931419255684606
0.919527772551465
-0.380609289778908
-0.376455265374392
0.917754625683977
-0.933043264819449
0.413558504966544
0.342957157654099
-0.902907053368353
0.945356108439585
-0.445974662797071
-0.309016994374936
0.886895676556405
-0.956450432738639
0.477815980375948
0.274678522802345
-0.869741133155695
0.966311937657225
-0.509041415750384
-0.239986003602542
0.851465534561458
-0.974927912181832
0.539610720810826
0.204984153792229
-0.832092437156147
0.982287250728691
-0.569484493168474
-0.169718089100633
0.811646811946168
-0.988380467458438
0.598624226943439
0.134233265817642
-0.790155012375676
0.993199708502815
-0.626992362396848
-0.098575422202396
0.767644740357974
-0.996738762088014
0.654552334343448
0.062790519529288
-0.744145010569329
0.998993066541316
-0.681268619282703
-0.026924682845659
0.719686113050181
-0.999959716170870
0.707106781186567
-0.008975858481036
-0.694299574162812
0.999637465011019
-0.732033515886189
0.044864830350530
0.668018115955483
-0.998026728428269
0.756016693999279
-0.080695973575267
-0.640875613984979
0.995129582585909
-0.779025402343258
0.116423103505850
0.612907053652947
-0.990949761767928
0.801029983781147
-0.152000169561328
-0.584148485111075
0.985492653565722
-0.822002075447927
0.187381314585763
0.554636976794269
-0.978765291933699
0.841914645309174
-0.222520933956331
-0.524410567641343
0.970776348122909
-0.860742027003965
0.257373734365352
0.493508218064294
-0.961536119504145
0.878459952927519
-0.291894792201061
-0.461969759730556
0.951056516295138
-0.895045585511198
0.326039611452402
0.429835844221525
-0.939351046208914
0.910477546658829
-0.359764181061845
-0.397147890634787
0.926434797042865
-0.924735945302244
0.393025031653993
0.363948032196758
-0.912324417231415
0.937802403039844
-0.425779291565069
-0.330279061955108
0.897038094386962
-0.949660077825450
0.457984742103095
0.296184377620385
-0.880595531856714
0.960293685676942
-0.489599871965109
-0.261707925628583
0.863017923326308
-0.969689520376694
0.520583930743596
0.226894144495826
-0.844327925502012
0.977835471138040
-0.550896981452119
-0.191787907539875
0.824549628907119
-0.984721038215624
0.580499952001618
0.156434465040224
-0.803708526830745
0.990337346439121
-0.609354685562879
-0.120879385912284
0.781831482468033
-0.994677156652783
0.637423989748697
0.085168498971884
-0.758946694294537
0.997734875046461
-0.664671684553458
-0.049347833863754
0.735083659720134
-0.999506560365731
0.691062648986921
0.013463561731155
-0.710273137067989
0.999989928992004
-0.716562866343791
0.022438064295870
0.684547105928676
-0.999184357885970
0.741139468049877
-0.058310768719038
-0.657938725939673
0.997090885390701
-0.764760776027642
0.094108313318535
0.630482294044646
-0.993712209893237
0.787396343528075
-0.129784556752343
-0.602213200286076
0.989052686346533
-0.809016994374961
0.165293514029573
0.573167882188888
-0.983118320656127
0.829594860571863
-0.200589415783283
-0.543383777794742
0.975916761938740
-0.849103418222242
0.235626767265359
0.512899277405909
-0.967457292663040
0.867517521717723
-0.270360406986429
-0.481753674101688
0.957750816684902
-0.884813436149760
0.304745564927220
0.449987113092062
-0.946809845192912
0.900968867902454
-0.338737920245323
-0.417640539972040
0.934648480581892
-0.915962993388167
0.372293658402009
0.384755647944917
-0.921282398275788
0.929776485888264
-0.405369527637530
-0.351374824081291
0.906728826522704
-0.942391540464058
0.437922894720387
0.317541094684759
-0.891006524188348
0.953791896906723
-0.469911799899956
-0.283298069832739
0.874135756577018
-0.963962860695860
0.501295010990005
0.248689887164811
-0.856138269310404
0.972891321940158
-0.532032076515347
-0.213761154992037
0.837037260298613
-0.980565772275238
0.562083377852170
0.178556894798525
-0.816857349838918
0.986976319697497
-0.591410180293975
-0.143122483211085
0.795624548881720
-0.992114701314483
0.619974682979093
0.107503593510457
-0.773366225503497
0.995974293995246
-0.647740067614461
-0.071746136761276
0.750111069630423
-0.998550122907320
0.674670545932127
0.035896202634558
-0.725889056058826
0.999838867929058
-0.700731405818989
0.000000000000058
0.700731405818906
-0.999838867929056
0.725889056058906
-0.035896202634675
-0.674670545932041
0.998550122907314
-0.750111069630500
0.071746136761393
0.647740067614373
-0.995974293995235
0.773366225503571
-0.107503593510572
-0.619974682979001
0.992114701314469
-0.795624548881791
0.143122483211201
0.591410180293881
-0.986976319697479
0.816857349838985
-0.178556894798751
-0.562083377852073
0.980565772275215
-0.837037260298676
0.213761154992151
0.532032076515249
-0.972891321940131
0.856138269310523
-0.248689887164924
-0.501295010989904
0.963962860695828
-0.874135756577075
0.283298069832851
0.469911799899853
-0.953791896906654
0.891006524188401
-0.317541094684870
-0.437922894720282
0.942391540464019
-0.906728826522754
0.351374824081400
0.405369527637423
-0.929776485888221
0.921282398275834
-0.384755647945024
-0.372293658401900
0.915962993388120
-0.934648480581933
0.417640539972146
0.338737920245213
-0.900968867902403
0.946809845192949
-0.449987113092167
-0.304745564927109
0.884813436149706
-0.957750816684935
0.481753674101790
0.270360406986316
-0.867517521717665
0.967457292663069
-0.512899277406009
-0.235626767265246
0.849103418222180
-0.975916761938766
0.543383777794840
0.200589415783168
-0.829594860571798
0.983118320656148
-0.573167882188984
-0.165293514029458
0.809016994374892
-0.989052686346550
0.602213200286169
0.129784556752227
-0.787396343527933
0.993712209893250
-0.630482294044737
-0.094108313318418
0.764760776027567
-0.997090885390710
0.657938725939761
0.058310768718808
-0.741139468049799
0.999184357885980
-0.684547105928678
-0.022438064295754
0.716562866343710
-0.999989928992005
0.710273137068071
-0.013463561731271
-0.691062648986755
0.999506560365731
-0.735083659720213
0.049347833863871
0.664671684553286
-0.997734875046454
0.758946694294613
-0.085168498972114
-0.637423989748695
0.994677156652771
-0.781831482468106
0.120879385912513
0.609354685562786
-0.990337346439105
0.803708526830882
-0.156434465040227
-0.580499952001523
0.984721038215604
-0.824549628907249
0.191787907539990
0.550896981452022
-0.977835471137992
0.844327925502014
-0.226894144495940
-0.520583930743497
0.969689520376694
-0.863017923326367
0.261707925628696
0.489599871964908
-0.960293685676941
0.880595531856770
-0.296184377620605
-0.457984742103092
0.949660077825413
-0.897038094387013
0.330279061955326
0.425779291565066
-0.937802403039803
0.912324417231510
-0.363948032196761
-0.393025031653886
0.924735945302199
-0.926434797042951
0.397147890634789
0.359764181061736
-0.910477546658757
0.939351046208915
-0.429835844221579
-0.326039611452238
0.895045585511095
-0.951056516295157
0.461969759730659
0.291894792200895
-0.878459952927517
0.961536119504161
-0.493508218064445
-0.257373734365129
0.860742027003934
-0.970776348122937
0.524410567641491
0.222520933956328
-0.841914645309141
0.978765291933734
-0.554636976794461
-0.187381314585704
0.822002075447860
-0.985492653565751
0.584148485111078
0.152000169561213
-0.801029983781043
0.990949761767959
-0.612907053652995
