0.999999999999999
-0.135715572434304
-0.963162566797657
0.397147890634780
0.855364260160506
-0.629320391049837
-0.684547105928689
0.815127795728553
0.463296035119862
-0.940880768954224
-0.207911690817759
0.997314477224457
-0.062790519529310
-0.980271174621721
0.328866646738581
0.891006524188368
-0.570713567684430
-0.736097087119734
0.770513242775788
0.526955795496680
-0.913545457642600
-0.278991106039232
0.989272332962987
0.010471784116248
-0.992114701314478
0.258819045102519
0.921863151588502
-0.509041415750370
-0.783693457325842
0.721760228098361
0.587785252292476
-0.881303452064991
-0.348572047321818
0.975916761938745
0.083677843332318
-0.998629534754573
0.187381314585723
0.947768410009586
-0.444635179184920
-0.827080574274559
0.669130606358857
0.645457687723953
-0.844327925502011
-0.416280792260410
0.957319497532067
0.156434465040233
-0.999780683474844
0.114937150492858
0.968583161128633
-0.377840786818466
-0.866025403784440
0.612907053652970
0.699663340513372
-0.802817475191114
-0.481753674101717
0.933580426497199
0.228350870110664
-0.995561964603078
0.041875653729198
0.984195607969242
-0.309016994374940
-0.900318771402197
0.553391549243344
0.750111069630461
-0.756995055651752
-0.544639035015034
0.904827052466013
0.299040792256088
-0.985996037070503
-0.031410759078136
0.994521895368274
-0.238533457578580
-0.929776485888252
0.490903753615135
0.796529918024201
-0.707106781186538
-0.604599114862387
0.871213811120179
0.368124552684672
-0.971134279909636
-0.104528463267654
0.999506560365731
-0.166768746716095
-0.954240328516279
0.425779291565060
0.838670567945432
-0.653420603990090
-0.661311865323647
0.832921240710100
0.435231099372328
-0.951056516295151
-0.177084740319590
0.999122830098857
-0.094108313318500
-0.973578902873163
0.358367949545281
0.876306680043874
-0.596224874965617
-0.714472679632804
0.790155012375687
0.500000000000006
-0.925870584809990
-0.248689887164868
0.993372765600393
-0.020942419883336
-0.987688340595140
0.289031796944473
0.909236109047068
-0.535826794978992
-0.763796028634647
0.743144825477386
0.562083377852142
-0.895711760239404
-0.318959309298090
0.982287250728683
0.052335956242943
-0.996492859249503
0.218143241396537
0.937281989491894
-0.472550764869043
-0.809016994374956
0.692143173870393
0.621147780278327
-0.860742027003930
-0.387515586452102
0.965925826289067
0.125333233564310
-0.999945169365511
0.146083028562399
0.960293685676946
-0.406736643075783
-0.849892692986875
0.637423989748670
0.676875969682660
-0.821149209133701
-0.453990499739552
0.944376370237477
0.197657340379138
-0.998026728428270
0.073238197127613
0.978147600733809
-0.338737920245267
-0.886203579231214
0.579281172342675
0.728968627421415
-0.777145961456964
-0.518027009373141
0.917754625683974
0.268919820615284
-0.990747840471439
-0.000000000000026
0.990747840471447
-0.268919820615234
-0.917754625683994
0.518027009373096
0.777145961456997
-0.728968627421419
-0.579281172342671
0.886203579231216
0.338737920245289
-0.978147600733804
-0.073238197127636
0.998026728428271
-0.197657340379115
-0.944376370237485
0.453990499739531
0.821149209133715
-0.676875969682643
-0.637423989748710
0.849892692986847
0.406736643075830
-0.960293685676932
-0.146083028562451
0.999945169365511
-0.125333233564315
-0.965925826289065
0.387515586452107
0.860742027003942
-0.621147780278308
-0.692143173870410
0.809016994374942
0.472550764869064
-0.937281989491885
-0.218143241396560
0.996492859249502
-0.052335956242919
-0.982287250728693
0.318959309298040
0.895711760239427
-0.562083377852099
-0.743144825477421
0.763796028634613
0.535826794979036
-0.909236109047070
-0.289031796944468
0.987688340595137
0.020942419883360
-0.993372765600396
0.248689887164846
0.925870584809999
-0.499999999999986
-0.790155012375701
0.714472679632787
0.596224874965636
-0.876306680043849
-0.358367949545330
0.973578902873151
0.094108313318552
-0.999122830098859
0.177084740319539
0.951056516295167
-0.435231099372332
-0.832921240710097
0.661311865323651
0.653420603990108
-0.838670567945419
-0.425779291565081
0.954240328516272
0.166768746716118
-0.999506560365730
0.104528463267631
0.971134279909641
-0.368124552684650
-0.871213811120205
0.604599114862346
0.707106781186574
-0.796529918024170
-0.490903753615180
0.929776485888233
0.238533457578576
-0.994521895368273
0.031410759078127
0.985996037070505
-0.299040792256079
-0.904827052466023
0.544639035015015
0.756995055651767
-0.750111069630445
-0.553391549243363
0.900318771402181
0.309016994374976
-0.984195607969235
-0.041875653729236
0.995561964603083
-0.228350870110614
-0.933580426497217
0.481753674101671
0.802817475191111
-0.699663340513365
-0.612907053652978
0.866025403784435
0.377840786818475
-0.968583161128627
-0.114937150492881
0.999780683474845
-0.156434465040210
-0.957319497532073
0.416280792260376
0.844327925502031
-0.645457687723924
-0.669130606358885
0.827080574274538
0.444635179184966
-0.947768410009570
-0.187381314585774
0.998629534754570
-0.083677843332316
-0.975916761938747
0.348572047321809
0.881303452064996
-0.587785252292462
-0.721760228098372
0.783693457325827
0.509041415750390
-0.921863151588490
-0.258819045102548
0.992114701314473
-0.010471784116211
-0.989272332962993
0.278991106039189
0.913545457642618
-0.526955795496636
-0.770513242775821
0.736097087119697
0.570713567684432
-0.891006524188365
-0.328866646738590
0.980271174621719
0.062790519529327
-0.997314477224458
0.207911690817740
0.940880768954232
-0.463296035119838
-0.815127795728571
0.684547105928664
0.629320391049865
-0.855364260160486
-0.397147890634819
0.963162566797645
0.135715572434353
-0.999999999999999
0.135715572434306
0.963162566797673
-0.397147890634776
-0.855364260160539
0.629320391049828
0.684547105928740
-0.815127795728543
-0.463296035119930
0.940880768954216
0.207911690817841
-0.997314477224455
0.062790519529337
0.980271174621728
-0.328866646738599
-0.891006524188387
0.570713567684440
0.736097087119767
-0.770513242775791
-0.526955795496725
0.913545457642599
0.278991106039289
-0.989272332962986
-0.010471784116315
0.992114701314479
-0.258819045102448
-0.921863151588508
0.509041415750300
0.783693457325856
-0.721760228098301
-0.587785252292500
0.881303452065000
0.348572047321853
-0.975916761938749
-0.083677843332362
0.998629534754573
-0.187381314585672
-0.947768410009585
0.444635179184873
0.827080574274565
-0.669130606358808
-0.645457687723960
0.844327925501975
0.416280792260418
-0.957319497532043
-0.156434465040256
0.999780683474843
-0.114937150492835
-0.968583161128625
0.377840786818431
0.866025403784430
-0.612907053652940
-0.699663340513358
0.802817475191083
0.481753674101713
-0.933580426497180
-0.228350870110659
0.995561964603073
-0.041875653729189
-0.984195607969253
0.309016994374931
0.900318771402226
-0.553391549243324
-0.750111069630514
0.756995055651736
0.544639035015102
-0.904827052466003
-0.299040792256070
0.985996037070497
0.031410759078117
-0.994521895368277
0.238533457578585
0.929776485888271
-0.490903753615139
-0.796529918024233
0.707106781186541
0.604599114862429
-0.871213811120181
-0.368124552684747
0.971134279909630
0.104528463267734
-0.999506560365731
0.166768746716016
0.954240328516286
-0.425779291564987
-0.838670567945445
0.653420603990115
0.661311865323686
-0.832921240710103
-0.435231099372375
0.951056516295153
0.177084740319642
-0.999122830098857
0.094108313318449
0.973578902873162
-0.358367949545233
-0.876306680043872
0.596224874965552
0.714472679632820
-0.790155012375637
-0.500000000000027
0.925870584809959
0.248689887164891
-0.993372765600397
0.020942419883313
0.987688340595135
-0.289031796944423
-0.909236109047066
0.535826794978948
0.763796028634644
-0.743144825477351
-0.562083377852138
0.895711760239381
0.318959309298085
-0.982287250728673
-0.052335956242966
0.996492859249510
-0.218143241396514
-0.937281989491922
0.472550764869022
0.809016994375003
-0.692143173870376
-0.621147780278300
0.860742027003918
0.387515586452098
-0.965925826289053
-0.125333233564305
0.999945169365512
-0.146083028562404
-0.960293685676961
0.406736643075787
0.849892692986902
-0.637423989748673
-0.676875969682719
0.821149209133688
0.453990499739624
-0.944376370237469
-0.197657340379217
0.998026728428268
-0.073238197127646
-0.978147600733814
0.338737920245298
0.886203579231238
-0.579281172342679
-0.728968627421451
0.777145961456967
0.518027009373185
-0.917754625683976
-0.268919820615334
0.990747840471440
0.000000000000078
-0.990747840471446
0.268919820615184
0.917754625683992
-0.518027009373052
-0.777145961456993
0.728968627421344
0.579281172342714
-0.886203579231219
-0.338737920245338
0.978147600733805
0.073238197127688
-0.998026728428271
0.197657340379064
0.944376370237483
-0.453990499739485
-0.821149209133712
0.676875969682604
0.637423989748706
-0.849892692986820
-0.406736643075826
0.960293685676917
0.146083028562446
-0.999945169365510
0.125333233564263
0.965925826289094
-0.387515586452059
-0.860742027003940
0.621147780278267
0.692143173870406
-0.809016994374911
-0.472550764869059
0.937281989491867
0.218143241396555
-0.996492859249497
0.052335956242924
0.982287250728703
-0.318959309298045
-0.895711760239450
0.562083377852103
0.743144825477455
-0.763796028634616
-0.535826794979079
0.909236109047049
0.289031796944463
-0.987688340595129
-0.020942419883355
0.993372765600402
-0.248689887164850
-0.925870584810018
0.499999999999990
0.790155012375733
-0.714472679632791
-0.596224874965677
0.876306680043851
0.358367949545378
-0.973578902873152
-0.094108313318604
0.999122830098859
-0.177084740319488
-0.951056516295166
0.435231099372234
0.832921240710126
-0.661311865323654
-0.653420603990147
0.838670567945422
0.425779291565128
-0.954240328516273
-0.166768746716170
0.999506560365730
-0.104528463267579
-0.971134279909640
0.368124552684602
0.871213811120202
-0.604599114862304
-0.707106781186571
0.796529918024139
0.490903753615176
-0.929776485888213
-0.238533457578626
0.994521895368261
-0.031410759078075
-0.985996037070504
0.299040792256029
0.904827052466021
-0.544639035014971
-0.756995055651764
0.750111069630411
0.553391549243359
-0.900318771402158
-0.309016994374971
0.984195607969226
0.041875653729231
-0.995561964603088
0.228350870110618
0.933580426497236
-0.481753674101676
-0.802817475191176
0.699663340513328
0.612907053652974
-0.866025403784409
-0.377840786818470
0.968583161128614
0.114937150492877
-0.999780683474846
0.156434465040214
0.957319497532088
-0.416280792260380
-0.844327925502059
0.645457687723928
0.669130606358924
-0.827080574274541
-0.444635179185013
0.947768410009571
0.187381314585825
-0.998629534754570
0.083677843332207
0.975916761938758
-0.348572047321814
-0.881303452065020
0.587785252292466
0.721760228098408
-0.783693457325830
-0.509041415750435
0.921863151588492
0.258819045102598
-0.992114701314473
0.010471784116159
0.989272332962992
-0.278991106039139
-0.913545457642616
0.526955795496592
0.770513242775818
-0.736097087119662
-0.570713567684474
0.891006524188316
0.328866646738639
-0.980271174621720
-0.062790519529379
0.997314477224458
-0.207911690817689
-0.940880768954231
0.463296035119792
0.815127795728568
-0.684547105928626
-0.629320391049861
0.855364260160459
0.397147890634815
-0.963162566797631
-0.135715572434348
0.999999999999999
-0.135715572434142
-0.963162566797656
0.397147890634728
0.855364260160566
-0.629320391049876
-0.684547105928695
0.815127795728513
0.463296035119976
-0.940880768954237
-0.207911690817781
0.997314477224451
-0.062790519529171
-0.980271174621716
0.328866646738550
0.891006524188410
-0.570713567684304
-0.736097087119725
0.770513242775758
0.526955795496769
-0.913545457642532
-0.278991106039230
0.989272332962978
0.010471784116367
-0.992114701314471
0.258819045102507
0.921863151588528
-0.509041415750256
-0.783693457325818
0.721760228098343
0.587785252292542
-0.881303452064922
-0.348572047321795
0.975916761938738
0.083677843332414
-0.998629534754581
0.187381314585732
0.947768410009601
-0.444635179184827
-0.827080574274658
0.669130606358854
0.645457687723999
-0.844327925501947
-0.416280792260362
0.957319497532061
0.156434465040307
-0.999780683474842
0.114937150492896
0.968583161128638
-0.377840786818383
-0.866025403784513
0.612907053652989
0.699663340513396
-0.802817475191052
-0.481753674101858
0.933580426497202
0.228350870110710
-0.995561964603068
0.041875653729024
0.984195607969242
-0.309016994374882
-0.900318771402249
0.553391549243376
0.750111069630473
-0.756995055651702
-0.544639035015145
0.904827052466030
0.299040792256119
-0.985996037070488
-0.031410759078283
0.994521895368271
-0.238533457578535
-0.929776485888290
0.490903753614995
0.796529918024195
-0.707106781186504
-0.604599114862470
0.871213811120212
0.368124552684689
-0.971134279909618
-0.104528463267786
0.999506560365729
-0.166768746716077
-0.954240328516301
0.425779291564940
0.838670567945411
-0.653420603990076
-0.661311865323725
0.832921240710011
0.435231099372319
-0.951056516295137
-0.177084740319693
0.999122830098850
-0.094108313318510
-0.973578902873174
0.358367949545184
0.876306680043842
-0.596224874965602
-0.714472679632857
0.790155012375606
0.499999999999973
-0.925870584809983
-0.248689887164941
0.993372765600378
-0.020942419883375
-0.987688340595143
0.289031796944373
0.909236109047135
-0.535826794979000
-0.763796028634677
0.743144825477316
0.562083377852275
-0.895711760239408
-0.318959309298134
0.982287250728664
0.052335956242905
-0.996492859249505
0.218143241396463
0.937281989491940
-0.472550764869077
-0.809016994374966
0.692143173870339
0.621147780278430
-0.860742027003950
-0.387515586452145
0.965925826289040
0.125333233564469
-0.999945169365511
0.146083028562353
0.960293685676975
-0.406736643075636
-0.849892692986869
0.637423989748633
0.676875969682757
-0.821149209133723
-0.453990499739569
0.944376370237452
0.197657340379268
-0.998026728428272
0.073238197127594
0.978147600733825
-0.338737920245143
-0.886203579231209
0.579281172342637
0.728968627421486
-0.777145961456863
-0.518027009373133
0.917754625683955
0.268919820615384
-0.990747840471418
-0.000000000000016
0.990747840471453
-0.268919820615134
-0.917754625683968
0.518027009373105
0.777145961457026
-0.728968627421309
-0.579281172342663
0.886203579231194
0.338737920245387
-0.978147600733771
-0.073238197127626
0.998026728428274
-0.197657340379014
-0.944376370237538
0.453990499739540
0.821149209133742
-0.676875969682566
-0.637423989748834
0.849892692986852
0.406736643075873
-0.960293685676903
-0.146083028562385
0.999945169365511
-0.125333233564212
-0.965925826289107
0.387515586452116
0.860742027003966
-0.621147780278227
-0.692143173870526
0.809016994374947
0.472550764869105
-0.937281989491849
-0.218143241396717
0.996492859249502
-0.052335956242872
-0.982287250728712
0.318959309298104
0.895711760239423
-0.562083377852060
-0.743144825477490
0.763796028634656
0.535826794979027
-0.909236109047027
-0.289031796944622
0.987688340595138
0.020942419883407
-0.993372765600408
0.248689887164690
0.925870584809995
-0.499999999999945
-0.790155012375765
0.714472679632675
0.596224874965628
-0.876306680043826
-0.358367949545427
0.973578902873167
0.094108313318542
-0.999122830098861
0.177084740319437
0.951056516295147
-0.435231099372290
-0.832921240710155
0.661311865323530
0.653420603990100
-0.838670567945394
-0.425779291565175
0.954240328516224
0.166768746716109
-0.999506560365728
0.104528463267527
0.971134279909680
-0.368124552684659
-0.871213811120228
0.604599114862263
0.707106781186527
-0.796529918024176
-0.490903753615221
0.929776485888194
0.238533457578566
-0.994521895368268
0.031410759078023
0.985996037070532
-0.299040792256088
-0.904827052466043
0.544639035014927
0.756995055651872
-0.750111069630452
-0.553391549243403
0.900318771402136
0.309016994375129
-0.984195607969237
-0.041875653729283
0.995561964603093
-0.228350870110679
-0.933580426497214
0.481753674101630
0.802817475191207
-0.699663340513373
-0.612907053653015
0.866025403784383
0.377840786818623
-0.968583161128630
-0.114937150492928
0.999780683474847
-0.156434465040051
-0.957319497532071
0.416280792260333
0.844327925502086
-0.645457687723801
-0.669130606358878
0.827080574274512
0.444635179185059
-0.947768410009591
-0.187381314585764
0.998629534754568
-0.083677843332155
-0.975916761938745
0.348572047321765
0.881303452065045
-0.587785252292332
-0.721760228098366
0.783693457325798
0.509041415750479
-0.921863151588427
-0.258819045102539
0.992114701314467
-0.010471784116107
-0.989272332962983
0.278991106039199
0.913545457642637
-0.526955795496548
-0.770513242775778
0.736097087119703
0.570713567684517
-0.891006524188292
-0.328866646738580
0.980271174621710
0.062790519529430
-0.997314477224470
0.207911690817749
0.940880768954248
-0.463296035119746
-0.815127795728664
0.684547105928671
0.629320391049901
-0.855364260160432
-0.397147890634758
0.963162566797648
0.135715572434399
-0.999999999999999
0.135715572434316
0.963162566797670
-0.397147890634681
-0.855364260160593
0.629320391049836
0.684547105928733
-0.815127795728483
-0.463296035120022
0.940880768954220
0.207911690817832
-0.997314477224447
0.062790519529119
0.980271174621726
-0.328866646738501
-0.891006524188434
0.570713567684448
0.736097087119760
-0.770513242775725
-0.526955795496813
0.913545457642603
0.278991106039279
-0.989272332962971
-0.010471784116418
0.992114701314478
-0.258819045102457
-0.921863151588548
0.509041415750211
0.783693457325850
-0.721760228098307
-0.587785252292584
0.881303452064898
0.348572047321844
-0.975916761938727
-0.083677843332466
0.998629534754572
-0.187381314585681
-0.947768410009618
0.444635179184780
0.827080574274559
-0.669130606358815
-0.645457687724039
0.844327925501919
0.416280792260409
-0.957319497532046
-0.156434465040359
0.999780683474841
-0.114937150492844
-0.968583161128651
0.377840786818335
0.866025403784539
-0.612907053652948
-0.699663340513433
0.802817475191021
0.481753674101704
-0.933580426497184
-0.228350870110761
0.995561964603063
-0.041875653729199
-0.984195607969252
0.309016994374832
0.900318771402271
-0.553391549243332
-0.750111069630507
0.756995055651668
0.544639035015189
-0.904827052466007
-0.299040792256169
0.985996037070480
0.031410759078335
-0.994521895368276
0.238533457578484
0.929776485888309
-0.490903753615147
-0.796529918024227
0.707106781186468
0.604599114862511
-0.871213811120186
-0.368124552684738
0.971134279909605
0.104528463267837
-0.999506560365731
0.166768746716026
0.954240328516317
-0.425779291564893
-0.838670567945440
0.653420603990036
0.661311865323764
-0.832921240710108
-0.435231099372366
0.951056516295121
0.177084740319744
-0.999122830098857
0.094108313318459
0.973578902873186
-0.358367949545136
-0.876306680043867
0.596224874965560
0.714472679632893
-0.790155012375574
-0.500000000000018
0.925870584809963
0.248689887164992
-0.993372765600372
0.020942419883323
0.987688340595152
-0.289031796944323
-0.909236109047062
0.535826794978956
0.763796028634711
-0.743144825477282
-0.562083377852130
0.895711760239385
0.318959309298183
-0.982287250728654
-0.052335956242957
0.996492859249509
-0.218143241396413
-0.937281989491958
0.472550764869031
0.809016994374997
-0.692143173870301
-0.621147780278471
0.860742027003923
