0.999999999999999
-0.839484407258076
0.409468140058890
0.152000169561267
-0.664671684553425
0.963962860695852
-0.953791896906691
0.637423989748690
-0.116423103505824
-0.441953229673225
0.858448793601864
-0.999355523643320
0.819437965209731
-0.376455265374392
-0.187381314585723
0.691062648986863
-0.972891321940143
0.942391540464035
-0.609354685562811
0.080695973575222
0.473868662472994
-0.876306680043860
0.997422925272833
-0.798335306372705
0.342957157654132
0.222520933956313
-0.716562866343790
0.980565772275219
-0.929776485888252
0.580499952001576
-0.044864830350519
-0.505173300974496
0.893035048612882
-0.994204695916451
0.776203631076356
-0.309016994374954
-0.257373734365295
0.741139468049848
-0.986976319697493
0.915962993388170
-0.550896981452111
0.008975858481009
0.535826794978986
-0.908612337232868
0.989704983719636
-0.753071466003619
0.274678522802403
0.291894792201019
-0.764760776027597
0.992114701314477
-0.900968867902419
0.520583930743610
0.026924682845659
-0.565789633582211
0.923018467515395
-0.983929588598630
0.728968627421415
-0.239986003602572
-0.326039611452335
0.787396343528006
-0.995974293995237
0.884813436149742
-0.489599871965060
-0.062790519529303
0.595023196102028
-0.936234870639732
0.976885954764649
-0.703926182748953
0.204984153792243
0.359764181061794
-0.809016994374938
0.998550122907319
-0.867517521717724
0.457984742103081
0.098575422202427
-0.623489801858719
0.948244511287220
-0.968583161128635
0.677976410513234
-0.169718089100688
-0.393025031653904
0.829594860571819
-0.999838867929057
0.849103418222204
-0.425779291565093
-0.134233265817632
0.651152758743555
-0.959031909598958
0.959031909598972
-0.651152758743592
0.134233265817682
0.425779291565048
-0.849103418222178
0.999838867929058
-0.829594860571847
0.393025031653950
0.169718089100667
-0.677976410513218
0.968583161128629
-0.948244511287227
0.623489801858736
-0.098575422202448
-0.457984742103062
0.867517521717714
-0.998550122907320
0.809016994374951
-0.359764181061814
-0.204984153792222
0.703926182748938
-0.976885954764645
0.936234870639740
-0.595023196102045
0.062790519529325
0.489599871965041
-0.884813436149732
0.995974293995239
-0.787396343528020
0.326039611452355
0.239986003602551
-0.728968627421400
0.983929588598626
-0.923018467515403
0.565789633582228
-0.026924682845681
-0.520583930743592
0.900968867902410
-0.992114701314479
0.764760776027611
-0.291894792201053
-0.274678522802369
0.753071466003595
-0.989704983719631
0.908612337232883
-0.535826794979017
-0.008975858480973
0.550896981452081
-0.915962993388155
0.986976319697499
-0.741139468049872
0.257373734365329
0.309016994374920
-0.776203631076334
0.994204695916447
-0.893035048612898
0.505173300974527
0.044864830350483
-0.580499952001547
0.929776485888238
-0.980565772275226
0.716562866343815
-0.222520933956348
-0.342957157654098
0.798335306372679
-0.997422925272830
0.876306680043881
-0.473868662473031
-0.080695973575179
0.609354685562777
-0.942391540464021
0.972891321940153
-0.691062648986894
0.187381314585765
0.376455265374353
-0.819437965209707
0.999355523643319
-0.858448793601888
0.441953229673266
0.116423103505778
-0.637423989748654
0.953791896906677
-0.963962860695865
0.664671684553460
-0.152000169561315
-0.409468140058846
0.839484407258050
-0.999999999999999
0.839484407258104
-0.409468140058937
-0.152000169561216
0.664671684553386
-0.963962860695838
0.953791896906707
-0.637423989748731
0.116423103505877
0.441953229673177
-0.858448793601836
0.999355523643322
-0.819437965209764
0.376455265374445
0.187381314585667
-0.691062648986821
0.972891321940130
-0.942391540464035
0.609354685562811
-0.080695973575222
-0.473868662472993
0.876306680043860
-0.997422925272833
0.798335306372705
-0.342957157654138
-0.222520933956306
0.716562866343746
-0.980565772275217
0.929776485888275
-0.580499952001582
0.044864830350583
0.505173300974490
-0.893035048612853
0.994204695916452
-0.776203631076397
0.309016994374961
0.257373734365233
-0.741139468049843
0.986976319697483
-0.915962993388172
0.550896981452164
-0.008975858481016
-0.535826794978932
0.908612337232865
-0.989704983719645
0.753071466003624
-0.274678522802465
-0.291894792201012
0.764760776027547
-0.992114701314474
0.900968867902453
-0.520583930743629
-0.026924682845581
0.565789633582193
-0.923018467515364
0.983929588598633
-0.728968627421468
0.239986003602593
0.326039611452261
-0.787396343527993
0.995974293995230
-0.884813436149752
0.489599871965128
0.062790519529282
-0.595023196101965
0.936234870639725
-0.976885954764666
0.703926182748968
-0.204984153792320
-0.359764181061774
0.809016994374892
-0.998550122907318
0.867517521717763
-0.457984742103101
-0.098575422202349
0.623489801858702
-0.948244511287195
0.968583161128640
-0.677976410513292
0.169718089100710
0.393025031653832
-0.829594860571807
0.999838867929057
-0.849103418222216
0.425779291565061
0.134233265817611
-0.651152758743581
0.959031909598952
-0.959031909598962
0.651152758743609
-0.134233265817647
-0.425779291565028
0.849103418222197
-0.999838867929058
0.829594860571827
-0.393025031653970
-0.169718089100674
0.677976410513182
-0.968583161128631
0.948244511287242
-0.623489801858731
0.098575422202498
0.457984742103068
-0.867517521717689
0.998550122907320
-0.809016994374980
0.359764181061808
0.204984153792173
-0.703926182748943
0.976885954764634
-0.936234870639738
0.595023196102086
-0.062790519529318
-0.489599871964998
0.884813436149735
-0.995974293995244
0.787396343528016
-0.326039611452403
-0.239986003602558
0.728968627421366
-0.983929588598627
0.923018467515422
-0.565789633582223
0.026924682845731
0.520583930743598
-0.900968867902388
0.992114701314479
-0.764760776027643
0.291894792201047
0.274678522802321
-0.753071466003600
0.989704983719623
-0.908612337232881
0.535826794979059
0.008975858480980
-0.550896981452039
0.915962993388158
-0.986976319697507
0.741139468049868
-0.257373734365377
-0.309016994374926
0.776203631076302
-0.994204695916448
0.893035048612921
-0.505173300974521
-0.044864830350433
0.580499952001552
-0.929776485888220
0.980565772275224
-0.716562866343850
0.222520933956341
0.342957157654051
-0.798335306372683
0.997422925272827
-0.876306680043877
0.473868662473075
0.080695973575186
-0.609354685562737
0.942391540464023
-0.972891321940165
0.691062648986889
-0.187381314585814
-0.376455265374359
0.819437965209678
-0.999355523643319
0.858448793601913
-0.441953229673260
-0.116423103505728
0.637423989748659
-0.953791896906662
0.963962860695863
-0.664671684553498
0.152000169561308
0.409468140058800
-0.839484407258053
0.999999999999999
-0.839484407258100
0.409468140058982
0.152000169561223
-0.664671684553348
0.963962860695840
-0.953791896906722
0.637423989748726
-0.116423103505927
-0.441953229673183
0.858448793601811
-0.999355523643322
0.819437965209793
-0.376455265374439
-0.187381314585618
0.691062648986826
-0.972891321940119
0.942391540464052
-0.609354685562896
0.080695973575272
0.473868662472899
-0.876306680043836
0.997422925272841
-0.798335306372735
0.342957157654239
0.222520933956257
-0.716562866343711
0.980565772275207
-0.929776485888294
0.580499952001622
-0.044864830350633
-0.505173300974447
0.893035048612831
-0.994204695916457
0.776203631076357
-0.309016994375008
-0.257373734365294
0.741139468049810
-0.986976319697493
0.915962993388193
-0.550896981452111
0.008975858481066
0.535826794978986
-0.908612337232845
0.989704983719636
-0.753071466003657
0.274678522802404
0.291894792200964
-0.764760776027588
0.992114701314468
-0.900968867902426
0.520583930743574
0.026924682845531
-0.565789633582152
0.923018467515389
-0.983929588598622
0.728968627421503
-0.239986003602641
-0.326039611452321
0.787396343528032
-0.995974293995226
0.884813436149775
-0.489599871965073
-0.062790519529345
0.595023196101925
-0.936234870639707
0.976885954764652
-0.703926182748923
0.204984153792369
0.359764181061727
-0.809016994374930
0.998550122907321
-0.867517521717788
0.457984742103145
0.098575422202412
-0.623489801858752
0.948244511287179
-0.968583161128653
0.677976410513245
-0.169718089100647
-0.393025031653786
0.829594860571779
-0.999838867929057
0.849103418222182
-0.425779291565209
-0.134233265817561
0.651152758743543
-0.959031909598970
0.959031909599008
-0.651152758743647
0.134233265817696
0.425779291565086
-0.849103418222110
0.999838867929059
-0.829594860571855
0.393025031653912
0.169718089100513
-0.677976410513145
0.968583161128619
-0.948244511287222
0.623489801858859
-0.098575422202548
-0.457984742103024
0.867517521717720
-0.998550122907329
0.809016994375010
-0.359764181061854
-0.204984153792235
0.703926182748826
-0.976885954764623
0.936234870639755
-0.595023196102034
0.062790519529481
0.489599871964954
-0.884813436149712
0.995974293995238
-0.787396343528116
0.326039611452450
0.239986003602509
-0.728968627421409
0.983929588598598
-0.923018467515441
0.565789633582264
-0.026924682845667
-0.520583930743458
0.900968867902366
-0.992114701314485
0.764760776027602
-0.291894792201203
-0.274678522802273
0.753071466003567
-0.989704983719633
0.908612337232949
-0.535826794979101
-0.008975858480930
0.550896981452092
-0.915962993388092
0.986976319697515
-0.741139468049901
0.257373734365316
0.309016994374771
-0.776203631076271
0.994204695916443
-0.893035048612892
0.505173300974663
0.044864830350383
-0.580499952001511
0.929776485888243
-0.980565772275256
0.716562866343885
-0.222520933956390
-0.342957157654111
0.798335306372585
-0.997422925272823
0.876306680043901
-0.473868662473019
-0.080695973575023
0.609354685562697
-0.942391540464006
0.972891321940150
-0.691062648987007
0.187381314585863
