0.999999999999999
-0.371830793207165
-0.723483722445860
0.909857845986198
0.046857393288239
-0.944703889414170
0.655682599805289
0.457097927058696
-0.995608769388462
0.283298069832745
0.784930877348523
-0.867021011307341
-0.140160656625152
0.971253107566074
-0.582122970157284
-0.538350616090685
0.982473643366416
-0.192277292145448
-0.839484407258081
0.816569598217088
0.232232964430248
-0.989272332962988
0.503450868096811
0.614875261712444
-0.960709980668812
0.099567846595810
0.886665197913515
-0.758946694294548
-0.322265695230522
0.998603312456594
-0.420357228309558
-0.685999789191179
0.930508919819364
-0.005983950294379
-0.926058885850427
0.694658370458990
0.409468140058907
-0.999164097081316
0.333571817464836
0.751099550122310
-0.892135700463878
-0.087652499818488
0.957319497532070
-0.624269236421591
-0.493074446825133
0.990949761767932
-0.243856825068106
-0.809602808379818
0.845927333913340
0.180519145250579
-0.980172487848546
0.548397482022550
0.572350346382029
-0.974032448597804
0.152000169561247
0.860995761366638
-0.792289643355175
-0.271800388289484
0.994417151298568
-0.467709448002825
-0.646599601215812
0.948560733217851
-0.058808578459315
-0.904827052466031
0.731693699726801
0.360694554957820
-0.999928384677748
0.382913773892337
0.715170120125071
-0.914758319980682
-0.034899496702520
0.940711735063540
-0.664671684553398
-0.446420935683878
0.996657785792644
-0.294755174410884
-0.777459685186410
0.872922077269790
0.128301068387874
-0.968334653325772
0.591812216084350
0.528226641853098
-0.984634078551139
0.204007899039841
0.832921240710115
-0.823419430264525
-0.220575840915205
0.987453210044208
-0.513755179776176
-0.605393218023273
0.963962860695846
-0.111468932206306
-0.881067697735405
0.766685134042620
0.310913414672979
-0.997899497235827
0.431186108523464
0.677242951731444
-0.934825676396000
0.017950993798064
0.921476211870417
-0.703217455360676
-0.398520403422652
0.999581770788449
-0.344830161992741
-0.743144825477413
0.897478421842870
0.075724598517125
-0.953791896906703
0.633573796645658
0.482627402182637
-0.992485256199826
0.255445757935744
0.802520058610517
-0.852249097851371
-0.168735142482176
0.977730941593521
-0.558365800629621
-0.562495744497784
0.976672278334159
-0.163817911415105
-0.854847190448132
0.799534929205577
0.260263776601435
-0.993083102199188
0.478253978621288
0.637423989748733
-0.952281714056364
0.070751340439790
0.899666659983969
-0.739798876047559
-0.349506654194921
0.999713548968503
-0.393941909590907
-0.706754083527055
0.919527772551435
0.022936601439418
-0.936584841964805
0.673565567947761
0.435680003150733
-0.997564050259821
0.306170061015399
0.769877136972513
-0.878698114040522
-0.116423103505896
0.965277503888977
-0.601416696366261
-0.518027009373154
0.986653483962196
-0.215709285751356
-0.826238774316017
0.830151323416258
0.208887124180307
-0.985492653565735
0.523985905970014
0.595824463473301
-0.967077671701059
0.123354052049801
0.875344001663088
-0.774313760984804
-0.299516601786661
0.997052752226924
-0.441953229673197
-0.668389112327232
0.939008537288504
-0.029915466169353
-0.916761554258699
0.711675817973046
0.387515586452155
-0.999856273754319
0.356039116274313
0.735083659720223
-0.902692596809099
-0.063785851132697
0.950127684053226
-0.642787609686502
-0.472111230506296
0.993878596328822
-0.266998103142851
-0.795322363376004
0.858448793601840
0.156926971670593
-0.975149354305571
0.568254144143212
0.552560575985536
-0.979172218670620
0.175612189523903
0.848576179215558
-0.806665697152776
-0.248689887164938
0.991606813167036
-0.488730008614132
-0.628157079632782
0.955866298971229
-0.082683968660160
-0.894377407666360
0.747798090498480
0.338268693368685
-0.999355523643323
0.404913620735844
0.698236818086111
-0.924165520566678
-0.010970420952110
0.932323801215535
-0.682362976111691
-0.424876667889889
0.998327432985144
-0.317541094684747
-0.762184318760119
0.884348294314044
0.104528463267710
-0.962082097133184
0.610935035347138
0.507753179550813
-0.988531570358840
0.227379776282904
0.819437965209778
-0.836764313458903
-0.197168488408012
0.983390944339344
-0.534141581324877
-0.586170368601439
0.970053967548071
-0.135221503812890
-0.869494929505265
0.781831482467991
0.288076888944457
-0.996063198709718
0.452657049576953
0.659439539119705
-0.943056903383039
0.041875653729114
0.911915588298710
-0.720032246799291
-0.376455265374482
0.999987566661691
-0.367197074843766
-0.726917207456689
0.907777478532876
0.051837967659730
-0.946327383799184
0.651909355843711
0.461527438034134
-0.995129582585903
0.278512206039537
0.788010753606762
-0.864525533178315
-0.145096324107718
0.972428095747130
-0.578061096249473
-0.542546263865816
0.981531911539117
-0.187381314585612
-0.842183625869956
0.813680925852256
0.237080377715565
-0.989988495651945
0.499136037492855
0.618800198173422
-0.959313974540027
0.094604754002466
0.888960053096235
-0.755690197346942
-0.326982282099428
0.998854359982402
-0.415827335841915
-0.689619543735738
0.928670899758804
-0.000997330835662
-0.927929223127333
0.691062648986811
0.414012477270172
-0.998947824628818
0.328866646738502
0.754382332396481
-0.889871808811407
-0.092618851350419
0.958748890738539
-0.620365869709154
-0.497406623913317
0.990268068741559
-0.239017699062437
-0.812519787475653
0.843257453209667
0.185421612065991
-0.981148383394198
0.544220751236744
0.576432316169848
-0.972891321940110
0.147069587712838
0.863521319028270
-0.789237221723981
-0.276595914663783
0.994930978418590
-0.463296035119810
-0.650395513961980
0.946970194829480
-0.053829843412058
-0.906939008081278
0.728285544942765
0.365341024366471
-0.999975630705395
0.378302439539531
0.718646638372992
-0.912732338703361
-0.039882659401245
0.942391540464069
-0.660937728603769
-0.450877540689566
0.996238035791507
-0.289986417453505
-0.780586276549478
0.870478446205485
0.133244894304771
-0.969567555685789
0.587785252292357
0.532454242495098
-0.983751018959336
0.199123600900866
0.835670446020831
-0.820579610508341
-0.225436911091004
0.988228381446572
-0.509470574795282
-0.609354685562860
0.962624246949972
-0.106511989044827
-0.883415372204743
0.763474066201395
0.315649036947220
-0.998210129767740
0.426681491730672
0.680903494733655
-0.933043264819406
0.012964939775210
0.923401737138451
-0.699663340513283
-0.403088987376349
0.999425136331746
-0.340145095010435
-0.746472295365211
0.895267866396071
0.080695973575356
-0.955278362122374
0.629707848667912
0.486988824404499
-0.991862730390554
0.250621387183052
0.805485232008697
-0.849629812651895
-0.173648177667024
0.978765291933746
-0.554221972059660
-0.566611700966146
0.975589328481102
-0.158896606740951
-0.857424025836237
0.796529918024143
0.265075323371986
-0.993656253522194
0.473868662472911
0.641258332235609
-0.950747851124593
0.065776323011781
0.901832526405146
-0.736434530278255
-0.354174455328129
0.999820467595026
-0.389353619733063
-0.710273137068151
0.917556467632693
0.027921638723750
-0.938320717781241
0.669871434826940
0.440163063864153
-0.997203797181167
0.301419093925949
0.773049995616607
-0.876306680043780
-0.121374379749791
0.966568143838573
-0.597425219474726
-0.522285957360060
0.985829223087069
-0.210837366614427
-0.829037572555132
0.827360763017914
0.213761154992207
-0.986326722653210
0.519732140298878
0.599821894687999
-0.965796642068613
0.118403968306349
0.877744159160153
-0.771148582173284
-0.304270581180013
0.997422925272842
-0.437474533754474
-0.672089919485177
0.937281989491841
-0.024930691737964
-0.918741991723623
0.708163818808559
0.392107762787175
-0.999759299728266
0.351374824081185
0.738455340625973
-0.900535694187278
-0.068761537663989
0.951671008370723
-0.638959634165569
-0.476501273172496
0.993315326901418
-0.262189178640744
-0.798335306372824
0.855880479068470
0.161849871527655
-0.976242011289691
0.564143811312321
0.556709929603332
-0.978147600733781
0.170700866905672
0.851203923248373
-0.803708526830712
-0.253516765170781
0.992239206600193
-0.484373417312078
-0.632029302664932
0.954389331192230
-0.077713381426365
-0.896596874675072
0.744478035621341
0.342957157654285
-0.999522099554697
0.400349032556702
0.701797902884116
-0.922249174357799
-0.015956618811831
0.934115498817255
-0.678709194932768
-0.429385542199517
0.998026728428258
-0.312808597947305
-0.765402990234703
0.882009399911511
0.109486480664174
-0.963430289813160
0.606979617057959
0.512042864870735
-0.987766226259810
0.222520933956194
0.822285955503599
-0.834023412112165
-0.202054781745521
0.984283791647673
-0.529919264233051
-0.590203190936575
0.968830705511781
-0.130278988491180
-0.871947226253940
0.778712646036814
0.292848544541361
-0.996492859249518
0.448204916018750
0.663180080364369
-0.941386466660840
0.036892872861672
0.913950654301145
-0.716562866343655
-0.381070376350424
0.999950266955941
-0.362554225509421
-0.730332616452362
0.905674537670559
0.056817252993265
-0.947927346167190
0.648119901063014
0.465945472355930
-0.994625650217817
0.273719416573399
0.791071034656421
-0.862008557172410
-0.150028383526873
0.973578902873192
-0.573984847883296
-0.546728420318502
0.980565772275188
-0.182480677475320
-0.844861902173980
0.810772019946992
0.241921895599797
-0.990680040617130
0.494808795034503
0.622709747129977
-0.957894113460855
0.089639308903242
0.891232802796780
-0.752414908895642
-0.331690738005713
0.999080569319856
-0.411287103130486
-0.693222149734140
0.926809786739270
0.003989313423229
-0.929776485888335
0.687449743083176
0.418546519366933
-0.998706711663812
0.324153298191572
0.757646355689204
-0.887585789004489
-0.097582899759368
