0.999999999999999
-0.791071034656340
0.251586763744507
0.393025031653924
-0.873408200617130
0.988830826225127
-0.691062648986862
0.104528463267652
0.525683769810507
-0.936234870639738
0.955572805786138
-0.575617065685670
-0.044864830350520
0.646599601215801
-0.978147600733805
0.900968867902416
-0.447313148315627
-0.193255917795561
0.753071466003616
-0.998210129767735
0.826238774315988
-0.309016994374942
-0.337329987382836
0.842720958654043
-0.995974293995237
0.733051871829818
-0.163817911415133
-0.473868662473010
0.913545457642603
-0.971490038292863
0.623489801858725
-0.014959407015245
-0.599821894687923
0.963962860695854
-0.925304300473990
0.499999999999991
0.134233265817673
-0.712376096951353
0.992846926341839
-0.858448793601858
0.365341024366373
0.280427389306019
-0.809016994374953
0.999552432283502
-0.772416959224590
0.222520933956293
0.420357228309580
-0.887585789004565
0.983929588598625
-0.669130606358848
0.074730093586403
0.550896981452115
-0.946327383799166
0.946327383799153
-0.550896981452080
-0.074730093586445
0.669130606358869
-0.983929588598630
0.887585789004539
-0.420357228309542
-0.222520933956334
0.772416959224608
-0.999552432283503
0.809016994374928
-0.280427389305978
-0.365341024366413
0.858448793601872
-0.992846926341832
0.712376096951323
-0.134233265817631
-0.500000000000016
0.925304300474011
-0.963962860695843
0.599821894687889
0.014959407015287
-0.623489801858747
0.971490038292876
-0.913545457642586
0.473868662472973
0.163817911415160
-0.733051871829857
0.995974293995242
-0.842720958654020
0.337329987382803
0.309016994374968
-0.826238774316019
0.998210129767732
-0.753071466003588
0.193255917795526
0.447313148315652
-0.900968867902437
0.978147600733797
-0.646599601215774
0.044864830350488
0.575617065685713
-0.955572805786153
0.936234870639723
-0.525683769810477
-0.104528463267679
0.691062648986899
-0.988830826225134
0.873408200617111
-0.393025031653895
-0.251586763744560
0.791071034656352
-0.999999999999999
0.791071034656301
-0.251586763744479
-0.393025031653972
0.873408200617138
-0.988830826225121
0.691062648986818
-0.104528463267624
-0.525683769810549
0.936234870639743
-0.955572805786128
0.575617065685621
0.044864830350544
-0.646599601215838
0.978147600733820
-0.900968867902401
0.447313148315576
0.193255917795581
-0.753071466003644
0.998210129767739
-0.826238774315972
0.309016994374888
0.337329987382856
-0.842720958654065
0.995974293995232
-0.733051871829799
0.163817911415077
0.473868662473022
-0.913545457642620
0.971490038292849
-0.623489801858703
0.014959407015203
0.599821894687934
-0.963962860695865
0.925304300473969
-0.499999999999967
-0.134233265817715
0.712376096951402
-0.992846926341842
0.858448793601829
-0.365341024366361
-0.280427389306059
0.809016994374995
-0.999552432283501
0.772416959224554
-0.222520933956279
-0.420357228309618
0.887585789004591
-0.983929588598620
0.669130606358806
-0.074730093586389
-0.550896981452150
0.946327383799189
-0.946327383799148
0.550896981452045
0.074730093586515
-0.669130606358900
0.983929588598643
-0.887585789004532
0.420357228309503
0.222520933956402
-0.772416959224634
0.999552432283505
-0.809016994374920
0.280427389305938
0.365341024366478
-0.858448793601894
0.992846926341827
-0.712376096951313
0.134233265817589
0.500000000000077
-0.925304300474017
0.963962860695832
-0.599821894687878
-0.014959407015329
0.623489801858802
-0.971490038292879
0.913545457642569
-0.473868662472911
-0.163817911415202
0.733051871829885
-0.995974293995243
0.842720958653997
-0.337329987382737
-0.309016994375008
0.826238774316043
-0.998210129767731
0.753071466003561
-0.193255917795457
-0.447313148315689
0.900968867902456
-0.978147600733794
0.646599601215742
-0.044864830350418
-0.575617065685725
0.955572805786165
-0.936234870639718
0.525683769810441
0.104528463267749
-0.691062648986909
0.988830826225140
-0.873408200617076
0.393025031653804
0.251586763744546
-0.791071034656378
0.999999999999999
-0.791071034656275
0.251586763744383
0.393025031653959
-0.873408200617159
0.988830826225115
-0.691062648986787
0.104528463267525
0.525683769810536
-0.936234870639758
0.955572805786115
-0.575617065685587
-0.044864830350643
0.646599601215827
-0.978147600733817
0.900968867902383
-0.447313148315538
-0.193255917795678
0.753071466003634
-0.998210129767738
0.826238774315948
-0.309016994374848
-0.337329987382949
0.842720958654057
-0.995974293995233
0.733051871829771
-0.163817911415036
-0.473868662473109
0.913545457642660
-0.971490038292853
0.623489801858670
-0.014959407015161
-0.599821894688013
0.963962860695892
-0.925304300473974
0.499999999999931
0.134233265817756
-0.712376096951432
0.992846926341854
-0.858448793601836
0.365341024366321
0.280427389306100
-0.809016994375020
0.999552432283498
-0.772416959224564
0.222520933956238
0.420357228309656
-0.887585789004610
0.983929588598603
-0.669130606358817
0.074730093586347
0.550896981452185
-0.946327383799203
0.946327383799116
-0.550896981452057
-0.074730093586501
0.669130606358931
-0.983929588598650
0.887585789004487
-0.420357228309517
-0.222520933956388
0.772416959224661
-0.999552432283506
0.809016994374862
-0.280427389305952
-0.365341024366465
0.858448793601915
-0.992846926341822
0.712376096951244
-0.134233265817491
-0.500000000000064
0.925304300474033
-0.963962860695820
0.599821894687799
0.014959407015428
-0.623489801858791
0.971490038292889
-0.913545457642552
0.473868662472874
0.163817911415299
-0.733051871829875
0.995974293995247
-0.842720958653975
0.337329987382697
0.309016994375103
-0.826238774316035
0.998210129767728
-0.753071466003533
0.193255917795416
0.447313148315778
-0.900968867902449
0.978147600733785
-0.646599601215710
0.044864830350376
0.575617065685806
-0.955572805786161
0.936234870639703
-0.525683769810405
-0.104528463267791
0.691062648986981
-0.988830826225138
0.873408200617084
-0.393025031653817
-0.251586763744642
0.791071034656439
-0.999999999999999
0.791071034656284
-0.251586763744397
-0.393025031654050
0.873408200617207
-0.988830826225100
0.691062648986798
-0.104528463267540
-0.525683769810620
0.936234870639792
-0.955572805786086
0.575617065685599
0.044864830350628
-0.646599601215903
0.978147600733838
-0.900968867902340
0.447313148315552
0.193255917795664
-0.753071466003699
0.998210129767744
-0.826238774315892
0.309016994374862
0.337329987382935
-0.842720958654111
0.995974293995224
-0.733051871829703
0.163817911415050
0.473868662473096
-0.913545457642654
0.971490038292829
-0.623489801858593
0.014959407015176
0.599821894688002
-0.963962860695888
0.925304300473937
-0.499999999999845
-0.134233265817742
0.712376096951421
-0.992846926341852
0.858448793601786
-0.365341024366229
-0.280427389306086
0.809016994375011
-0.999552432283498
0.772416959224501
-0.222520933956142
-0.420357228309643
0.887585789004603
-0.983929588598605
0.669130606358743
-0.074730093586248
-0.550896981452268
0.946327383799198
-0.946327383799121
0.550896981451974
0.074730093586599
-0.669130606359005
0.983929588598648
-0.887585789004493
0.420357228309427
0.222520933956485
-0.772416959224724
0.999552432283506
-0.809016994374871
0.280427389305857
0.365341024366557
-0.858448793601966
0.992846926341824
-0.712376096951254
0.134233265817506
0.500000000000150
-0.925304300474070
0.963962860695824
-0.599821894687811
-0.014959407015414
0.623489801858868
-0.971490038292913
0.913545457642558
-0.473868662472886
-0.163817911415285
0.733051871829943
-0.995974293995255
0.842720958653982
-0.337329987382711
-0.309016994375089
0.826238774316091
-0.998210129767723
0.753071466003542
-0.193255917795430
-0.447313148315765
0.900968867902492
-0.978147600733764
0.646599601215634
-0.044864830350390
-0.575617065685794
0.955572805786190
-0.936234870639669
0.525683769810321
0.104528463267890
-0.691062648987052
0.988830826225136
-0.873408200617091
0.393025031653831
0.251586763744628
-0.791071034656430
0.999999999999999
-0.791071034656224
0.251586763744301
0.393025031654141
-0.873408200617255
0.988830826225119
-0.691062648986808
0.104528463267555
0.525683769810608
-0.936234870639787
0.955572805786090
-0.575617065685518
-0.044864830350727
0.646599601215978
-0.978147600733858
0.900968867902297
-0.447313148315565
-0.193255917795649
0.753071466003689
-0.998210129767743
0.826238774315901
-0.309016994374768
-0.337329987383028
0.842720958654164
-0.995974293995215
0.733051871829636
-0.163817911415065
-0.473868662473083
0.913545457642648
-0.971490038292833
0.623489801858604
-0.014959407015077
-0.599821894688081
0.963962860695914
-0.925304300473899
0.499999999999759
0.134233265817727
-0.712376096951411
0.992846926341850
-0.858448793601793
0.365341024366243
0.280427389306181
-0.809016994375069
0.999552432283495
-0.772416959224438
0.222520933956045
0.420357228309630
-0.887585789004596
0.983929588598608
-0.669130606358754
0.074730093586263
0.550896981452256
-0.946327383799230
0.946327383799089
-0.550896981451892
-0.074730093586698
0.669130606359078
-0.983929588598645
0.887585789004500
-0.420357228309440
-0.222520933956470
0.772416959224715
-0.999552432283509
0.809016994374813
-0.280427389305762
-0.365341024366649
0.858448793602017
-0.992846926341825
0.712376096951264
-0.134233265817520
-0.500000000000137
0.925304300474065
-0.963962860695798
0.599821894687732
0.014959407015513
-0.623489801858945
0.971490038292936
-0.913545457642564
0.473868662472899
0.163817911415270
-0.733051871829933
0.995974293995254
-0.842720958653929
0.337329987382618
0.309016994375183
-0.826238774316146
0.998210129767717
-0.753071466003552
0.193255917795444
0.447313148315751
-0.900968867902486
0.978147600733767
