0.999999999999999
-0.801328397423553
0.284254401034802
0.345766150139933
-0.838398870984691
0.997899497235825
-0.760891538834817
0.221548497619468
0.405825333736810
-0.871947226253862
0.991606813167029
-0.717258170684964
0.157911867740834
0.464179642863119
-0.901832526405112
0.981148383394172
-0.670611596994812
0.093611849232832
0.520583930743610
-0.927929223127292
0.966568143838547
-0.621147780278310
0.028918566828685
0.574801242653079
-0.950127684053202
0.947927346167132
-0.569074518302933
-0.035896202634582
0.626603811364455
-0.968334653325766
0.925304300473997
-0.514610571130130
-0.100560171952135
0.675774014000213
-0.982473643366418
0.898794046299168
-0.457984742103063
-0.164801687431384
0.722105286267241
-0.992485256199833
0.868507953366990
-0.399434916642522
-0.228350870110654
0.765402990234613
-0.998327432985149
0.834573253721304
-0.339207062888951
-0.290940749522186
0.805485232008604
-0.999975630705394
0.797132507222925
-0.277554198388930
-0.352308385236567
0.842183625869915
-0.997422925272833
0.756343002654876
-0.214735327167074
-0.412195971476873
0.875344001663064
-0.990680040617101
0.712376096951348
-0.151014351648644
-0.470351920162242
0.904827052466021
-0.979775303633913
0.665416495326265
-0.086658964004079
-0.526531917830740
0.930508919819370
-0.964754525183621
0.615661475325663
-0.021939521572652
-0.580499952001581
0.952281714056381
-0.945680807639535
0.563320058063628
0.042872088910191
-0.632029302664857
0.970053967548098
-0.922634279794504
0.508612130123438
0.107503593510511
-0.680903494733562
0.983751018959350
-0.895711760239413
0.451767519812815
0.171683474920176
-0.726917207456619
0.993315326901437
-0.865026350627751
0.393025031653931
0.235142113102575
-0.769877136972501
0.998706711663818
-0.830706960534936
0.332631443164291
0.297612917967911
-0.809602808379813
0.999902524009303
-0.792897765908477
0.270840468143014
0.358833449319528
-0.845927333913356
0.996897740323619
-0.751757603384004
0.207911690817742
0.418546519366798
-0.878698114040550
0.989704983719634
-0.707459303011775
0.144109475329991
0.476501273172312
-0.907777478532898
0.978354471007618
-0.660188962196473
0.079701855139636
0.532454242495015
-0.933043264819445
0.962893885754204
-0.610145163901272
0.014959407015276
0.586170368601357
-0.954389331192278
0.943388177963541
-0.557538142399383
-0.049845885660713
0.637423989748697
-0.971726002708594
0.919919291221857
-0.502588900079057
-0.114441775495419
0.685999789191158
-0.984980447915478
0.892585818452113
-0.445528279010963
-0.178556894798651
0.731693699726823
-0.994096984815366
0.861502587724553
-0.386595991179761
-0.241921895599654
0.774313760984840
-0.999037314786325
0.826800179863248
-0.326039611452323
-0.304270581179869
0.813680925852321
-0.999780683474844
0.788624379875531
-0.264113537514767
-0.365341024366381
0.849629812651953
-0.996323967984952
0.747135564508133
-0.201077921145946
-0.424876667889850
0.882009399911615
-0.988681689997526
0.702508028503849
-0.137197575318818
-0.482627402182596
0.910683660806167
-0.976885954764653
0.654929252388071
-0.072740861719243
-0.538350616090692
0.935532134607121
-0.960986316235236
0.604599114862379
-0.007978563357506
-0.591812216084354
0.956450432738624
-0.941049568878666
0.551729053112670
0.056817252993061
-0.642787609686547
0.973350677314618
-0.917159467080768
0.496541174560732
0.121374379749642
-0.691062648986851
0.986161870314181
-0.889416373291310
0.439267323789364
0.185421612065952
-0.736434530278368
0.994830191844718
-0.857936836400627
0.380148108562385
0.248689887164842
-0.778712646036881
0.999319226239542
-0.822853102117250
0.319431889029693
0.310913414672963
-0.817719385664436
0.999610115040353
-0.784312557402893
0.257373734365310
0.371830793207152
-0.853290881632144
0.995701636221690
-0.742477111298898
0.194234351219953
0.431186108523520
-0.885277697888858
0.987610209324678
-0.697522514745704
0.130278988491324
0.488730008614184
-0.913545457642615
0.975369826478432
-0.649637622251876
0.065776323011930
0.544220751236840
-0.937975407878376
0.959031909598964
-0.599023598515543
0.000997330835814
0.597425219474906
-0.958464918240228
0.938665094365406
-0.545893073330329
-0.063785851132656
0.648119901063096
-0.974927912181824
0.914354941881195
-0.490469248326075
-0.128301068387887
0.696091827363977
-0.987295228574600
0.886203579231227
-0.432984959298117
-0.192277292145416
0.741139468049861
-0.995514912254009
0.854329270445664
-0.373681698062455
-0.255445757935778
0.783073577733190
-0.999552432283502
0.818865919671928
-0.312808597947497
-0.317541094684859
0.821717990987291
-0.999390827019095
0.779962508642742
-0.250621387183140
-0.378302439539689
0.856910362418579
-0.995030775365397
0.737782470802777
-0.187381314585705
-0.437474533754523
0.888502848680046
-0.986490593923529
0.692503004724249
-0.123354052049784
-0.494808795034647
0.916362729562253
-0.973806160042911
0.644314329694474
-0.058808578459372
-0.550064361831353
0.940372965551556
-0.957030761100411
0.593418886603658
0.005983950294375
-0.603009105203057
0.960432689513910
-0.936234870639726
0.540030487489688
0.070751340439855
-0.653420603990071
0.976457630438008
-0.911505852311695
0.484373417312204
0.135221503813008
-0.701087079207475
0.988380467458435
-0.882947592858939
0.426681491730805
0.199123600900979
-0.745808283729274
0.996151112670945
-0.850680065687339
0.367197074843800
0.262189178640853
-0.787396343528035
0.999736921552070
-0.814838826856928
0.306170061015490
0.324153298191783
-0.825676546934569
0.999122830098857
-0.775574445610248
0.243856825068133
0.384755647944976
-0.860488078602870
0.994311418112898
-0.733051871829846
0.180519145250539
0.443741637093987
-0.891684695095881
0.985322898362563
-0.687449743083319
0.116423103505774
0.500863465172511
-0.919135339255248
0.972195031668985
-0.638959634165635
0.051837967659667
0.555881163064896
-0.942724690773064
0.954982968272730
-0.587785252292521
-0.012964939775270
0.608563601118139
-0.962353650653273
0.933759016147281
-0.534141581324955
-0.077713381426535
0.658689460118647
-0.977939757526860
0.908612337232897
-0.478253978621321
-0.142135348732802
0.706048161055820
-0.989417534072683
0.879648572866629
-0.420357228309543
-0.205960204653156
0.750440749765116
-0.996738762088010
0.846989399982742
-0.360694554957755
-0.268919820615255
0.791680732735948
-0.999872685053500
0.810772019947073
-0.299516601786651
-0.330749702924266
0.829594860571805
-0.998806137341433
0.771148582173447
-0.237080377715503
-0.391190103902792
0.864023855812177
-0.993543599524644
0.728285544942864
-0.173648177666909
-0.449987113092084
0.894823082057656
-0.984107179553615
0.682362976111758
-0.109486480663947
-0.506893723931695
0.921863151588515
-0.970536519880778
0.633573796645665
-0.044864830350551
-0.561670871434782
0.945030468923129
-0.952888630922456
0.582122970157337
0.019945297363290
-0.614088436501858
0.964227708033383
-0.931237651557726
0.528226641853110
0.084671634772643
-0.663926212652209
0.979374221211598
-0.905674537670642
0.472111230506237
0.149042266176222
-0.710974831112880
0.990406377872180
-0.876306680043875
0.414012477270010
0.212786770195525
-0.755036640377528
0.997277831863998
-0.843257453209714
0.354174455327965
0.275637355816989
-0.795926536541843
0.999959716170870
-0.806665697152795
0.292848544541196
0.337329987382846
-0.833472740925921
0.998440764181980
-0.766685134042680
0.230292375399734
0.397605493806830
-0.867517521717708
0.992727357023030
-0.723483722445879
0.166768746716080
0.456210657353127
-0.897917856604819
0.982843496749103
-0.677242951731412
0.102544521605516
0.512899277405895
-0.924546033612327
0.968830705511815
-0.628157079632685
0.037889506392898
0.567433204758794
-0.947290187621379
0.950747851124671
-0.576432316169747
-0.026924682845656
0.619583342081443
-0.966054770315354
0.928670899758815
-0.522285957359958
-0.091625761342612
0.669130606358911
-0.980760951578485
0.902692596809137
-0.465945472355927
-0.155941919509855
0.715866849259708
-0.991346950662060
0.872922077269766
-0.407647547846418
-0.219602964810912
0.759595731569212
-0.997768295725419
0.839484407258075
-0.347637093734995
-0.282341456842976
0.800133548011231
-0.999998010662407
0.802520058610541
-0.286166214270719
-0.343893830853744
0.837309998994498
-0.998026728428277
0.762184318760037
-0.223493148958481
-0.404001504979933
0.870968906043171
-0.991862730390564
0.718646638372946
-0.159881187691924
-0.462411966550448
0.900968867902423
-0.981531911539144
0.672089919485130
-0.095597564671769
-0.518879832892908
0.927183854566759
-0.967077671701052
0.622709747129841
-0.030912335754158
-0.573167882188842
0.949503736732347
-0.948560733217857
0.570713567684478
0.033902756057078
-0.625048050043214
0.967834748450661
-0.926058885850452
0.516319817385982
0.098575422202465
-0.674302387583692
0.982099881040218
-0.899666659983924
0.459757004680445
0.162833972454221
-0.720723977066319
0.992239206600176
-0.869494929505230
0.401262750256554
0.226408456287718
-0.764117801136718
0.998210129767731
-0.835670446020825
0.341082788800306
0.289031796944463
-0.804301562100241
0.999987566661690
-0.798335306372682
0.279469936662896
0.350440913424380
-0.841106447755055
0.997564050259823
-0.757646355689126
0.216683029776561
0.410377825689853
-0.874377840572796
0.990949761767944
-0.713774528476638
0.152985836284014
0.468590738440684
-0.903975967248436
0.980172487848530
-0.666904130524182
0.088645948447702
0.524835098908992
-0.929776485888265
0.965277503888972
-0.617232064632524
0.023933658491670
0.578874624225118
-0.951671008370665
0.946327383799198
-0.564967003424890
-0.040879176895772
0.630482294044660
-0.969567555685797
0.923401737138381
-0.510328512712721
-0.105520278635082
0.679441304261570
-0.983390944339328
0.896596874675043
-0.453546129097377
-0.169718089100718
0.725545977802920
-0.993083102199175
0.866025403784393
-0.394858395686131
-0.233202912935558
0.768602628680458
-0.998603312456597
0.831815755384866
-0.334511859971900
-0.295708050044148
0.808430375665950
-0.999928384677748
0.794111644398410
-0.272760038084415
-0.356970915999508
0.844861902173849
-0.997052752226927
0.753071466003571
-0.209862349769242
-0.416734145163299
0.877744159160144
-0.989988495651927
0.708867630216957
-0.146083028562499
-0.474746671879612
0.906939008081221
-0.978765291933720
0.661685837596943
-0.081690011744942
-0.530764785202594
0.932323801215485
-0.963430289813096
0.611724299114982
-0.016953814736660
-0.584553152728693
0.953791896906712
-0.944047911718848
0.559192903470793
0.047853605341057
-0.635885809228749
0.971253107566069
-0.920699583128454
0.504312335347520
0.112459992158412
-0.684547105928659
0.984634078551128
-0.893483390499299
0.447313148315632
0.176593933926765
-0.730332616452312
0.993878596328830
-0.862513669207268
0.388434796274773
0.239986003602642
-0.773049995616559
0.998947824628821
-0.827920523222633
0.327924627507151
0.302369890750438
-0.812519787475541
0.999820467595022
-0.789849278542777
0.266036845566704
0.363483520315588
-0.848576179215575
0.996492859249503
-0.748459872677337
0.203031441367289
0.423070153602640
-0.881067697735379
0.988978978893328
-0.703926182748881
0.139173100960040
0.480879466835321
-0.909857845986157
0.977310392379367
-0.656435295035308
0.074730093586484
0.536668602769555
-0.934825676396029
0.961536119504153
-0.606186719018296
0.009973144676411
0.590203190936471
-0.955866298971235
0.941722428075208
-0.553391549243295
-0.054825701469356
0.641258332235421
-0.972891321940167
0.917952555519670
-0.498271578510769
-0.119394224540155
0.689619543735723
-0.985829223087090
0.890326359203721
-0.441058366122307
-0.183461171813833
0.735083659720169
-0.994625650217830
0.858959896930617
-0.381992265099236
-0.246757397690260
0.777459685186340
-0.999243649493388
0.823984939381992
-0.321321412458905
-0.309016994374833
0.816569598217116
-0.999663820673246
0.785548416547757
-0.259300686788242
-0.369978408957899
0.852249097851369
-0.995884398615979
0.743811800472678
-0.196190637499096
-0.429385542199351
0.884348294314134
-0.987921260694507
0.698950426911912
-0.132256390257209
-0.486988824404435
0.912732338703392
-0.975807860095317
0.651152758743657
-0.067766533188466
-0.542546263865752
0.937281989491866
-0.959595085281209
0.600619594235946
-0.002991988539387
-0.595824463473191
0.957894113460940
-0.939351046208920
0.547563223492595
0.061795125470086
-0.646599601215835
0.974482118963725
-0.915160788198459
0.492206536620041
0.126322637816060
-0.694658370458969
0.986976319697478
-0.887125934657355
0.434782087366253
0.190319468061988
-0.739798876047653
0.995324227455868
-0.855364260160517
0.375531116159818
0.253516765170658
-0.781831482468040
0.999490772632192
-0.820009195678004
0.314702536658117
0.315649036947097
-0.820579610508352
0.999458451547160
-0.781209268031018
0.252551890060345
0.376455265374307
-0.855880479068596
0.995227399981829
-0.739127475930378
0.189340271576238
0.435680003150713
-0.887585789004548
0.986815392607223
-0.693940605217045
0.125333233564277
0.493074446825087
-0.915562346134019
0.974257768312775
-0.645838486185011
0.060799669945451
0.548397482022468
-0.939692620785922
0.957607281747658
-0.595023196102102
-0.003989313423164
0.601416696366328
-0.959875241542876
0.936933881697944
-0.541708210282689
-0.068761537663807
0.651909355843729
-0.976025421103645
0.912324417231438
-0.486117505277316
-0.133244894304587
0.699663340513419
-0.988075312474497
0.883882272844587
-0.428484617944852
-0.197168488407994
0.744478035621466
-0.995974293995232
0.851726934142998
-0.369051664363383
-0.260263776601361
0.786165174386143
-0.999689182000817
0.815993485882548
-0.308068322699887
-0.322265695230399
0.824549628907166
-0.999204370226179
0.776832044476819
-0.245790784309404
-0.382913773892391
0.859470145878623
-0.994521895368283
0.734407127357501
-0.182480677475439
-0.441953229673170
0.890780024015907
-0.985661428529855
0.688896961836247
-0.118403968306586
-0.499136037493024
0.918347730347652
-0.972660192581130
0.640492736369865
-0.053829843412072
-0.554221972059773
0.942057452787273
-0.955572805786112
0.589397797376950
0.010970420951979
-0.606979617057974
0.961809586659785
-0.934471052351311
0.535826794979041
0.075724598516963
-0.657187337329498
0.977521153141458
-0.909443580859513
0.480004781252994
0.140160656625172
-0.704634209963568
0.989126147854717
-0.880595531856706
0.422166264787468
0.204007899039816
-0.749120910386277
0.996575818152636
-0.848048096156436
0.362554225509693
0.266998103142988
-0.790460549722900
0.999838867929056
-0.811938005715917
0.301419093926013
0.328866646738579
-0.828479459920205
0.998901589093851
-0.772416959224576
0.239017699062615
0.389353619733136
-0.863017923326387
0.993767919160594
-0.729650984817484
0.175612189524086
0.448204916018920
-0.893930843665495
0.984459424705061
-0.683819742589253
0.111468932206297
0.505173300974471
-0.921088355588414
0.971015210763864
-0.635115769842174
0.046857393288295
0.560019450099861
-0.944376370237495
0.953491756554190
-0.583743672234854
-0.017950993798182
0.612512954419586
-0.963697054534290
0.931962678204010
-0.529919264233152
-0.082683968660246
0.662433288431427
-0.978969242177391
0.906518419490395
-0.473868662473019
-0.147069587712864
0.709570736536575
-0.990128774621973
0.877265871885045
-0.415827335842132
-0.210837366614672
0.753727274054617
-0.997128770610604
0.844327925501964
-0.356039116274327
-0.273719416573746
0.794717399127498
-0.999939823121439
0.807842952836363
-0.294755174410956
-0.335451569750359
0.832368912013179
-0.998550122907321
0.767964227459457
-0.232232964430378
-0.395774489027961
0.866523638498104
-0.992965508106548
0.724859280117697
-0.168735142482367
-0.454434757489183
0.897038094387014
-0.983209439716772
0.678709194932896
-0.104528463267511
-0.511185943021924
0.923784088282275
-0.969322903035123
0.629707848668051
-0.039882659401047
-0.565789633582022
0.946649260115674
-0.951364235479163
0.578061096249714
0.024930691738045
-0.618016438763925
0.965537553173931
-0.929408881510494
0.523985905969929
0.089639308903320
-0.667646953469603
0.980369617633578
-0.903549075692514
0.467709448002765
0.153971350836336
-0.714472679632778
0.991083143909616
-0.873893455212427
0.409468140058886
0.217656558273727
-0.758296902118971
0.997633124419049
-0.840566603495570
0.349506654194942
0.280427389306083
-0.798935515127242
0.999992042657545
-0.803708526830715
0.288076888944536
0.342020143325666
-0.836217795619929
0.998149988796546
-0.763474066201472
0.225436911090644
0.402176068832337
-0.869987120530050
0.992114701314504
-0.720032246799377
0.161849871527405
0.460642450450478
-0.900101624737243
0.981911534487409
-0.673565567947896
0.097582899759119
0.517173670588079
-0.926434797042851
0.967583351875654
-0.624269236421770
0.032905981689474
0.571532241276027
-0.948876011644439
0.949190346253542
-0.572350346381893
-0.031909174591164
0.623489801858751
-0.967330992875518
0.926809786739377
-0.518027009373076
-0.096590280252940
0.672828078337006
-0.981722211257653
0.900535694187403
-0.461527438034055
-0.160865609613839
0.719339800338548
-0.991989209203004
0.870478446205460
-0.403088987376374
-0.224465141658978
0.762829571862115
-0.998088854996443
0.836764313458908
-0.342957157654313
-0.287121694403089
0.803114692137382
-0.999995523992272
0.799534929205601
-0.281384563016529
-0.348572047321707
0.840025923150797
-0.997701206263468
0.758946694294604
-0.218629870274350
-0.408558047142503
0.873408200617111
-0.991215540251524
0.715170120125163
-0.154956712238489
-0.466827692349010
0.903121285404138
-0.980565772275211
0.668389112327036
-0.090632580197862
-0.523136191838763
0.929040352678425
-0.965796642068672
0.618800198173262
-0.025927700186776
-0.577246993294529
0.951056516295202
-0.946970194829555
0.566611700966027
0.038886102236586
-0.628932776940249
0.969077286229096
-0.924165520566789
0.512042864870614
0.103536543929022
-0.677976410513092
0.983026957126155
-0.897478421842824
0.455322933869134
0.167752028028027
-0.724171861437601
0.992846926341825
-0.867021011307309
0.396690188705291
0.231262784929897
-0.767325062368411
0.998495940131141
-0.832921240710108
0.336390945865233
0.293802005593778
-0.807254726470180
0.999950266955940
-0.795322363376015
0.274678522802330
0.355106962407924
-0.843793109003273
0.997203797181172
-0.754382332396571
0.211812173746620
0.414920112910256
-0.876786712020671
0.990268068741567
-0.710273137067929
0.148056000578031
0.472990181724010
-0.906096929213699
0.979172218670645
-0.663180080364135
0.083677843332510
0.529073216169493
-0.931600628198057
0.963962860695894
-0.613301000476449
0.018948155004096
0.582933611108953
-0.953190667792961
0.944703889414100
-0.560845439695227
-0.045861134627790
0.634345098725492
-0.970776348122908
0.921476211870357
-0.506033764121303
-0.110477761379568
0.683091699075744
-0.984283791647614
0.894377407666317
-0.449096237906375
-0.174630270445032
0.728968627421466
-0.993656253522156
0.863521319028252
-0.390272055913640
-0.238049156778942
0.771783154533408
-0.998854359982407
0.829037572555114
-0.329808338856456
-0.300467997289642
0.811355416346478
-0.999856273754319
0.791071034656472
-0.267959095144445
-0.361624570082198
0.847519169570031
