0.999999999999999
0.533298177137561
-0.431186108523508
-0.993199708502812
-0.628157079632706
0.323209657454460
0.972891321940144
0.714472679632803
-0.210837366614619
-0.939351046208923
-0.791071034656340
0.095597564671820
0.893035048612884
0.856910362418589
0.020942419883358
-0.834573253721301
-0.911095209678025
-0.137197575318809
0.764760776027598
0.952888630922457
0.251586763744507
-0.684547105928688
-0.981722211257633
-0.362554225509614
0.595023196102036
0.997203797181179
0.468590738440718
-0.497406623913221
-0.999122830098857
-0.568254144143263
0.393025031653922
0.987453210044202
0.660188962196490
-0.283298069832751
-0.962353650653278
-0.743144825477394
0.169718089100670
0.924165520566706
0.815993485882553
-0.053829843412129
-0.873408200617130
-0.877744159160097
-0.062790519529313
0.810772019947092
0.927557000153158
0.178556894798636
-0.737108867130246
-0.964754525183622
-0.291894792201033
0.653420603990106
0.988830826225128
0.401262750256475
-0.560845439695165
-0.999458451547164
-0.505173300974502
0.460642450450633
0.996492859249503
0.602213200286083
-0.354174455328015
-0.979974383116320
-0.691062648986866
0.242889481131221
0.950127684053201
0.770513242775790
-0.128301068387841
-0.907358694567862
-0.839484407258074
0.011967686315586
0.852249097851387
0.897038094386966
0.104528463267655
-0.785548416547704
-0.942391540464033
-0.219602964810950
0.708163818808664
0.974927912181822
0.331690738005523
-0.621147780278304
-0.994204695916450
-0.439267323789386
0.525683769810510
0.999959716170870
0.540869617879335
-0.423070153602601
-0.992114701314477
-0.635115769842181
0.314702536658177
0.970776348122917
0.720723977066252
-0.202054781745393
-0.936234870639736
-0.796529918024198
0.086658964004071
0.888960053096192
0.861502587724554
0.029915466169394
-0.829594860571830
-0.914758319980694
-0.146083028562408
0.758946694294554
0.955572805786142
0.260263776601389
-0.677976410513219
-0.983390944339328
-0.370904785546273
0.587785252292471
0.997834392738111
0.476501273172325
-0.489599871965049
-0.998706711663818
-0.575617065685672
0.384755647944933
0.985996037070503
0.666904130524182
-0.274678522802386
-0.959875241542890
-0.749120910386207
0.160865609613694
0.920699583128425
0.821149209133703
-0.044864830350510
-0.869001873620737
-0.882009399911611
-0.071746136761384
0.805485232008602
0.930873748644204
0.187381314585730
-0.731013521647782
-0.967077671701076
-0.300467997289444
0.646599601215791
0.990128774621971
0.409468140058883
-0.553391549243334
-0.999713548968503
-0.512899277405899
0.452657049577008
0.995701636221687
0.609354685562802
-0.345766150139921
-0.978147600733804
-0.697522514745697
0.234172629481211
0.947290187621393
0.776203631076349
-0.119394224540231
-0.903549075692480
-0.844327925502011
0.002991988539342
0.847519169570122
0.900968867902416
0.113450940249994
-0.779962508642702
-0.945356108439567
-0.228350870110670
0.701797902883987
0.976885954764646
0.340145095010568
-0.614088436501820
-0.995129582585910
-0.447313148315621
0.518027009373124
0.999838867929057
0.548397482022559
-0.414920112910122
-0.990949761767934
-0.642023290261343
0.306170061015450
0.968583161128631
0.726917207456606
-0.193255917795545
-0.933043264819444
-0.801924626841817
0.077713381426508
0.884813436149738
0.866025403784433
0.038886102236394
-0.824549628907140
-0.918347730347642
-0.154956712238502
0.753071466003610
0.958179992386563
0.268919820615275
-0.671351092126003
-0.984980447915481
-0.379225462652937
0.580499952001572
0.998384595114689
0.484373417312209
-0.481753674101714
-0.998210129767735
-0.582933611109057
0.376455265374390
0.984459424705049
0.673565567947806
-0.266036845566673
-0.957319497532068
-0.755036640377527
0.152000169561264
0.917159467080770
0.826238774316001
-0.035896202634579
-0.864525533178363
-0.886203579231220
-0.080695973575221
0.800133548011209
0.934115498817193
0.196190637499099
-0.724859280117744
-0.969322903035171
-0.309016994374952
0.639726503425796
0.991346950662072
0.417640539972135
-0.545893073330305
-0.999888101810273
-0.520583930743613
0.444635179184930
0.994830191844716
0.616447076559474
-0.337329987382833
-0.976242011289665
-0.703926182748949
0.225436911090844
0.944376370237475
0.781831482468033
-0.110477761379568
-0.899666659983956
-0.849103418222197
-0.005983950294383
0.842720958654044
0.904827052466022
0.122364276755721
-0.774313760984860
-0.948244511287228
-0.237080377715496
0.695375444745714
0.978765291933712
0.348572047321815
-0.606979617058055
-0.995974293995239
-0.455322933869013
0.510328512712704
0.999637465011020
0.555881163064884
-0.406736643075808
-0.989704983719632
-0.648879084367482
0.297612917967906
0.966311937657220
0.733051871829827
-0.184441483668984
-0.929776485888246
-0.807254726470168
0.068761537663788
0.880595531856732
0.870478446205551
0.047853605341169
-0.819437965209740
-0.921863151588490
-0.163817911415159
0.747135564508140
0.960709980668816
0.277554198388927
-0.664671684553436
-0.986490593923516
-0.387515586452124
0.573167882188910
0.998854359982400
0.492206536620113
-0.473868662473011
-0.997633124419047
-0.590203190936475
0.368124552684664
0.982843496749092
0.680172737770916
-0.257373734365315
-0.954686624531131
-0.760891538834834
0.143122483211104
0.913545457642597
0.831261771375075
-0.026924682845675
-0.859979539938285
-0.890326359203710
-0.089639308903450
0.794717399127550
0.937281989491890
0.204984153792219
-0.718646638372941
-0.971490038292873
-0.317541094684861
0.632801864369474
0.992485256199832
0.425779291565063
-0.538350616090698
-0.999982096009160
-0.528226641853099
0.436577485577661
0.993878596328826
0.623489801858725
-0.328866646738601
-0.974257768312784
-0.710273137068070
0.216683029776437
0.941386466660902
0.787396343528006
-0.101552397284381
-0.895711760239399
-0.853810500668357
-0.014959407015275
0.837854851683748
0.908612337232870
0.131267754658216
-0.768602628680502
-0.951056516295159
-0.245790784309499
0.688896961836228
0.980565772275218
0.356970915999474
-0.599821894687933
-0.996738762088015
-0.463296035119873
0.502588900079047
0.999355523643321
0.563320058063609
-0.398520403422634
-0.988380467458426
-0.655682599805302
0.289031796944467
0.963962860695854
0.739127475930333
-0.175612189523998
-0.926434797042877
-0.812519787475590
0.059804153945029
0.876306680043865
0.874861356216680
0.056817252993022
-0.814260281314363
-0.925304300474002
-0.172665912166285
0.741139468049856
0.963162566797654
0.286166214270776
-0.657938725939692
-0.987921260694515
-0.395774489027945
0.565789633582216
0.999243649493385
0.499999999999982
-0.465945472355801
-0.996975742105720
-0.597425219474880
0.359764181061808
0.981148383394174
0.686725107669333
-0.248689887164828
-0.951976834664467
-0.766685134042650
0.134233265817655
0.909857845986202
0.836217795619830
-0.017950993798068
-0.855364260160496
-0.894377407666340
-0.098575422202444
0.789237221724084
0.940372965551567
0.213761154992143
-0.712376096951330
-0.973578902873162
-0.326039611452343
0.625826241948820
0.993543599524646
0.433883739117585
-0.530764785202584
-0.999995523992272
-0.535826794978998
0.428484617944757
0.992846926341838
0.630482294044738
-0.320376810078708
-0.972195031668976
-0.716562866343794
0.207911690817765
0.938320717781195
0.792897765908460
-0.092618851350298
-0.891684695095870
-0.858448793601868
-0.023933658491746
0.832921240710106
0.912324417231444
0.140160656625170
-0.762829571862256
-0.953791896906693
-0.254481388115561
0.682362976111767
0.982287250728684
0.365341024366418
-0.592615846072340
-0.997422925272833
-0.471231809694077
0.494808795034670
0.998993066541315
0.570713567684453
-0.390272055913735
-0.986976319697493
-0.662433288431474
0.280427389306013
0.961536119504153
0.745143530260988
-0.166768746716085
-0.923018467515393
-0.817719385664430
0.050841951945632
0.871947226253871
0.879173780697066
0.065776323011910
-0.809016994374941
-0.928670899758827
-0.181500001629207
0.735083659720189
0.965537553173978
0.294755174410923
-0.651152758743565
-0.989272332962987
-0.404001504979987
0.558365800629677
0.999552432283503
0.507753179550771
-0.457984742103057
-0.996238035791517
-0.604599114862369
0.351374824081358
0.979374221211590
0.693222149734000
-0.239986003602554
-0.949190346253536
-0.772416959224595
0.125333233564320
0.906096929213784
0.841106447755029
-0.008975858480985
-0.850680065687337
-0.898356398235637
-0.107503593510510
0.783693457325819
0.943388177963539
0.222520933956328
-0.706048161055828
-0.975589328481117
-0.334511859971832
0.618800198173376
0.994521895368275
0.441953229673240
-0.523136191838688
-0.999928384677748
-0.543383777794794
0.420357228309585
0.991735265002979
0.637423989748701
-0.311861161409521
-0.970053967548097
-0.722794863827383
0.199123600901039
0.935179370598542
0.798335306372711
-0.083677843332308
-0.887585789004554
-0.863017923326344
-0.032905981689398
0.827920523222556
0.915962993388173
0.149042266176183
-0.756995055651756
-0.956450432738628
-0.263151488952113
0.675774014000196
0.983929588598632
0.373681698062511
-0.585362051785827
-0.998026728428270
-0.479129618224878
0.486988824404341
0.998550122907319
0.578061096249565
-0.381992265099261
-0.985492653565727
-0.669130606358845
0.271800388289437
0.959031909598959
0.751099550122307
-0.157911867740834
-0.919527772551453
-0.822853102117256
0.041875653729169
0.867517521717706
0.883415372204712
0.074730093586427
-0.803708526830792
-0.931962678203967
-0.190319468062080
0.728968627421395
0.967834748450669
0.303320386816853
-0.644314329694498
-0.990543701876222
-0.412195971476841
0.550896981452082
0.999780683474844
