0.999999999999999
0.128795596577563
-0.966823388604458
-0.377840786818468
0.869494929505218
0.601815023152048
-0.714472679632801
-0.785856893175402
0.512042864870569
0.917754625683981
-0.275637355816997
-0.988756381047005
0.020942419883353
0.994150963972314
0.235142113102592
-0.933580426497200
-0.475624209070278
0.811063818989323
0.684547105928692
-0.634730513202265
-0.848048096156427
0.416280792260396
0.955278362122344
-0.170209499166026
-0.999122830098858
-0.087155742747666
0.976672278334165
0.338737920245294
-0.889416373291295
-0.567843745053105
0.743144825477390
0.759271307334884
-0.547563223492543
-0.900318771402196
0.315649036947093
0.981627183447665
-0.062790519529302
-0.997801468292048
-0.194234351219978
0.947768410009583
0.438371146789084
-0.834847863263401
-0.653420603990112
0.666532470249444
0.825113498278301
-0.453990499739535
-0.942057452787300
0.211324796455375
0.996492859249505
0.045362988129270
-0.984807753012204
-0.299040792256103
0.907777478532900
0.532876276070746
-0.770513242775784
-0.731353701619175
0.582122970157282
0.881303452064996
-0.355106962408128
-0.972775878209398
0.104528463267642
0.999701489781182
0.152985836284051
-0.960293685676938
-0.400349032556909
0.857167300702103
0.621147780278323
-0.697165102854551
-0.800731370948744
0.490903753615123
0.927183854566794
-0.252069358243092
-0.992114701314480
-0.003490651415247
0.991215540251537
0.258819045102531
-0.924546033612308
-0.496973961027566
0.796529918024187
0.702153052995172
-0.615661475325645
-0.860742027003951
0.393941909590935
0.962217993529289
-0.146083028562393
-0.999847695156391
-0.111468932206346
0.971134279909630
0.361624570082113
-0.877982975427968
-0.587785252292492
0.726574670970958
0.774944488704196
-0.526955795496654
-0.910683660806188
0.292371704722709
0.985996037070509
-0.038387809087489
-0.995884398615966
-0.218143241396574
0.939692620785896
0.460199784783882
-0.821149209133683
-0.671720589323016
0.648119901063102
0.838670567945444
-0.432085748801947
-0.949972051524655
0.187381314585712
0.998239827923765
0.069756473744139
-0.980271174621718
-0.322265695230526
0.897258369674320
0.553391549243358
-0.754709580222759
-0.747798090498544
0.562083377852113
0.892585818452134
-0.332161131883682
-0.978147600733809
0.080198924328835
0.998806137341432
0.177084740319609
-0.953190667792938
-0.422618261740724
0.844327925501999
0.640109699484978
-0.679441304261493
-0.815127795728572
0.469471562785862
0.936059535738984
-0.228350870110622
-0.994880708828791
-0.027921638723605
0.987688340595131
0.282341456842912
-0.914959667849808
-0.518027009373163
0.781520472418793
0.719339800338679
-0.596224874965581
-0.872922077269830
0.371367835550193
0.968583161128641
-0.121869343405102
-0.999975630705393
-0.135715572434352
0.965016494472298
0.384295322659849
-0.866025403784427
-0.607375839723304
0.709570736536503
0.790155012375705
-0.506033764121141
-0.920504853452450
0.268919820615239
0.989776230907792
-0.013962180339116
-0.993372765600392
-0.241921895599698
0.931055815862516
0.481753674101744
-0.806960312143781
-0.689619543735694
0.629320391049809
0.851726934143066
-0.409923033841538
-0.957319497532077
0.163325962241583
0.999390827019096
0.094108313318555
-0.975149354305553
-0.345298198998575
0.886203579231194
0.573576436351082
-0.738455340625852
-0.763796028634671
0.541708210282699
0.903335292863308
-0.309016994374900
-0.982935349149557
0.055821504993113
0.997314477224455
0.201077921146016
-0.945518575599308
-0.444635179184976
0.830984469274312
0.658689460118722
-0.661311865323630
-0.829037572555073
0.447759087838742
0.944376370237500
-0.204496051841758
-0.997052752226924
-0.052335956242978
0.983571470813373
0.305695304963140
-0.904827052465991
-0.538770785006894
0.766044443118934
0.736097087119761
-0.576432316169736
-0.884580975215102
0.348572047321748
0.974370064785244
-0.097582899759077
-0.999506560365729
-0.159881187691908
0.958322574465119
0.406736643075870
-0.853550797275301
-0.626603811364521
0.692143173870370
0.804893797355927
-0.484809620246291
-0.929776485888260
0.245307385878750
0.992965508106539
0.010471784116302
-0.990268068741565
-0.265556117486864
0.921863151588488
0.503019946630286
-0.792289643355170
-0.707106781186590
0.610145163901240
0.864274801953736
-0.387515586452070
-0.964095404234126
0.139173100960028
0.999945169365512
0.118403968306540
-0.969445349895121
-0.368124552684716
0.874619707139361
0.593418886603736
-0.721760228098311
-0.779337964931501
0.521009631840513
0.913545457642619
-0.285688367404901
-0.987136265072995
0.031410759078051
0.995227399981825
0.224951054343942
-0.937281989491872
-0.466386640339963
0.817144898335097
0.676875969682721
-0.642787609686496
-0.842452397007192
0.425779291565020
0.952129392742164
-0.180519145250501
-0.998629534754577
-0.076719028126880
0.978867388761677
0.328866646738642
-0.894154236839351
-0.559192903470800
0.750111069630434
0.752414908895767
-0.556295615500272
-0.895711760239442
0.325568154457118
0.979575249599357
-0.073238197127589
-0.998440764181976
-0.183951350612764
0.951056516295130
0.428935133403187
-0.840566603495642
-0.645457687723987
0.674302387583666
0.819152044289020
-0.463296035119791
-0.938493022759573
0.221548497619388
0.995561964603084
0.034899496702584
-0.986572161606959
-0.289031796944552
0.912120116172249
0.523985905970152
-0.777145961456933
-0.724171861437528
0.590605667619876
0.876306680043906
-0.364876784337561
-0.970295726276018
0.114937150492803
0.999902524009302
0.142628933705577
-0.963162566797631
-0.390731128489336
0.862513669207207
0.612907053653031
-0.704634209963524
-0.794414620535461
0.499999999999961
0.923210217113008
-0.262189178640820
-0.990747840471453
0.006981260297914
0.992546151641312
0.248689887164903
-0.928485826880883
-0.487859659138777
0.802817475191066
0.694658370459035
-0.623879596709321
-0.855364260160534
0.403545296352313
0.959313974540073
-0.156434465040146
-0.999610115040355
-0.101056297183034
0.973578902873146
0.351841648404785
-0.882947592858897
-0.579281172342753
0.733729864502832
0.768283523593582
-0.535826794978940
-0.906307787036689
0.302369890750380
0.984195607969258
-0.048849769795544
-0.996778878456238
-0.207911690817829
0.943222657947567
0.450877540689496
-0.827080574274504
-0.663926212652297
0.656059028990428
0.832921240710141
-0.441505852791650
-0.946649260115721
0.197657340379020
0.997564050259829
0.059306373576071
-0.982287250728672
-0.312334918512284
0.901832526405077
0.544639035015074
-0.761538307536680
-0.740804596286788
0.570713567684359
0.887815385136428
-0.342020143325584
-0.975916761938760
0.090632580197689
0.999262916410618
0.166768746716194
-0.956304755963015
-0.413104429824628
0.849892692986798
0.632029302664881
-0.687087510804372
-0.809016994375005
0.478691857940494
0.932323801215527
-0.238533457578510
-0.993767919160607
-0.017452406437415
0.989272332962980
0.272280247040647
-0.919135339255192
-0.509041415750487
0.788010753606690
0.712026045991052
-0.604599114862287
-0.867765453368996
0.381070376350224
0.965925826289089
-0.132256390257010
-0.999993907657790
-0.125333233564361
0.967709170481948
0.374606593416020
-0.871213811120117
-0.599023598515634
0.716910607650419
0.783693457325914
-0.515038074910023
-0.916362729562265
0.278991106039138
0.988228381446571
-0.024432178152614
-0.994521895368265
-0.231747903494252
0.934825676395968
0.472550764869091
-0.813100761046985
-0.681998360062572
0.637423989748588
0.846193166127588
-0.419452082446108
-0.954240328516307
0.173648177666798
0.998970569790716
0.083677843332395
-0.977415894286072
-0.335451569750385
0.891006524188342
0.564967003425006
-0.745475999682786
-0.756995055651848
0.550480740084947
0.898794046299204
-0.318959309297960
-0.980955155349219
0.066273900399939
0.998026728428265
0.190808995376662
-0.948876011644448
-0.435231099372385
0.836764313458909
0.650774217265944
-0.669130606358744
-0.823136368534480
0.457097927058607
0.940880768954268
-0.214735327166910
-0.996194698091751
-0.041875653729301
0.985407898483467
0.295708050044091
-0.909236109047036
-0.529919264233293
0.772733573497265
0.728968627421445
-0.584957674987151
-0.879648572866667
0.358367949545171
0.971961000578558
-0.107999355705940
-0.999780683474842
-0.149535343443849
0.961261695938302
0.397147890634860
-0.858959896930604
-0.618408395357667
0.699663340513321
0.798635510047346
-0.493941866584127
-0.925870584810050
0.255445757935728
0.991671162383101
0.000000000000123
-0.991671162383070
-0.255445757935856
0.925870584809957
0.493941866584341
-0.798635510047198
-0.699663340513416
0.618408395357474
0.858959896930730
-0.397147890634634
-0.961261695938339
0.149535343443606
0.999780683474847
0.107999355706185
-0.971961000578527
-0.358367949545401
0.879648572866550
0.584957674987350
-0.728968627421354
-0.772733573497421
0.529919264233085
0.909236109047091
-0.295708050043964
-0.985407898483509
0.041875653729055
0.996194698091739
0.214735327167151
-0.940880768954184
-0.457097927058826
0.823136368534405
0.669130606358927
-0.650774217265757
-0.836764313459044
0.435231099372266
0.948876011644526
-0.190808995376421
-0.998026728428280
-0.066273900400071
0.980955155349171
0.318959309298193
-0.898794046299096
-0.550480740085057
0.756995055651688
0.745475999682950
-0.564967003424803
-0.891006524188403
0.335451569750153
0.977415894286124
-0.083677843332150
-0.998970569790710
-0.173648177667040
0.954240328516234
0.419452082446331
-0.846193166127517
-0.637423989748778
0.681998360062392
0.813100761047128
-0.472550764868975
-0.934825676396056
0.231747903494013
0.994521895368291
0.024432178152746
