0.999999999999999
-0.363483520315674
-0.735759460917848
0.898356398235640
0.082683968660247
-0.958464918240235
0.614088436501824
0.512042864870570
-0.986326722653182
0.204984153792232
0.837309998994522
-0.813680925852317
-0.245790784309488
0.992362724936243
-0.475624209070276
-0.646599601215798
0.945680807639535
-0.040879176895778
-0.915962993388164
0.706754083527004
0.402176068832416
-0.999122830098857
0.324153298191768
0.763474066201494
-0.879173780697052
-0.124343704647483
0.969567555685774
-0.580499952001574
-0.547563223492547
0.978560368142514
-0.163817911415140
-0.859470145878644
0.788624379875529
0.286166214270799
-0.996657785792646
0.438371146789080
0.677976410513216
-0.931237651557736
-0.000997330835806
0.931962678203972
-0.676508819317007
-0.440163063864076
0.996492859249503
-0.284254401034800
-0.789849278542796
0.858448793601867
0.165785299524490
-0.978969242177371
0.545893073330300
0.582122970157288
-0.969077286229078
0.122364276755729
0.880122490076976
-0.762184318760074
-0.326039611452340
0.999204370226178
-0.400349032556901
-0.708163818808672
0.915160788198427
0.042872088910203
-0.946327383799162
0.645076728758686
0.477377863313317
-0.992114701314477
0.243856825068129
0.814838826856941
-0.836217795619837
-0.206936050651907
0.986653483962204
-0.510328512712686
-0.615661475325653
0.957894113460918
-0.080695973575229
-0.899230800360078
0.734407127357536
0.365341024366389
-0.999998010662407
0.361624570082103
0.737108867130244
-0.897478421842888
-0.084671634772617
0.959031909598966
-0.612512954419578
-0.513755179776206
0.985996037070502
-0.203031441367183
-0.838398870984693
0.812519787475589
0.247723765629153
-0.992606800269063
0.473868662473005
0.648119901063133
-0.945030468923149
0.038886102236387
0.916761554258676
-0.705341536300414
-0.404001504979998
0.999037314786327
-0.322265695230513
-0.764760776027603
0.878221573370232
0.126322637816039
-0.970053967548093
0.578874624225106
0.549231195078596
-0.978147600733806
0.161849871527517
0.860488078602872
-0.787396343528013
-0.288076888944384
0.996818746958189
-0.436577485577668
-0.679441304261505
0.930508919819369
0.002991988539364
-0.932683996873423
0.675038536511936
0.441953229673213
-0.996323967984950
0.282341456842869
0.791071034656334
-0.857424025836175
-0.167752028027983
0.979374221211596
-0.544220751236823
-0.583743672234781
0.968583161128630
-0.120384362016264
-0.881067697735383
0.760891538834813
0.327924627507194
-0.999281934843867
0.398520403422600
0.709570736536537
-0.914354941881181
-0.044864830350504
0.946970194829514
-0.643551289750780
-0.479129618224914
0.991862730390572
-0.241921895599679
-0.815993485882552
0.835122265206159
0.208887124180299
-0.986976319697491
0.508612130123441
0.617232064632457
-0.957319497532063
0.078707657427098
0.900101624737237
-0.733051871829834
-0.367197074843847
0.999992042657545
-0.359764181061786
-0.738455340625867
0.896596874675026
0.086658964004065
-0.959595085281238
0.610935035347203
0.515465450616837
-0.985661428529864
0.201077921145966
0.839484407258081
-0.811355416346519
-0.249655761336398
0.992846926341835
-0.472111230506236
-0.649637622251902
0.944376370237473
-0.036892872861847
-0.917556467632727
0.703926182748946
0.405825333736818
-0.998947824628822
0.320376810078754
0.766044443118968
-0.877265871885024
-0.128301068387850
0.970536519880777
-0.577246993294553
-0.550896981452090
0.977730941593511
-0.159881187691827
-0.861502587724561
0.786165174386218
0.289986417453571
-0.996975742105721
0.434782087366248
0.680903494733569
-0.929776485888260
-0.004986634338742
0.933401604696207
-0.673565567947792
-0.443741637094040
0.996151112670952
-0.280427389306018
-0.792289643355187
0.856395846658789
0.169718089100686
-0.979775303633908
0.542546263865773
0.585362051785823
-0.968085182350395
0.118403968306484
0.882009399911598
-0.759595731569288
-0.329808338856484
0.999355523643321
-0.396690188705073
-0.710974831112871
0.913545457642607
0.046857393288232
-0.947609238173051
0.642023290261339
0.480879466835328
-0.991606813167031
0.239986003602572
0.817144898335131
-0.834023412112249
-0.210837366614590
0.987295228574592
-0.506893723931712
-0.618800198173362
0.956741072739880
-0.076719028126848
-0.900968867902410
0.731693699726822
0.369051664363415
-0.999982096009160
0.357902360656730
0.739798876047571
-0.895711760239415
-0.088645948447645
0.960154443046357
-0.609354685562832
-0.517173670587896
0.985322898362556
-0.199123600901015
-0.840566603495691
0.810187817097838
0.251586763744489
-0.993083102199183
0.470351920162230
0.651152758743584
-0.943718514184997
0.034899496702521
0.918347730347642
-0.702508028503844
-0.407647547846454
0.998854359982401
-0.318486650251704
-0.767325062368335
0.876306680043862
0.130278988491385
-0.971015210763873
0.575617065685690
0.552560575985458
-0.977310392379381
0.157911867740823
0.862513669207240
-0.784930877348535
-0.291894792201023
0.997128770610609
-0.432984959298126
-0.682362976111775
0.929040352678489
0.006981260298008
-0.934115498817168
0.672089919485080
0.445528279010952
-0.995974293995240
0.278512206039644
0.793505099790897
-0.855364260160500
-0.171683474920213
0.980172487848550
-0.540869617879294
-0.586978102371350
0.967583351875683
-0.116423103505857
-0.882947592858915
0.758296902119057
0.331690738005520
-0.999425136331752
0.394858395686136
0.712376096951368
-0.912732338703368
-0.048849769795556
0.948244511287211
-0.640492736369808
-0.482627402182589
0.991346950662071
-0.238049156779108
-0.818293059633580
0.832921240710087
0.212786770195594
-0.987610209324676
0.505173300974551
0.620365869709230
-0.956158841385750
0.074730093586449
0.901832526405107
-0.730332616452244
-0.370904785546284
0.999968170756824
-0.356039116274327
-0.741139468049883
0.894823082057678
0.090632580197732
-0.960709980668805
0.607771911354050
0.518879832892905
-0.984980447915483
0.197168488407934
0.841645455391815
-0.809016994374928
-0.253516765170621
0.993315326901429
-0.468590738440761
-0.652665304509900
0.943056903383068
-0.032905981689434
-0.919135339255232
0.701087079207482
0.409468140058907
-0.998756921218920
0.316595223269668
0.768602628680482
-0.875344001663085
-0.132256390257084
0.971490038292860
-0.573984847883492
-0.554221972059775
0.976885954764645
-0.155941919509789
-0.863521319028245
0.783693457325814
0.293802005593855
-0.997277831863998
0.431186108523543
0.683819742589299
-0.928300523118963
-0.008975858480993
0.934825676396016
-0.670611596994799
-0.447313148315658
0.995793512661315
-0.276595914663723
-0.794717399127523
0.854329270445685
0.173648177666902
-0.980565772275216
0.539190819948385
0.588591817561759
-0.967077671701071
0.114441775495404
0.883882272844582
-0.756995055651797
-0.333571817464794
0.999490772632192
-0.393025031653950
-0.713774528476686
0.911915588298669
0.050841951945626
-0.948876011644500
0.638959634165635
0.484373417312233
-0.991083143909607
0.236111362835427
0.819437965209707
-0.831815755384885
-0.214735327167044
0.987921260694511
-0.503450868096816
-0.621929073010896
0.955572805786132
-0.072740861719224
-0.902692596809086
0.728968627421448
0.372756431019435
-0.999950266955942
0.354174455328033
0.742477111298909
-0.893930843665499
-0.092618851350335
0.961261695938325
-0.606186719018201
-0.520583930743552
0.984634078551155
-0.195212591445537
-0.842720958654021
0.807842952836247
0.255445757935781
-0.993543599524648
0.466827692348850
0.654175253533052
-0.942391540464022
0.030912335754190
0.919919291221834
-0.699663340513396
-0.411287103130581
0.998655508726067
-0.314702536658181
-0.769877136972496
0.874377840572797
0.134233265817679
-0.971961000578553
0.572350346382070
0.555881163064837
-0.976457630438016
0.153971350836567
0.864525533178349
-0.782452919241453
-0.295708050044047
0.997422925272834
-0.429385542199388
-0.685273788370266
0.927557000153182
0.010970420951952
-0.935532134607103
0.669130606358883
0.449096237906539
-0.995608769388463
0.274678522802391
0.795926536541824
-0.853290881632143
-0.175612189524008
0.980955155349177
-0.537509876752341
-0.590203190936418
0.966568143838555
-0.112459992158413
-0.884813436149732
0.755690197347020
0.335451569750264
-0.999552432283503
0.391190103902721
0.715170120125001
-0.911095209678049
-0.052833931811970
0.949503736732314
-0.637423989748708
-0.486117505277281
0.990815393959218
-0.234172629481215
-0.820579610508402
0.830706960534916
0.216683029776377
-0.988228381446543
0.501726432151703
0.623489801858704
-0.954982968272739
0.070751340439851
0.903549075692481
-0.727601738061186
-0.374606593415930
0.999928384677747
-0.352308385236623
-0.743811800472679
0.893035048612907
0.094604754002499
-0.961809586659758
0.604599114862386
0.522285957359929
-0.984283791647634
0.193255917795535
0.843793109003323
-0.806665697152856
-0.257373734365243
0.993767919160590
-0.465062788901284
-0.655682599805271
0.941722428075178
-0.028918566828690
-0.920699583128426
0.698236818086059
0.413104429824568
-0.998550122907324
0.312808597947522
0.771148582173379
-0.873408200617148
-0.136209607307597
0.972428095747107
-0.570713567684436
-0.557538142399406
0.976025421103620
-0.152000169561239
-0.865526307662169
0.781209268031079
0.297612917967849
-0.997564050259820
0.427583267489734
0.686725107669335
-0.926809786739341
-0.012964939775283
0.936234870639742
-0.667646953469545
-0.450877540689363
0.995420064911707
-0.272760038084545
-0.797132507222897
0.852249097851406
0.177575502677141
-0.981340635521227
0.535826794978993
0.591812216084380
-0.966054770315322
0.110477761379641
0.885741079069620
-0.754382332396482
-0.337329987382790
0.999610115040352
-0.389353619733237
-0.716562866343786
0.910271206105481
0.054825701469374
-0.950127684053209
0.635885809228684
0.487859659138675
-0.990543701876224
0.232232964430284
0.821717990987299
-0.829594860571842
-0.218629870274428
0.988531570358854
-0.499999999999988
-0.625048050043199
0.954389331192274
-0.068761537663762
-0.904401959647590
0.726231953809944
0.376455265374467
-0.999902524009302
0.350440913424584
0.745143530260896
-0.892135700463928
-0.096590280253077
0.962353650653258
-0.603009105203077
-0.523985905970031
0.983929588598637
-0.191298475243120
-0.844861902173860
0.805485232008606
0.259300686788325
-0.993988284916786
0.463296035119841
0.657187337329487
-0.941049568878640
0.026924682845606
0.921476211870433
-0.696807517601222
-0.414920112910211
0.998440764181987
-0.310913414673057
-0.772416959224534
0.872435085653966
0.138185406863731
-0.972891321940128
0.569074518302985
0.559192903470708
-0.975589328481126
0.150028383526721
0.866523638498004
-0.779962508642706
-0.299516601786629
0.997701206263484
-0.425779291565042
-0.688173694712341
0.926058885850400
0.014959407015330
-0.936933881697935
0.666160644229840
0.452657049576906
-0.995227399981841
0.270840468143105
0.798335306372645
-0.851203923248331
-0.179538109315029
0.981722211257622
-0.534141581324968
-0.593418886603672
0.965537553173977
-0.108495091045629
-0.886665197913510
0.753071466003604
0.339207062888974
-0.999663820673247
0.387515586452063
0.717952761591677
-0.909443580859454
-0.056817252993121
0.950747851124665
-0.634345098725747
-0.489599871964950
0.990268068741584
-0.230292375399820
-0.822853102117218
0.828479459920282
0.220575840915129
-0.988830826225120
0.498271578510778
0.626603811364439
-0.953791896906696
0.066771461307963
0.905251245281017
-0.724859280117728
-0.378302439539677
0.999872685053499
-0.348572047321766
-0.746472295365192
0.891232802796674
0.098575422202529
-0.962893885754169
0.601416696366406
0.525683769810413
-0.983571470813402
0.189340271576209
0.845927333913313
-0.804301562100320
-0.261226607538089
0.994204695916446
-0.461527438034060
-0.658689460118667
0.940372965551575
-0.024930691738067
-0.922249174357860
0.695375444745687
0.416734145163394
-0.998327432985146
0.309016994374888
0.773682263079645
-0.871458499554847
-0.140160656625015
0.973350677314590
-0.567433204758871
-0.560845439695083
0.975149354305581
-0.148056000577997
-0.867517521717685
0.778712646036926
0.301419093926029
-0.997834392738108
0.423973621602952
0.689619543735664
-0.925304300473994
-0.016953814736643
0.937629165000503
-0.664671684553397
-0.454434757489280
0.995030775365394
-0.268919820615196
-0.799534929205657
0.850155361981332
0.181500001629096
-0.982099881040217
0.532454242495090
0.595023196101966
-0.965016494472331
0.106511989045003
0.887585789004528
-0.751757603384048
-0.341082788800327
0.999713548968502
-0.385676011372347
-0.719339800338652
0.908612337232868
0.058808578459359
-0.951364235479204
0.632801864369444
0.491338136832562
-0.989988495651922
0.228350870110576
0.823984939381919
-0.827360763018056
-0.222520933956205
0.989126147854717
-0.496541174560805
-0.628157079632645
0.953190667792966
-0.064781119290208
-0.906096929213779
0.723483722445883
0.380148108562358
-0.999838867929057
0.346701794364206
0.747798090498539
-0.890326359203687
-0.100560171952169
0.963430289813133
-0.599821894687868
-0.527379542126018
0.983209439716724
-0.187381314585859
-0.846989399982676
0.803114692137369
0.263151488952032
-0.994417151298556
0.459757004680515
0.660188962196438
-0.939692620785927
0.022936601439405
0.923018467515383
-0.693940605217127
-0.418546519366775
0.998210129767734
-0.307119344598689
-0.774944488704192
0.870478446205533
0.142135348732799
-0.973806160042918
0.565789633582159
0.562495744497812
-0.974705500327500
0.146083028562537
0.868507953366931
-0.777459685186466
-0.303320386816761
0.997963609153797
-0.422166264787534
-0.691062648986821
0.924546033612330
0.018948155004233
-0.938320717781181
0.663180080364216
0.456210657353160
-0.994830191844716
0.266998103142890
0.800731370948751
-0.849103418222170
-0.183461171813835
0.982473643366430
-0.530764785202538
-0.596625138196236
0.964491596283505
-0.104528463267770
-0.888502848679994
0.750440749765170
0.342957157654053
-0.999759299728269
0.383834901813056
0.720723977066215
-0.907777478532924
-0.060799669945366
0.951976834664468
-0.631256112300242
-0.493074446825124
0.989704983719631
-0.226408456287614
-0.825113498278317
0.826238774315965
0.224465141658984
-0.989417534072689
0.494808795034782
0.629707848667866
-0.952585646243181
0.062790519529421
0.906939008081175
-0.722105286267305
-0.381992265099194
0.999801072770524
-0.344830161992821
-0.749120910386181
0.889416373291310
0.102544521605549
-0.963962860695851
0.598224706513024
0.529073216169533
-0.982843496749088
0.185421612065898
0.848048096156452
-0.801924626841786
-0.265075323371896
0.994625650217846
-0.457984742103184
-0.661685837596768
0.939008537288569
-0.020942419883455
-0.923784088282235
0.692503004724301
0.420357228309507
-0.998088854996451
0.305220472894374
0.776203631076333
-0.869494929505227
-0.144109475329972
0.974257768312791
-0.564143811312460
-0.564143811312494
0.974257768312782
-0.144109475329932
-0.869494929505248
0.776203631076307
0.305220472894413
-0.998088854996439
0.420357228309676
0.692503004724167
-0.923784088282306
-0.020942419883269
0.939008537288505
-0.661685837596908
-0.457984742103019
0.994625650217842
-0.265075323371857
-0.801924626841811
0.848048096156430
0.185421612065939
-0.982843496749096
0.529073216169498
0.598224706513056
-0.963962860695840
0.102544521605508
0.889416373291328
-0.749120910386154
-0.344830161992646
0.999801072770520
-0.381992265099366
-0.722105286267176
0.906939008081253
0.062790519529235
-0.952585646243125
0.629707848668011
0.494808795034620
-0.989417534072683
0.224465141658944
0.826238774315988
-0.825113498278294
-0.226408456287654
0.989704983719637
-0.493074446825088
-0.631256112300274
0.951976834664455
-0.060799669945325
-0.907777478532941
0.720723977066344
0.383834901812884
-0.999759299728273
0.342957157654228
0.750440749765047
-0.888502848680079
-0.104528463267585
0.964491596283456
-0.596625138196385
-0.530764785202572
0.982473643366422
-0.183461171813795
-0.849103418222192
0.800731370948727
0.266998103142930
-0.994830191844721
0.456210657353123
0.663180080364247
-0.938320717781167
0.018948155004192
0.924546033612260
-0.691062648986956
-0.422166264787366
0.997963609153809
-0.303320386816939
-0.777459685186349
0.868507953367023
0.146083028562353
-0.974705500327459
0.562495744497778
0.565789633582193
-0.973806160042909
0.142135348732758
0.870478446205553
-0.774944488704166
-0.307119344598728
0.998210129767737
-0.418546519366738
-0.693940605217156
0.923018467515367
0.022936601439218
-0.939692620785863
0.660188962196578
0.459757004680349
-0.994417151298575
0.263151488952212
0.803114692137258
-0.846989399982775
-0.187381314585676
0.983209439716731
-0.527379542125983
-0.599821894687900
0.963430289813122
-0.100560171952128
-0.890326359203706
0.747798090498512
0.346701794364245
-0.999838867929058
0.380148108562320
0.723483722445911
-0.906096929213858
-0.064781119290022
0.953190667792910
-0.628157079632790
-0.496541174560643
0.989126147854744
-0.222520933956386
-0.827360763017951
0.823984939382024
0.228350870110616
-0.989988495651928
0.491338136832526
0.632801864369475
-0.951364235479191
0.058808578459318
0.908612337232885
-0.719339800338623
-0.385676011372385
0.999713548968501
-0.341082788800288
-0.751757603383925
0.887585789004614
0.106511989044818
-0.965016494472282
0.595023196102116
0.532454242494932
-0.982099881040252
0.181500001629279
0.850155361981234
-0.799534929205633
-0.268919820615236
0.995030775365399
-0.454434757489244
-0.664671684553428
0.937629165000489
-0.016953814736601
-0.925304300474010
0.689619543735634
0.423973621602989
-0.997834392738106
0.301419093926207
0.778712646036809
-0.867517521717778
-0.148056000577813
0.975149354305540
-0.560845439695237
-0.567433204758718
0.973350677314632
-0.140160656625200
-0.871458499554867
0.773682263079619
0.309016994374927
-0.998327432985148
0.416734145163357
0.695375444745716
-0.922249174357844
-0.024930691738108
0.940372965551589
-0.658689460118636
-0.461527438034096
0.994204695916466
-0.261226607538269
-0.804301562100210
0.845927333913413
0.189340271576026
-0.983571470813369
0.525683769810571
0.601416696366257
-0.962893885754219
0.098575422202488
0.891232802796693
-0.746472295365164
-0.348572047321804
0.999872685053500
-0.378302439539639
-0.724859280117757
0.905251245280999
0.066771461308004
-0.953791896906708
0.626603811364407
0.498271578510617
-0.988830826225148
0.220575840915310
0.828479459920178
-0.822853102117324
-0.230292375399639
0.990268068741558
-0.489599871965112
-0.634345098725603
0.950747851124652
-0.056817252993080
-0.909443580859471
0.717952761591648
0.387515586452101
-0.999663820673246
0.339207062888935
0.753071466003631
-0.886665197913491
-0.108495091045670
0.965537553173988
-0.593418886603821
-0.534141581324811
0.981722211257657
-0.179538109315212
-0.851203923248234
0.798335306372757
0.270840468142926
-0.995227399981823
0.452657049577072
0.666160644229871
-0.936933881697920
0.014959407015289
0.926058885850416
-0.688173694712311
-0.425779291565080
0.997701206263481
-0.299516601786590
-0.779962508642732
0.866523638497983
0.150028383526762
-0.975589328481085
0.559192903470863
0.569074518302832
-0.972891321940171
0.138185406863915
0.872435085653875
-0.772416959224652
-0.310913414672880
0.998440764181977
-0.414920112910174
