0.999999999999999
-0.815416561904554
0.329808338856489
0.277554198388933
-0.782452919241446
0.998495940131151
-0.845927333913353
0.381070376350275
0.224465141658923
-0.747135564508150
0.993988284916784
-0.873893455212350
0.431186108523508
0.170700866905865
-0.709570736536518
0.986490593923520
-0.899230800360078
0.480004781253070
0.116423103505827
-0.669871434827023
0.976025421103624
-0.921863151588499
0.527379542125963
0.061795125470201
-0.628157079632706
0.962624246950012
-0.941722428075171
0.573167882188917
0.006981260297955
-0.584553152728767
0.946327383799162
-0.958748890738521
0.617232064632457
-0.047853605341173
-0.539190819948383
0.927183854566789
-0.972891321940142
0.659439539119636
-0.102544521605569
-0.492206536620116
0.905251245281014
-0.984107179553605
0.699663340513362
-0.156926971670516
-0.443741637094018
0.880595531856735
-0.992362724936243
0.737782470802756
-0.210837366614618
-0.393941909590953
0.853290881632157
-0.997633124419046
0.773682263079594
-0.264113537514763
-0.342957157654142
0.823419430264538
-0.999902524009303
0.807254726470165
-0.316595223269716
-0.290940749522194
0.791071034656337
-0.999164097081316
0.838398870984692
-0.368124552684665
-0.238049156779108
0.756343002654865
-0.995420064911702
0.867021011307347
-0.418546519366779
-0.184441483668973
0.719339800338659
-0.988681689997526
0.893035048612878
-0.467709448002842
-0.130278988491362
0.680172737770924
-0.978969242177369
0.916362729562235
-0.515465450616859
-0.075724598517092
0.638959634165656
-0.966311937657220
0.936933881697906
-0.561670871434776
-0.020942419883366
0.595824463473264
-0.950747851124641
0.954686624531124
-0.606186719018240
0.033902756056967
0.550896981452095
-0.932323801215514
0.969567555685775
-0.648879084367473
0.088645948447643
0.504312335347606
-0.911095209678025
0.981531911539137
-0.689619543735665
0.143122483211126
0.456210657353171
-0.887125934657383
0.990543701876218
-0.728285544942824
0.197168488407926
0.406736643075803
-0.860488078602875
0.996575818152634
-0.764760776027583
0.250621387183122
0.356039116274355
-0.831261771375069
0.999610115040354
-0.798935515127356
0.303320386816844
0.304270581179850
-0.799534929205596
0.999637465011021
-0.830706960534927
0.355106962408136
0.251586763744497
-0.765402990234602
0.996657785792648
-0.859979539938270
0.405825333736815
0.198146143199381
-0.728968627421429
0.990680040617103
-0.886665197913510
0.455322933869022
0.144109475329958
-0.690341439691912
0.981722211257635
-0.910683660806177
0.503450868096832
0.089639308903463
-0.649637622251908
0.969811243937547
-0.931962678203975
0.550064361831359
0.034899496702525
-0.606979617058056
0.954982968272731
-0.950438240274671
0.595023196102011
-0.019945297363279
-0.562495744497753
0.937281989491889
-0.966054770315334
0.638192129352130
-0.074730093586411
-0.516319817386055
0.916761554258668
-0.978765291933715
0.679441304261501
-0.129290092740025
-0.468590738440715
0.893483390499319
-0.988531570358849
0.718646638372916
-0.183461171813779
-0.419452082446168
0.867517521717706
-0.995324227455862
0.755690197347012
-0.237080377715499
-0.369051664363397
0.838942056356246
-0.999122830098857
0.790460549722885
-0.289986417453593
-0.317541094684825
0.807842952836249
-0.999915951636247
0.822853102117265
-0.342020143325680
-0.265075323371802
0.774313760984865
-0.997701206263483
0.852770413853941
-0.393025031653940
-0.211812173746623
0.738455340625893
-0.992485256199833
0.880122490076979
-0.442847653627072
-0.157911867740857
0.700375558181376
-0.984283791647635
0.904827052466025
-0.491338136832486
-0.103536543928923
0.660188962196492
-0.973121483594286
0.926809786739346
-0.538350616090662
-0.048849769795624
0.618016438763816
-0.959031909598961
0.946004566200068
-0.583743672234775
0.005983950294379
0.573984847883474
-0.942057452787308
0.962353650653288
-0.627380757516682
0.060799669945336
0.528226641853074
-0.922249174357866
0.975807860095314
-0.669130606358852
0.115432496909141
0.480879466835338
-0.899666659983963
0.986326722653188
-0.708867630216937
0.169718089100623
0.432085748801962
-0.874377840572814
0.993878596328831
-0.746472295365151
0.223493148958436
0.381992265099237
-0.846458787921233
0.998440764181983
-0.781831482468034
0.276595914663628
0.330749702924219
-0.815993485882559
0.999999502665477
-0.814838826856952
0.328866646738553
0.278512206039597
-0.783073577733169
0.998550122907323
-0.845395038487759
0.380148108562355
0.225436911090799
-0.747798090498532
0.994096984815371
-0.873408200617140
0.430286039357541
0.171683474920142
-0.710273137068054
0.986653483962211
-0.898794046299179
0.479129618224881
0.117413594300055
-0.670611596994805
0.976242011289676
-0.921476211870420
0.526531917830723
0.062790519529368
-0.628932776940307
0.962893885754212
-0.941386466660916
0.572350346382011
0.007978563357544
-0.585362051785811
0.946649260115703
-0.958464918240247
0.616447076559470
-0.046857393288194
-0.540030487489639
0.927557000153164
-0.972660192581131
0.658689460118684
-0.101552397284325
-0.493074446825091
0.905674537670625
-0.983929588598618
0.698950426911902
-0.155941919509774
-0.444635179184895
0.881067697735389
-0.992239206600164
0.737108867130255
-0.209862349769212
-0.394858395686118
0.853810500668348
-0.997564050259820
0.773049995616562
-0.263151488952109
-0.343893830853683
0.823984939381994
-0.999888101810272
0.806665697152828
-0.315649036947085
-0.291894792201093
0.791680732735920
-0.999204370226180
0.837854851683766
-0.367197074843836
-0.239017699062645
0.756995055651748
-0.995514912254017
0.866523638498028
-0.417640539972124
-0.185421612065988
0.720032246799331
-0.988830826225132
0.892585818452144
-0.466827692348859
-0.131267754658279
0.680903494733539
-0.979172218670635
0.915962993388185
-0.514610571130137
-0.076719028126860
0.639726503425772
-0.966568143838550
0.936584841964775
-0.560845439695170
-0.021939521572675
0.596625138196321
-0.951056516295156
0.954389331192268
-0.605393218023259
0.032905981689388
0.551729053112657
-0.932683996873429
0.969322903035155
-0.648119901063144
0.087652499818442
0.505173300974463
-0.911505852311673
0.981340635521220
-0.688896961836247
0.142135348732735
0.457097927058650
-0.887585789004551
0.990406377872169
-0.727601738061211
0.196190637499080
0.407647547846496
-0.860995761366626
0.996492859249500
-0.764117801136730
0.249655761336413
0.356970915999540
-0.831815755384860
0.999581770788449
-0.798335306372725
0.302369890750440
0.305220472894382
-0.800133548011194
0.999663820673246
-0.830151323416318
0.354174455328015
0.252551890060360
-0.766044443118961
0.996738762088015
-0.859470145878668
0.404913620735930
0.199123600901056
-0.729650984817429
0.990815393959219
-0.886203579231187
0.454434757489246
0.145096324107640
-0.691062648986838
0.981911534487441
-0.910271206105460
0.502588900079064
0.090632580197808
-0.650395513961845
0.970053967548098
-0.931600628197990
0.549231195078607
0.035896202634605
-0.607771911353993
0.955278362122342
-0.950127684053187
0.594221336879674
-0.018948155004251
-0.563320058063673
0.937629165000492
-0.965796642068651
0.637423989748714
-0.073735514324047
-0.517173670587961
0.917159467080763
-0.978560368142507
0.678709194932908
-0.128301068387835
-0.469471562785936
0.893930843665492
-0.988380467458426
0.717952761591668
-0.182480677475437
-0.420357228309607
0.868013169235256
-0.995227399981828
0.755036640377551
-0.236111362835378
-0.369978408957917
0.839484407258061
-0.999080569319848
0.789849278542759
-0.289031796944479
-0.318486650251718
0.808430375665905
-0.999928384677748
0.822285955503452
-0.341082788800370
-0.266036845566705
0.774944488704226
-0.997768295725422
0.852249097851423
-0.392107762787081
-0.212786770195587
0.739127475930390
-0.992606800269075
0.879648572866648
-0.441953229673248
-0.158896606741123
0.701087079207533
-0.984459424705067
0.904401959647596
-0.490469248326096
-0.104528463267669
0.660937728603868
-0.973350677314641
0.926434797042916
-0.537509876752321
-0.049845885660707
0.618800198173401
-0.959313974540084
0.945680807639562
-0.582933611109080
0.004986634338753
0.574801242653117
-0.942391540464065
0.962082097133186
-0.626603811364495
0.059804153945035
0.529073216169556
-0.922634279794537
0.975589328481139
-0.668389112327228
0.114441775495437
0.481753674101749
-0.900101624737283
0.986161870314201
-0.708163818808708
0.168735142482156
0.432984959298168
-0.874861356216724
0.993767919160607
-0.745808283729306
0.222520933956330
0.382913773892396
-0.846989399982781
0.998384595114683
-0.781209268031081
0.275637355817019
0.331690738005542
-0.816569598217129
0.999998010662407
-0.814260281314419
0.327924627507229
0.279469936662883
-0.783693457325878
0.998603312456599
-0.844861902173913
0.379225462652957
0.226408456287655
-0.748459872677340
0.994204695916461
-0.872922077269848
0.429385542199442
0.172665912166286
-0.710974831112927
0.986815392607226
-0.898356398235678
0.478253978621355
0.118403968306503
-0.671351092126038
0.976457630438026
-0.921088355588488
0.525683769810545
0.063785851132635
-0.629707848668000
0.963162566797680
-0.941049568878689
0.571532241275980
0.008975858480990
-0.586170368601401
0.946970194829539
-0.958179992386595
0.615661475325703
-0.045861134627715
-0.540869617879358
0.927929223127321
-0.972428095747083
0.657938725939760
-0.100560171952154
-0.493941866584253
0.906096929213828
-0.983751018959329
0.698236818086121
-0.154956712238516
-0.445528279011000
0.881538987243299
-0.992114701314463
0.736434530278411
-0.208887124180306
-0.395774489027952
0.854329270445695
-0.997493983854514
0.772416959224649
-0.262189178640898
