0.999999999999999
-0.390731128489273
-0.694658370458997
0.933580426497201
-0.034899496702500
-0.906307787036649
0.743144825477393
0.325568154457157
-0.997564050259823
0.453990499739547
0.642787609686540
-0.956304755963033
0.104528463267651
0.874619707139395
-0.788010753606720
-0.258819045102525
0.990268068741570
-0.515038074910053
-0.587785252292472
0.974370064785233
-0.173648177666927
-0.838670567945424
0.829037572555037
0.190808995376550
-0.978147600733805
0.573576436351043
0.529919264233205
-0.987688340595136
0.241921895599663
0.798635510047294
-0.866025403784433
-0.121869343405155
0.961261695938319
-0.629320391049828
-0.469471562785892
0.996194698091744
-0.309016994374948
-0.754709580222774
0.898794046299162
0.052335956242945
-0.939692620785910
0.681998360062489
0.406736643075803
-0.999847695156390
0.374606593415898
0.707106781186551
-0.927183854566782
0.017452406437281
0.913545457642603
-0.731353701619160
-0.342020143325673
0.998629534754573
-0.438371146789075
-0.656059028990512
0.951056516295149
-0.087155742747654
-0.882947592858931
0.777145961456960
0.275637355817005
-0.992546151641323
0.499999999999984
0.601815023152055
-0.970295726275992
0.156434465040225
0.848048096156431
-0.819152044288981
-0.207911690817781
0.981627183447663
-0.559192903470742
-0.544639035015035
0.984807753012204
-0.224951054343844
-0.809016994374946
0.857167300702109
0.139173100960075
-0.965925826289071
0.615661475325642
0.484809620246359
-0.994521895368272
0.292371704722728
0.766044443118986
-0.891006524188358
-0.069756473744150
0.945518575599317
-0.669130606358852
-0.422618261740711
0.999390827019094
-0.358367949545277
-0.719339800338671
0.920504853452437
0.000000000000012
-0.920504853452446
0.719339800338634
0.358367949545327
-0.999390827019095
0.422618261740689
0.669130606358870
-0.945518575599309
0.069756473744097
0.891006524188369
-0.766044443118971
-0.292371704722752
0.994521895368275
-0.484809620246313
-0.615661475325661
0.965925826289065
-0.139173100960050
-0.857167300702122
0.809016994374931
0.224951054343896
-0.984807753012209
0.544639035015015
0.559192903470763
-0.981627183447658
0.207911690817729
0.819152044288995
-0.848048096156418
-0.156434465040249
0.970295726276001
-0.601815023152024
-0.500000000000030
0.992546151641320
-0.275637355816982
-0.777145961456985
0.882947592858912
0.087155742747692
-0.951056516295156
0.656059028990494
0.438371146789097
-0.998629534754571
0.342020143325637
0.731353701619177
-0.913545457642582
-0.017452406437305
0.927183854566786
-0.707106781186524
-0.374606593415921
0.999847695156391
-0.406736643075781
-0.681998360062496
0.939692620785897
-0.052335956242935
-0.898794046299185
0.754709580222758
0.309016994374944
-0.996194698091747
0.469471562785883
0.629320391049869
-0.961261695938313
0.121869343405095
0.866025403784453
-0.798635510047288
-0.241921895599707
0.987688340595140
-0.529919264233160
-0.573576436351069
0.978147600733803
-0.190808995376505
-0.829037572555051
0.838670567945395
0.173648177666958
-0.974370064785235
0.587785252292441
0.515038074910067
-0.990268068741562
0.258819045102494
0.788010753606724
-0.874619707139376
-0.104528463267669
0.956304755963049
-0.642787609686518
-0.453990499739549
0.997564050259821
-0.325568154457143
-0.743144825477426
0.906307787036638
0.034899496702560
-0.933580426497214
0.694658370458987
0.390731128489317
-0.999999999999999
0.390731128489220
0.694658370459022
-0.933580426497196
0.034899496702454
0.906307787036659
-0.743144825477355
-0.325568154457189
0.997564050259824
-0.453990499739506
-0.642787609686556
0.956304755963018
-0.104528463267620
-0.874619707139400
0.788010753606694
0.258819045102542
-0.990268068741577
0.515038074910026
0.587785252292481
-0.974370064785224
0.173648177666910
0.838670567945453
-0.829037572555023
-0.190808995376553
0.978147600733814
-0.573576436351029
-0.529919264233250
0.987688340595132
-0.241921895599660
-0.798635510047317
0.866025403784428
0.121869343405200
-0.961261695938326
0.629320391049787
0.469471562785927
-0.996194698091743
0.309016994374897
0.754709580222790
-0.898794046299138
-0.052335956242984
0.939692620785913
-0.681998360062460
-0.406736643075826
0.999847695156389
-0.374606593415875
-0.707106781186558
0.927183854566768
-0.017452406437256
-0.913545457642625
0.731353701619143
0.342020143325683
-0.998629534754575
0.438371146789053
0.656059028990552
-0.951056516295141
0.087155742747644
0.882947592858949
-0.777145961456954
-0.275637355817056
0.992546151641326
-0.499999999999938
-0.601815023152086
0.970295726275989
-0.156434465040173
-0.848048096156444
0.819152044288951
0.207911690817805
-0.981627183447668
0.559192903470698
0.544639035015056
-0.984807753012195
0.224951054343820
0.809016994374960
-0.857167300702082
-0.139173100960099
0.965925826289085
-0.615661475325622
-0.484809620246356
0.994521895368267
-0.292371704722705
-0.766044443119020
0.891006524188347
0.069756473744146
-0.945518575599315
0.669130606358791
0.422618261740759
-0.999390827019093
0.358367949545281
0.719339800338649
-0.920504853452405
-0.000000000000065
0.920504853452456
-0.719339800338637
-0.358367949545297
0.999390827019098
-0.422618261740641
-0.669130606358888
0.945518575599310
-0.069756473744130
-0.891006524188406
0.766044443118936
0.292371704722775
-0.994521895368274
0.484809620246341
0.615661475325725
-0.965925826289051
0.139173100960026
0.857167300702120
-0.809016994374950
-0.224951054343947
0.984807753012218
-0.544639035014994
-0.559192903470759
0.981627183447643
-0.207911690817677
-0.819152044289026
0.848048096156405
0.156434465040245
-0.970295726276021
0.601815023151982
0.500000000000051
-0.992546151641317
0.275637355816986
0.777145961457036
-0.882947592858888
-0.087155742747717
0.951056516295164
-0.656059028990497
-0.438371146789170
0.998629534754569
-0.342020143325614
-0.731353701619194
0.913545457642595
0.017452406437386
-0.927183854566817
0.707106781186506
0.374606593415943
-0.999847695156390
0.406736643075707
0.681998360062556
-0.939692620785888
0.052335956242911
0.898794046299171
-0.754709580222705
-0.309016994375021
0.996194698091749
-0.469471562785862
-0.629320391049844
0.961261695938290
-0.121869343405071
-0.866025403784465
0.798635510047273
0.241921895599676
-0.987688340595152
0.529919264233140
0.573576436351089
-0.978147600733798
0.190808995376537
0.829037572555096
-0.838670567945382
-0.173648177666982
0.974370064785241
-0.587785252292467
-0.515038074910137
0.990268068741559
-0.258819045102471
-0.788010753606739
0.874619707139392
0.104528463267749
-0.956304755963056
0.642787609686500
0.453990499739571
-0.997564050259815
0.325568154457066
0.743144825477442
-0.906307787036628
-0.034899496702528
0.933580426497243
-0.694658370458928
-0.390731128489340
0.999999999999999
-0.390731128489249
-0.694658370459081
0.933580426497167
-0.034899496702430
-0.906307787036669
0.743144825477377
0.325568154457266
-0.997564050259830
0.453990499739484
0.642787609686575
-0.956304755963027
0.104528463267539
0.874619707139440
-0.788010753606679
-0.258819045102565
0.990268068741573
-0.515038074909956
-0.587785252292546
0.974370064785219
-0.173648177666885
-0.838670567945435
0.829037572554978
0.190808995376633
-0.978147600733819
0.573576436351009
0.529919264233223
-0.987688340595119
0.241921895599581
0.798635510047332
-0.866025403784416
-0.121869343405168
0.961261695938349
-0.629320391049768
-0.469471562785948
0.996194698091741
-0.309016994374928
-0.754709580222844
0.898794046299128
0.052335956243008
-0.939692620785922
0.681998360062484
0.406736643075900
-0.999847695156389
0.374606593415852
0.707106781186576
-0.927183854566780
0.017452406437175
0.913545457642635
-0.731353701619127
-0.342020143325706
0.998629534754574
-0.438371146788980
-0.656059028990571
0.951056516295133
-0.087155742747619
-0.882947592858934
0.777145961456903
0.275637355817080
-0.992546151641329
0.499999999999966
0.601815023152151
-0.970295726275970
0.156434465040149
0.848048096156457
-0.819152044288970
-0.207911690817884
0.981627183447683
-0.559192903470678
-0.544639035015076
0.984807753012201
-0.224951054343741
-0.809016994375008
0.857167300702069
0.139173100960123
-0.965925826289077
0.615661475325558
0.484809620246427
-0.994521895368264
0.292371704722681
0.766044443119000
-0.891006524188310
-0.069756473744227
0.945518575599342
-0.669130606358815
-0.422618261740730
0.999390827019090
-0.358367949545205
-0.719339800338705
0.920504853452418
0.000000000000033
-0.920504853452488
0.719339800338581
0.358367949545373
-0.999390827019097
0.422618261740670
0.669130606358949
-0.945518575599283
0.069756473744049
0.891006524188391
-0.766044443118957
-0.292371704722853
0.994521895368283
-0.484809620246270
-0.615661475325699
0.965925826289060
-0.139173100959946
-0.857167300702162
0.809016994374902
0.224951054343916
-0.984807753012212
0.544639035014926
0.559192903470827
-0.981627183447649
0.207911690817709
0.819152044289007
-0.848048096156362
-0.156434465040326
0.970295726276013
-0.601815023152008
-0.500000000000122
0.992546151641307
-0.275637355816907
-0.777145961457016
0.882947592858903
0.087155742747798
-0.951056516295189
0.656059028990435
0.438371146789141
-0.998629534754570
0.342020143325537
0.731353701619249
-0.913545457642562
-0.017452406437354
0.927183854566804
-0.707106781186449
-0.374606593416019
0.999847695156392
-0.406736643075736
-0.681998360062532
0.939692620785860
-0.052335956242829
-0.898794046299206
0.754709580222726
0.309016994374991
-0.996194698091756
0.469471562785790
0.629320391049907
-0.961261695938299
0.121869343405103
0.866025403784506
-0.798635510047224
