0.999999999999999
0.368124552684678
-0.728968627421411
-0.904827052466019
0.062790519529313
0.951056516295153
0.637423989748690
-0.481753674101714
-0.992114701314477
-0.248689887164855
0.809016994374946
0.844327925502015
-0.187381314585723
-0.982287250728687
-0.535826794978998
0.587785252292471
0.968583161128631
0.125333233564306
-0.876306680043862
-0.770513242775789
0.309016994374946
0.998026728428270
0.425779291565076
-0.684547105928685
-0.929776485888252
-0.000000000000003
0.929776485888250
0.684547105928690
-0.425779291565067
-0.998026728428271
-0.309016994374952
0.770513242775788
0.876306680043865
-0.125333233564297
-0.968583161128629
-0.587785252292478
0.535826794978993
0.982287250728689
0.187381314585727
-0.844327925502011
-0.809016994374948
0.248689887164850
0.992114701314476
0.481753674101719
-0.637423989748683
-0.951056516295154
-0.062790519529320
0.904827052466017
0.728968627421415
-0.368124552684669
-0.999999999999999
-0.368124552684686
0.728968627421407
0.904827052466022
-0.062790519529309
-0.951056516295152
-0.637423989748698
0.481753674101708
0.992114701314477
0.248689887164868
-0.809016994374941
-0.844327925502017
0.187381314585722
0.982287250728685
0.535826794979003
-0.587785252292469
-0.968583161128634
-0.125333233564315
0.876306680043859
0.770513242775791
-0.309016994374934
-0.998026728428270
-0.425779291565078
0.684547105928676
0.929776485888255
0.000000000000009
-0.929776485888249
-0.684547105928699
0.425779291565062
0.998026728428271
0.309016994374951
-0.770513242775779
-0.876306680043868
0.125333233564298
0.968583161128626
0.587785252292483
-0.535826794978988
-0.982287250728689
-0.187381314585740
0.844327925502008
0.809016994374951
-0.248689887164837
-0.992114701314475
-0.481753674101724
0.637423989748684
0.951056516295158
0.062790519529326
-0.904827052466015
-0.728968627421424
0.368124552684663
0.999999999999999
0.368124552684685
-0.728968627421398
-0.904827052466025
0.062790519529303
0.951056516295146
0.637423989748702
-0.481753674101703
-0.992114701314478
-0.248689887164860
0.809016994374946
0.844327925502028
-0.187381314585703
-0.982287250728684
-0.535826794979008
0.587785252292464
0.968583161128632
0.125333233564307
-0.876306680043849
-0.770513242775804
0.309016994374928
0.998026728428270
0.425779291565083
-0.684547105928682
-0.929776485888252
-0.000000000000029
0.929776485888241
0.684547105928703
-0.425779291565057
-0.998026728428271
-0.309016994374956
0.770513242775785
0.876306680043877
-0.125333233564278
-0.968583161128625
-0.587785252292488
0.535826794978984
0.982287250728690
0.187381314585731
-0.844327925501997
-0.809016994374963
0.248689887164831
0.992114701314474
0.481753674101729
-0.637423989748680
-0.951056516295155
-0.062790519529346
0.904827052466006
0.728968627421428
-0.368124552684658
-0.999999999999999
-0.368124552684690
0.728968627421404
0.904827052466033
-0.062790519529283
-0.951056516295144
-0.637423989748707
0.481753674101698
0.992114701314479
0.248689887164865
-0.809016994374942
-0.844327925502031
0.187381314585697
0.982287250728683
0.535826794979013
-0.587785252292459
-0.968583161128633
-0.125333233564313
0.876306680043847
0.770513242775807
-0.309016994374923
-0.998026728428269
-0.425779291565088
0.684547105928678
0.929776485888254
0.000000000000035
-0.929776485888239
-0.684547105928708
0.425779291565051
0.998026728428272
0.309016994374962
-0.770513242775781
-0.876306680043880
0.125333233564272
0.968583161128623
0.587785252292492
-0.535826794978979
-0.982287250728691
-0.187381314585737
0.844327925501994
0.809016994374966
-0.248689887164826
-0.992114701314474
-0.481753674101734
0.637423989748675
0.951056516295157
0.062790519529352
-0.904827052466004
-0.728968627421432
0.368124552684652
0.999999999999999
0.368124552684696
-0.728968627421400
-0.904827052466036
0.062790519529277
0.951056516295143
0.637423989748711
-0.481753674101693
-0.992114701314479
-0.248689887164871
0.809016994374922
0.844327925502035
-0.187381314585691
-0.982287250728682
-0.535826794979018
0.587785252292431
0.968583161128635
0.125333233564347
-0.876306680043857
-0.770513242775811
0.309016994374944
0.998026728428269
0.425779291565120
-0.684547105928673
-0.929776485888267
-0.000000000000012
0.929776485888237
0.684547105928691
-0.425779291565046
-0.998026728428274
-0.309016994374967
0.770513242775759
0.876306680043869
-0.125333233564266
-0.968583161128629
-0.587785252292497
0.535826794978950
0.982287250728692
0.187381314585771
-0.844327925502006
-0.809016994374970
0.248689887164847
0.992114701314473
0.481753674101764
-0.637423989748670
-0.951056516295168
-0.062790519529330
0.904827052466001
0.728968627421417
-0.368124552684647
-0.999999999999999
-0.368124552684701
0.728968627421376
0.904827052466026
-0.062790519529271
-0.951056516295149
-0.637423989748716
0.481753674101663
0.992114701314480
0.248689887164904
-0.809016994374935
-0.844327925502038
0.187381314585713
0.982287250728681
0.535826794979047
-0.587785252292450
-0.968583161128643
-0.125333233564325
0.876306680043841
0.770513242775797
-0.309016994374911
-0.998026728428267
-0.425779291565099
0.684547105928648
0.929776485888259
0.000000000000047
-0.929776485888245
-0.684547105928716
0.425779291565015
0.998026728428273
0.309016994375000
-0.770513242775774
-0.876306680043886
0.125333233564289
0.968583161128620
0.587785252292525
-0.535826794978969
-0.982287250728698
-0.187381314585749
0.844327925501988
0.809016994374957
-0.248689887164814
-0.992114701314469
-0.481753674101744
0.637423989748644
0.951056516295161
0.062790519529364
-0.904827052466011
-0.728968627421440
0.368124552684615
0.999999999999999
0.368124552684733
-0.728968627421392
-0.904827052466041
0.062790519529294
0.951056516295139
0.637423989748742
-0.481753674101683
-0.992114701314485
-0.248689887164883
0.809016994374915
0.844327925502026
-0.187381314585679
-0.982287250728675
-0.535826794979028
0.587785252292422
0.968583161128638
0.125333233564359
-0.876306680043852
-0.770513242775819
0.309016994374933
0.998026728428268
0.425779291565130
-0.684547105928665
-0.929776485888271
-0.000000000000024
0.929776485888233
0.684547105928700
-0.425779291565035
-0.998026728428275
-0.309016994374979
0.770513242775752
0.876306680043875
-0.125333233564255
-0.968583161128626
-0.587785252292507
0.535826794978940
0.982287250728694
0.187381314585782
-0.844327925502000
-0.809016994374977
0.248689887164836
0.992114701314471
0.481753674101775
-0.637423989748661
-0.951056516295171
-0.062790519529341
0.904827052465996
0.728968627421425
-0.368124552684636
-0.999999999999999
-0.368124552684712
0.728968627421368
0.904827052466031
-0.062790519529259
-0.951056516295146
-0.637423989748725
0.481753674101653
0.992114701314482
0.248689887164916
-0.809016994374928
-0.844327925502044
0.187381314585702
0.982287250728679
0.535826794979057
-0.587785252292440
-0.968583161128646
-0.125333233564336
0.876306680043835
0.770513242775804
-0.309016994374900
-0.998026728428266
-0.425779291565110
0.684547105928640
0.929776485888263
0.000000000000058
-0.929776485888241
-0.684547105928725
0.425779291565004
0.998026728428273
0.309016994375011
-0.770513242775766
-0.876306680043891
0.125333233564277
0.968583161128617
0.587785252292535
-0.535826794978959
-0.982287250728701
-0.187381314585760
0.844327925501981
0.809016994374964
-0.248689887164803
-0.992114701314467
-0.481753674101755
0.637423989748635
0.951056516295164
0.062790519529376
-0.904827052466006
-0.728968627421448
0.368124552684604
0.999999999999999
0.368124552684744
-0.728968627421384
-0.904827052466046
0.062790519529282
0.951056516295135
0.637423989748751
-0.481753674101672
-0.992114701314486
-0.248689887164894
0.809016994374908
0.844327925502032
-0.187381314585668
-0.982287250728672
-0.535826794979038
0.587785252292412
0.968583161128641
0.125333233564370
-0.876306680043846
-0.770513242775826
0.309016994374868
0.998026728428267
0.425779291565141
-0.684547105928656
-0.929776485888276
-0.000000000000036
0.929776485888228
0.684547105928750
-0.425779291565025
-0.998026728428275
-0.309016994375044
0.770513242775780
0.876306680043881
-0.125333233564243
-0.968583161128609
-0.587785252292562
0.535826794978978
0.982287250728696
0.187381314585794
-0.844327925501963
-0.809016994374950
0.248689887164825
0.992114701314470
0.481753674101785
-0.637423989748608
-0.951056516295157
-0.062790519529353
0.904827052465991
0.728968627421472
-0.368124552684572
-0.999999999999999
-0.368124552684723
0.728968627421360
0.904827052466060
-0.062790519529304
-0.951056516295142
-0.637423989748734
0.481753674101642
0.992114701314490
0.248689887164872
-0.809016994374922
-0.844327925502050
0.187381314585634
0.982287250728666
0.535826794979019
-0.587785252292431
-0.968583161128649
-0.125333233564404
0.876306680043857
0.770513242775812
-0.309016994374889
-0.998026728428265
-0.425779291565172
0.684547105928673
0.929776485888267
0.000000000000070
-0.929776485888216
-0.684547105928775
0.425779291565045
0.998026728428274
0.309016994375022
-0.770513242775722
-0.876306680043870
0.125333233564265
0.968583161128614
0.587785252292544
-0.535826794978901
-0.982287250728692
-0.187381314585772
0.844327925501975
0.809016994375004
-0.248689887164736
-0.992114701314473
-0.481753674101765
0.637423989748626
0.951056516295186
0.062790519529331
-0.904827052466001
-0.728968627421456
0.368124552684593
0.999999999999999
0.368124552684702
-0.728968627421376
-0.904827052466051
0.062790519529213
0.951056516295114
0.637423989748717
-0.481753674101662
-0.992114701314487
-0.248689887164960
0.809016994374935
0.844327925502038
