0.999999999999999
-0.747135564508149
0.116423103505823
0.573167882188921
-0.972891321940144
0.880595531856738
-0.342957157654132
-0.368124552684678
0.893035048612884
-0.966311937657223
0.550896981452104
0.143122483211119
-0.764760776027597
0.999637465011020
-0.728968627421410
0.089639308903434
0.595023196102035
-0.978765291933710
0.867517521717718
-0.317541094684848
-0.393025031653918
0.904827052466019
-0.959031909598965
0.528226641853085
0.169718089100667
-0.781831482468027
0.998550122907320
-0.710273137068055
0.062790519529312
0.616447076559470
-0.983929588598629
0.853810500668347
-0.291894792201036
-0.417640539972127
0.915962993388164
-0.951056516295154
0.505173300974506
0.196190637499088
-0.798335306372696
0.996738762088014
-0.691062648986872
0.035896202634579
0.637423989748690
-0.988380467458430
0.839484407258076
-0.266036845566676
-0.441953229673224
0.926434797042885
-0.942391540464035
0.481753674101719
0.222520933956308
-0.814260281314374
0.994204695916451
-0.671351092126010
0.008975858480994
0.657938725939714
-0.992114701314477
0.824549628907139
-0.239986003602565
-0.465945472355824
0.936234870639736
-0.933043264819444
0.457984742103070
0.248689887164850
-0.829594860571827
0.990949761767935
-0.651152758743578
-0.017950993798089
0.677976410513213
-0.995129582585909
0.809016994374953
-0.213761154992126
-0.489599871965040
0.945356108439563
-0.923018467515402
0.433883739117572
0.274678522802374
-0.844327925502005
0.986976319697498
-0.630482294044729
-0.044864830350494
0.697522514745706
-0.997422925272833
0.792897765908472
-0.187381314585721
-0.512899277405908
0.953791896906692
-0.912324417231453
0.409468140058890
0.300467997289450
-0.858448793601864
0.982287250728688
-0.609354685562811
-0.071746136761374
0.716562866343787
-0.998993066541313
0.776203631076357
-0.160865609613707
-0.535826794978988
0.961536119504145
-0.900968867902423
0.384755647944947
0.326039611452328
-0.871947226253854
0.976885954764650
-0.587785252292486
-0.098575422202426
0.735083659720163
-0.999838867929057
0.758946694294568
-0.134233265817649
-0.558365800629643
0.968583161128631
-0.888960053096204
0.359764181061804
0.351374824081318
-0.884813436149738
0.970776348122924
-0.565789633582215
-0.125333233564274
0.753071466003608
-0.999959716170870
0.741139468049857
-0.107503593510559
-0.580499952001567
0.974927912181815
-0.876306680043867
0.334511859971881
0.376455265374382
-0.897038094386975
0.963962860695856
-0.543383777794793
-0.152000169561253
0.770513242775797
-0.999355523643321
0.722794863827383
-0.080695973575236
-0.602213200286089
0.980565772275215
-0.863017923326346
0.309016994374968
0.401262750256478
-0.908612337232863
0.956450432738630
-0.520583930743630
-0.178556894798638
0.787396343527994
-0.998026728428271
0.703926182748966
-0.053829843412131
-0.623489801858708
0.985492653565725
-0.849103418222211
0.283298069832755
0.425779291565040
-0.919527772551446
0.948244511287237
-0.497406623913231
-0.204984153792191
0.803708526830781
-0.995974293995242
0.684547105928698
-0.026924682845650
-0.644314329694481
0.989704983719636
-0.834573253721312
0.257373734365293
0.449987113092103
-0.929776485888253
0.939351046208930
-0.473868662472993
-0.231262784929929
0.819437965209733
-0.993199708502815
0.664671684553424
-0.000000000000028
-0.664671684553425
0.993199708502808
-0.819437965209732
0.231262784929983
0.473868662472994
-0.939351046208911
0.929776485888253
-0.449987113092153
-0.257373734365294
0.834573253721281
-0.989704983719635
0.644314329694524
0.026924682845651
-0.684547105928658
0.995974293995237
-0.803708526830814
0.204984153792246
0.497406623913231
-0.948244511287220
0.919527772551446
-0.425779291565090
-0.283298069832756
0.849103418222181
-0.985492653565725
0.623489801858751
0.053829843412132
-0.703926182748926
0.998026728428271
-0.787396343528028
0.178556894798637
0.520583930743583
-0.956450432738630
0.908612337232887
-0.401262750256478
-0.309016994374915
0.863017923326346
-0.980565772275226
0.602213200286133
0.080695973575180
-0.722794863827384
0.999355523643321
-0.770513242775832
0.152000169561308
0.543383777794794
-0.963962860695856
0.897038094387000
-0.376455265374433
-0.334511859971828
0.876306680043867
-0.974927912181814
0.580499952001613
0.107503593510503
-0.741139468049858
0.999959716170870
-0.753071466003645
0.125333233564329
0.565789633582216
-0.970776348122924
0.884813436149764
-0.351374824081370
-0.359764181061805
0.888960053096204
-0.968583161128645
0.558365800629690
0.134233265817650
-0.758946694294569
0.999838867929058
-0.735083659720201
0.098575422202453
0.587785252292487
-0.976885954764632
0.871947226253882
-0.326039611452354
-0.384755647944948
0.900968867902387
-0.961536119504160
0.535826794979011
0.160865609613708
-0.776203631076304
0.998993066541316
-0.716562866343806
0.071746136761373
0.609354685562834
-0.982287250728678
0.858448793601878
-0.300467997289450
-0.409468140058917
0.912324417231430
-0.953791896906700
0.512899277405907
0.187381314585750
-0.792897765908438
0.997422925272835
-0.697522514745706
0.044864830350493
0.630482294044663
-0.986976319697489
0.844327925502019
-0.274678522802373
-0.433883739117496
0.923018467515381
-0.945356108439572
0.489599871965040
0.213761154992044
-0.809016994374920
0.995129582585912
-0.677976410513213
0.017950993798173
0.651152758743536
-0.990949761767931
0.829594860571827
-0.248689887164932
-0.457984742103020
0.933043264819434
-0.936234870639735
0.465945472355798
0.239986003602511
-0.824549628907124
0.992114701314477
-0.657938725939692
-0.008975858480938
0.671351092125979
-0.994204695916450
0.814260281314365
-0.222520933956377
-0.481753674101683
0.942391540464031
-0.926434797042880
0.441953229673287
0.266036845566636
-0.839484407258069
0.988380467458428
-0.637423989748744
-0.035896202634538
0.691062648986852
-0.996738762088014
0.798335306372746
-0.196190637499142
-0.505173300974482
0.951056516295155
-0.915962993388198
0.417640539972178
0.291894792201009
-0.853810500668348
0.983929588598644
-0.616447076559513
-0.062790519529285
0.710273137068056
-0.998550122907321
0.781831482468066
-0.169718089100701
-0.528226641853079
0.959031909598971
-0.904827052466046
0.393025031653957
0.317541094684835
-0.867517521717726
0.978765291933724
-0.595023196102069
-0.089639308903421
0.728968627421421
-0.999637465011018
0.764760776027626
-0.143122483211136
-0.550896981452111
0.966311937657204
-0.893035048612906
0.368124552684697
0.342957157654138
-0.880595531856699
0.972891321940156
-0.573167882188942
-0.116423103505826
0.747135564508093
-0.999999999999999
0.747135564508168
-0.116423103505824
-0.573167882188943
0.972891321940130
-0.880595531856752
0.342957157654136
0.368124552684699
-0.893035048612856
0.966311937657232
-0.550896981452109
-0.143122483211138
0.764760776027554
-0.999637465011021
0.728968627421419
-0.089639308903419
-0.595023196101979
0.978765291933701
-0.867517521717725
0.317541094684834
0.393025031653854
-0.904827052465998
0.959031909598970
-0.528226641853078
-0.169718089100591
0.781831482467997
-0.998550122907321
0.710273137068054
-0.062790519529396
-0.616447076559426
0.983929588598624
-0.853810500668347
0.291894792201116
0.417640539972077
-0.915962993388153
0.951056516295154
-0.505173300974481
-0.196190637499033
0.798335306372679
-0.996738762088014
0.691062648986850
-0.035896202634649
-0.637423989748658
0.988380467458428
-0.839484407258068
0.266036845566743
0.441953229673187
-0.926434797042880
0.942391540464030
-0.481753674101781
-0.222520933956268
0.814260281314366
-0.994204695916450
0.671351092126062
-0.008975858481049
-0.657938725939694
0.992114701314477
-0.824549628907187
0.239986003602619
0.465945472355800
-0.936234870639736
0.933043264819475
-0.457984742103120
-0.248689887164824
0.829594860571828
-0.990949761767946
0.651152758743621
0.017950993798062
-0.677976410513214
0.995129582585912
-0.809016994374986
0.213761154992153
0.489599871965041
-0.945356108439573
0.923018467515424
-0.433883739117597
-0.274678522802265
0.844327925502020
-0.986976319697507
0.630482294044662
0.044864830350495
-0.697522514745626
0.997422925272835
-0.792897765908506
0.187381314585859
0.512899277405909
-0.953791896906666
0.912324417231430
-0.409468140058915
-0.300467997289343
0.858448793601879
-0.982287250728699
0.609354685562923
0.071746136761375
-0.716562866343728
0.998993066541316
-0.776203631076375
0.160865609613818
0.535826794979012
-0.961536119504130
0.900968867902386
-0.384755647944947
-0.326039611452249
0.871947226253883
-0.976885954764656
0.587785252292577
0.098575422202455
-0.735083659720125
0.999838867929058
-0.758946694294568
0.134233265817760
0.558365800629691
-0.968583161128617
0.888960053096255
-0.359764181061803
-0.351374824081265
0.884813436149765
-0.970776348122924
0.565789633582308
0.125333233564331
-0.753071466003571
0.999959716170871
-0.741139468049857
0.107503593510614
0.580499952001614
-0.974927912181815
0.876306680043921
-0.334511859971826
-0.376455265374330
0.897038094386900
-0.963962860695855
0.543383777794887
0.152000169561310
-0.770513242775761
0.999355523643325
-0.722794863827383
0.080695973575291
0.602213200286135
-0.980565772275215
0.863017923326403
-0.309016994374913
-0.401262750256427
0.908612337232816
-0.956450432738629
0.520583930743678
0.178556894798695
-0.787396343527994
0.998026728428278
-0.703926182748925
0.053829843412187
0.623489801858620
-0.985492653565725
0.849103418222240
-0.283298069832700
-0.425779291565041
0.919527772551402
-0.948244511287219
0.497406623913279
0.204984153792081
-0.803708526830781
0.995974293995247
-0.684547105928656
0.026924682845706
0.644314329694395
-0.989704983719636
0.834573253721343
-0.257373734365237
-0.449987113092104
0.929776485888212
-0.939351046208910
0.473868662473043
0.231262784929819
-0.819437965209734
0.993199708502821
-0.664671684553381
0.000000000000027
0.664671684553340
-0.993199708502815
0.819437965209765
-0.231262784930093
-0.473868662472995
0.939351046208892
-0.929776485888232
0.449987113092152
0.257373734365185
-0.834573253721313
0.989704983719643
-0.644314329694610
-0.026924682845652
0.684547105928617
-0.995974293995242
0.803708526830813
-0.204984153792356
-0.497406623913232
0.948244511287202
-0.919527772551423
0.425779291565089
0.283298069832648
-0.849103418222212
0.985492653565734
-0.623489801858840
-0.053829843412133
0.703926182748886
-0.998026728428274
0.787396343528028
-0.178556894798748
-0.520583930743632
0.956450432738614
-0.908612337232934
0.401262750256477
0.309016994374862
-0.863017923326376
0.980565772275226
-0.602213200286178
-0.080695973575238
0.722794863827345
-0.999355523643315
0.770513242775795
-0.152000169561363
-0.543383777794842
0.963962860695841
-0.897038094387025
0.376455265374380
0.334511859971776
-0.876306680043786
0.974927912181827
-0.580499952001658
-0.107503593510561
0.741139468049820
-0.999959716170869
0.753071466003607
-0.125333233564385
-0.565789633582263
0.970776348122911
-0.884813436149790
0.351374824081316
0.359764181061753
-0.888960053096126
0.968583161128631
-0.558365800629736
-0.134233265817707
0.758946694294532
-0.999838867929059
0.735083659720162
-0.098575422202509
-0.587785252292350
0.976885954764644
-0.871947226253909
0.326039611452300
0.384755647944897
-0.900968867902363
0.961536119504144
-0.535826794979058
-0.160865609613541
0.776203631076341
-0.998993066541318
0.716562866343766
-0.071746136761429
-0.609354685562700
0.982287250728689
-0.858448793601907
0.300467997289394
0.409468140058866
-0.912324417231407
0.953791896906682
-0.512899277405955
-0.187381314585583
0.792897765908473
-0.997422925272839
0.697522514745664
-0.044864830350549
-0.630482294044620
0.986976319697498
-0.844327925502049
0.274678522802536
0.433883739117548
-0.923018467515359
0.945356108439553
-0.489599871965088
-0.213761154991989
0.809016994374954
-0.995129582585917
0.677976410513337
-0.017950993798115
-0.651152758743494
0.990949761767939
-0.829594860571858
0.248689887164986
0.457984742103072
-0.933043264819414
0.936234870639795
-0.465945472355847
-0.239986003602457
0.824549628907156
-0.992114701314484
0.657938725939820
0.008975858480996
-0.671351092125938
0.994204695916456
-0.814260281314397
0.222520933956431
0.481753674101733
-0.942391540464012
0.926434797042944
-0.441953229673235
-0.266036845566582
0.839484407258101
-0.988380467458436
0.637423989748788
0.035896202634595
-0.691062648986811
0.996738762088001
-0.798335306372712
0.196190637499197
0.505173300974532
-0.951056516295137
0.915962993388220
-0.417640539972126
-0.291894792200956
0.853810500668259
-0.983929588598633
0.616447076559557
0.062790519529342
-0.710273137068016
0.998550122907312
-0.781831482468030
0.169718089100756
0.528226641853129
-0.959031909598955
0.904827052466070
-0.393025031653904
-0.317541094684782
0.867517521717642
-0.978765291933712
0.595023196102114
0.089639308903478
-0.728968627421382
0.999637465011017
-0.764760776027589
0.143122483211191
0.550896981451969
-0.966311937657218
0.893035048612931
-0.368124552684643
-0.342957157654085
0.880595531856673
-0.972891321940143
0.573167882188988
0.116423103505657
-0.747135564508132
0.999999999999999
-0.747135564508129
0.116423103505879
0.573167882188804
-0.972891321940143
0.880595531856779
-0.342957157654081
-0.368124552684647
0.893035048612831
-0.966311937657217
0.550896981452156
0.143122483210970
-0.764760776027591
0.999637465011023
-0.728968627421380
0.089639308903474
0.595023196101934
-0.978765291933713
0.867517521717753
-0.317541094684994
-0.393025031653907
0.904827052465975
-0.959031909598954
0.528226641853125
0.169718089100536
-0.781831482468033
0.998550122907324
-0.710273137068174
0.062790519529339
0.616447076559381
-0.983929588598634
0.853810500668376
-0.291894792201170
-0.417640539972129
0.915962993388130
-0.951056516295206
0.505173300974529
0.196190637498978
-0.798335306372714
0.996738762088019
-0.691062648986973
0.035896202634592
0.637423989748615
-0.988380467458437
0.839484407258098
-0.266036845566797
-0.441953229673239
0.926434797042859
-0.942391540464087
0.481753674101730
0.222520933956213
-0.814260281314400
0.994204695916456
-0.671351092126103
0.008975858480992
0.657938725939652
-0.992114701314456
0.824549628907154
-0.239986003602674
-0.465945472355851
0.936234870639717
-0.933043264819495
0.457984742103068
0.248689887164770
-0.829594860571733
0.990949761767938
-0.651152758743663
-0.017950993798119
0.677976410513173
-0.995129582585895
0.809016994374952
-0.213761154992207
-0.489599871965092
0.945356108439555
-0.923018467515445
0.433883739117545
0.274678522802321
-0.844327925501929
0.986976319697497
-0.630482294044793
-0.044864830350553
0.697522514745667
-0.997422925272823
0.792897765908470
-0.187381314585803
-0.512899277405763
0.953791896906684
-0.912324417231499
0.409468140058863
0.300467997289398
-0.858448793601792
0.982287250728688
-0.609354685562877
-0.071746136761206
0.716562866343769
-0.998993066541308
0.776203631076338
-0.160865609613761
-0.535826794978869
0.961536119504145
-0.900968867902460
0.384755647944893
0.326039611452303
-0.871947226253800
0.976885954764644
-0.587785252292531
-0.098575422202286
0.735083659720165
-0.999838867929055
0.758946694294530
-0.134233265817703
-0.558365800629550
0.968583161128632
-0.888960053096229
0.359764181061961
0.351374824081319
-0.884813436149686
0.970776348122910
-0.565789633582260
-0.125333233564163
0.753071466003610
-0.999959716170871
0.741139468049970
-0.107503593510557
-0.580499952001476
0.974927912181828
-0.876306680043893
0.334511859971986
0.376455265374384
-0.897038094386926
0.963962860695901
-0.543383777794839
-0.152000169561142
0.770513242775798
-0.999355523643323
0.722794863827500
-0.080695973575234
-0.602213200286000
0.980565772275227
-0.863017923326374
0.309016994375075
0.401262750256480
-0.908612337232841
0.956450432738679
-0.520583930743629
-0.178556894798528
0.787396343528030
-0.998026728428274
0.703926182749045
-0.053829843412356
-0.623489801858665
0.985492653565735
-0.849103418222330
0.283298069832863
0.425779291565093
-0.919527772551335
0.948244511287273
-0.497406623913229
-0.204984153792360
0.803708526830680
-0.995974293995242
0.684547105928614
-0.026924682845875
-0.644314329694439
0.989704983719644
-0.834573253721436
0.257373734365401
0.449987113092155
-0.929776485888149
0.939351046208969
-0.473868662472992
-0.231262784930096
0.819437965209636
-0.993199708502815
0.664671684553337
-0.000000000000197
-0.664671684553384
0.993199708502822
-0.819437965209862
0.231262784930036
0.473868662473046
-0.939351046208834
0.929776485888294
-0.449987113092100
-0.257373734365021
0.834573253721219
-0.989704983719635
0.644314329694392
0.026924682845482
-0.684547105928659
0.995974293995247
-0.803708526830914
0.204984153792300
0.497406623913282
-0.948244511287148
0.919527772551490
-0.425779291565037
-0.283298069832486
0.849103418222122
-0.985492653565724
0.623489801858617
0.053829843411963
-0.703926182748927
0.998026728428278
-0.787396343528132
0.178556894798691
0.520583930743681
-0.956450432738564
0.908612337232910
-0.401262750256424
-0.309016994374701
0.863017923326290
-0.980565772275214
0.602213200286313
0.080695973575069
-0.722794863827385
0.999355523643325
-0.770513242775903
0.152000169561306
0.543383777794891
-0.963962860695796
0.897038094386999
-0.376455265374326
-0.334511859971616
0.876306680043814
-0.974927912181814
0.580499952001796
0.107503593510392
-0.741139468049859
0.999959716170871
-0.753071466003719
0.125333233564327
0.565789633582311
-0.970776348122870
0.884813436149763
-0.351374824081262
-0.359764181061594
0.888960053096153
-0.968583161128616
0.558365800629877
0.134233265817539
-0.758946694294570
0.999838867929062
-0.735083659720277
0.098575422202451
0.587785252292580
-0.976885954764608
0.871947226253881
-0.326039611452245
-0.384755647944740
0.900968867902388
-0.961536119504128
0.535826794979201
0.160865609613598
-0.776203631076377
0.998993066541326
-0.716562866343884
0.071746136761371
0.609354685562565
-0.982287250728657
0.858448793601877
-0.300467997289339
-0.409468140058711
0.912324417231431
-0.953791896906665
0.512899277406101
0.187381314585640
-0.792897765908508
0.997422925272852
-0.697522514745786
0.044864830350491
0.630482294044488
-0.986976319697471
0.844327925502018
-0.274678522802262
-0.433883739117395
0.923018467515381
-0.945356108439535
0.489599871965236
0.213761154992046
-0.809016994374988
0.995129582585934
-0.677976410513295
0.017950993798058
0.651152758743365
-0.990949761767916
0.829594860571826
-0.248689887165150
-0.457984742102921
0.933043264819435
-0.936234870639695
0.465945472355997
0.239986003602513
-0.824549628907189
0.992114701314505
-0.657938725939777
-0.008975858481053
0.671351092125812
-0.994204695916438
0.814260281314364
-0.222520933956597
-0.481753674101585
0.942391540464032
-0.926434797042836
0.441953229673388
0.266036845566638
-0.839484407258132
0.988380467458462
-0.637423989748743
-0.035896202634653
0.691062648986689
-0.996738762088005
0.798335306372677
-0.196190637499363
-0.505173300974386
0.951056516295155
-0.915962993388288
0.417640539972280
0.291894792201011
-0.853810500668408
0.983929588598664
-0.616447076559512
-0.062790519529400
0.710273137067897
