0.999999999999999
-0.680903494733555
-0.072740861719261
0.779962508642706
-0.989417534072678
0.567433204758782
0.216683029776447
-0.862513669207257
0.957894113460919
-0.441953229673226
-0.356039116274356
0.926809786739339
-0.906096929213797
0.307119344598698
0.487859659138735
-0.971490038292867
0.835122265206164
-0.165785299524495
-0.609354685562808
0.995608769388462
-0.746472295365150
0.020942419883352
0.717952761591642
-0.998655508726066
0.642023290261349
0.124343704647487
-0.811355416346532
0.980565772275219
-0.523985905970073
-0.266998103142908
0.887585789004556
-0.941722428075173
0.394858395686153
0.404001504980004
-0.945030468923146
0.882947592858922
-0.257373734365302
-0.532454242495011
0.982473643366417
-0.805485232008597
0.114441775495435
0.649637622251897
-0.999122830098858
0.710974831112889
0.030912335754132
-0.753071466003611
0.994625650217837
-0.601416696366312
-0.175612189523980
0.840566603495690
-0.969077286229076
0.479129618224886
0.316595223269709
-0.910271206105486
0.923018467515396
-0.346701794364200
-0.450877540689442
0.960709980668816
-0.857424025836177
0.206936050651901
0.575617065685681
-0.990815393959218
0.773682263079603
-0.062790519529298
-0.688173694712314
0.999950266955942
-0.673565567947782
-0.082683968660259
0.786165174386204
-0.987921260694513
0.559192903470732
0.226408456287651
-0.867517521717717
0.954982968272725
-0.432984959298125
-0.365341024366400
0.930508919819367
-0.901832526405105
0.297612917967888
0.496541174560729
-0.973806160042904
0.829594860571822
-0.155941919509800
-0.617232064632457
0.996492859249505
-0.739798876047575
0.010970420952005
0.724859280117738
-0.998088854996447
0.634345098725641
0.134233265817656
-0.817144898335140
0.978560368142511
-0.515465450616853
-0.276595914663661
0.892135700463891
-0.938320717781186
0.385676011372337
0.413104429824563
-0.948244511287230
0.878221573370224
-0.247723765629155
-0.540869617879349
0.984283791647637
-0.799534929205605
0.104528463267629
0.657187337329474
-0.999490772632194
0.703926182748943
0.040879176895800
-0.759595731569286
0.993543599524644
-0.593418886603679
-0.185421612065955
0.845927333913358
-0.966568143838546
0.470351920162237
0.326039611452329
-0.914354941881187
0.919135339255222
-0.337329987382811
-0.459757004680455
0.963430289813122
-0.852249097851392
0.197168488407953
0.583743672234820
-0.992114701314481
0.767325062368327
-0.052833931812003
-0.695375444745711
0.999801072770523
-0.666160644229914
-0.092618851350361
0.792289643355209
-0.986326722653178
0.550896981452089
0.236111362835383
-0.872435085653921
0.951976834664475
-0.423973621602898
-0.374606593415942
0.934115498817197
-0.897478421842885
0.288076888944367
0.505173300974502
-0.976025421103622
0.823984939381971
-0.146083028562377
-0.625048050043200
0.997277831864003
-0.733051871829818
0.000997330835801
0.731693699726814
-0.997422925272830
0.626603811364431
0.144109475330008
-0.822853102117277
0.976457630438004
-0.506893723931702
-0.286166214270794
0.896596874675015
-0.934825676396000
0.376455265374364
0.422166264787491
-0.951364235479197
0.873408200617126
-0.238049156779108
-0.549231195078581
0.985996037070511
-0.793505099790877
0.094604754002513
0.664671684553437
-0.999759299728271
0.696807517601278
0.050841951945614
-0.766044443119004
0.992362724936239
-0.585362051785806
-0.195212591445512
0.851203923248294
-0.963962860695852
0.461527438034040
0.335451569750295
-0.918347730347660
0.915160788198417
-0.327924627507186
-0.468590738440728
0.966054770315330
-0.846989399982744
0.187381314585680
0.591812216084397
-0.993315326901440
0.760891538834804
-0.042872088910191
-0.702508028503849
0.999552432283502
-0.658689460118645
-0.102544521605604
0.798335306372719
-0.984634078551142
0.542546263865746
0.245790784309494
-0.877265871885022
0.948876011644480
-0.414920112910092
-0.383834901813030
0.937629165000503
-0.893035048612877
0.278512206039626
0.513755179776207
-0.978147600733815
0.818293059633550
-0.136209607307591
-0.632801864369500
0.997963609153803
-0.726231953809985
-0.008975858481000
0.738455340625918
-0.996657785792643
0.618800198173330
0.153971350836561
-0.828479459920253
0.974257768312775
-0.498271578510742
-0.295708050044097
0.900968867902413
-0.931237651557724
0.367197074843873
0.431186108523527
-0.954389331192306
0.868507953366985
-0.228350870110602
-0.557538142399393
0.987610209324675
-0.787396343528027
0.084671634772600
0.672089919485100
-0.999928384677748
0.689619543735628
0.060799669945385
-0.772416959224625
0.991083143909602
-0.577246993294512
-0.204984153792302
0.856395846658797
-0.961261695938302
0.452657049577025
0.344830161992813
-0.922249174357845
0.911095209678014
-0.318486650251613
-0.477377863313323
0.968583161128645
-0.841645455391807
0.177575502677116
0.599821894687896
-0.994417151298568
0.754382332396397
-0.032905981689406
-0.709570736536564
0.999204370226178
-0.651152758743538
-0.112459992158370
0.804301562100301
-0.982843496749079
0.534141581324916
0.255445757935851
-0.882009399911611
0.945680807639519
-0.405825333736826
-0.393025031653952
0.941049568878683
-0.888502848680035
0.268919820615203
0.522285957359932
-0.980172487848552
0.812519787475590
-0.126322637816003
-0.640492736369844
0.998550122907321
-0.719339800338604
-0.018948155004271
0.745143530261004
-0.995793512661320
0.610935035347192
0.163817911415220
-0.834023412112269
0.971961000578529
-0.489599871965049
-0.305220472894384
0.905251245281009
-0.927557000153143
0.357902360656622
0.440163063864100
-0.957319497532086
0.863521319028227
-0.218629870274384
-0.565789633582205
0.989126147854738
-0.781209268030985
0.074730093586402
0.679441304261568
-0.999998010662407
0.682362976111716
0.070751340439827
-0.778712646036918
0.989704983719621
-0.569074518302918
-0.214735327167134
0.861502587724556
-0.958464918240218
0.443741637094031
0.354174455328053
-0.926058885850455
0.906939008081205
-0.309016994374876
-0.486117505277302
0.971015210763895
-0.836217795619843
0.167752028027956
0.607771911354012
-0.995420064911704
0.747798090498480
-0.022936601439347
-0.716562866343834
0.998756921218922
-0.643551289750755
-0.122364276755703
0.810187817097837
-0.980955155349175
0.525683769810493
0.265075323371886
-0.886665197913510
0.942391540464018
-0.396690188705105
-0.402176068832445
0.944376370237506
-0.883882272844557
0.259300686788262
0.530764785202602
-0.982099881040247
0.806665697152823
-0.116423103505791
-0.648119901063192
0.999037314786327
-0.712376096951298
-0.028918566828686
0.751757603384052
-0.994830191844719
0.603009105202997
0.173648177667012
-0.839484407258086
0.969567555685757
-0.480879466835351
-0.314702536658220
0.909443580859476
-0.923784088282254
0.348572047321736
0.449096237906578
-0.960154443046372
0.858448793601863
-0.208887124180225
-0.573984847883470
0.990543701876221
-0.774944488704124
0.064781119290130
0.686725107669399
-0.999968170756824
0.675038536511897
0.080695973575207
-0.784930877348546
0.988228381446538
-0.560845439695144
-0.224465141658993
0.866523638498014
-0.955572805786123
0.434782087366262
0.363483520315712
-0.929776485888284
0.902692596809104
-0.299516601786548
-0.494808795034667
0.973350677314631
-0.830706960534938
0.157911867740794
0.615661475325730
-0.996323967984952
0.741139468049803
-0.012964939775268
-0.723483722445901
0.998210129767734
-0.635885809228679
-0.132256390257214
0.815993485882569
-0.978969242177354
0.517173670587901
0.274678522802449
-0.891232802796707
0.939008537288516
-0.387515586452015
-0.411287103130638
0.947609238173075
-0.879173780697046
0.249655761336361
0.539190819948378
-0.983929588598637
0.800731370948675
-0.106511989044907
-0.655682599805352
0.999425136331752
-0.705341536300362
-0.038886102236385
0.758296902119082
-0.993767919160584
0.595023196102010
0.183461171813863
-0.844861902173881
0.967077671701059
-0.472111230506232
-0.324153298191816
0.913545457642641
-0.919919291221842
0.339207062888876
0.457984742103084
-0.962893885754223
0.853290881632153
-0.199123600900967
-0.582122970157371
0.991862730390573
-0.768602628680466
0.054825701469339
0.693940605217160
-0.999838867929057
0.667646953469525
0.090632580197883
-0.791071034656364
0.986653483962190
-0.552560575985447
-0.234172629481293
0.871458499554892
-0.952585646243128
0.425779291564978
0.372756431019512
-0.933401604696199
0.898356398235579
-0.289986417453516
-0.503450868096826
0.975589328481106
-0.825113498278234
0.148056000577881
0.623489801858715
-0.997128770610620
0.734407127357493
-0.002991988539346
-0.730332616452205
0.997564050259816
-0.628157079632672
-0.142135348732734
0.821717990987398
-0.976885954764630
0.508612130123421
0.284254401034751
-0.895711760239461
0.935532134607103
-0.378302439539668
-0.420357228309695
0.950747851124662
-0.874377840572797
0.239986003602616
0.547563223492643
-0.985661428529870
0.794717399127565
-0.096590280253022
-0.663180080364266
0.999713548968503
-0.698236818086108
-0.048849769795726
0.764760776027629
-0.992606800269064
0.586978102371278
0.193255917795633
-0.850155361981270
0.964491596283484
-0.463296035119760
-0.333571817464891
0.917556467632727
-0.915962993388106
0.329808338856411
0.466827692348878
-0.965537553173959
0.848048096156364
-0.189340271576075
-0.590203190936445
0.993083102199201
-0.762184318760020
0.044864830350495
0.701087079207455
-0.999610115040350
0.660188962196450
0.100560171952123
-0.797132507223013
0.984980447915468
-0.544220751236811
-0.243856825068085
0.876306680043920
-0.949503736732308
0.416734145163367
0.381992265099403
-0.936933881697938
0.893930843665490
-0.280427389306042
-0.512042864870675
