0.999999999999999
0.659439539119632
-0.130278988491371
-0.831261771375077
-0.966054770315329
-0.442847653627051
0.381992265099262
0.946649260115696
0.866523638498010
0.196190637499095
-0.607771911354030
-0.997768295725414
-0.708163818808669
0.063785851132639
0.792289643355191
0.981148383394172
0.501726432151661
-0.319431889029714
-0.923018467515396
-0.897917856604813
-0.261226607538137
0.553391549243344
0.991083143909599
0.753727274054621
0.002991988539356
-0.749781202967735
-0.991862730390569
-0.558365800629662
0.255445757935793
0.895267866396148
0.925304300473996
0.325096616503822
-0.496541174560728
-0.979974383116319
-0.795926536541816
-0.069756473744124
0.703926182748944
0.998149988796538
0.612512954419564
-0.190319468062052
-0.863521319028231
-0.948560733217858
-0.387515586452102
0.437474533754560
0.964491596283472
0.834573253721300
0.136209607307622
-0.654929252388090
-0.999982096009160
-0.663926212652242
0.124343704647490
0.827920523222574
0.967583351875671
0.448204916018872
-0.376455265374392
-0.944703889414169
-0.869494929505216
-0.202054781745385
0.603009105203026
0.997350874585438
0.712376096951344
-0.057812944478562
-0.788624379875532
-0.982287250728687
-0.506893723931704
0.313755723344372
0.920699583128423
0.900535694187319
0.266998103142904
-0.548397482022572
-0.990268068741570
-0.757646355689090
-0.008975858480997
0.745808283729270
0.992606800269061
0.563320058063618
-0.249655761336432
-0.892585818452129
-0.927557000153154
-0.330749702924244
0.491338136832515
0.978765291933711
0.799534929205606
0.075724598517077
-0.699663340513365
-0.998495940131151
-0.617232064632458
0.184441483668973
0.860488078602885
0.950438240274664
0.393025031653916
-0.432085748801988
-0.962893885754206
-0.837854851683746
-0.142135348732752
0.650395513961877
0.999928384677748
0.668389112327191
-0.118403968306499
-0.824549628907146
-0.969077286229074
-0.453546129097267
0.370904785546283
0.942724690773082
0.872435085653919
0.207911690817755
-0.598224706513030
-0.996897740323617
-0.716562866343791
0.051837967659630
0.784930877348521
0.983390944339325
0.512042864870562
-0.308068322699843
-0.918347730347649
-0.903121285404188
-0.272760038084490
0.543383777794809
0.989417534072678
0.761538307536735
0.014959407015263
-0.741808658601439
-0.993315326901436
-0.568254144143253
0.243856825068137
0.889871808811472
0.929776485888248
0.336390945865366
-0.486117505277298
-0.977521153141461
-0.803114692137299
-0.081690011744993
0.695375444745708
0.998806137341433
0.621929073010874
-0.178556894798648
-0.857424025836181
-0.952281714056377
-0.398520403422604
0.426681491730832
0.961261695938319
0.841106447755014
0.148056000577919
-0.645838486185016
-0.999838867929057
-0.672828078337052
0.112459992158401
0.821149209133710
0.970536519880770
0.458871101604187
-0.365341024366402
-0.940711735063537
-0.875344001663052
-0.213761154992110
0.593418886603715
0.996408909165775
0.720723977066239
-0.045861134627702
-0.781209268031048
-0.984459424705048
-0.517173670587903
0.302369890750440
0.915962993388169
0.905674537670610
0.278512206039628
-0.538350616090698
-0.988531570358854
-0.765402990234607
-0.020942419883356
0.737782470802765
0.993988284916784
0.573167882188912
-0.238049156779103
-0.887125934657389
-0.931962678203974
-0.342020143325662
0.480879466835371
0.976242011289670
0.806665697152802
0.087652499818466
-0.691062648986875
-0.999080569319849
-0.626603811364450
0.172665912166277
0.854329270445670
0.954091088551925
0.404001504979987
-0.421261956056651
-0.959595085281237
-0.844327925502004
-0.153971350836530
0.641258332235485
0.999713548968502
0.677242951731401
-0.106511989044937
-0.817719385664437
-0.971961000578546
-0.464179642863108
0.359764181061828
0.938665094365419
0.878221573370218
0.219602964810943
-0.588591817561769
-0.995884398615970
-0.724859280117730
0.039882659401105
0.777459685186409
0.985492653565726
0.522285957359923
-0.296660631545541
-0.913545457642603
-0.908195359559786
-0.284254401034796
0.533298177137577
0.987610209324670
0.769240265396237
0.026924682845661
-0.733729864502885
-0.994625650217837
-0.578061096249547
0.232232964430239
0.884348294314091
0.934115498817180
0.347637093734932
-0.475624209070293
-0.974927912181824
-0.810187817097809
-0.093611849232831
0.686725107669359
0.999319226239543
0.631256112300228
-0.166768746716100
-0.851203923248294
-0.955866298971241
-0.409468140058882
0.415827335842052
0.957894113460921
0.847519169570114
0.159881187691831
-0.636655216119332
-0.999552432283502
-0.681633574422553
0.100560171952134
0.814260281314385
0.973350677314618
0.469471562785882
-0.354174455328036
-0.936584841964799
-0.881067697735375
-0.225436911090836
0.583743672234804
0.995324227455864
0.728968627421400
-0.033902756056971
-0.773682263079608
-0.986490593923521
-0.527379542125951
0.290940749522211
0.911095209678028
0.910683660806167
0.289986417453580
-0.528226641853100
-0.986653483962205
-0.773049995616538
-0.032905981689417
0.729650984817460
0.995227399981830
0.582933611109038
-0.226408456287667
-0.881538987243273
-0.936234870639728
-0.353241595961518
0.470351920162250
0.973578902873161
0.813680925852306
0.099567846595814
-0.682362976111769
-0.999522099554693
-0.635885809228703
0.160865609613697
0.848048096156431
0.957607281747645
0.414920112910120
-0.410377825689830
-0.956158841385741
-0.850680065687328
-0.165785299524492
0.632029302664864
0.999355523643320
0.685999789191161
-0.094604754002537
-0.810772019947097
-0.974705500327464
-0.474746671879537
0.348572047321837
0.934471052351317
0.883882272844554
0.231262784929947
-0.578874624225118
-0.994728415744058
-0.733051871829815
0.027921638723570
0.769877136972505
0.987453210044198
0.532454242494972
-0.285210449497798
-0.908612337232877
-0.913139352308707
-0.295708050044013
0.523136191838686
0.985661428529863
0.776832044476759
0.038886102236355
-0.725545977802919
-0.995793512661319
-0.587785252292462
0.220575840915213
0.878698114040565
0.938320717781192
0.358833449319509
-0.465062788901269
-0.972195031668987
-0.817144898335133
-0.105520278635170
0.677976410513232
0.999689182000815
0.640492736369749
-0.154956712238491
-0.844861902173878
-0.959313974540050
-0.420357228309531
0.404913620735919
0.954389331192287
0.853810500668336
0.171683474920158
-0.627380757516683
-0.999122830098857
-0.690341439691885
0.088645948447669
0.807254726470191
0.976025421103624
0.480004781253063
-0.342957157654153
-0.932323801215524
-0.886665197913515
-0.237080377715492
0.573984847883495
0.994096984815369
0.737108867130253
-0.021939521572640
-0.766044443118986
-0.988380467458426
-0.537509876752258
0.279469936662862
0.906096929213802
0.915562346134049
0.301419093926035
-0.518027009373123
-0.984634078551147
-0.780586276549364
-0.044864830350484
0.721414990451357
0.996323967984950
0.592615846072342
-0.214735327167088
-0.875825776431875
-0.940372965551574
-0.364412453575920
0.459757004680462
0.970776348122925
0.820579610508396
0.111468932206322
-0.673565567947809
-0.999820467595023
-0.645076728758648
0.149042266176173
0.841645455391811
0.960986316235229
0.425779291565038
-0.399434916642521
-0.952585646243147
-0.856910362418579
-0.177575502677127
0.622709747129854
0.998854359982400
0.694658370458985
-0.082683968660276
-0.803708526830813
-0.977310392379381
-0.485245702624176
0.337329987382852
0.930143165446129
0.889416373291300
0.242889481131215
-0.569074518302954
-0.993429957280058
-0.741139468049824
0.015956618811724
0.762184318760084
0.989272332962983
0.542546263865725
-0.273719416573554
-0.903549075692486
-0.917952555519675
-0.307119344598664
0.512899277405899
0.983571470813386
0.784312557402880
0.050841951945591
-0.717258170684995
-0.996818746958190
-0.597425219474863
0.208887124180303
0.872922077269828
0.942391540464035
0.369978408957870
-0.454434757489256
-0.969322903035176
-0.823984939382000
-0.117413594299992
0.669130606358870
0.999915951636247
0.649637622251862
-0.143122483211118
-0.838398870984697
-0.962624246950004
-0.431186108523473
0.393941909590946
0.950747851124640
0.859979539938264
0.183461171813749
-0.618016438763854
-0.998550122907320
-0.698950426911883
0.076719028126847
0.800133548011231
0.978560368142514
0.490469248326061
-0.331690738005543
-0.927929223127307
-0.892135700463886
-0.248689887164848
0.564143811312488
0.992727357023038
0.745143530260940
-0.009973144676494
-0.758296902119059
-0.990128774621967
-0.547563223492516
0.267959095144393
0.900968867902423
0.920309894877012
0.312808597947429
-0.507753179550747
-0.982473643366419
-0.788010753606710
-0.056817252993013
0.713075667351199
0.997277831864002
0.602213200286071
-0.203031441367202
-0.869987120530032
-0.944376370237482
-0.375531116159731
0.449096237906579
0.967834748450674
0.827360763017959
0.123354052049828
-0.664671684553438
-0.999975630705394
-0.654175253533001
0.137197575318807
0.835122265206172
0.964227708033381
0.436577485577635
-0.388434796274689
-0.948876011644498
-0.863017923326339
-0.189340271576093
0.613301000476493
0.998210129767734
0.703217455360700
-0.070751340439865
-0.796529918024221
-0.979775303633913
-0.495675231314087
0.326039611452365
0.925682053535864
0.894823082057654
0.254481388115558
-0.559192903470763
-0.991989209203006
-0.749120910386177
0.003989313423082
0.754382332396457
0.990949761767930
0.552560575985432
-0.262189178640862
-0.898356398235644
-0.922634279794494
-0.318486650251650
0.502588900079093
0.981340635521230
0.791680732735912
0.062790519529282
-0.708867630216970
-0.997701206263482
-0.606979617058036
0.197168488407968
0.867021011307363
0.946327383799164
0.381070376350265
