0.999999999999999
-0.642787609686538
-0.173648177666931
0.866025403784438
-0.939692620785907
0.342020143325666
0.500000000000001
-0.984807753012207
0.766044443118975
0.000000000000003
-0.766044443118981
0.984807753012206
-0.499999999999997
-0.342020143325674
0.939692620785909
-0.866025403784434
0.173648177666923
0.642787609686543
-0.999999999999999
0.642787609686530
0.173648177666940
-0.866025403784442
0.939692620785905
-0.342020143325661
-0.500000000000005
0.984807753012209
-0.766044443118969
-0.000000000000011
0.766044443118984
-0.984807753012205
0.499999999999986
0.342020143325676
-0.939692620785912
0.866025403784428
-0.173648177666918
-0.642787609686553
0.999999999999999
-0.642787609686526
-0.173648177666953
0.866025403784445
-0.939692620785900
0.342020143325656
0.500000000000016
-0.984807753012211
0.766044443118966
0.000000000000024
-0.766044443118987
0.984807753012203
-0.499999999999988
-0.342020143325687
0.939692620785916
-0.866025403784429
0.173648177666906
0.642787609686551
-0.999999999999999
0.642787609686517
0.173648177666951
-0.866025403784451
0.939692620785901
-0.342020143325631
-0.500000000000027
0.984807753012211
-0.766044443118967
-0.000000000000036
0.766044443118995
-0.984807753012204
0.499999999999965
0.342020143325699
-0.939692620785916
0.866025403784430
-0.173648177666894
-0.642787609686561
0.999999999999999
-0.642787609686507
-0.173648177666963
0.866025403784450
-0.939692620785892
0.342020143325633
0.500000000000025
-0.984807753012211
0.766044443118950
0.000000000000034
-0.766044443118994
0.984807753012199
-0.499999999999966
-0.342020143325697
0.939692620785925
-0.866025403784416
0.173648177666896
0.642787609686559
-0.999999999999999
0.642787609686509
0.173648177666961
-0.866025403784463
0.939692620785893
-0.342020143325635
-0.500000000000023
0.984807753012215
-0.766044443118952
-0.000000000000032
0.766044443119011
-0.984807753012199
0.499999999999968
0.342020143325722
-0.939692620785924
0.866025403784417
-0.173648177666898
-0.642787609686579
0.999999999999999
-0.642787609686510
-0.173648177666987
0.866025403784462
-0.939692620785893
0.342020143325637
0.500000000000046
-0.984807753012220
0.766044443118953
0.000000000000058
-0.766044443119028
0.984807753012200
-0.499999999999945
-0.342020143325693
0.939692620785924
-0.866025403784404
0.173648177666900
0.642787609686578
-0.999999999999999
0.642787609686512
0.173648177666985
-0.866025403784476
0.939692620785894
-0.342020143325612
-0.500000000000069
0.984807753012215
-0.766044443118936
-0.000000000000085
0.766044443119008
-0.984807753012195
0.499999999999972
0.342020143325718
-0.939692620785933
0.866025403784419
-0.173648177666874
-0.642787609686598
0.999999999999999
-0.642787609686492
-0.173648177667011
0.866025403784461
-0.939692620785885
0.342020143325587
0.500000000000043
-0.984807753012219
0.766044443118919
0.000000000000054
-0.766044443119025
0.984807753012190
-0.499999999999949
-0.342020143325743
0.939692620785922
-0.866025403784406
0.173648177666848
0.642787609686575
-0.999999999999999
0.642787609686471
0.173648177666981
-0.866025403784474
0.939692620785876
-0.342020143325616
-0.500000000000066
0.984807753012224
-0.766044443118938
-0.000000000000081
0.766044443119042
-0.984807753012196
0.499999999999926
0.342020143325714
-0.939692620785931
0.866025403784393
-0.173648177666878
-0.642787609686595
0.999999999999999
-0.642787609686495
-0.173648177667007
0.866025403784487
-0.939692620785886
0.342020143325591
0.500000000000089
-0.984807753012219
0.766044443118921
0.000000000000107
-0.766044443119023
0.984807753012191
-0.499999999999952
-0.342020143325739
0.939692620785940
-0.866025403784408
0.173648177666852
0.642787609686615
-0.999999999999999
0.642787609686474
0.173648177667033
-0.866025403784472
0.939692620785877
-0.342020143325566
-0.500000000000062
0.984807753012223
-0.766044443118904
-0.000000000000077
0.766044443119040
-0.984807753012187
0.499999999999929
0.342020143325764
-0.939692620785930
0.866025403784395
-0.173648177666826
-0.642787609686592
0.999999999999999
-0.642787609686454
-0.173648177667003
0.866025403784485
-0.939692620785868
0.342020143325595
0.500000000000085
-0.984807753012228
0.766044443118924
0.000000000000103
-0.766044443119020
0.984807753012182
-0.499999999999906
-0.342020143325735
0.939692620785958
-0.866025403784382
0.173648177666856
0.642787609686656
-0.999999999999999
0.642787609686477
0.173648177667085
-0.866025403784498
0.939692620785879
-0.342020143325623
-0.500000000000108
0.984807753012223
-0.766044443118943
-0.000000000000130
0.766044443119037
-0.984807753012197
0.499999999999883
0.342020143325760
-0.939692620785929
0.866025403784368
-0.173648177666829
-0.642787609686589
0.999999999999999
-0.642787609686457
-0.173648177666999
0.866025403784512
-0.939692620785869
0.342020143325598
0.500000000000131
-0.984807753012227
0.766044443118926
0.000000000000156
-0.766044443119054
0.984807753012193
-0.499999999999860
-0.342020143325785
0.939692620785938
-0.866025403784355
0.173648177666803
0.642787609686609
-0.999999999999999
0.642787609686437
0.173648177667025
-0.866025403784525
0.939692620785860
-0.342020143325573
-0.500000000000055
0.984807753012232
-0.766044443118909
-0.000000000000069
0.766044443119071
-0.984807753012188
0.499999999999936
0.342020143325810
-0.939692620785947
0.866025403784399
-0.173648177666777
-0.642787609686630
0.999999999999999
-0.642787609686416
-0.173648177667051
0.866025403784481
-0.939692620785851
0.342020143325549
0.500000000000078
-0.984807753012236
0.766044443118892
0.000000000000096
-0.766044443119088
0.984807753012183
-0.499999999999913
-0.342020143325835
0.939692620785956
-0.866025403784386
0.173648177666751
0.642787609686650
-0.999999999999999
0.642787609686396
0.173648177667078
-0.866025403784494
0.939692620785842
-0.342020143325524
-0.500000000000101
0.984807753012221
-0.766044443118875
-0.000000000000122
0.766044443119032
-0.984807753012179
0.499999999999890
0.342020143325753
-0.939692620785965
0.866025403784372
-0.173648177666837
-0.642787609686670
0.999999999999999
-0.642787609686463
-0.173648177667104
0.866025403784508
-0.939692620785872
0.342020143325499
0.500000000000124
-0.984807753012226
0.766044443118858
0.000000000000148
-0.766044443119049
0.984807753012174
-0.499999999999867
-0.342020143325778
0.939692620785974
-0.866025403784359
0.173648177666811
0.642787609686690
-0.999999999999999
0.642787609686443
0.173648177667130
-0.866025403784521
0.939692620785863
-0.342020143325474
-0.500000000000147
0.984807753012230
-0.766044443118915
-0.000000000000175
0.766044443119066
-0.984807753012189
0.499999999999844
0.342020143325803
-0.939692620785944
0.866025403784346
-0.173648177666785
-0.642787609686624
0.999999999999999
-0.642787609686422
-0.173648177667044
0.866025403784534
-0.939692620785854
0.342020143325556
0.500000000000170
-0.984807753012235
0.766044443118898
0.000000000000201
-0.766044443119083
0.984807753012185
-0.499999999999821
-0.342020143325828
0.939692620785953
-0.866025403784333
0.173648177666759
0.642787609686644
-0.999999999999999
0.642787609686402
0.173648177667070
-0.866025403784547
0.939692620785845
-0.342020143325531
-0.500000000000094
0.984807753012240
-0.766044443118880
-0.000000000000114
0.766044443119100
-0.984807753012180
0.499999999999897
0.342020143325852
-0.939692620785962
0.866025403784376
-0.173648177666733
-0.642787609686664
0.999999999999999
-0.642787609686382
-0.173648177667096
0.866025403784504
-0.939692620785836
0.342020143325506
0.500000000000117
-0.984807753012244
0.766044443118863
0.000000000000141
-0.766044443119117
0.984807753012176
-0.499999999999874
-0.342020143325877
0.939692620785971
-0.866025403784363
0.173648177666707
0.642787609686684
-0.999999999999999
0.642787609686362
0.173648177667122
-0.866025403784517
0.939692620785827
-0.342020143325481
-0.500000000000140
0.984807753012229
-0.766044443118846
-0.000000000000167
0.766044443119061
-0.984807753012171
0.499999999999851
0.342020143325795
-0.939692620785980
0.866025403784350
-0.173648177666793
-0.642787609686705
0.999999999999999
-0.642787609686428
-0.173648177667148
0.866025403784530
-0.939692620785857
0.342020143325456
0.500000000000163
-0.984807753012234
0.766044443118829
0.000000000000194
-0.766044443119078
0.984807753012166
-0.499999999999828
-0.342020143325820
0.939692620785989
-0.866025403784337
0.173648177666767
0.642787609686725
-0.999999999999999
0.642787609686408
0.173648177667062
-0.866025403784487
0.939692620785809
-0.342020143325432
-0.500000000000186
0.984807753012238
-0.766044443118886
-0.000000000000106
0.766044443119168
-0.984807753012162
0.499999999999805
0.342020143325845
-0.939692620785959
0.866025403784380
-0.173648177666629
-0.642787609686745
0.999999999999999
-0.642787609686388
-0.173648177667088
0.866025403784500
-0.939692620785800
0.342020143325407
0.500000000000209
-0.984807753012243
0.766044443118869
0.000000000000133
-0.766044443119039
0.984807753012157
-0.499999999999782
-0.342020143325870
0.939692620785968
-0.866025403784367
0.173648177666827
0.642787609686766
-0.999999999999999
0.642787609686368
0.173648177667114
-0.866025403784513
0.939692620785868
-0.342020143325382
-0.500000000000232
0.984807753012247
-0.766044443118851
-0.000000000000159
0.766044443119056
-0.984807753012153
0.499999999999759
0.342020143325895
-0.939692620785977
0.866025403784354
-0.173648177666801
-0.642787609686786
0.999999999999999
-0.642787609686347
-0.173648177667140
0.866025403784526
-0.939692620785859
0.342020143325357
0.500000000000255
-0.984807753012252
