0.999999999999999
0.405369527637436
-0.671351092126003
-0.949660077825425
-0.098575422202443
0.869741133155694
0.803708526830788
-0.218143241396543
-0.980565772275219
-0.576839726452744
0.512899277405905
0.992667202067973
0.291894792201032
-0.756016693999252
-0.904827052466018
0.022438064295805
0.923018467515396
0.725889056058888
-0.334511859971845
-0.997090885390702
-0.473868662472999
0.612907053652975
0.970776348122917
0.174139245707390
-0.829594860571831
-0.846724199228282
0.143122483211121
0.962759186055460
0.637423989748688
-0.445974662797069
-0.998993066541314
-0.363948032196784
0.703926182748944
0.934648480581910
0.053829843412129
-0.891006524188367
-0.776203631076353
0.261707925628599
0.988380467458430
0.539610720810785
-0.550896981452100
-0.986244419107040
-0.248689887164857
0.784621814930590
0.884813436149739
-0.067269005612037
-0.939351046208922
-0.694299574162847
0.376455265374395
0.999506560365731
0.433883739117555
-0.647740067614435
-0.959031909598964
-0.129784556752286
0.853810500668348
0.822002075447908
-0.187381314585726
-0.973919425411303
-0.602213200286080
0.485681664337309
0.995974293995238
0.321793593854449
-0.735083659720176
-0.917754625683980
-0.008975858480998
0.910477546658815
0.747135564508149
-0.304745564927219
-0.994204695916450
-0.501295010989925
0.587785252292471
0.977835471138026
0.204984153792232
-0.811646811946193
-0.863017923326351
0.111964476103305
0.953791896906690
0.661311865323653
-0.417640539972128
-0.999909362145144
-0.393025031653927
0.681268619282663
0.945356108439569
0.085168498971964
-0.876306680043861
-0.795624548881783
0.231262784929947
0.983118320656124
0.565789633582218
-0.524410567641360
-0.990949761767935
-0.278991106039235
0.764760776027594
0.899012535107124
-0.035896202634575
-0.928114988519036
-0.716562866343787
0.347169487214424
0.998026728428271
0.461969759730584
-0.623489801858738
-0.967457292663054
-0.160865609613693
0.837037260298632
0.839484407258073
-0.156434465040236
-0.966311937657224
-0.626992362396814
0.457984742103071
0.998298479539764
0.351374824081339
-0.713425186616685
-0.929776485888249
-0.040380923169145
0.897038094386969
0.767644740358009
-0.274678522802392
-0.990337346439118
-0.528226641853082
0.562083377852132
0.983929588598628
0.235626767265314
-0.792897765908475
-0.878459952927508
0.080695973575218
0.943883330308367
0.684547105928688
-0.388894256356594
-0.999838867929057
-0.421714162855307
0.657938725939712
0.955130783952422
0.116423103505824
-0.860742027003942
-0.814260281314379
0.200589415783271
0.976885954764646
0.591410180293910
-0.497406623913220
-0.994677156652778
-0.309016994374950
0.744145010569350
0.912324417231455
-0.004487974438922
-0.915962993388164
-0.738118997487342
0.317541094684840
0.995561964603079
0.489599871965056
-0.598624226943431
-0.974927912181824
-0.191787907539965
0.819437965209728
0.856138269310464
-0.125333233564298
-0.957750816684928
-0.651152758743578
0.429835844221533
0.999637465011020
0.380609289778870
-0.691062648986859
-0.940880768954227
-0.071746136761387
0.882713373816678
0.787396343528016
-0.244340406137886
-0.985492653565724
-0.554636976794317
0.535826794978988
0.989052686346545
0.266036845566684
-0.773366225503504
-0.893035048612889
0.049347833863741
0.933043264819440
0.707106781186554
-0.359764181061797
-0.998781653462333
-0.449987113092131
0.633959526508152
0.963962860695855
0.147562812492469
-0.844327925502008
-0.832092437156160
0.169718089100656
0.969689520376683
0.616447076559480
-0.469911799899893
-0.997422925272834
-0.338737920245304
0.722794863827381
0.924735945302245
0.026924682845649
-0.902907053368378
-0.758946694294546
0.287599327432030
0.992114701314479
0.516746808235983
-0.573167882188932
-0.981436395555737
-0.222520933956302
0.801029983781122
0.871947226253856
-0.094108313318526
-0.948244511287229
-0.674670545932065
0.401262750256484
0.999989928992004
0.409468140058880
-0.668018115955508
-0.951056516295149
-0.103040545578633
0.867517521717721
0.806370881570457
-0.213761154992123
-0.979675398423236
-0.580499952001566
0.509041415750378
0.993199708502811
0.296184377620470
-0.753071466003615
-0.906728826522704
0.017950993798105
0.921282398275824
0.728968627421406
-0.330279061955173
-0.996738762088014
-0.477815980375909
0.609354685562812
0.971843622476421
0.178556894798631
-0.827080574274564
-0.849103418222190
0.138679271154441
0.961536119504149
0.640875613985020
-0.441953229673230
-0.999184357885973
-0.368124552684674
0.700731405818916
0.936234870639735
0.058310768718935
-0.888960053096194
-0.779025402343244
0.257373734365305
0.987688340595137
0.543383777794803
-0.547145889934087
-0.986976319697494
-0.253034359076130
0.781831482468030
0.886895676556414
-0.062790519529314
-0.937802403039828
-0.697522514745701
0.372293658401945
0.999355523643320
0.437922894720366
-0.644314329694493
-0.960293685676942
-0.134233265817656
0.851465534561475
0.824549628907141
-0.182970947394053
-0.972891321940143
-0.605790043840821
0.481753674101713
0.996366562457242
0.326039611452344
-0.732033515886182
-0.919527772551451
-0.013463561731189
0.908612337232872
0.750111069630461
-0.300467997289448
-0.993712209893241
-0.505173300974504
0.584148485111083
0.978765291933711
0.209374763007089
-0.809016994374943
-0.865276436727948
0.107503593510519
0.952433798569320
0.664671684553430
-0.413558504966514
-0.999959716170870
-0.397147890634787
0.677976410513215
0.946809845192920
0.089639308903441
-0.874135756577051
-0.798335306372706
0.226894144495868
0.982287250728686
0.569484493168459
-0.520583930743600
-0.991542217370805
-0.283298069832758
0.761861407873400
0.900968867902423
-0.031410759078118
-0.926434797042883
-0.719686113050197
0.342957157654121
0.997734875046454
0.465945472355834
-0.619974682979081
-0.968583161128633
-0.165293514029497
0.834573253721295
0.841914645309176
-0.152000169561255
-0.965147119180888
-0.630482294044723
0.453990499739535
0.998550122907321
0.355573083550955
-0.710273137068047
-0.931419255684623
-0.044864830350529
0.895045585511167
0.770513242775798
-0.270360406986338
-0.989704983719632
-0.532032076515349
0.558365800629649
0.984721038215629
0.239986003602581
-0.790155012375680
-0.880595531856745
0.076221822798868
0.942391540464028
0.687811804415970
-0.384755647944919
-0.999748234942505
-0.425779291565088
0.654552334343421
0.956450432738636
0.120879385912344
-0.858448793601856
-0.816857349838966
0.196190637499076
0.975916761938742
0.595023196102052
-0.493508218064329
-0.995129582585912
-0.313282199597452
0.741139468049840
0.914152911751101
0.000000000000021
-0.914152911751084
-0.741139468049869
0.313282199597412
0.995129582585908
0.493508218064366
-0.595023196102019
-0.975916761938751
-0.196190637499117
0.816857349838942
0.858448793601877
-0.120879385912302
-0.956450432738624
-0.654552334343453
0.425779291565050
0.999748234942506
0.384755647944958
-0.687811804415939
-0.942391540464042
-0.076221822798910
0.880595531856725
0.790155012375705
-0.239986003602540
-0.984721038215621
-0.558365800629684
0.532032076515313
0.989704983719638
0.270360406986379
-0.770513242775771
-0.895045585511186
0.044864830350487
0.931419255684607
0.710273137068076
-0.355573083550915
-0.998550122907321
-0.453990499739521
0.630482294044735
0.965147119180884
0.152000169561240
-0.841914645309184
-0.834573253721287
0.165293514029511
0.968583161128637
0.619974682979069
-0.465945472355847
-0.997734875046453
-0.342957157654107
0.719686113050207
0.926434797042877
0.031410759078103
-0.900968867902429
-0.761861407873390
0.283298069832772
0.991542217370807
0.520583930743588
-0.569484493168471
-0.982287250728683
-0.226894144495854
0.798335306372714
0.874135756577044
-0.089639308903456
-0.946809845192924
-0.677976410513204
0.397147890634800
0.999959716170870
0.413558504966501
-0.664671684553441
-0.952433798569315
-0.107503593510504
0.865276436727955
0.809016994374935
-0.209374763007104
-0.978765291933714
-0.584148485111071
0.505173300974517
0.993712209893239
0.300467997289434
-0.750111069630471
-0.908612337232866
0.013463561731204
0.919527772551457
0.732033515886172
-0.326039611452358
-0.996366562457244
-0.481753674101700
0.605790043840833
0.972891321940140
0.182970947394038
-0.824549628907149
-0.851465534561467
0.134233265817671
0.960293685676946
0.644314329694482
-0.437922894720379
-0.999355523643320
-0.372293658401931
0.697522514745712
0.937802403039823
0.062790519529299
-0.886895676556420
-0.781831482468021
0.253034359076144
0.986976319697497
0.547145889934075
-0.543383777794816
-0.987688340595135
-0.257373734365290
0.779025402343253
0.888960053096187
-0.058310768718950
-0.936234870639740
-0.700731405818905
0.368124552684688
0.999184357885974
0.441953229673217
-0.640875613985031
-0.961536119504145
-0.138679271154426
0.849103418222198
0.827080574274556
-0.178556894798645
-0.971843622476424
-0.609354685562801
0.477815980375922
0.996738762088013
0.330279061955159
-0.728968627421416
-0.921282398275819
-0.017950993798090
0.906728826522710
0.753071466003606
-0.296184377620484
-0.993199708502813
-0.509041415750365
0.580499952001578
0.979675398423233
0.213761154992109
-0.806370881570466
-0.867517521717714
0.103040545578647
0.951056516295154
0.668018115955497
-0.409468140058894
-0.999989928992004
-0.401262750256470
0.674670545932076
0.948244511287224
0.094108313318511
-0.871947226253863
-0.801029983781114
0.222520933956317
0.981436395555740
0.573167882188920
-0.516746808235995
-0.992114701314477
-0.287599327432016
0.758946694294555
0.902907053368371
-0.026924682845663
-0.924735945302240
-0.722794863827391
0.338737920245291
0.997422925272833
0.469911799899905
-0.616447076559469
-0.969689520376686
-0.169718089100670
0.832092437156152
0.844327925502015
-0.147562812492456
-0.963962860695852
-0.633959526508163
0.449987113092118
0.998781653462334
0.359764181061809
-0.707106781186545
-0.933043264819444
-0.049347833863754
0.893035048612883
0.773366225503513
-0.266036845566671
-0.989052686346543
-0.535826794979000
0.554636976794305
0.985492653565727
0.244340406137899
-0.787396343528008
-0.882713373816685
0.071746136761373
0.940880768954222
0.691062648986869
-0.380609289778858
-0.999637465011020
-0.429835844221545
0.651152758743567
0.957750816684932
0.125333233564312
-0.856138269310457
-0.819437965209736
0.191787907539951
0.974927912181821
0.598624226943442
-0.489599871965044
-0.995561964603080
-0.317541094684853
0.738118997487333
0.915962993388170
0.004487974438936
-0.912324417231449
-0.744145010569359
0.309016994374937
0.994677156652776
0.497406623913231
-0.591410180293899
-0.976885954764649
-0.200589415783284
0.814260281314371
0.860742027003949
-0.116423103505810
-0.955130783952418
-0.657938725939722
0.421714162855295
0.999838867929057
0.388894256356607
-0.684547105928678
-0.943883330308371
-0.080695973575232
0.878459952927502
0.792897765908484
-0.235626767265301
-0.983929588598626
-0.562083377852143
0.528226641853070
0.990337346439120
0.274678522802406
-0.767644740358000
-0.897038094386975
0.040380923169132
0.929776485888244
0.713425186616694
-0.351374824081326
-0.998298479539763
-0.457984742103083
0.626992362396803
0.966311937657228
0.156434465040249
-0.839484407258066
-0.837037260298640
0.160865609613679
0.967457292663051
0.623489801858748
-0.461969759730572
-0.998026728428272
-0.347169487214437
0.716562866343777
0.928114988519046
0.035896202634603
-0.899012535107112
-0.764760776027611
0.278991106039208
0.990949761767931
0.524410567641384
-0.565789633582195
-0.983118320656129
-0.231262784929974
0.795624548881766
0.876306680043874
-0.085168498971936
-0.945356108439560
-0.681268619282683
0.393025031653901
0.999909362145144
0.417640539972153
-0.661311865323633
-0.953791896906699
-0.111964476103333
0.863017923326336
0.811646811946209
-0.204984153792205
-0.977835471138020
-0.587785252292494
0.501295010989901
0.994204695916453
0.304745564927246
-0.747135564508131
-0.910477546658826
0.008975858480970
0.917754625683969
0.735083659720195
-0.321793593854422
-0.995974293995235
-0.485681664337333
0.602213200286058
0.973919425411310
0.187381314585754
-0.822002075447892
-0.853810500668362
0.129784556752258
0.959031909598956
0.647740067614456
-0.433883739117530
-0.999506560365731
-0.376455265374421
0.694299574162822
0.939351046208934
0.067269005612072
-0.884813436149723
-0.784621814930611
0.248689887164823
0.986244419107034
0.550896981452130
-0.539610720810756
-0.988380467458435
-0.261707925628632
0.776203631076331
0.891006524188383
-0.053829843412094
-0.934648480581898
-0.703926182748969
0.363948032196751
0.998993066541312
0.445974662797100
-0.637423989748661
-0.962759186055470
-0.143122483211155
0.846724199228264
0.829594860571851
-0.174139245707352
-0.970776348122908
-0.612907053653005
0.473868662472965
0.997090885390705
0.334511859971881
-0.725889056058861
-0.923018467515411
-0.022438064295844
0.904827052466002
0.756016693999278
-0.291894792200995
-0.992667202067968
-0.512899277405940
0.576839726452711
0.980565772275227
0.218143241396582
-0.803708526830764
-0.869741133155715
0.098575422202402
0.949660077825412
0.671351092126034
-0.405369527637397
-0.999999999999999
-0.405369527637474
0.671351092125972
0.949660077825438
0.098575422202486
-0.869741133155673
-0.803708526830814
0.218143241396500
0.980565772275210
0.576839726452780
-0.512899277405867
-0.992667202067978
-0.291894792201076
0.756016693999222
0.904827052466038
-0.022438064295759
-0.923018467515379
-0.725889056058919
0.334511859971802
0.997090885390698
0.473868662473039
-0.612907053652939
-0.970776348122928
-0.174139245707435
0.829594860571804
0.846724199228309
-0.143122483211072
-0.962759186055447
-0.637423989748726
0.445974662797025
0.998993066541316
0.363948032196830
-0.703926182748909
-0.934648480581928
-0.053829843412178
0.891006524188344
0.776203631076384
-0.261707925628551
-0.988380467458422
-0.539610720810827
0.550896981452059
0.986244419107048
0.248689887164904
-0.784621814930559
-0.884813436149762
0.067269005611988
0.939351046208905
0.694299574162883
-0.376455265374343
-0.999506560365729
-0.433883739117606
0.647740067614392
0.959031909598980
0.129784556752342
-0.853810500668318
-0.822002075447940
0.187381314585671
0.973919425411291
0.602213200286126
-0.485681664337260
-0.995974293995243
-0.321793593854502
0.735083659720138
0.917754625684003
0.008975858481054
-0.910477546658792
-0.747135564508187
0.304745564927166
0.994204695916457
0.501295010989876
-0.587785252292518
-0.977835471138014
-0.204984153792176
0.811646811946227
0.863017923326322
-0.111964476103362
-0.953791896906708
-0.661311865323610
0.417640539972180
0.999909362145143
0.393025031653874
-0.681268619282705
-0.945356108439551
-0.085168498971906
0.876306680043888
0.795624548881748
-0.231262784930003
-0.983118320656135
-0.565789633582171
0.524410567641409
0.990949761767927
0.278991106039180
-0.764760776027630
-0.899012535107099
0.035896202634633
0.928114988519057
0.716562866343757
-0.347169487214465
-0.998026728428274
-0.461969759730545
0.623489801858771
0.967457292663043
0.160865609613650
-0.837037260298656
-0.839484407258050
0.156434465040278
0.966311937657235
0.626992362396780
-0.457984742103109
-0.998298479539761
-0.351374824081298
0.713425186616715
0.929776485888233
0.040380923169102
-0.897038094386988
-0.767644740357981
0.274678522802434
0.990337346439124
0.528226641853045
-0.562083377852167
-0.983929588598621
-0.235626767265272
0.792897765908501
0.878459952927488
-0.080695973575261
-0.943883330308381
-0.684547105928656
0.388894256356634
0.999838867929058
0.421714162855268
-0.657938725939744
-0.955130783952410
-0.116423103505781
0.860742027003964
0.814260281314354
-0.200589415783313
-0.976885954764655
-0.591410180293875
0.497406623913257
0.994677156652773
0.309016994374909
-0.744145010569379
-0.912324417231437
0.004487974438965
0.915962993388182
0.738118997487313
-0.317541094684881
-0.995561964603083
-0.489599871965018
0.598624226943465
0.974927912181814
0.191787907539923
-0.819437965209753
-0.856138269310441
0.125333233564341
0.957750816684940
0.651152758743545
-0.429835844221572
-0.999637465011019
-0.380609289778830
0.691062648986890
0.940880768954212
0.071746136761344
-0.882713373816699
-0.787396343527989
0.244340406137928
0.985492653565732
0.554636976794281
-0.535826794979025
-0.989052686346538
-0.266036845566642
0.773366225503532
0.893035048612870
-0.049347833863784
-0.933043264819455
-0.707106781186524
0.359764181061837
0.998781653462335
0.449987113092092
-0.633959526508185
-0.963962860695844
-0.147562812492427
0.844327925502031
0.832092437156136
-0.169718089100699
-0.969689520376693
-0.616447076559446
0.469911799899931
0.997422925272831
0.338737920245370
-0.722794863827411
-0.924735945302272
-0.026924682845634
0.902907053368335
0.758946694294536
-0.287599327431935
-0.992114701314480
-0.516746808236067
0.573167882188944
0.981436395555756
0.222520933956288
-0.801029983781063
-0.871947226253848
0.094108313318427
0.948244511287234
0.674670545932138
-0.401262750256497
-0.999989928992004
-0.409468140058867
0.668018115955435
0.951056516295145
0.103040545578731
-0.867517521717729
-0.806370881570515
0.213761154992138
0.979675398423216
0.580499952001554
-0.509041415750293
-0.993199708502809
-0.296184377620564
0.753071466003625
0.906728826522746
-0.017950993798119
-0.921282398275786
-0.728968627421396
0.330279061955080
0.996738762088015
0.477815980375996
-0.609354685562824
-0.971843622476444
-0.178556894798616
0.827080574274508
0.849103418222182
-0.138679271154343
-0.961536119504153
-0.640875613985096
0.441953229673243
0.999184357885977
0.368124552684660
-0.700731405818845
-0.936234870639730
-0.058310768719034
0.888960053096200
0.779025402343306
-0.257373734365319
-0.987688340595122
-0.543383777794791
0.547145889934004
0.986976319697492
0.253034359076226
-0.781831482468039
-0.886895676556459
0.062790519529329
0.937802403039794
0.697522514745691
-0.372293658401853
-0.999355523643321
-0.437922894720455
0.644314329694504
0.960293685676970
0.134233265817642
-0.851465534561423
-0.824549628907132
0.182970947393956
0.972891321940147
0.605790043840900
-0.481753674101726
-0.996366562457251
-0.326039611452330
0.732033515886115
0.919527772551445
0.013463561731288
-0.908612337232878
-0.750111069630527
0.300467997289462
0.993712209893230
0.505173300974492
-0.584148485111002
-0.978765291933708
-0.209374763007186
0.809016994374952
0.865276436727997
-0.107503593510534
-0.952433798569290
-0.664671684553419
0.413558504966424
0.999959716170870
0.397147890634878
-0.677976410513226
-0.946809845192951
-0.089639308903426
0.874135756577003
0.798335306372697
-0.226894144495772
-0.982287250728689
-0.569484493168540
0.520583930743613
0.991542217370818
0.283298069832744
-0.761861407873335
-0.900968867902416
0.031410759078019
0.926434797042888
0.719686113050266
-0.342957157654135
-0.997734875046448
-0.465945472355821
0.619974682979003
0.968583161128629
0.165293514029594
-0.834573253721303
-0.841914645309229
0.152000169561269
0.965147119180862
0.630482294044712
-0.453990499739446
-0.998550122907320
-0.355573083551047
0.710273137068057
0.931419255684659
0.044864830350515
-0.895045585511123
-0.770513242775788
0.270360406986243
