0.999999999999999
-0.547980420889958
-0.399434916642527
0.985745448369793
-0.680903494733554
-0.239501881110719
0.943388177963532
-0.794414620535416
-0.072740861719263
0.874135756577056
-0.885277697888853
0.096093934410200
0.779962508642709
-0.950902301939036
0.262189178640859
0.663553229010212
-0.989417534072677
0.420809644503885
0.528226641853088
-0.999725359559778
0.567433204758778
0.377840786818474
-0.981531911539136
0.697879753185810
0.216683029776457
-0.935355868899036
0.808430375665918
0.049347833863758
-0.862513669207262
0.895933373087317
-0.119394224540241
-0.765081978256538
0.957894113460917
-0.284732460668112
-0.645838486185027
0.992546151641320
-0.441953229673218
-0.508182718021309
0.998901589093856
-0.586574308417297
-0.356039116274365
0.976779237995926
-0.714472679632792
-0.193745158596822
0.926809786739342
-0.822002075447902
-0.025927700186623
0.850417819569851
-0.906096929213789
0.142628933705500
0.749781202967743
-0.964359772060784
0.307119344598678
0.627768996627511
-0.995129582585909
0.462854058383435
0.487859659138750
-0.997529141083601
0.605393218023238
0.334041880251003
-0.971490038292868
0.730673159897252
0.170700866905876
-0.917754625683992
0.835122265206154
0.002493324919488
-0.837854851683763
0.915762783621224
-0.165785299524463
-0.734068587199643
0.970295726275993
-0.329337533745242
-0.609354685562823
0.997166407877219
-0.483500650208947
-0.467268628273075
0.995608769388465
-0.623879596709369
-0.311861161409538
0.965667217686242
-0.746472295365138
-0.147562812492493
0.908195359559806
-0.847783738271304
0.020942419883326
0.824831666147051
-0.924925627040584
0.188850602648167
0.717952761591651
-0.975698715600376
0.351374824081320
0.590605667619958
-0.998655508726064
0.503881664371630
0.446420935683883
-0.993141528831900
0.642023290261318
0.289509143194785
-0.959313974540063
0.761861407873380
0.124343704647514
-0.898137239088905
0.859979539938256
-0.044366661415336
-0.811355416346556
0.933580426497189
-0.211812173746576
-0.701442578258675
0.980565772275213
-0.373219110944636
-0.571532241275966
0.999596067197817
-0.523985905970043
-0.425328032610065
0.990128774621978
-0.659814332695149
-0.266998103142935
0.952433798569335
-0.776832044476748
-0.101056297182969
0.887585789004559
-0.871702971286348
0.067766533188473
0.797433504528602
-0.941722428075164
0.234657400467700
0.684547105928733
-0.984894222919318
0.394858395686119
0.552144883199284
-0.999987566661691
0.543802332128685
0.404001504980044
-0.986572161606975
0.677242951731388
0.244340406137914
-0.945030468923167
0.791375982090753
0.077713381426562
-0.876546805016573
0.882947592858915
-0.091129182100595
-0.783073577733202
0.949347159528702
-0.257373734365266
-0.667275624961700
0.988681689997515
-0.416280792260344
-0.532454242495049
0.999829792074517
-0.563320058063597
-0.382453067047615
0.982473643366430
-0.694299574162806
-0.221548497619509
0.937108052108964
-0.805485232008587
-0.054327779195582
0.865026350627778
-0.893707228200264
0.114441775495397
0.768283523593538
-0.956450432738610
0.279948697791417
0.649637622251932
-0.991926093126560
0.437474533754536
0.512471134855702
-0.999122830098860
0.582528363060997
0.360694554957842
-0.977835471138032
0.710974831112837
0.198634896747272
-0.928670899758847
0.819152044288966
0.030912335754157
-0.853030753803505
0.903975967248449
-0.137691508210938
-0.753071466003641
0.963028346012739
-0.302369890750366
-0.631642786017045
0.994625650217831
-0.458427978851605
-0.492206536620151
0.997867069055417
-0.601416696366252
-0.338737920245351
0.972660192581131
-0.727259563181701
-0.175612189524062
0.919723646239270
-0.832368912013241
-0.007479912757789
0.840566603495708
-0.913748169581469
0.160865609613619
0.737445760655861
-0.969077286229063
0.324624997709558
0.613301000476485
-0.996778878456239
0.479129618224831
0.471671578744854
-0.996063198709713
0.619974682979059
0.316595223269789
-0.966950650377278
0.743144825477350
0.152493021882718
-0.910271206105500
0.845128575408673
-0.015956618811645
-0.827640746023902
0.923018467515375
-0.183951350612675
-0.721414990451390
0.974593930820390
-0.346701794364141
-0.594622340422451
0.998384595114687
-0.499568080859512
-0.450877540689505
0.993712209893250
-0.638192129352102
-0.294278626591190
0.960709980668842
-0.758621892528966
-0.129290092740108
0.900318771402221
-0.857424025836148
0.039384385715449
0.814260281314430
-0.931781769052779
0.206936050651852
0.704987960785760
-0.979575249599334
0.368588154351917
0.575617065685693
-0.999441918203703
0.519732140298898
0.429835844221634
-0.990815393959230
0.656059028990443
0.271800388289537
-0.953941611336357
0.773682263079566
0.106016147021470
-0.889871808811482
0.869248509639740
-0.062790519529191
-0.800432559000728
0.940033260679698
-0.229807084674931
-0.688173694712367
0.984018506422706
-0.390272055913697
-0.556295615500343
0.999950266955942
-0.539610720810762
-0.408558047142804
0.987374342073261
-0.673565567947718
-0.249172855231299
0.946649260115723
-0.788317664755482
-0.082683968660311
0.878936056650143
-0.880595531856717
0.086162163711196
0.786165174386284
-0.947768410009545
0.252551890060209
0.670981427986045
-0.987921260694498
0.411741588496993
0.536668602769525
-0.999909362145145
0.559192903470706
0.387055836940022
-0.983390944339352
0.690702130216795
0.226408456287758
-0.938836932556022
0.802520058610434
0.059306373576048
-0.867517521717754
0.891458859784586
-0.109486480663943
-0.771465964272608
0.954982968272688
-0.275157973520957
-0.653420603990199
0.991281368706409
-0.432984959298045
-0.516746808236072
0.999319226239546
-0.578467932160295
-0.365341024366450
0.978867388761694
-0.707459303011744
-0.203519695508007
0.930508919819416
-0.816281643541019
-0.035896202634691
0.855622475997238
-0.901832526405075
0.132750658786195
0.756343002654915
-0.961672972650241
0.297612917967857
0.635500868549694
-0.994096984815351
0.453990499739435
0.496541174560826
-0.998180183389516
0.597425219474799
0.343425536953352
-0.973806160042921
0.723827881937776
0.180519145250608
-0.921669796324071
0.829594860571751
0.012466314595546
-0.843257453209779
0.911710833661449
-0.155941919509710
-0.740804596286808
0.967834748450646
-0.319904389329035
-0.617232064632500
0.996366562457229
-0.474746671879416
-0.476062800312041
0.996492859249514
-0.616054352538752
-0.321321412458950
0.968210038219181
-0.739798876047528
-0.157419439278281
0.912324417231479
-0.842452397007120
0.010970420951856
0.830429245225982
-0.921088355588401
0.179047524318379
0.724859280117817
-0.973464911128300
0.342020143325585
0.598624226943497
-0.998088854996444
0.495242074749578
0.455322933869155
-0.994258180634429
0.634345098725542
0.299040792256207
-0.962082097133193
0.755363512779294
0.134233265817749
-0.902477915779784
0.854847190448066
-0.034401130656892
-0.817144898335223
0.929959941292429
-0.202054781745248
-0.708515812605246
0.978560368142489
-0.363948032196681
-0.579687576412063
0.999262916410617
-0.515465450616790
-0.434332967244165
0.991477375010498
-0.652287411277999
-0.276595914663806
0.955425702745836
-0.770513242775707
-0.110973360590783
0.892135700463930
-0.866772432671599
0.057812944478479
0.803411709375189
-0.938320717781129
0.224951054343704
0.691783170903319
-0.983118320656099
0.385676011372216
0.560432514578277
-0.999888101810271
0.535405691167450
0.413104429824623
-0.988151969821065
0.669871434826974
0.253999108223871
-0.948244511287276
0.785239744579736
0.087652499818606
-0.881303452065052
0.878221573370172
-0.081193002755022
-0.789237221724138
0.946166092639866
-0.247723765629083
-0.674670545932204
0.987136265072960
-0.407192146088660
-0.540869617879454
0.999964067793019
-0.555051843608672
-0.391648982040153
0.984283791647653
-0.687087510804356
-0.231262784930030
0.940542467248683
-0.799534929205504
-0.064283493204156
0.869987120530086
-0.889188323749700
0.104528463267525
0.774629221157060
-0.953491756554153
0.270360406986260
0.657187337329526
-0.990611994413026
0.428484617944590
0.521009631840718
-0.999490772632199
0.574393116684545
0.369978408958003
-0.979874965206560
0.703926182748864
0.208399433410178
-0.932323801215544
0.813390944581480
0.040879176895961
-0.858192921703583
0.899666659983880
-0.127806508293694
-0.759595731569369
0.960293685676906
-0.292848544541051
-0.639343148287667
0.993543599524637
-0.449541731392422
-0.500863465172686
0.998468476299794
-0.593418886603566
-0.348104613809637
0.974927912181855
-0.720378201499945
-0.185421612066059
0.923593027544056
-0.826800179863204
-0.017452406437376
0.845927333913457
-0.909650826522960
0.151014351648461
0.744145010569461
-0.966568143838507
0.315175825989460
0.621147780278412
-0.995929470133127
0.470351920162136
0.480442183779423
-0.996897740323633
0.612118702874082
0.326039611452511
-0.969445349895179
0.736434530278255
0.162341942175611
-0.914354941881227
0.839755269614183
-0.005983950294270
-0.833197094412505
0.919135339255197
-0.174139245707196
-0.728285544942893
0.972311684599054
-0.337329987382783
-0.602611227669521
0.997768295725397
-0.490903753615026
-0.459757004680651
0.994779427478944
-0.630482294044548
-0.303795521770439
0.963430289813172
-0.752086349649460
-0.139173100960233
0.904614618530837
-0.852249097851313
0.029417020156317
0.820009195678014
-0.928114988518953
0.197168488407840
0.712026045991141
-0.977521153141443
0.359298859863422
0.583743672234839
-0.999059066269729
0.511185943021820
0.438819289849357
-0.992114701314508
0.648499573345525
0.281384563016911
-0.956886035893299
0.767325062368211
0.115927814621312
-0.894377407666417
0.864274801953676
