0.999999999999999
0.035397854069685
-0.997493983854521
-0.106016147021428
0.989988495651932
0.176103083620938
-0.977521153141461
-0.245307385878802
0.960154443046353
0.313282199597432
-0.937975407878393
-0.379686832815498
0.911095209678025
0.444188463367043
-0.879648572866616
-0.506463806996923
0.843793109003307
0.566200737671931
-0.803708526830788
-0.623099851966568
0.759595731569277
0.676875969682660
-0.711675817973071
-0.727259563181727
0.660188962196493
0.773998108266227
-0.605393218023249
-0.816857349838954
0.547563223492552
0.855622475997185
-0.486988824404366
-0.890099194676854
0.423973621602936
0.920114707450646
-0.358833449319520
-0.945518575599316
0.291894792201033
0.966183474115382
-0.223493148958479
-0.982005829860195
0.153971350836532
0.992906340675844
-0.083677843332317
-0.998830372850130
0.012964939775282
0.999748234942506
0.057812944478556
-0.995655326598524
-0.128301068387833
0.986572161606968
0.198146143199399
-0.972544265084082
-0.266998103142908
0.953641945300211
0.334511859971842
-0.929959941292488
-0.400349032556889
0.901616948029712
0.464179642863108
-0.868755021509332
-0.525683769810506
0.831538866768224
0.584553152728771
-0.790155012375691
-0.640492736369779
0.744810875546270
0.693222149733980
-0.695733722557958
-0.742477111298909
0.643169529686279
0.788010753606723
-0.587381750363243
-0.829594860571830
0.528649994740280
0.867021011307342
-0.467268628273065
-0.900101624737245
0.403545296352396
0.928670899758824
-0.337799382375546
-0.952585646243146
0.270360406986351
0.971726002708593
-0.201566376507158
-0.985996037070504
0.131762088840155
0.995324227455864
-0.061297405329119
-0.999663820673246
-0.009474502756750
0.998993066541314
0.080198924328861
-0.993315326901438
-0.150521386302536
0.982659058768031
0.220089430227584
-0.967077671701080
-0.288554378821433
0.946649260115693
0.355573083550933
-0.921476211870405
-0.420809644503882
0.891684695095876
0.483937093930231
-0.857424025836176
-0.544639035015012
0.818865919671946
0.602611227669406
-0.776203631076357
-0.657563113391805
0.729650984817457
0.709219271556544
-0.679441304261525
-0.757320799830874
0.625826241948826
0.801626611801840
-0.569074518302953
-0.841914645309166
0.509470574795362
0.877982975427976
-0.447313148315628
-0.909650826523032
0.382913773892368
0.936759478302061
-0.316595223269708
-0.959173061326982
0.248689887164858
0.976779237995919
-0.179538109315104
-0.989489765582890
0.109486480664006
0.997240938513185
-0.038886102236397
-0.999993907657789
-0.031909174591291
0.997734875046455
0.102544521605549
-0.990475163023577
-0.172665912166259
0.978251157500235
0.241921895599673
-0.961124125586839
-0.309965358680424
0.939179908520386
0.376455265374392
-0.912528491425413
-0.441058366122203
0.881303452065000
0.503450868096814
-0.845661291344707
-0.563320058063615
0.805780648924967
0.620365869709258
-0.761861407873405
-0.674302387583713
0.714123692844348
0.724859280117730
-0.662806766807020
-0.771783154533399
0.608167831851792
0.814838826856948
-0.550480740085003
-0.853810500668348
0.490034621073359
0.888502848680043
-0.427132432717210
-0.918741991723548
0.362089442815768
0.944376370237479
-0.295231648934692
-0.965277503888957
0.226894144495899
0.981340635521227
-0.157419439278208
-0.992485256199834
0.087155742747686
0.998655508726065
-0.016455218820115
-0.999820467595024
-0.054327779195481
0.995974293995240
0.124838484627509
-0.987136265072986
-0.194723495543431
0.973350677314623
0.263632546011825
-0.954686624531124
-0.331220261646716
0.931237651557749
0.397147890634762
-0.903121285404194
-0.461085001570715
0.870478446205568
0.522711139589869
-0.833472740925952
-0.581717432498606
0.792289643355182
0.637808138851402
-0.747135564508161
-0.690702130216885
0.698236818086066
0.740134300202249
-0.645838486185032
-0.785856893175395
0.590203190936454
0.827640746023873
-0.531609778236723
-0.865276436727937
0.470351920162235
0.898575333990548
-0.406736643075831
-0.927370542663317
0.341082788800365
0.951517740230599
-0.273719416573541
-0.970895900158412
0.204984153792244
0.985407898483489
-0.135221503812951
-0.994981000601595
0.064781119290171
0.999567225815806
0.005983950294391
-0.999143587817246
-0.076719028126794
0.993712209893243
0.147069587712951
-0.983300314285335
-0.216683029776417
0.967960085750534
0.285210449497797
-0.947768410009582
-0.352308385236522
0.922826488393333
0.417640539972121
-0.893259330618287
-0.480879466835366
0.859215128234011
0.541708210282726
-0.820864511882120
-0.599821894687921
0.778399696090210
0.654929252388073
-0.732033515886190
-0.706754083527008
0.681998360062527
0.755036640377502
-0.628545006435811
-0.799534929205607
0.571941364940517
0.840025923150753
-0.512471134855656
-0.876306680043859
0.450432382894667
0.908195359559779
-0.386136049285769
-0.935532134607114
0.319904389329097
0.958179992386569
-0.252069358243143
-0.976025421103620
0.182970947394060
0.988978978893318
-0.112955480248386
-0.996975742105720
0.042373876588211
0.999975630705394
0.028420106309717
-0.997963609153804
-0.099071646717052
0.990949761767934
0.169226636831980
-0.978969242177377
-0.238533457578560
0.962082097133164
0.306644740933338
-0.940372965551586
-0.373219110944653
0.913950654301103
0.437922894720364
-0.882947592858921
-0.500431794806738
0.847519169570135
0.560432514578169
-0.807842952836231
-0.617624328489587
0.764117801136725
0.671720589322980
-0.716562866343791
-0.722450164872185
0.665416495326284
0.769558796866405
-0.610935035347224
-0.812810375320979
0.553391549243374
0.851988121927989
-0.493074446825127
-0.886895676556415
0.430286039357598
0.917358081415206
-0.365341024366410
-0.943222657947599
0.298564908363886
0.964359772060779
-0.230292375399750
-0.980663483856308
0.160865609613695
0.992052078604178
-0.090632580197807
-0.998468476299783
0.019945297363300
0.999880517750668
0.050841951945589
-0.996281125759492
-0.121374379749647
0.987688340595136
0.191298475243050
-0.974145229574326
-0.260263776601380
0.955719671206798
0.327924627507216
-0.932504014986097
-0.393941909590934
0.904614618530821
0.457984742103074
-0.872191264396622
-0.519732140298978
0.835396459481352
0.578874624225105
-0.794414620535443
-0.635115769842155
0.749451149858969
0.688173694712306
-0.700731405818907
-0.737782470802732
0.648499573345634
0.783693457325833
-0.593017440070040
-0.825676546934604
0.534563084235712
0.863521319028194
-0.473429480961742
-0.897038094386947
0.409923033841603
0.926058885850414
-0.344362039239042
-0.950438240274668
0.277075090976034
0.970053967548104
-0.208399433410146
-0.984807753012197
0.138679271154480
0.994625650217834
-0.068264043913700
-0.999458451547163
-0.002493324919486
0.999281934843867
0.073238197127664
-0.994096984815373
-0.143615997126794
0.983929588598636
0.213273989110940
-0.968830705511813
-0.281863044974840
0.948876011644493
0.349039394155699
-0.924165520566694
-0.414466346622129
0.894823082057675
0.477815980375879
-0.860995761366645
-0.538770785006850
0.822853102117266
0.597025253065941
-0.780586276549360
-0.652287411278148
0.734407127357587
0.704280283921962
-0.684547105928716
-0.752743281040960
0.631256112300248
0.797433504528579
-0.574801242653067
-0.838126965541608
0.515465450616922
0.874619707139365
-0.453546129097319
-0.906728826522691
0.389353619733241
0.934293391748344
-0.323209657454458
-0.957175248325324
0.255445757935764
0.975259711649566
-0.186401556029819
-0.988456141806983
0.116423103505858
0.996698397863466
-0.045861134627711
-0.999945169365511
-0.024930691738089
0.998180183389508
0.095597564671749
-0.991412286102177
-0.165785299524451
0.979675398423241
0.235142113102570
-0.963028346012751
-0.303320386816854
0.941554564434936
0.369978408957907
-0.915361680976519
-0.434782087366203
0.884580975215104
0.497406623913194
-0.849366721041943
-0.557538142399396
0.809895413436054
0.614875261712451
-0.766364883865724
-0.669130606358807
0.718993308750881
0.720032246799313
-0.668018115955523
-0.767325062368330
0.613694794792050
0.810772019947095
-0.556295615500286
-0.850155361981279
0.496108264620415
0.885277697888829
-0.433434403098361
-0.915962993388154
0.368588154351965
0.942057452787295
-0.301894529873892
-0.963430289813127
0.233687800263738
0.979974383116306
-0.164309819852550
-0.991606813167024
0.094108313318540
0.998269277850214
-0.023435132879330
-0.999928384677747
-0.047355505202614
0.996575818152639
0.117908795963215
-0.988228381446560
-0.187871124031174
0.974927912181828
0.256891835958950
-0.956741072739884
-0.324624997709617
0.933759016147282
0.390731128489205
-0.906096929213824
-0.454878902235831
0.873893455212367
0.516746808235974
-0.837309998994528
-0.576024762546990
0.796529918024186
0.632415662147727
-0.751757603384067
-0.685636874028390
0.703217455360745
0.735421651756639
-0.651152758743589
-0.781520472418813
0.595824463473263
0.823702287237179
-0.537509876752266
-0.861755679593717
0.476501273172378
0.895489924657280
-0.413104429824571
-0.924735945302232
0.347637093734945
0.949347159528720
-0.280427389305984
-0.969200215136319
0.211812173746664
0.984195607969231
-0.142135348732798
-0.994258180634410
0.071746136761397
0.999337499192699
-0.000997330835796
-0.999408105935468
-0.069756473744046
0.994469646979455
0.140160656625092
-0.984546874040399
-0.209862349769212
0.969689520376690
0.278512206039631
-0.949972051524648
-0.345766150139954
0.925493292074900
0.411287103130552
-0.896375930360172
-0.474746671879511
0.862765903537640
0.535826794978984
-0.824831666147040
-0.594221336879662
0.782763345811105
0.649637622251837
-0.736771790309863
-0.701797902883955
0.687087510804450
0.750440749765091
-0.633959526508170
-0.795322363375954
0.577654116593871
0.836217795619854
-0.518453485594295
-0.872922077269779
0.456654348983468
0.905251245280999
-0.392566446029729
-0.933043264819440
0.326510987372142
0.956158841385744
-0.258819045102493
-0.974482118963712
0.189829893421387
0.987921260694505
-0.119889308184554
-0.996408909165773
0.049347833863759
0.999902524009303
0.021440973393849
-0.998384595114688
-0.092122317800345
0.991862730390576
0.162341942175422
-0.980369617633542
-0.231747903494138
0.963962860695854
0.299992336837180
-0.942724690773074
-0.366733198900847
0.916761554258700
0.431635982329566
-0.886203579231234
-0.494375392276909
0.851203923248298
0.554636976794305
-0.811938005715851
-0.612118702874249
0.768602628680572
0.666532470249402
-0.721414990451365
-0.717605555360782
0.670611596994833
0.765081978256523
-0.616447076559472
-0.808723785572012
0.559192903470728
0.848312243159687
-0.499136037493012
-0.883648932391897
0.436577485577705
0.914556744641088
-0.371830793207178
-0.940880768954224
0.305220472894324
0.962489068471419
-0.237080377715572
-0.979273341697718
0.167752028028048
0.991149465313784
-0.097582899759175
-0.998057915804530
0.026924682845662
0.999964067793017
0.043868481447696
-0.996858367583937
-0.114441775495370
0.988756381047012
0.184441483668941
-0.975698715600389
-0.253516765170570
0.957750816684929
0.321321412458865
-0.935002639749552
-0.387515586452035
0.907568199391667
0.451767519812766
-0.875584997912144
-0.513755179776188
0.839213336149605
0.573167882188925
-0.798635510047282
-0.629707848667902
0.754054896979970
0.683091699075579
-0.705694936419771
-0.733051871829803
0.653798010050670
0.779337964931469
-0.598624226943430
-0.821717990987328
0.540450119880695
0.859979539938239
-0.479567259365375
-0.893930843665480
0.416280792260429
0.923401737138387
-0.350907912382568
-0.948244511287228
0.283776270716692
0.968334653325745
-0.215222333218688
-0.983571470813375
0.145589694436747
0.993878596328823
-0.075227355405058
-0.999204370226178
0.004487974438916
0.999522099554693
0.066273900399921
-0.994830191844724
-0.136703608310021
0.985152163089205
0.206448153320979
-0.970536519880776
-0.275157973521085
0.951056516295149
0.342488693072787
-0.926809786739367
-0.408102848235417
0.897917856604836
0.471671578744766
-0.864525533178373
-0.532876276070719
0.826800179863262
0.591410180293919
-0.784930877348506
-0.646979917596198
0.739127475930385
0.699306970659974
-0.689619543735696
-0.748129074605510
0.636655216119327
0.793201531471319
-0.580499952001561
-0.834298436648092
0.521435203379560
0.871213811120159
-0.459757004680486
-0.903762633838562
0.395774489027959
0.931781769052804
-0.329808338856485
-0.955130783952427
0.262189178640946
0.973692652520766
-0.193255917795611
-0.987374342073235
0.123354052049865
0.996107279539969
-0.052833931812025
-0.999847695156390
-0.017950993798115
0.998576841838653
0.088645948447572
-0.992301089144619
-0.158896606741059
0.981051891349438
0.228350870110637
-0.964885629795708
-0.296660631545553
0.943883330308360
0.363483520315705
-0.918150257090609
-0.428484617944804
0.887815385136368
0.491338136832386
-0.853030753803532
-0.551729053112591
0.813970704787347
0.609354685562735
-0.770831008314874
-0.663926212652191
0.723827881937854
0.715170120125021
-0.673196906843466
-0.762829571862256
0.619191847113804
0.806665697152819
-0.562083377852111
-0.846458787921243
0.502157728550411
0.882009399911641
-0.439715248498062
-0.913139352308659
0.375068901421624
0.939692620785868
-0.308542696899723
-0.961536119504124
0.240470066417821
0.978560368142501
-0.171192192198024
-0.990680040617096
0.101056297182970
0.997834392738110
-0.030413904743231
-0.999987566661691
-0.040380923169176
0.997128770610606
0.110973360590720
-0.989272332962978
-0.181009595945547
0.976457630438036
0.250138605360301
-0.958748890738552
-0.318013912007998
0.936234870639766
0.384295322659737
-0.909028411137412
-0.448650632745041
0.877265871885038
0.510757291371667
-0.841106447755021
-0.570304017961097
0.800731370948722
0.626992362396841
-0.756343002654844
-0.680538200866069
0.708163818808620
0.730673159897169
-0.656435295035410
-0.777145961456895
0.601416696366397
0.819723682363010
-0.543383777794873
-0.858192921703459
0.482627402182659
0.892360870408458
-0.419452082446204
-0.922056277615781
0.354174455328018
0.947130308985614
-0.287121694403096
-0.967457292663064
0.218629870274391
0.982935349149564
-0.149042266176102
-0.993486901926176
0.078707657427248
0.999059066269731
-0.007978563357598
-0.999623914312567
-0.062790519529236
0.995178615018054
0.133244894304623
-0.985745448369799
-0.203031441367150
0.971371693703650
0.271800388289465
-0.952129392742134
-0.339207062888978
0.928114988519024
0.404913620735971
-0.899448842003734
-0.468590738440585
0.866274628848369
0.529919264233098
-0.828758619280279
-0.588591817561674
0.787088844750945
0.644314329694437
-0.741474155515867
-0.696807517601244
0.692143173870432
0.745808283729251
-0.639343148287591
-0.791071034656342
0.583338714200530
0.832368912013294
-0.524410567641330
-0.869494929505245
0.462854058383391
0.902263010333593
-0.398977709639042
-0.930508919819323
0.333101671730408
0.954091088551894
-0.265556117486889
-0.972891321940128
0.196679587407464
0.986815392607203
-0.126817292884980
-0.995793512661317
0.056319385995505
0.999780683474845
0.014460795475187
-0.998756921218920
-0.085168498972004
0.992727357023027
0.155449335201801
-0.981722211257661
-0.224951054343737
0.965796642068692
0.293325311537642
-0.945030468923175
-0.360229412798364
0.919527772551476
0.425328032609988
-0.889416373291316
-0.488294894587921
0.854847190448112
0.548814406786668
-0.815993485882546
-0.606583243456858
0.773049995616526
0.661311865323688
-0.726231953809950
-0.712725970766961
0.675774014000321
0.760567870630317
-0.621929073010974
-0.804597779766607
0.564967003425011
0.844595018849474
-0.505173300974555
-0.880359120425084
0.442847653627085
0.911710833661484
-0.378302439539660
-0.938493022759555
0.311861161409515
0.960571454522717
-0.243856825068089
-0.977835471138037
0.174630270445051
0.990198544796737
-0.104528463267789
-0.997598711374503
0.033902756057082
0.999998880997441
0.036892872861736
-0.997387023937898
-0.107503593510465
0.989776230907795
0.177575502677126
-0.977204647447558
-0.246757397690285
0.959735282739440
0.314702536658188
-0.937455693803459
-0.381070376350313
0.910477546658792
0.445528279011043
-0.878936056650187
-0.507753179550638
0.842989310743869
0.567433204758693
-0.802817475191170
-0.624269236421534
0.758621892529067
0.677976410513179
-0.710624072444980
-0.728285544942823
0.659064581563067
0.774944488704176
-0.604201837716532
-0.817719385664442
0.546310814749105
0.856395846658816
-0.485681664337256
-0.890780024015790
0.422618261740828
0.920699583128373
-0.357436682769608
-0.946004566200044
0.290463619602373
0.966568143838526
-0.222034743394342
-0.982287250728678
0.152493021882704
0.993083102199180
-0.082187000421244
-0.998901589093855
0.011469055059776
0.999713548968502
0.059306373575999
-0.995514912254009
-0.129784556752351
0.986326722653206
0.199612255539169
-0.972195031669009
-0.268439491255780
0.953190667792976
0.335921299574048
-0.929408881510525
-0.401719459491631
0.900968867902440
0.465504188506334
-0.868013169235278
-0.526955795496668
0.830706960534933
0.585766283024064
-0.789237221724062
-0.641640891025989
0.743811800472683
0.694299574162893
-0.694658370459103
-0.743478405414341
0.642023290261445
0.788930898890385
-0.586170368601450
-0.830429245225856
0.527379542126021
0.867765453368899
-0.465945472355865
-0.900752393038678
0.402176068832435
0.929224732628389
-0.336390945865367
-0.953039767852609
0.268919820615235
0.972078136985784
-0.200100860540501
-0.986244419107014
0.130278988491515
0.995467612352955
-0.059804153945153
-0.999701489781180
-0.010970420951916
0.998924831061301
0.081690011744928
-0.993141528831904
-0.152000169561225
0.982380569190508
0.221548497619451
-0.966695886414320
-0.289986417453595
0.946166092639886
0.356970915999522
-0.920894083856531
-0.422166264787526
0.891006524188437
0.485245702624062
-0.856653211049567
-0.545893073330205
0.818006324354764
0.603804410325405
-0.775259563548086
-0.658689460118632
0.728627176775030
0.710273137068029
-0.678342887063908
-0.758296902119041
0.624658720898480
0.802520058610499
-0.567843745053080
-0.842720958654059
0.508182718021254
0.878698114040577
-0.445974662797203
-0.910271206105425
0.381531368162066
0.937281989491852
-0.315175825989688
-0.959595085281211
0.247240612400120
0.977098659516895
-0.178066220877566
-0.989704983719629
0.107999355706045
0.997350874585437
-0.037391194276322
-0.999998010662407
-0.033404373026511
0.997633124419043
0.104032516533076
-0.990268068741592
-0.174139245707244
0.977939757526887
0.243373183359030
-0.960709980668845
-0.311387326757067
0.938665094365445
0.377840786818402
-0.911915588298689
-0.442400496655362
0.880595531856752
0.504742880917550
-0.844861902173875
-0.564555477561947
0.804893797355901
0.621538503922766
-0.760891538834788
-0.675406359231850
0.713075667351277
0.725889056058789
-0.661685837596957
-0.772733573497276
0.606979617058130
0.815705125313086
-0.549231195078655
-0.854588336700926
0.488730008614244
0.889188323749745
-0.425779291565097
-0.919331670207187
0.360694554957805
0.944867296647449
-0.293802005593892
-0.965667217686244
0.225436911090793
0.981627183447675
-0.155941919509958
-0.992667202067956
0.085665341992803
0.998731940617340
-0.014959407015365
-0.999791002430338
-0.055821504993088
0.995839079454945
