0.999999999999999
-0.849629812651963
0.443741637094024
0.095597564671821
-0.606186719018230
0.934471052351315
-0.981722211257633
0.733729864502875
-0.265075323371825
-0.283298069832750
0.746472295365150
-0.985152163089199
0.927557000153157
-0.591007997439088
0.076719028126818
0.460642450450630
-0.859470145878643
0.999820467595024
-0.839484407258076
0.426681491730828
0.114441775495433
-0.621147780278314
0.941049568878656
-0.977939757526859
0.720723977066248
-0.246757397690288
-0.301419093926077
0.758946694294554
-0.988228381446552
0.920309894877019
-0.575617065685677
0.057812944478564
0.477377863313315
-0.869001873620737
0.999281934843867
-0.829037572555042
0.409468140058888
0.133244894304680
-0.635885809228709
0.947290187621393
-0.973806160042905
0.707459303011767
-0.228350870110646
-0.319431889029712
0.771148582173413
-0.990949761767935
0.912732338703388
-0.560019450099961
0.038886102236382
0.493941866584236
-0.878221573370233
0.998384595114689
-0.818293059633564
0.392107762787057
0.152000169561263
-0.650395513961886
0.953190667792947
-0.969322903035169
0.693940605217102
-0.209862349769239
-0.337329987382820
0.783073577733170
-0.993315326901436
0.904827052466012
-0.544220751236826
0.019945297363305
0.510328512712705
-0.887125934657385
0.997128770610608
-0.807254726470162
0.374606593415914
0.170700866905878
-0.664671684553428
0.958748890738519
-0.964491596283468
0.680172737770918
-0.191298475243097
-0.355106962408144
0.794717399127553
-0.995324227455866
0.896596874675018
-0.528226641853089
0.000997330835792
0.526531917830733
-0.895711760239421
0.995514912254013
-0.795926536541819
0.356970915999474
0.189340271576131
-0.678709194932877
0.963962860695856
-0.959313974540056
0.666160644229913
-0.172665912166270
-0.372756431019473
0.806075865470071
-0.996975742105722
0.888044760497616
-0.512042864870560
-0.017950993798100
0.542546263865776
-0.903975967248471
0.993543599524648
-0.784312557402880
0.339207062888922
0.207911690817755
-0.692503004724257
0.968830705511817
-0.953791896906693
0.651909355843771
-0.153971350836506
-0.390272055913741
0.817144898335132
-0.998269277850217
0.879173780697060
-0.495675231314094
-0.036892872861843
0.558365800629647
-0.911915588298666
0.991215540251538
-0.772416959224612
0.321321412458854
0.226408456287657
-0.706048161055854
0.973350677314616
-0.947927346167127
0.637423989748667
-0.135221503812972
-0.407647547846449
0.827920523222586
-0.999204370226178
0.869987120530010
-0.479129618224875
-0.055821504993147
0.573984847883480
-0.919527772551457
0.988531570358848
-0.760244013297642
0.303320386816835
0.244823926448230
-0.719339800338647
0.977521153141463
-0.941722428075162
0.622709747129870
-0.116423103505814
-0.424876667889862
0.838398870984684
-0.999780683474845
0.860488078602868
-0.462411966550396
-0.074730093586426
0.589397797376993
-0.926809786739331
0.985492653565726
-0.747798090498520
0.285210449497769
0.263151488952127
-0.732373150012780
0.981340635521235
-0.935179370598554
0.607771911354022
-0.097582899759122
-0.441953229673216
0.848576179215541
-0.999998010662407
0.850680065687346
-0.445528279010979
-0.093611849232854
0.604599114862405
-0.933759016147292
0.982099881040235
-0.735083659720152
0.266998103142913
0.281384563016710
-0.745143530260992
0.984807753012206
-0.928300523118953
0.592615846072329
-0.078707657427130
-0.458871101604202
0.858448793601878
-0.999856273754320
0.840566603495681
-0.428484617944731
-0.112459992158372
0.619583342081498
-0.940372965551579
0.978354471007605
-0.722105286267248
0.248689887164840
0.299516601786650
-0.757646355689087
0.987921260694514
-0.921088355588440
0.577246993294540
-0.059804153945026
-0.475624209070298
0.868013169235260
-0.999355523643320
0.830151323416312
-0.411287103130574
-0.131267754658234
0.634345098725619
-0.946649260115707
0.974257768312791
-0.708867630216967
0.230292375399695
0.317541094684839
-0.769877136972540
0.990680040617105
-0.913545457642603
0.561670871434715
-0.040879176895751
-0.492206536620107
0.877265871885053
-0.998495940131150
0.819437965209740
-0.393941909590896
-0.150028383526718
0.648879084367467
-0.952585646243162
0.969811243937542
-0.695375444745723
0.211812173746545
0.335451569750268
-0.781831482468013
0.993083102199189
-0.905674537670615
0.545893073330325
-0.021939521572593
-0.508612130123437
0.886203579231199
-0.997277831863999
0.808430375665922
-0.376455265374424
-0.168735142482184
0.663180080364206
-0.958179992386554
0.965016494472301
-0.681633574422566
0.193255917795594
0.353241595961556
-0.793505099790893
0.995129582585917
-0.897478421842880
0.529919264233213
-0.002991988539291
-0.524835098908926
0.894823082057645
-0.995701636221682
0.797132507222908
-0.358833449319532
-0.187381314585781
0.677242951731426
-0.963430289813116
0.959875241542873
-0.667646953469553
0.174630270445138
0.370904785546323
-0.804893797355921
0.996818746958188
-0.888960053096170
0.513755179776199
0.015956618811693
-0.540869617879370
0.903121285404193
-0.993767919160599
0.785548416547682
-0.341082788800355
-0.205960204653158
0.691062648986891
-0.968334653325765
0.954389331192263
-0.653420603990079
0.155941919509812
0.388434796274759
-0.815993485882570
0.998149988796538
-0.880122490076942
0.497406623913197
0.034899496702490
-0.556709929603262
0.911095209678035
-0.991477375010477
0.773682263079561
-0.323209657454440
-0.224465141658905
0.704634209963634
-0.972891321940148
0.948560733217866
-0.638959634165614
0.137197575318794
0.405825333736788
-0.826800179863290
0.999122830098858
-0.870968906043137
0.480879466835312
0.053829843412136
-0.572350346381989
0.918741991723566
-0.988830826225127
0.761538307536759
-0.305220472894297
-0.242889481131222
0.717952761591612
-0.977098659516916
0.942391540464035
-0.624269236421542
0.118403968306468
0.423070153602590
-0.837309998994560
0.999736921552071
-0.861502587724556
0.464179642863058
0.072740861719287
-0.587785252292462
0.926058885850445
-0.985829223087084
0.749120910386218
-0.287121694403061
-0.261226607538157
0.731013521647776
-0.980955155349201
0.935883968070828
-0.609354685562826
0.099567846595765
0.440163063864093
-0.847519169570111
0.999992042657546
-0.851726934143042
0.447313148315659
0.091625761342750
-0.603009105203029
0.933043264819431
-0.982473643366410
0.736434530278359
-0.268919820615191
-0.279469936662902
0.743811800472719
-0.984459424705061
0.929040352678489
-0.594221336879656
0.080695973575147
0.457097927058722
-0.857424025836172
0.999888101810271
-0.841645455391789
0.430286039357569
0.110477761379629
-0.618016438763837
0.939692620785903
-0.978765291933698
0.723483722445845
-0.250621387183150
-0.297612917967953
0.756343002654885
-0.987610209324666
0.921863151588479
-0.578874624225091
0.061795125470226
0.473868662473043
-0.867021011307349
0.999425136331752
-0.831261771375050
0.413104429824534
0.129290092740002
-0.632801864369514
0.946004566200079
-0.974705500327477
0.710273137068028
-0.232232964430241
-0.315649036947174
0.768602628680545
-0.990406377872175
0.914354941881143
-0.563320058063594
0.042872088910210
0.490469248326131
-0.876306680043877
0.998603312456594
-0.820579610508353
0.395774489027914
0.148056000577910
-0.647360073094025
0.951976834664480
-0.970295726275999
0.696807517601236
-0.213761154992095
-0.333571817464826
0.780586276549410
-0.992846926341838
0.906518419490421
-0.547563223492506
0.023933658491737
0.506893723931684
-0.885277697888877
0.997422925272832
-0.809602808379826
0.378302439539712
0.166768746716221
-0.661685837596920
0.957607281747665
-0.965537553173970
0.683091699075648
-0.195212591445567
-0.351374824081449
0.792289643355235
-0.994930978418585
0.898356398235641
-0.531609778236735
0.004986634338839
0.523136191838784
-0.893930843665530
0.995884398615967
-0.798335306372707
0.360694554957849
0.185421612066073
-0.675774014000291
0.962893885754221
-0.960432689513910
0.669130606358870
-0.176593933926882
-0.369051664363534
0.803708526830844
-0.996657785792651
0.889871808811461
-0.515465450616878
-0.013962180339083
0.539190819948485
-0.902263010333694
0.993988284916779
-0.786781150250528
0.342957157654160
0.204007899039806
-0.689619543735755
0.967834748450686
-0.954982968272719
0.654929252388088
-0.157911867740872
-0.386595991179683
0.814838826857009
-0.998026728428275
0.881067697735369
-0.499136037492959
-0.032905981689375
0.555051843608705
-0.910271206105526
0.991735265002974
-0.774944488704161
0.325096616503836
0.222520933956265
-0.703217455360810
0.972428095747134
-0.949190346253519
0.640492736369765
-0.139173100960083
-0.404001504979942
0.825676546934669
-0.999037314786330
0.871947226253836
-0.482627402182598
-0.051837967659605
0.570713567684379
-0.917952555519734
0.989126147854719
-0.762829571862236
0.307119344598691
0.240954069435863
-0.716562866343742
0.976672278334192
-0.943056903383033
0.625826241948783
-0.120384362016248
-0.421261956056596
0.836217795619797
-0.999689182000818
0.862513669207220
-0.465945472355795
-0.070751340439830
0.586170368601335
-0.925304300473964
0.986161870314167
-0.750440749765064
0.289031796944446
0.259300686788311
-0.729650984817415
0.980565772275246
-0.936584841964762
0.610935035347174
-0.101552397284344
-0.438371146789059
0.846458787921193
-0.999982096009161
0.852770413853891
-0.449096237906514
-0.089639308903446
0.601416696366290
-0.932323801215488
0.982843496749070
-0.737782470802699
0.270840468142962
0.277554198388939
-0.742477111298893
0.984107179553593
-0.929776485888208
0.595824463473205
-0.082683968660209
-0.455322933869012
0.856395846658772
-0.999915951636248
0.842720958653979
-0.432085748801918
-0.108495091045646
0.616447076559463
-0.939008537288515
0.979172218670602
-0.724859280117670
0.252551890060256
0.295708050044070
-0.755036640377510
0.987295228574586
-0.922634279794451
0.580499952001495
-0.063785851132581
-0.472111230506250
0.866025403784427
-0.999490772632196
0.832368912013207
-0.414920112910047
-0.127311916418600
0.631256112300247
-0.945356108439559
0.975149354305577
-0.711675817972985
0.234172629481143
0.313755723344411
-0.767325062368344
0.990128774621966
-0.915160788198457
0.564967003424843
-0.044864830350439
-0.488730008614229
0.875344001663060
-0.998706711663820
0.821717990987234
-0.397605493806689
-0.146083028562480
0.645838486185037
-0.951364235479190
0.970776348122929
-0.698236818085972
0.215709285751330
0.331690738005579
-0.779337964931488
0.992606800269060
-0.907358694567887
0.549231195078477
-0.025927700186514
-0.505173300974548
0.884348294314095
-0.997564050259825
0.810772019947126
-0.380148108562261
-0.164801687431472
0.660188962196526
-0.957030761100414
0.966054770315337
-0.684547105928738
0.197168488407824
0.349506654194942
-0.791071034656366
0.994728415744058
-0.899230800360094
0.533298177137624
-0.006981260297848
-0.521435203379561
0.893035048612900
-0.996063198709709
0.799534929205633
-0.362554225509480
-0.183461171813887
0.674302387583773
-0.962353650653287
0.960986316235239
-0.670611596994848
0.178556894798500
0.367197074843940
-0.802520058610528
0.996492859249505
-0.890780024015868
0.517173670587960
0.011967686315719
-0.537509876752370
0.901401145451697
-0.994204695916449
0.788010753606736
-0.344830161992832
-0.202054781745511
0.688173694712372
-0.967330992875482
0.955572805786137
-0.656435295035333
0.159881187691903
0.384755647945045
-0.813680925852363
0.997899497235828
-0.882009399911611
0.500863465172555
0.030912335754047
-0.553391549243437
0.909443580859511
-0.991989209202997
0.776203631076355
-0.326982282099391
-0.220575840915328
0.701797902884066
-0.971961000578561
0.949816182769131
-0.642023290261361
0.141148072876810
0.402176068832543
-0.824549628907196
0.998947824628826
-0.872922077269799
0.484373417312216
0.049845885660640
-0.569074518303046
0.917159467080804
-0.989417534072670
0.764117801136699
-0.309016994374971
-0.239017699062527
0.715170120125137
-0.976242011289687
0.943718514184971
-0.627380757516686
0.122364276755754
0.419452082446112
-0.835122265206230
0.999637465011022
-0.863521319028210
0.467709448002844
0.068761537663770
-0.584553152728892
0.924546033612354
-0.986490593923509
0.751757603383998
-0.290940749522194
-0.257373734365258
0.728285544942942
-0.980172487848563
0.937281989491868
-0.612512954419548
0.103536543928920
0.436577485577622
-0.845395038487822
0.999968170756825
-0.853810500668316
0.450877540689413
0.087652499818448
-0.599821894687866
0.931600628198055
-0.983209439716722
0.739127475930308
-0.272760038084483
-0.275637355816973
0.741139468049810
-0.983751018959371
0.930508919819337
-0.597425219474838
0.084671634772618
0.453546129097245
-0.855364260160586
0.999939823121437
-0.843793109003265
0.433883739117524
0.106511989044937
-0.614875261712403
0.938320717781241
-0.979575249599321
0.726231953809944
-0.254481388115535
-0.293802005593907
0.753727274054591
-0.986976319697517
0.923401737138354
-0.582122970157237
0.065776323011867
0.470351920162219
-0.865026350627722
0.999552432283498
-0.833472740925893
0.416734145163307
0.125333233564322
-0.629707848667951
0.944703889414150
-0.975589328481090
0.713075667351105
-0.236111362835327
-0.311861161409538
0.766044443118959
-0.989847231970973
0.915962993388117
-0.566611700965989
0.046857393288195
0.486988824404370
-0.874377840572786
0.998806137341426
-0.822853102117200
0.399434916642457
0.144109475330016
-0.644314329694492
0.950747851124624
-0.971253107566038
0.699663340513288
-0.217656558273495
-0.329808338856517
0.778086552580945
-0.992362724936237
0.908195359559737
-0.550896981452018
0.027921638723507
0.503450868096838
-0.883415372204699
0.997701206263486
-0.811938005715778
0.381992265099175
0.162833972454339
-0.658689460118692
0.956450432738624
-0.966568143838562
0.685999789191079
-0.199123600900932
-0.347637093734984
0.789849278542802
-0.994521895368269
0.900101624737277
-0.534984454218099
0.008975858480917
0.519732140299034
-0.892135700463884
0.996238035791520
-0.800731370948642
0.364412453575822
0.181500001629289
-0.672828078337078
0.961809586659765
-0.961536119504160
0.672089919484939
-0.180519145250455
-0.365341024366457
0.801328397423570
-0.996323967984949
0.891684695095899
-0.518879832892799
-0.009973144676592
0.535826794979047
-0.900535694187331
0.994417151298567
-0.789237221724113
0.346701794364083
0.200100860540648
-0.686725107669387
0.966823388604462
-0.956158841385746
0.657938725939760
-0.161849871527396
-0.382913773892449
0.812519787475609
-0.997768295725415
0.882947592858941
-0.502588900078914
-0.028918566828804
0.551729053112755
-0.908612337232890
0.992239206600171
-0.777459685186424
0.328866646738441
0.218629870274546
-0.700375558181421
0.971490038292874
-0.950438240274668
0.643551289750823
-0.143122483210977
-0.400349032556991
0.823419430264576
-0.998854359982401
0.873893455212355
-0.486117505277338
-0.047853605341313
0.567433204758862
-0.916362729562262
0.989704983719631
-0.765402990234483
0.310913414673004
0.237080377715624
-0.713774528476604
0.975807860095318
-0.944376370237401
0.628932776940338
-0.124343704647324
-0.417640539972036
0.834023412112305
-0.999581770788458
0.864525533178357
-0.469471562785718
-0.066771461307887
0.582933611109143
-0.923784088282211
0.986815392607204
-0.753071466003461
0.292848544541202
0.255445757935935
-0.726917207456533
0.979775303633927
-0.937975407878303
0.614088436501830
-0.105520278634992
-0.434782087366178
0.844327925502070
-0.999950266955940
0.854847190448090
-0.452657049576828
-0.085665341992625
0.598224706513137
-0.930873748644156
0.983571470813374
-0.740469540309618
0.274678522802409
0.273719416573719
-0.739798876047517
0.983390944339343
-0.931237651557636
0.599023598515576
-0.086658964003867
-0.451767519812749
0.854329270445728
-0.999959716170871
0.844861902173848
-0.435680003150458
-0.104528463267620
0.613301000476578
-0.937629165000455
0.979974383116304
-0.727601738061009
0.256409873672029
0.291894792201212
-0.752414908895671
0.986653483962222
-0.924165520566767
0.583743672234764
-0.067766533188302
-0.468590738440676
0.864023855812257
-0.999610115040357
0.834573253721267
-0.418546519366558
-0.123354052049817
0.628157079632841
-0.944047911718819
0.976025421103603
-0.714472679632922
0.238049156779090
0.309965358680617
-0.764760776027559
0.989561751039394
-0.916761554258728
0.568254144143222
-0.048849769795376
-0.485245702624161
0.873408200617207
-0.998901589093860
0.823984939381949
-0.401262750256226
-0.142135348732759
0.642787609686686
-0.950127684053177
0.971726002708566
-0.701087079207596
0.219602964810913
0.327924627507416
-0.776832044476743
0.992114701314495
-0.909028411137437
0.552560575985409
-0.029915466169142
-0.501726432151653
0.882478935272592
-0.997834392738116
0.813100761046968
-0.383834901813153
-0.160865609613721
0.657187337329620
-0.955866298971232
0.967077671701042
-0.687449743083414
0.201077921145911
0.345766150140161
-0.788624379875515
0.994311418112919
-0.900968867902462
0.536668602769393
-0.010970420951733
-0.518027009373138
0.891232802796798
-0.996408909165781
0.801924626841752
-0.366269231763591
-0.179538109315139
0.671351092126174
-0.961261695938308
0.962082097133121
-0.673565567947882
0.182480677475367
0.363483520315919
-0.800133548011203
0.996151112670966
-0.892585818452162
0.520583930743517
0.007978563357334
-0.534141581324952
0.899666659984045
-0.994625650217842
0.790460549722803
-0.348572047321935
-0.198146143199456
0.685273788370423
-0.966311937657218
0.956741072739835
-0.659439539119705
0.163817911415046
0.381070376350533
-0.811355416346539
0.997633124419059
-0.883882272844594
0.504312335347486
0.026924682845521
-0.550064361831381
0.907777478533006
-0.992485256199836
0.778712646036795
-0.330749702924353
-0.216683029776524
0.698950426912086
-0.971015210763881
0.951056516295094
-0.645076728758739
0.145096324107496
0.398520403422469
-0.822285955503503
0.998756921218932
-0.874861356216708
0.487859659138607
0.045861134627579
-0.565789633582268
0.915562346134160
-0.989988495651933
0.766685134042531
-0.312808597947549
-0.235142113102685
0.712376096951226
-0.975369826478431
0.945030468923077
-0.630482294044758
0.126322637815906
0.415827335841909
-0.832921240710128
0.999522099554701
-0.865526307662219
0.471231809693936
0.064781119290048
-0.581311750185901
0.923018467515501
-0.987136265072986
0.754382332396319
-0.294755174410972
-0.253516765170693
0.725545977802825
-0.979374221211604
0.938665094365338
-0.615661475325689
0.107503593510377
0.432984959298032
-0.843257453209753
0.999928384677751
-0.855880479068561
0.454434757489075
0.083677843332231
-0.596625138196431
0.930143165446056
-0.983929588598624
0.741808658601296
-0.276595914663714
-0.271800388289596
0.738455340625795
-0.983026957126168
0.931962678203883
-0.600619594235987
0.088645948447474
0.449987113092033
-0.853290881632202
0.999975630705392
-0.845927333913346
0.437474533754381
0.102544521605500
-0.611724299115102
0.936933881697857
-0.980369617633527
0.728968627421252
-0.258337339056923
-0.289986417453734
0.751099550122225
-0.986326722653194
0.924925627040498
-0.585362051785829
0.069756473743939
0.466827692348791
-0.863017923326404
0.999663820673250
-0.835670446020747
0.420357228309366
0.121374379749607
-0.626603811364570
0.943388177963490
