0.999999999999999
0.612907053652976
-0.248689887164855
-0.917754625683980
-0.876306680043863
-0.156434465040231
0.684547105928688
0.995561964603079
0.535826794978996
-0.338737920245291
-0.951056516295152
-0.827080574274561
-0.062790519529313
0.750111069630459
0.982287250728688
0.453990499739546
-0.425779291565073
-0.975916761938747
-0.770513242775789
0.031410759078127
0.809016994374946
0.960293685676942
0.368124552684678
-0.509041415750371
-0.992114701314477
-0.707106781186547
0.125333233564304
0.860742027003943
0.929776485888250
0.278991106039228
-0.587785252292473
-0.999506560365731
-0.637423989748688
0.218143241396543
0.904827052466019
0.891006524188366
0.187381314585726
-0.661311865323652
-0.998026728428271
-0.562083377852128
0.309016994374946
0.940880768954225
0.844327925502015
0.094108313318512
-0.728968627421410
-0.987688340595136
-0.481753674101715
0.397147890634783
0.968583161128630
0.790155012375688
-0.000000000000000
-0.790155012375692
-0.968583161128630
-0.397147890634777
0.481753674101715
0.987688340595137
0.728968627421410
-0.094108313318519
-0.844327925502015
-0.940880768954223
-0.309016994374946
0.562083377852134
0.998026728428271
0.661311865323647
-0.187381314585726
-0.891006524188366
-0.904827052466018
-0.218143241396543
0.637423989748691
0.999506560365731
0.587785252292470
-0.278991106039235
-0.929776485888249
-0.860742027003943
-0.125333233564301
0.707106781186552
0.992114701314477
0.509041415750371
-0.368124552684681
-0.960293685676944
-0.809016994374948
-0.031410759078127
0.770513242775791
0.975916761938745
0.425779291565074
-0.453990499739548
-0.982287250728689
-0.750111069630453
0.062790519529312
0.827080574274562
0.951056516295151
0.338737920245282
-0.535826794978995
-0.995561964603079
-0.684547105928683
0.156434465040241
0.876306680043862
0.917754625683979
0.248689887164848
-0.612907053652973
-0.999999999999999
-0.612907053652973
0.248689887164862
0.917754625683979
0.876306680043862
0.156434465040226
-0.684547105928694
-0.995561964603079
-0.535826794978995
0.338737920245296
0.951056516295155
0.827080574274562
0.062790519529312
-0.750111069630462
-0.982287250728686
-0.453990499739548
0.425779291565074
0.975916761938748
0.770513242775782
-0.031410759078127
-0.809016994374948
-0.960293685676940
-0.368124552684668
0.509041415750371
0.992114701314477
0.707106781186542
-0.125333233564315
-0.860742027003943
-0.929776485888249
-0.278991106039222
0.587785252292470
0.999506560365731
0.637423989748686
-0.218143241396550
-0.904827052466018
-0.891006524188366
-0.187381314585719
0.661311865323658
0.998026728428271
0.562083377852128
-0.309016994374953
-0.940880768954228
-0.844327925502007
-0.094108313318498
0.728968627421405
0.987688340595137
0.481753674101715
-0.397147890634783
-0.968583161128632
-0.790155012375683
0.000000000000014
0.790155012375701
0.968583161128632
0.397147890634783
-0.481753674101715
-0.987688340595137
-0.728968627421405
0.094108313318526
0.844327925502022
0.940880768954218
0.309016994374953
-0.562083377852128
-0.998026728428271
-0.661311865323647
0.187381314585733
0.891006524188373
0.904827052466012
0.218143241396550
-0.637423989748686
-0.999506560365731
-0.587785252292470
0.278991106039235
0.929776485888254
0.860742027003936
0.125333233564287
-0.707106781186542
-0.992114701314477
-0.509041415750371
0.368124552684681
0.960293685676944
0.809016994374940
0.031410759078113
-0.770513242775800
-0.975916761938748
-0.425779291565074
0.453990499739548
0.982287250728689
0.750111069630453
-0.062790519529326
-0.827080574274570
-0.951056516295146
-0.338737920245296
0.535826794978995
0.995561964603079
0.684547105928683
-0.156434465040241
-0.876306680043869
-0.917754625683973
-0.248689887164862
0.612907053652973
0.999999999999999
0.612907053652973
-0.248689887164862
-0.917754625683985
-0.876306680043856
-0.156434465040212
0.684547105928683
0.995561964603079
0.535826794978995
-0.338737920245296
-0.951056516295155
-0.827080574274554
-0.062790519529297
0.750111069630472
0.982287250728689
0.453990499739548
-0.425779291565074
-0.975916761938748
-0.770513242775782
0.031410759078142
0.809016994374957
0.960293685676936
0.368124552684681
-0.509041415750371
-0.992114701314477
-0.707106781186542
0.125333233564315
0.860742027003950
0.929776485888244
0.278991106039235
-0.587785252292470
-0.999506560365731
-0.637423989748686
0.218143241396550
0.904827052466024
0.891006524188360
0.187381314585705
-0.661311865323647
-0.998026728428271
-0.562083377852128
0.309016994374953
0.940880768954228
0.844327925502007
0.094108313318498
-0.728968627421425
-0.987688340595137
-0.481753674101715
0.397147890634783
0.968583161128632
0.790155012375683
-0.000000000000014
-0.790155012375701
-0.968583161128625
-0.397147890634783
0.481753674101715
0.987688340595137
0.728968627421405
-0.094108313318526
-0.844327925502022
-0.940880768954218
-0.309016994374953
0.562083377852128
0.998026728428271
0.661311865323647
-0.187381314585733
-0.891006524188373
-0.904827052466012
-0.218143241396523
0.637423989748686
0.999506560365731
0.587785252292470
-0.278991106039235
-0.929776485888254
-0.860742027003936
-0.125333233564287
0.707106781186562
0.992114701314477
0.509041415750371
-0.368124552684681
-0.960293685676944
-0.809016994374940
-0.031410759078142
0.770513242775800
0.975916761938748
0.425779291565049
-0.453990499739548
-0.982287250728694
-0.750111069630453
0.062790519529297
0.827080574274570
0.951056516295155
0.338737920245269
-0.535826794978995
-0.995561964603082
-0.684547105928683
0.156434465040212
0.876306680043869
0.917754625683985
0.248689887164834
-0.612907053652973
-0.999999999999999
-0.612907053652973
0.248689887164889
0.917754625683985
0.876306680043869
0.156434465040212
-0.684547105928683
-0.995561964603077
-0.535826794978995
0.338737920245322
0.951056516295155
0.827080574274570
0.062790519529297
-0.750111069630453
-0.982287250728683
-0.453990499739548
0.425779291565100
0.975916761938748
0.770513242775764
-0.031410759078142
-0.809016994374940
-0.960293685676936
-0.368124552684681
0.509041415750395
0.992114701314477
0.707106781186522
-0.125333233564315
-0.860742027003936
-0.929776485888244
-0.278991106039235
0.587785252292493
0.999506560365731
0.637423989748664
-0.218143241396550
-0.904827052466012
-0.891006524188360
-0.187381314585733
0.661311865323668
0.998026728428271
0.562083377852105
-0.309016994374953
-0.940880768954237
-0.844327925502007
-0.094108313318526
0.728968627421425
0.987688340595137
0.481753674101690
-0.397147890634783
-0.968583161128639
-0.790155012375683
-0.000000000000014
0.790155012375701
0.968583161128632
0.397147890634757
-0.481753674101715
-0.987688340595142
-0.728968627421405
0.094108313318498
0.844327925502022
0.940880768954228
0.309016994374925
-0.562083377852128
-0.998026728428272
-0.661311865323647
0.187381314585761
0.891006524188373
0.904827052466024
0.218143241396523
-0.637423989748686
-0.999506560365730
-0.587785252292470
0.278991106039263
0.929776485888254
0.860742027003950
0.125333233564287
-0.707106781186542
-0.992114701314474
-0.509041415750371
0.368124552684708
0.960293685676944
0.809016994374923
0.031410759078113
-0.770513242775782
-0.975916761938742
-0.425779291565074
0.453990499739573
0.982287250728689
0.750111069630434
-0.062790519529326
-0.827080574274554
-0.951056516295146
-0.338737920245296
0.535826794979019
0.995561964603079
0.684547105928663
-0.156434465040241
-0.876306680043856
-0.917754625683973
-0.248689887164862
0.612907053652995
0.999999999999999
0.612907053652950
-0.248689887164862
-0.917754625683996
-0.876306680043856
-0.156434465040241
0.684547105928704
0.995561964603079
0.535826794978971
-0.338737920245296
-0.951056516295164
-0.827080574274554
-0.062790519529326
0.750111069630472
0.982287250728689
0.453990499739522
-0.425779291565074
-0.975916761938754
-0.770513242775782
0.031410759078113
0.809016994374957
0.960293685676944
0.368124552684655
-0.509041415750371
-0.992114701314481
-0.707106781186542
0.125333233564343
0.860742027003950
0.929776485888254
0.278991106039208
-0.587785252292470
-0.999506560365731
-0.637423989748686
0.218143241396578
0.904827052466024
0.891006524188373
0.187381314585705
-0.661311865323647
-0.998026728428269
-0.562083377852128
0.309016994374980
0.940880768954228
0.844327925501992
0.094108313318498
-0.728968627421405
-0.987688340595133
-0.481753674101715
0.397147890634809
0.968583161128632
0.790155012375666
-0.000000000000014
-0.790155012375683
-0.968583161128625
-0.397147890634783
0.481753674101740
0.987688340595137
0.728968627421386
-0.094108313318526
-0.844327925502007
-0.940880768954218
-0.309016994374953
0.562083377852152
0.998026728428271
0.661311865323626
-0.187381314585733
-0.891006524188386
-0.904827052466012
-0.218143241396550
0.637423989748707
0.999506560365731
0.587785252292447
-0.278991106039235
-0.929776485888265
-0.860742027003936
-0.125333233564315
0.707106781186562
0.992114701314477
0.509041415750346
-0.368124552684681
-0.960293685676952
-0.809016994374940
-0.031410759078142
0.770513242775800
0.975916761938748
0.425779291565049
-0.453990499739548
-0.982287250728694
-0.750111069630453
0.062790519529354
0.827080574274570
0.951056516295155
0.338737920245269
-0.535826794978995
-0.995561964603082
-0.684547105928683
0.156434465040269
0.876306680043869
0.917754625683985
0.248689887164834
-0.612907053652973
-0.999999999999999
-0.612907053652973
0.248689887164889
0.917754625683985
0.876306680043842
0.156434465040212
-0.684547105928684
-0.995561964603077
-0.535826794978995
0.338737920245322
0.951056516295155
0.827080574274538
