0.999999999999999
-0.553391549243343
-0.387515586452103
0.982287250728688
-0.699663340513364
-0.207911690817759
0.929776485888251
-0.821149209133702
-0.020942419883358
0.844327925502014
-0.913545457642600
0.166768746716100
0.728968627421412
-0.973578902873159
0.348572047321811
0.587785252292475
-0.999122830098857
0.518027009373128
0.425779291565073
-0.989272332962987
0.669130606358858
0.248689887164860
-0.944376370237482
0.796529918024193
0.062790519529317
-0.866025403784439
0.895711760239411
-0.125333233564303
-0.756995055651761
0.963162566797655
-0.309016994374941
-0.621147780278314
0.996492859249503
-0.481753674101711
-0.463296035119864
0.994521895368273
-0.637423989748688
-0.289031796944472
0.957319497532066
-0.770513242775789
-0.104528463267652
0.886203579231219
-0.876306680043857
0.083677843332305
0.783693457325845
-0.951056516295150
0.268919820615257
0.653420603990111
-0.992114701314476
0.444635179184922
0.500000000000004
-0.998026728428271
0.604599114862371
0.328866646738586
-0.968583161128631
0.743144825477392
0.146083028562426
-0.904827052466025
0.855364260160499
-0.041875653729187
-0.809016994374954
0.937281989491892
-0.228350870110645
-0.684547105928685
0.985996037070502
-0.406736643075779
-0.535826794979003
0.999780683474845
-0.570713567684426
-0.368124552684696
0.978147600733806
-0.714472679632790
-0.187381314585728
0.921863151588506
-0.832921240710098
-0.000000000000015
0.832921240710099
-0.921863151588494
0.187381314585726
0.714472679632811
-0.978147600733805
0.368124552684668
0.570713567684451
-0.999780683474844
0.535826794978977
0.406736643075807
-0.985996037070507
0.684547105928683
0.228350870110675
-0.937281989491892
0.809016994374936
0.041875653729203
-0.855364260160514
0.904827052466018
-0.146083028562396
-0.743144825477394
0.968583161128627
-0.328866646738557
-0.604599114862384
0.998026728428269
-0.499999999999990
-0.444635179184949
0.992114701314478
-0.653420603990088
-0.268919820615273
0.951056516295159
-0.783693457325835
-0.083677843332335
0.876306680043865
-0.886203579231205
0.104528463267650
0.770513242775799
-0.957319497532057
0.289031796944457
0.637423989748711
-0.994521895368271
0.463296035119837
0.481753674101726
-0.996492859249505
0.621147780278301
0.309016994374970
-0.963162566797667
0.756995055651759
0.125333233564312
-0.895711760239421
0.866025403784420
-0.062790519529322
-0.796529918024198
0.944376370237474
-0.248689887164824
-0.669130606358891
0.989272332962987
-0.425779291565058
-0.518027009373154
0.999122830098859
-0.587785252292473
-0.348572047321827
0.973578902873165
-0.728968627421384
-0.166768746716098
0.913545457642604
-0.844327925502002
0.020942419883321
0.821149209133699
-0.929776485888248
0.207911690817740
0.699663340513389
-0.982287250728679
0.387515586452099
0.553391549243358
-0.999999999999999
0.553391549243307
0.387515586452103
-0.982287250728690
0.699663340513345
0.207911690817799
-0.929776485888250
0.821149209133697
0.020942419883381
-0.844327925502035
0.913545457642602
-0.166768746716094
-0.728968627421425
0.973578902873151
-0.348572047321770
-0.587785252292477
0.999122830098857
-0.518027009373102
-0.425779291565113
0.989272332962988
-0.669130606358846
-0.248689887164883
0.944376370237494
-0.796529918024196
-0.062790519529326
0.866025403784451
-0.895711760239394
0.125333233564252
0.756995055651762
-0.963162566797651
0.309016994374912
0.621147780278349
-0.996492859249503
0.481753674101697
0.463296035119891
-0.994521895368277
0.637423989748686
0.289031796944488
-0.957319497532075
0.770513242775760
0.104528463267654
-0.886203579231220
0.876306680043849
-0.083677843332275
-0.783693457325873
0.951056516295149
-0.268919820615242
-0.653420603990134
0.992114701314470
-0.444635179184920
-0.500000000000018
0.998026728428273
-0.604599114862336
-0.328866646738588
0.968583161128635
-0.743144825477372
-0.146083028562457
0.904827052466020
-0.855364260160498
0.041875653729171
0.809016994374972
-0.937281989491871
0.228350870110643
0.684547105928707
-0.985996037070497
0.406736643075751
0.535826794979004
-0.999780683474845
0.570713567684401
0.368124552684724
-0.978147600733806
0.714472679632789
0.187381314585757
-0.921863151588518
0.832921240710065
0.000000000000017
-0.832921240710116
0.921863151588483
-0.187381314585668
-0.714472679632813
0.978147600733799
-0.368124552684639
-0.570713567684476
0.999780683474844
-0.535826794978975
-0.406736643075835
0.985996037070513
-0.684547105928682
-0.228350870110677
0.937281989491883
-0.809016994374918
-0.041875653729205
0.855364260160545
-0.904827052466005
0.146083028562423
0.743144825477433
-0.968583161128626
0.328866646738502
0.604599114862408
-0.998026728428271
0.499999999999939
0.444635179184950
-0.992114701314475
0.653420603990065
0.268919820615275
-0.951056516295177
0.783693457325816
0.083677843332309
-0.876306680043893
0.886203579231204
-0.104528463267563
-0.770513242775819
0.957319497532065
-0.289031796944400
-0.637423989748713
0.994521895368274
-0.463296035119810
-0.481753674101727
0.996492859249510
-0.621147780278277
-0.309016994374945
0.963162566797676
-0.756995055651739
-0.125333233564398
0.895711760239435
-0.866025403784434
0.062790519529235
0.796529918024217
-0.944376370237483
0.248689887164794
0.669130606358872
-0.989272332962974
0.425779291565031
0.518027009373132
-0.999122830098860
0.587785252292449
0.348572047321802
-0.973578902873172
0.728968627421402
0.166768746716184
-0.913545457642616
0.844327925502016
-0.020942419883290
-0.821149209133717
0.929776485888216
-0.207911690817710
-0.699663340513370
0.982287250728673
-0.387515586452071
-0.553391549243336
0.999999999999999
-0.553391549243329
-0.387515586452183
0.982287250728696
-0.699663340513364
-0.207911690817829
0.929776485888261
-0.821149209133647
-0.020942419883412
0.844327925502020
-0.913545457642567
0.166768746716064
0.728968627421407
-0.973578902873144
0.348572047321794
0.587785252292547
-0.999122830098855
0.518027009373125
0.425779291565141
-0.989272332962992
0.669130606358866
0.248689887164912
-0.944376370237485
0.796529918024143
0.062790519529356
-0.866025403784437
0.895711760239381
-0.125333233564278
-0.756995055651819
0.963162566797643
-0.309016994374938
-0.621147780278373
0.996492859249500
-0.481753674101720
-0.463296035119918
0.994521895368275
-0.637423989748619
-0.289031796944517
0.957319497532067
-0.770513242775741
-0.104528463267684
0.886203579231261
-0.876306680043835
0.083677843332301
0.783693457325892
-0.951056516295140
0.268919820615267
0.653420603990157
-0.992114701314474
0.444635179184842
0.500000000000044
-0.998026728428271
0.604599114862311
0.328866646738616
-0.968583161128656
0.743144825477352
0.146083028562430
-0.904827052466057
0.855364260160482
-0.041875653729197
-0.809016994374990
0.937281989491880
-0.228350870110558
-0.684547105928729
0.985996037070502
-0.406736643075724
-0.535826794979030
0.999780683474844
-0.570713567684376
-0.368124552684699
0.978147600733824
-0.714472679632767
-0.187381314585731
0.921863151588530
-0.832921240710080
-0.000000000000104
0.832921240710132
-0.921863151588493
0.187381314585638
0.714472679632834
-0.978147600733804
0.368124552684611
0.570713567684454
-0.999780683474842
0.535826794978950
0.406736643075810
-0.985996037070518
0.684547105928660
0.228350870110762
-0.937281989491913
0.809016994374934
0.041875653729292
-0.855364260160531
0.904827052466016
-0.146083028562336
-0.743144825477415
0.968583161128605
-0.328866646738527
-0.604599114862387
0.998026728428265
-0.499999999999962
-0.444635179185029
0.992114701314486
-0.653420603990085
-0.268919820615359
0.951056516295169
-0.783693457325833
-0.083677843332396
0.876306680043881
-0.886203579231164
0.104528463267590
0.770513242775802
-0.957319497532040
0.289031796944426
0.637423989748692
-0.994521895368265
0.463296035119834
0.481753674101804
-0.996492859249508
0.621147780278298
0.309016994375028
-0.963162566797668
0.756995055651682
0.125333233564372
-0.895711760239423
0.866025403784390
-0.062790519529261
-0.796529918024201
0.944376370237454
-0.248689887164820
-0.669130606358936
0.989272332962978
-0.425779291565055
-0.518027009373206
0.999122830098859
-0.587785252292378
-0.348572047321883
0.973578902873166
-0.728968627421342
-0.166768746716158
0.913545457642605
-0.844327925501969
0.020942419883317
0.821149209133766
-0.929776485888226
0.207911690817736
0.699663340513432
-0.982287250728678
0.387515586451991
0.553391549243408
-0.999999999999999
0.553391549243256
0.387515586452159
-0.982287250728691
0.699663340513302
0.207911690817803
-0.929776485888293
0.821149209133662
0.020942419883385
-0.844327925502067
0.913545457642578
-0.166768746716090
-0.728968627421467
0.973578902873150
-0.348572047321713
-0.587785252292526
0.999122830098856
-0.518027009373050
-0.425779291565117
0.989272332963005
-0.669130606358801
-0.248689887164886
0.944376370237514
-0.796529918024159
-0.062790519529330
0.866025403784424
-0.895711760239393
0.125333233564191
0.756995055651727
-0.963162566797650
0.309016994374855
0.621147780278441
-0.996492859249502
0.481753674101644
0.463296035119995
-0.994521895368272
0.637423989748639
0.289031796944600
-0.957319497532060
0.770513242775758
0.104528463267771
-0.886203579231196
0.876306680043848
-0.083677843332214
-0.783693457325946
0.951056516295148
-0.268919820615183
-0.653420603990223
0.992114701314477
-0.444635179184865
-0.500000000000120
0.998026728428269
-0.604599114862333
-0.328866646738699
0.968583161128622
-0.743144825477369
-0.146083028562517
0.904827052466094
-0.855364260160496
0.041875653729110
0.809016994375041
-0.937281989491890
0.228350870110584
0.684547105928793
-0.985996037070506
0.406736643075748
0.535826794979103
-0.999780683474844
0.570713567684398
0.368124552684781
-0.978147600733842
0.714472679632786
0.187381314585817
-0.921863151588563
0.832921240710095
0.000000000000078
-0.832921240710181
0.921863151588503
-0.187381314585664
-0.714472679632895
0.978147600733810
-0.368124552684636
-0.570713567684526
0.999780683474841
-0.535826794978972
-0.406736643075890
0.985996037070532
-0.684547105928679
-0.228350870110736
0.937281989491944
-0.809016994374949
-0.041875653729266
0.855364260160576
-0.904827052466027
0.146083028562362
0.743144825477474
-0.968583161128583
0.328866646738552
0.604599114862457
-0.998026728428260
0.499999999999985
0.444635179185005
-0.992114701314497
0.653420603990105
0.268919820615333
-0.951056516295196
0.783693457325849
0.083677843332369
-0.876306680043923
0.886203579231229
-0.104528463267616
-0.770513242775857
0.957319497532015
-0.289031796944451
-0.637423989748760
0.994521895368255
-0.463296035119857
-0.481753674101781
0.996492859249515
-0.621147780278319
-0.309016994375003
0.963162566797692
-0.756995055651774
-0.125333233564346
0.895711760239462
-0.866025403784346
0.062790519529288
0.796529918024254
-0.944376370237425
0.248689887164846
0.669130606358917
-0.989272332962965
0.425779291565079
0.518027009373184
-0.999122830098863
0.587785252292492
0.348572047321859
-0.973578902873186
0.728968627421283
0.166768746716132
-0.913545457642641
0.844327925501923
-0.020942419883343
-0.821149209133751
0.929776485888194
-0.207911690817762
-0.699663340513413
0.982287250728662
-0.387515586452120
-0.553391549243386
0.999999999999999
-0.553391549243184
-0.387515586452135
0.982287250728707
-0.699663340513239
-0.207911690817777
0.929776485888283
-0.821149209133613
-0.020942419883359
0.844327925502053
-0.913545457642542
0.166768746716116
0.728968627421449
-0.973578902873131
0.348572047321631
0.587785252292504
-0.999122830098853
0.518027009372976
0.425779291565093
-0.989272332963001
0.669130606358736
0.248689887164861
-0.944376370237505
0.796529918024107
0.062790519529303
-0.866025403784468
0.895711760239354
-0.125333233564105
-0.756995055651784
0.963162566797626
-0.309016994374772
-0.621147780278331
0.996492859249495
-0.481753674101568
-0.463296035119871
0.994521895368281
-0.637423989748572
-0.289031796944466
0.957319497532085
-0.770513242775702
-0.104528463267632
0.886203579231236
-0.876306680043806
0.083677843332127
0.783693457325859
-0.951056516295121
0.268919820615099
0.653420603990116
-0.992114701314466
0.444635179184787
0.499999999999999
-0.998026728428275
0.604599114862263
0.328866646738566
-0.968583161128643
0.743144825477311
0.146083028562603
-0.904827052466034
0.855364260160450
-0.041875653729023
-0.809016994374958
0.937281989491859
-0.228350870110499
-0.684547105928691
0.985996037070492
-0.406736643075668
-0.535826794978985
0.999780683474846
-0.570713567684326
-0.368124552684862
0.978147600733813
-0.714472679632725
-0.187381314585903
0.921863151588509
-0.832921240710046
-0.000000000000165
0.832921240710103
-0.921863151588469
0.187381314585578
0.714472679632797
-0.978147600733792
0.368124552684555
0.570713567684597
-0.999780683474844
0.535826794978898
0.406736643075970
-0.985996037070509
0.684547105928616
0.228350870110821
-0.937281989491895
0.809016994374898
0.041875653729353
-0.855364260160504
0.904827052465990
-0.146083028562276
-0.743144825477532
0.968583161128618
-0.328866646738469
-0.604599114862526
0.998026728428268
-0.499999999999910
-0.444635179185083
0.992114701314479
-0.653420603990039
-0.268919820615417
0.951056516295153
-0.783693457325795
-0.083677843332456
0.876306680043965
-0.886203579231189
0.104528463267529
0.770513242775913
-0.957319497532055
0.289031796944368
0.637423989748827
-0.994521895368270
0.463296035119780
0.481753674101857
-0.996492859249504
0.621147780278251
0.309016994375086
-0.963162566797715
0.756995055651717
0.125333233564432
-0.895711760239501
0.866025403784417
-0.062790519529201
-0.796529918024306
0.944376370237472
-0.248689887164761
-0.669130606358981
0.989272332962986
-0.425779291565000
-0.518027009373258
0.999122830098857
-0.587785252292421
-0.348572047321940
0.973578902873206
-0.728968627421378
-0.166768746716218
0.913545457642676
-0.844327925501998
0.020942419883256
0.821149209133801
-0.929776485888245
0.207911690817676
0.699663340513475
-0.982287250728688
0.387515586452040
0.553391549243459
-0.999999999999999
0.553391549243300
0.387515586452215
-0.982287250728724
0.699663340513340
0.207911690817862
-0.929776485888315
0.821149209133692
0.020942419883446
-0.844327925502100
0.913545457642599
-0.166768746716030
-0.728968627421509
0.973578902873111
-0.348572047321762
-0.587785252292575
0.999122830098849
-0.518027009373096
-0.425779291565172
0.989272332963014
-0.669130606358840
-0.248689887164945
0.944376370237534
-0.796529918024191
-0.062790519529390
0.866025403784512
-0.895711760239315
0.125333233564244
0.756995055651841
-0.963162566797603
0.309016994374905
0.621147780278399
-0.996492859249488
0.481753674101690
0.463296035119948
-0.994521895368290
0.637423989748680
0.289031796944550
-0.957319497532110
0.770513242775647
0.104528463267718
-0.886203579231277
0.876306680043764
-0.083677843332267
-0.783693457325913
0.951056516295094
-0.268919820615234
-0.653420603990183
0.992114701314455
-0.444635179184913
-0.500000000000074
0.998026728428280
-0.604599114862194
-0.328866646738649
0.968583161128665
-0.743144825477253
-0.146083028562464
0.904827052466071
-0.855364260160405
0.041875653729163
0.809016994375010
-0.937281989491829
0.228350870110636
0.684547105928754
-0.985996037070477
0.406736643075796
0.535826794979059
-0.999780683474847
0.570713567684255
0.368124552684731
-0.978147600733831
0.714472679632664
0.187381314585765
-0.921863151588543
0.832921240709998
0.000000000000025
-0.832921240710151
0.921863151588435
-0.187381314585716
-0.714472679632858
0.978147600733774
-0.368124552684474
-0.570713567684482
0.999780683474842
-0.535826794978825
-0.406736643075842
0.985996037070523
-0.684547105928552
-0.228350870110684
0.937281989491925
-0.809016994374847
-0.041875653729213
0.855364260160549
-0.904827052465953
0.146083028562190
0.743144825477438
-0.968583161128596
0.328866646738387
0.604599114862414
-0.998026728428263
0.499999999999834
0.444635179184958
-0.992114701314490
0.653420603989973
0.268919820615282
-0.951056516295180
0.783693457325741
0.083677843332543
-0.876306680043897
0.886203579231148
-0.104528463267442
-0.770513242775824
0.957319497532030
-0.289031796944284
-0.637423989748719
0.994521895368261
-0.463296035119703
-0.481753674101734
0.996492859249511
-0.621147780278182
-0.309016994375169
0.963162566797678
-0.756995055651660
-0.125333233564519
0.895711760239438
-0.866025403784373
0.062790519529114
0.796529918024222
-0.944376370237443
0.248689887164677
0.669130606358877
-0.989272332962973
0.425779291564921
0.518027009373333
-0.999122830098861
0.587785252292351
0.348572047322022
-0.973578902873174
0.728968627421319
0.166768746716304
-0.913545457642619
0.844327925501951
-0.020942419883169
-0.821149209133721
0.929776485888213
-0.207911690817591
-0.699663340513538
0.982287250728672
-0.387515586451959
-0.553391549243532
0.999999999999999
-0.553391549243228
-0.387515586452295
0.982287250728697
-0.699663340513277
-0.207911690817948
0.929776485888264
-0.821149209133643
-0.020942419883533
0.844327925502025
-0.913545457642564
0.166768746715944
0.728968627421568
-0.973578902873143
0.348572047321680
0.587785252292645
-0.999122830098855
0.518027009373021
0.425779291565251
-0.989272332962993
0.669130606358775
0.248689887165030
-0.944376370237488
0.796529918024139
0.062790519529477
-0.866025403784555
0.895711760239377
-0.125333233564157
-0.756995055651898
0.963162566797641
-0.309016994374822
-0.621147780278468
0.996492859249500
-0.481753674101614
-0.463296035120026
0.994521895368275
-0.637423989748613
-0.289031796944633
0.957319497532135
-0.770513242775736
-0.104528463267805
0.886203579231317
-0.876306680043831
0.083677843332180
0.783693457325967
-0.951056516295137
0.268919820615150
0.653420603990248
-0.992114701314473
0.444635179184835
0.499999999999953
-0.998026728428272
0.604599114862305
0.328866646738731
-0.968583161128687
0.743144825477194
0.146083028562326
-0.904827052466012
0.855364260160478
-0.041875653729076
-0.809016994375061
0.937281989491798
-0.228350870110329
-0.684547105928652
0.985996037070500
-0.406736643075716
-0.535826794979132
0.999780683474849
-0.570713567684183
-0.368124552684601
0.978147600733802
-0.714472679632762
-0.187381314585851
0.921863151588577
-0.832921240709950
-0.000000000000340
0.832921240710074
-0.921863151588490
0.187381314585630
0.714472679632919
-0.978147600733756
0.368124552684392
0.570713567684367
-0.999780683474845
0.535826794978943
0.406736643075921
-0.985996037070538
0.684547105928488
0.228350870110991
-0.937281989491877
0.809016994374929
0.041875653729300
-0.855364260160594
0.904827052465916
-0.146083028562104
-0.743144825477345
0.968583161128631
-0.328866646738519
-0.604599114862484
0.998026728428257
-0.499999999999758
-0.444635179185239
0.992114701314472
-0.653420603990079
-0.268919820615366
0.951056516295207
-0.783693457325687
-0.083677843332630
0.876306680043830
-0.886203579231213
0.104528463267582
0.770513242775879
-0.957319497532005
0.289031796944201
0.637423989748961
-0.994521895368276
0.463296035119827
0.481753674101811
-0.996492859249518
0.621147780278114
0.309016994375252
-0.963162566797640
0.756995055651752
0.125333233564380
