0.999999999999999
-0.535405691167535
-0.426681491730826
0.992301089144611
-0.635885809228713
-0.311387326757158
0.969322903035167
-0.726574670970975
-0.191298475243088
0.931419255684618
-0.806075865470061
-0.068264043913683
0.879173780697052
-0.873165247507281
0.055821504993164
0.813390944581527
-0.926809786739338
0.179047524318497
0.735083659720177
-0.966183474115382
0.299516601786617
0.645457687723952
-0.990680040617100
0.415373776021010
0.545893073330299
-0.999922292480974
0.524835098908906
0.437922894720364
-0.993767919160595
0.626215104516240
0.323209657454459
-0.972311684599096
0.717952761591639
0.203519695507863
-0.935883968070834
0.798635510047295
0.080695973575219
-0.885045677060243
0.867021011307342
-0.043370290571327
-0.820579610508393
0.922056277615789
-0.166768746716097
-0.743478405414430
0.962893885754203
-0.287599327432018
-0.654929252388094
0.988905025513382
-0.404001504980001
-0.556295615500305
0.999689182000815
-0.514182939383404
-0.449096237906556
0.995080302697610
-0.616447076559472
-0.334981756510554
0.975149354305562
-0.709219271556538
-0.215709285751427
0.940203230014543
-0.791071034656341
-0.093115361868956
0.890780024015867
-0.860742027003946
0.030912335754123
0.827640746023869
-0.917159467080772
0.154464050742595
0.751757603384021
-0.959454649203130
0.275637355817009
0.664299031197546
-0.986976319697494
0.392566446029697
0.566611700966050
-0.999300704788398
0.503450868096813
0.460199784783864
-0.996238035791516
0.606583243456839
0.346701794364214
-0.977835471138023
0.700375558181373
0.227865351528139
-0.944376370237483
0.783383614930444
0.105520278635170
-0.896375930360151
0.854329270445658
-0.018449576695095
-0.834573253721301
0.912120116172270
-0.142135348732742
-0.759919966917068
0.955866298971248
-0.263632546011831
-0.673565567947788
0.984894222919328
-0.381070376350272
-0.576839726452752
0.998756921218922
-0.492640552974413
-0.471231809694083
0.997240938513185
-0.596625138196355
-0.358367949545298
0.980369617633537
-0.691422995912163
-0.239986003602559
0.948402740170905
-0.775574445610207
-0.117908795963293
0.901832526405110
-0.847783738271310
0.005983950294375
0.841376056184751
-0.906939008081217
0.129784556752285
0.767964227459560
-0.952129392742141
0.251586763744510
0.682727422479678
-0.982659058768026
0.369515082603780
0.586978102371419
-0.998057915804532
0.481753674101726
0.482190598094669
-0.998088854996448
0.586574308417294
0.369978408957894
-0.982751399947622
0.682362976111775
0.252069358243097
-0.952281714056377
0.767644740358012
0.130278988491377
-0.907148964113676
0.841106447755006
0.006482606102207
-0.848048096156414
0.901616948029714
-0.117413594300001
-0.775889134812402
0.948244511287222
-0.239501881110701
-0.691783170903225
0.980271174621726
-0.357902360656718
-0.597025253065925
0.997203797181179
-0.470791923463424
-0.493074446825129
0.998781653462335
-0.576432316169770
-0.381531368161931
0.984980447915480
-0.673196906843450
-0.264113537514760
0.956012689043032
-0.759595731569267
-0.142628933705535
0.912324417231443
-0.834298436648150
-0.018948155004259
0.854588336700959
-0.896154763145914
0.105024384009464
0.783693457325851
-0.944212258375501
0.227379776282982
0.700731405818903
-0.977730941593511
0.346234015300604
0.606979617058054
-0.996194698091743
0.459757004680422
0.503881664371625
-0.999319226239543
0.566200737671942
0.393025031653921
-0.987056415109557
0.663926212652232
0.276116669570940
-0.959595085281243
0.751428670181034
0.154956712238479
-0.917358081415215
0.827360763017986
0.031410759078137
-0.860995761366639
0.890553302335500
-0.092618851350347
-0.791375982090776
0.940033260679736
-0.215222333218625
-0.709570736536523
0.975038754473805
-0.334511859971826
-0.616839647289902
0.995030775365403
-0.448650632745095
-0.514610571130128
0.999701489781182
-0.555881163064877
-0.404457613145661
0.988978978893321
-0.654552334343411
-0.288076888944358
0.963028346012746
-0.743144825477396
-0.167260408168149
0.922249174357858
-0.820294505083355
-0.043868481447697
0.867269374343275
-0.884813436149744
0.080198924328866
0.798935515127367
-0.935708167678974
0.203031441367161
0.718299789291125
-0.972195031668972
0.322737716469657
0.626603811364451
-0.993712209893242
0.437474533754558
0.525259499667139
-0.999928384677748
0.545475196165703
0.415827335842012
-0.990747840471441
0.645076728758686
0.299992336837174
-0.966311937657225
0.734745484892428
0.179538109315120
-0.926996935909976
0.813100761047038
0.056319385995487
-0.873408200617127
0.878936056650143
-0.067766533188509
-0.806370881570440
0.931237651557728
-0.190808995376567
-0.726917207456642
0.969200215136313
-0.310913414672895
-0.636270591783859
0.992239206600176
-0.426230444642710
-0.535826794978974
0.999999875666361
-0.534984454218210
-0.427132432717244
0.992362724936243
-0.635500868549616
-0.311861161409545
0.969445349895130
-0.726231953809969
-0.191787907539945
0.931600628198026
-0.805780648924970
-0.068761537663760
0.879411286122246
-0.872922077269826
0.055323610109818
0.813680925852305
-0.926622407101431
0.178556894798641
0.735421651756702
-0.966054770315326
0.299040792256123
0.645838486185034
-0.990611994413055
0.414920112910091
0.546310814749127
-0.999915951636246
0.524410567641359
0.438371146789039
-0.993823381310390
0.625826241948835
0.323681518067650
-0.972428095747108
0.717605555360775
0.204007899039877
-0.936059535738956
0.798335306372690
0.081193002755097
-0.885277697888870
0.866772432671654
-0.042872088910156
-0.820864511882118
0.921863151588519
-0.166277043794115
-0.743811800472696
0.962759186055452
-0.287121694403136
-0.655306007573304
0.988830826225128
-0.403545296352335
-0.556709929603218
0.999676625630463
-0.513755179776185
-0.449541731392478
0.995129582585914
-0.616054352538849
-0.335451569750307
0.975259711649584
-0.708867630216969
-0.216196184644417
0.940372965551563
-0.790765890508392
-0.093611849232821
0.891006524188391
-0.860488078602878
0.030413904743279
0.827920523222582
-0.916960624678783
0.153971350836501
0.752086349649493
-0.959313974540043
0.275157973521088
0.664671684553387
-0.986895978856718
0.392107762787096
0.567022523362416
-0.999281934843868
0.503019946630196
0.460642450450627
-0.996281125759496
0.606186719018222
0.347169487214381
-0.977939757526864
0.700019536383360
0.228350870110695
-0.944540247263947
0.783073577733131
0.106016147021435
-0.896596874675001
0.854069991746623
-0.017950993798125
-0.834847863263426
0.911915588298671
-0.141641728415538
-0.760244013297642
0.955719671206812
-0.263151488952115
-0.673934061558410
0.984807753012201
-0.380609289778879
-0.577246993294571
0.998731940617346
-0.492206536620161
-0.471671578744812
0.997277831863999
-0.596224874965592
-0.358833449319497
0.980467816859517
-0.691062648986868
-0.240470066417805
0.948560733217862
-0.775259563548062
-0.118403968306525
0.902047880524269
-0.847519169570103
0.005485292998587
0.841645455391834
-0.906728826522705
0.129290092740076
0.768283523593536
-0.951976834664482
0.251104106684473
0.683091699075612
-0.982566473233278
0.369051664363409
0.587381750363206
-0.998026728428269
0.481316630312410
0.482627402182638
-0.998119545996326
0.586170368601333
0.370441643310432
-0.982843496749084
0.681998360062488
0.252551890060283
-0.952433798569330
0.767325062368355
0.130773387834376
-0.907358694567861
0.840836630169596
0.006981260297971
-0.848312243159707
0.901401145451663
-0.116918363439820
-0.776203631076377
0.948086046606169
-0.239017699062536
-0.692143173870410
0.980172487848552
-0.357436682769480
-0.597425219474850
0.997166407877219
-0.470351920162244
-0.493508218064390
0.998806137341433
-0.576024762547026
-0.381992265099277
0.985066427979228
-0.672828078337029
-0.264594463341267
0.956158841385753
-0.759271307334882
-0.143122483211181
0.912528491425412
-0.834023412112279
-0.019446728601694
0.854847190448092
-0.895933373087301
0.104528463267660
0.784003104842359
-0.944047911718847
0.226894144495916
0.701087079207504
-0.977626168919309
0.345766150139896
0.607375839723278
-0.996151112670945
0.459314110250509
0.504312335347555
-0.999337499192700
0.565789633582238
0.393483519545707
-0.987136265072985
0.663553229010173
0.276595914663664
-0.959735282739427
0.751099550122288
0.155449335201698
-0.917556467632745
0.827080574274571
0.031909174591351
-0.861249281627846
0.890326359203670
-0.092122317800404
-0.791680732735901
0.939863057589404
-0.214735327167085
-0.709922025069506
0.974927912181824
-0.334041880250932
-0.617232064632463
0.994981000601603
-0.448204916018853
-0.515038074910031
0.999713548968503
-0.555466572400018
-0.404913620735974
0.989052686346544
-0.654175253533068
-0.288554378821458
0.963162566797649
-0.742811060744533
-0.167752028027984
0.922441841766748
-0.820009195677942
-0.044366661415312
0.867517521717724
-0.884580975215099
0.079701855139622
0.799235321538311
-0.935532134607103
0.202543136739211
0.718646638372969
-0.972078136985771
0.322265695230546
0.626992362396838
-0.993656253522182
0.437026064003118
0.525683769810498
-0.999934228225053
0.545057183359408
0.416280792260466
-0.990815393959220
0.644695609383958
0.300467997289379
-0.966440160908932
0.734407127357507
0.180028649666450
-0.927183854566769
0.812810375321030
0.056817252993128
-0.873650936538955
0.878698114040554
-0.067269005612104
-0.806665697152880
0.931055815862504
-0.190319468062034
-0.727259563181706
0.969077286229098
-0.310439425274658
-0.636655216119353
0.992177077318310
-0.425779291565120
-0.536247765547781
0.999999502665477
-0.534563084235715
-0.427583267489687
0.992424113959729
-0.635115769842096
-0.312334918512286
