0.999999999999999
-0.220089430227587
-0.903121285404191
0.617624328489617
0.631256112300239
-0.895489924657300
-0.237080377715498
0.999847695156390
-0.203031441367175
-0.910477546658815
0.603804410325475
0.644695609383940
-0.887585789004552
-0.253999108223706
0.999390827019095
-0.185911607162910
-0.917556467632734
0.589800567488766
0.657938725939712
-0.879411286122236
-0.270840468143008
0.998629534754573
-0.168735142482138
-0.924355892018043
0.575617065685670
0.670981427985971
-0.870968906043123
-0.287599327432023
0.997564050259823
-0.151507279442398
-0.930873748644206
0.561258225348238
0.683819742589323
-0.862261220397960
-0.304270581179858
0.996194698091744
-0.134233265817656
-0.937108052108956
0.546728420318335
0.696449759074772
-0.853290881632151
-0.320849151161137
0.994521895368272
-0.116918363439793
-0.943056903383064
0.532032076515325
0.708867630216946
-0.844060622197783
-0.337329987382837
0.992546151641320
-0.099567846595812
-0.948718490388800
0.517173670587911
0.721069573412001
-0.834573253721295
-0.353708069622591
0.990268068741568
-0.082187000421222
-0.954091088551925
0.502157728550449
0.733051871829837
-0.824831666147030
-0.369978408957891
0.987688340595135
-0.064781119290141
-0.959173061326990
0.486988824404360
0.744810875546271
-0.814838826856942
-0.386136049285762
0.984807753012204
-0.047355505202575
-0.963962860695852
0.471671578744778
0.756343002654888
-0.804597779766655
-0.402176068832435
0.981627183447659
-0.029915466169382
-0.968459027639236
0.456210657353151
0.767644740358018
-0.794111644398354
-0.418093581652563
0.978147600733803
-0.012466314595410
-0.972660192581120
0.440610769775881
0.778712646036911
-0.783383614930420
-0.433883739117581
0.974370064785229
0.004986634338781
-0.976565075805980
0.424876667889820
0.789543348300246
-0.772416959224588
-0.449541731392512
0.970295726275992
0.022438064295816
-0.980172487848545
0.409013144454873
0.800133548011209
-0.761215017830406
-0.465062788901253
0.965925826289060
0.039882659401133
-0.983481329856172
0.393025031653900
0.810480019292398
-0.749781202967719
-0.480442183779355
0.961261695938313
0.057315105862017
-0.986490593923523
0.376917199620992
0.820579610508398
-0.738118997487333
-0.495675231314105
0.956304755963032
0.074730093586459
-0.989199363399620
0.360694554957774
0.830429245225919
-0.726231953809973
-0.510757291371708
0.951056516295145
0.092122317800439
-0.991606813167032
0.344362039239016
0.840025923150781
-0.714123692844336
-0.525683769810517
0.945518575599311
0.109486480664009
-0.993712209893243
0.327924627507196
0.849366721041951
-0.701797902883967
-0.540450119880653
0.939692620785897
0.126817292884977
-0.995514912254017
0.311387326757133
0.858448793601863
-0.689258338483930
-0.555051843608815
0.933580426497194
0.144109475330026
-0.997014371128746
0.294755174410863
0.867269374343293
-0.676508819316975
-0.569484493168460
0.927183854566773
0.161357760632813
-0.998210129767736
0.278033236783164
0.875825776431870
-0.663553229010210
-0.583743672234811
0.920504853452418
0.178556894798660
-0.999101823931320
0.261226607538118
0.884115393504631
-0.650395513961862
-0.597825037323748
0.913545457642594
0.195701638804631
-0.999689182000816
0.244340406137857
0.892135700463886
-0.637039682139439
-0.611724299115009
0.906307787036636
0.212786770195619
-0.999972025061269
0.227379776282908
0.899884254246493
-0.623489801858693
-0.625437223758899
0.898794046299145
0.229807084675037
-0.999950266955942
0.210349884345481
0.907358694567882
-0.609750000544464
-0.638959634165685
0.891006524188363
0.246757397690328
-0.999623914312565
0.193255917795521
0.914556744641123
-0.595824463473243
-0.652287411278163
0.882947592858914
0.263632546011889
-0.998993066541313
0.176103083620889
0.921476211870414
-0.581717432498568
-0.665416495326273
0.874619707139374
0.280427389306015
-0.998057915804528
0.158896606741093
0.928114988519052
-0.567433204758776
-0.678342887063914
0.866025403784408
0.297136811700852
-0.996818746958185
0.141641728415562
0.934471052351334
-0.552976131367919
-0.691062648986901
0.857167300702101
0.313755723344415
-0.995275937465124
0.124343704647441
0.940542467248625
-0.538350616090647
-0.703571906532491
0.848048096156405
0.330279061955228
-0.993429957280051
0.107007804582340
0.946327383799173
-0.523561114000594
-0.715866849259737
0.838670567945393
0.346701794364230
-0.991281368706417
0.089639308903412
0.951824039861336
-0.508612130123415
-0.727943732009941
0.829037572555032
0.363018918048147
-0.988830826225117
0.072243508222580
0.957030761100430
-0.493508218064315
-0.739798876047625
0.819152044288972
0.379225462652983
-0.986079076295139
0.054825701469304
0.961945961498712
-0.478253978621271
-0.751428670181035
0.809016994374917
0.395316491508203
-0.983026957126149
0.037391194276309
0.966568143838557
-0.462854058383389
-0.762829571862292
0.798635510047252
0.411287103130645
-0.979675398423222
0.019945297363265
0.970895900158433
-0.447313148315605
-0.773998108266263
0.788010753606704
0.427132432717245
-0.976025421103618
0.002493324919428
0.974927912181827
-0.431635982329574
-0.784930877348533
0.777145961456942
0.442847653627115
-0.972078136985764
-0.014959407015331
0.978662951718845
-0.415827335841974
-0.795624548881801
0.766044443118938
0.458427978851677
-0.967834748450651
-0.032407582169743
0.982099881040248
-0.399892024319718
-0.806075865470092
0.754709580222757
0.473868662472991
-0.963296548075533
-0.049845885660742
0.985237653224061
-0.383834901812909
-0.816281643541128
0.743144825477367
0.489165001109297
-0.958464918240208
-0.067269005612102
0.988075312474500
-0.367660859476873
-0.826238774316043
0.731353701619131
0.504312335347616
-0.953341330705963
-0.084671634772703
0.990611994413059
-0.351374824081324
-0.835944224756345
0.719339800338600
0.519306051163205
-0.947927346167127
-0.102048472133119
0.992846926341844
-0.334981756510516
-0.845395038487753
0.707106781186483
0.534141581324979
-0.942224613775869
-0.119394224540245
0.994779427478942
-0.318486650251633
-0.854588336700973
0.694658370458919
0.548814406786736
-0.936234870639720
-0.136703608310091
0.996408909165784
-0.301894529873834
-0.863521319028251
0.681998360062490
0.563320058063700
-0.929959941292462
-0.153971350836568
0.997734875046455
-0.285210449497717
-0.872191264396633
0.669130606358837
0.577654116593973
-0.923401737138362
-0.171192192198026
0.998756921218922
-0.268439491255788
-0.880595531856773
0.656059028990472
0.591812216084380
-0.916562255869936
-0.188360886759364
0.999474736358010
-0.251586763744500
-0.888731561387388
0.642787609686491
0.605790043840845
-0.909443580859433
-0.205472204769903
0.999888101810273
-0.234657400467690
-0.896596874675069
0.629320391049775
0.619583342081536
-0.902047880524271
-0.222520933956415
0.999996891660591
-0.217656558273520
-0.904189075869145
0.615661475325581
0.633187909234191
-0.894377407666319
-0.239501881110724
0.999801072770521
-0.200589415783213
-0.911505852311685
0.601815023151957
0.646599601215863
-0.886434498785964
-0.256409873672051
0.999300704788394
-0.183461171813706
-0.918544975241655
0.587785252292458
0.659814332695254
-0.878221573370194
-0.273239761301959
0.998495940131150
-0.166277043794036
-0.925304300474020
0.573576436351017
0.672828078337140
-0.869741133155651
-0.289986417453642
0.997387023937891
-0.149042266176064
-0.931781769052837
0.559192903470703
0.685636874028449
-0.860995761366577
-0.306644740933406
0.995974293995234
-0.131762088840122
-0.937975407878427
0.544639035014969
0.698236818086100
-0.851988121927937
-0.323209657454547
0.994258180634406
-0.114441775495400
-0.943883330308405
0.529919264233131
0.710624072444989
-0.842720958654024
-0.339676121183026
0.992239206600161
-0.097086602077239
-0.949503736732332
0.515038074909965
0.722794863827441
-0.833197094412424
-0.356039116274369
0.989917986891548
-0.079701855139586
-0.954834915120037
0.499999999999895
0.734745484892500
-0.823419430264504
-0.372293658401973
0.987295228574577
-0.062292830244768
-0.959875241542903
0.484809620246316
0.746472295365221
-0.813390944581482
-0.388434796274738
0.984371730566857
-0.044864830350414
-0.964623180668674
0.469471562785854
0.757971723145534
-0.803114692137245
-0.404457613145705
0.981148383394165
-0.027423164194119
-0.969077286229099
0.453990499739494
0.769240265396266
-0.792593803177835
-0.420357228309639
0.977626168919293
-0.009973144676471
-0.973236201460475
0.438371146789009
0.780274489610435
-0.781831482467949
-0.436128798589738
0.973806160042890
0.007479912757772
-0.977098659516934
0.422618261740615
0.791071034656379
-0.770831008314803
-0.451767519812912
0.969689520376665
0.024930691738129
-0.980663483856315
0.406736643075699
0.801626611801889
-0.759595731569245
-0.467268628273180
0.965277503888939
0.042373876588274
-0.983929588598636
0.390731128489156
0.811938005715912
-0.748129074605482
-0.482627402182643
0.960571454522676
0.059804153945125
-0.986895978856730
0.374606593415883
0.822002075447974
-0.736434530278304
-0.497839163110185
0.955572805786099
0.077216214377348
-0.989561751039387
0.358367949545255
0.831815755384941
-0.724515660859202
-0.512899277405967
0.950283080316073
0.094604754002661
-0.991926093126577
0.342020143325607
0.841376056184776
-0.712376096951261
-0.527803157613284
0.944703889414150
0.111964476103336
-0.993988284916796
0.325568154457079
0.850680065687366
-0.700019536383246
-0.542546263865848
0.938836932555959
0.129290092740078
-0.995747698246449
0.309016994374853
0.859724949801225
-0.687449743083289
-0.557124105270674
0.932683996873393
0.146576326362111
-0.997203797181182
0.292371704722625
0.868507953367031
-0.674670545932032
-0.571532241276052
0.926246956610266
0.163817911415216
-0.998356138179173
0.275637355816871
0.877026400996815
-0.661685837596804
-0.585766283024088
0.919527772551400
0.181009595945565
-0.999204370226181
0.258819045102485
0.885277697888910
-0.648499573345548
-0.599821894687962
0.912528491425348
0.198146143199509
-0.999748234942507
0.241921895599615
0.893259330618350
-0.635115769842095
-0.613694794792108
0.905251245280994
0.215222333218750
-0.999987566661691
0.224951054343795
0.900968867902436
-0.621538503922643
-0.627380757516766
0.897698250837914
0.232232964430276
-0.999922292480972
0.207911690817673
0.908403961341528
-0.607771911353917
-0.640875613985110
0.889871808811430
0.249172855231257
-0.999552432283498
0.190808995376441
0.915562346134089
-0.593820185573464
-0.654175253533132
0.881774303211600
0.266036845566742
-0.998878098732274
0.173648177666809
0.922441841766764
-0.579687576411931
-0.667275624961789
0.873408200617072
0.282819798501910
-0.997899497235822
0.156434465040092
0.929040352678542
-0.565378388799062
-0.680172737770955
0.864776049423740
0.299516601786718
-0.996616925885632
0.139173100960022
0.935355868899078
-0.550896981452116
-0.692862663375300
0.855880479068480
0.316122169413031
-0.995030775365391
0.121869343404974
0.941386466660913
-0.536247765547771
-0.705341536300549
0.846724199228254
0.332631443164412
-0.993141528831898
0.104528463267576
0.947130308985663
-0.521435203379482
-0.717605555360882
0.837309998994421
0.349039394155717
-0.990949761767917
0.087155742747450
0.952585646243165
-0.506463806996794
-0.729650984817453
0.827640746023814
0.365341024366555
-0.988456141806986
0.069756473744013
0.957750816684986
-0.491338136832466
-0.741474155515917
0.817719385664435
0.381531368162021
-0.985661428529835
0.052335956242928
0.962624246950038
-0.476062800311760
-0.753071466003636
0.807548940058626
0.397605493806977
-0.982566473233276
0.034899496702355
0.967204452544322
-0.460642450450555
-0.764439383627792
0.797132507222906
0.413558504966620
-0.979172218670591
0.017452406437234
0.971490038292898
-0.445081784436397
-0.775574445610258
0.786473260103352
0.429385542199421
-0.975479698764691
-0.000000000000181
0.975479698764721
-0.429385542199300
-0.786473260103575
0.775574445610173
0.445081784436721
-0.971490038292866
-0.017452406437368
0.979172218670665
-0.413558504966498
-0.797132507222987
0.764439383627559
0.460642450450674
-0.967204452544288
-0.034899496702716
0.982566473233300
-0.397605493806646
-0.807548940058705
0.753071466003548
0.476062800312078
-0.962624246950002
-0.052335956243062
0.985661428529896
-0.381531368161897
-0.817719385664512
0.741474155515827
0.491338136832582
-0.957750816684882
-0.069756473744147
0.988456141807006
-0.365341024366218
-0.827640746023890
0.729650984817362
0.506463806997106
-0.952585646243124
-0.087155742747810
0.990949761767935
-0.349039394155591
-0.837309998994619
0.717605555360788
0.521435203379597
-0.947130308985547
-0.104528463267709
0.993141528831914
-0.332631443164071
-0.846724199228326
0.705341536300292
0.536247765547884
-0.941386466660867
-0.121869343405333
0.995030775365405
-0.316122169412903
-0.855880479068667
0.692862663375203
0.550896981452228
-0.935355868899031
-0.139173100960155
0.996616925885662
-0.299516601786590
-0.864776049423865
0.680172737770774
0.565378388799172
-0.929040352678451
-0.156434465040450
0.997899497235830
-0.282819798501672
-0.873408200617138
0.667275624961604
0.579687576412133
-0.922441841766712
-0.173648177667053
0.998878098732285
-0.266036845566612
-0.881774303211717
0.654175253532858
0.593820185573572
-0.915562346133989
-0.190808995376573
0.999552432283506
-0.249172855231016
-0.889871808811492
0.640875613984919
0.607771911354204
-0.908403961341472
-0.207911690817915
0.999922292480974
-0.232232964430146
-0.897698250838023
0.627380757516661
0.621538503922837
-0.900968867902329
-0.224951054343926
0.999987566661690
-0.215222333218397
-0.905251245281051
0.613694794791912
0.635115769842199
-0.893259330618239
-0.241921895599855
0.999748234942504
-0.198146143199266
-0.912528491425496
0.599821894687854
0.648499573345737
-0.885277697888848
-0.258819045102614
0.999204370226171
-0.181009595945433
-0.919527772551497
0.585766283023887
0.661685837596904
-0.877026400996696
-0.275637355817218
0.998356138179165
-0.163817911414972
-0.926246956610317
0.571532241275848
0.674670545932215
-0.868507953366964
-0.292371704722862
0.997203797181163
-0.146576326361978
-0.932683996873483
0.557124105270373
0.687449743083386
-0.859724949801098
-0.309016994374980
0.995747698246426
-0.129290092739832
-0.938836932556005
0.542546263865639
0.700019536383504
-0.850680065687295
-0.325568154457313
0.993988284916782
-0.111964476103203
-0.944703889414232
0.527803157613170
0.712376096951435
-0.841376056184642
-0.342020143325734
0.991926093126546
-0.094604754002301
-0.950283080316115
0.512899277405754
0.724515660859295
-0.831815755384803
-0.358367949545487
0.989561751039368
-0.077216214377101
-0.955572805786206
0.497839163110068
0.736434530278472
-0.822002075447898
-0.374606593416008
0.986895978856690
-0.059804153944991
-0.960571454522745
0.482627402182426
0.748129074605571
-0.811938005715768
-0.390731128489489
0.983929588598612
-0.042373876588026
-0.965277503888974
0.467268628272960
0.759595731569406
-0.801626611801809
-0.406736643075926
0.980663483856267
-0.024930691737995
-0.969689520376725
0.451767519812589
0.770831008314888
-0.791071034656227
-0.422618261740737
0.977098659516882
-0.007479912757524
-0.973806160042920
0.436128798589515
0.781831482468174
-0.780274489610351
-0.438371146789232
0.973236201460444
0.009973144676605
-0.977626168919345
0.420357228309518
0.792593803177986
-0.769240265396108
-0.453990499739614
0.969077286229038
0.027423164194481
-0.981148383394191
0.404457613145479
0.803114692137325
-0.757971723145372
-0.469471562786073
0.964623180668639
0.044864830350661
-0.984371730566901
0.388434796274615
0.813390944581626
-0.746472295365132
-0.484809620246433
0.959875241542834
0.062292830244902
-0.987295228574616
0.372293658401743
0.823419430264580
-0.734745484892332
-0.500000000000208
0.954834915119997
0.079701855139833
-0.989917986891567
0.356039116274243
0.833197094412561
-0.722794863827349
-0.515038074910178
0.949503736732254
0.097086602077372
-0.992239206600192
0.339676121182686
0.842720958654096
-0.710624072444815
-0.529919264233245
0.943883330308323
0.114441775495646
-0.994258180634421
0.323209657454313
0.851988121928126
-0.698236818086004
-0.544639035015177
0.937975407878381
0.131762088840255
-0.995974293995256
0.306644740933278
0.860995761366703
-0.685636874028269
-0.559192903470815
0.931781769052747
0.149042266176421
-0.997387023937900
0.289986417453404
0.869741133155717
-0.672828078336956
-0.573576436351220
0.925304300473969
0.166277043794280
-0.998495940131164
0.273239761301830
0.878221573370312
-0.659814332694982
-0.587785252292567
0.918544975241557
0.183461171813838
-0.999300704788403
0.256409873671812
0.886434498786026
-0.646599601215674
-0.601815023152245
0.911505852311630
0.200589415783456
-0.999801072770523
0.239501881110594
0.894377407666430
-0.633187909234087
-0.615661475325777
0.904189075869039
0.217656558273651
-0.999996891660591
0.222520933956062
0.902047880524329
-0.619583342081342
-0.629320391049879
0.896596874674959
0.234657400467931
-0.999888101810271
0.205472204769661
0.909443580859583
-0.605790043840738
-0.642787609686681
0.888731561387327
0.251586763744630
-0.999474736358002
0.188360886759233
0.916562255870035
-0.591812216084180
-0.656059028990574
0.880595531856655
0.268439491256136
-0.998756921218916
0.171192192197782
0.923401737138414
-0.577654116593771
-0.669130606359021
0.872191264396567
0.285210449497955
-0.997734875046439
0.153971350836435
0.929959941292553
-0.563320058063401
-0.681998360062588
0.863521319028126
0.301894529873962
-0.996408909165763
0.136703608309845
0.936234870639767
-0.548814406786528
-0.694658370459179
0.854588336700903
0.318486650251868
-0.994779427478928
0.119394224540111
0.942224613775952
-0.534141581324866
-0.707106781186658
0.845395038487620
0.334981756510642
-0.992846926341815
0.102048472132759
0.947927346167169
-0.519306051162993
-0.719339800338693
0.835944224756209
0.351374824081556
-0.990611994413040
0.084671634772455
0.953341330706038
-0.504312335347500
-0.731353701619301
0.826238774315839
0.367660859476997
-0.988075312474462
0.067269005611968
0.958464918240279
-0.489165001109080
-0.743144825477457
0.816281643540985
0.383834901813242
-0.985237653224038
0.049845885660495
0.963296548075569
-0.473868662472873
-0.754709580222920
0.806075865470013
0.399892024319893
-0.982099881040191
0.032407582169608
0.967834748450713
-0.458427978851407
-0.766044443119061
0.795624548881651
0.415827335842096
-0.978662951718806
0.014959407015027
0.972078136985795
-0.442847653626893
-0.777145961457134
0.784930877348449
0.431635982329798
-0.974927912181810
-0.002493324919620
0.976025421103672
-0.427132432717124
-0.788010753606822
0.773998108266070
0.447313148315725
-0.970895900158373
-0.019945297363569
0.979675398423260
-0.411287103130419
-0.798635510047333
0.762829571862168
0.462854058383659
-0.966568143838523
-0.037391194276500
0.983026957126205
-0.395316491508079
-0.809016994375063
0.751428670180833
0.478253978621439
-0.961945961498644
-0.054825701469438
0.986079076295170
-0.379225462652701
-0.819152044289049
0.739798876047458
0.493508218064580
-0.957030761100375
-0.072243508222827
0.988830826225137
-0.363018918047969
-0.829037572555171
0.727943732009849
