0.999999999999999
-0.732712602022122
0.073735514324059
0.624658720898481
-0.989126147854732
0.824831666147038
-0.219602964810946
-0.503019946630236
0.956741072739885
-0.899012535107121
0.360694554957801
0.370441643310437
-0.903549075692483
0.953641945300210
-0.493941866584228
-0.229807084675023
0.830706960534936
-0.987531832467861
0.616447076559466
0.084174749518227
-0.739798876047586
0.999945169365511
-0.725545977802925
0.063288193199822
0.632801864369484
-0.990611994413053
0.818865919671940
-0.209374763007071
-0.512042864870577
0.959735282739441
-0.894377407666333
0.350907912382549
0.380148108562385
-0.907986531939621
0.950438240274664
-0.484809620246323
-0.239986003602574
0.836491158543390
-0.985829223087087
0.608167831851774
0.094604754002546
-0.746804022789512
0.999780683474844
-0.718299789291097
0.052833931812007
0.640875613985026
-0.991989209203003
0.812810375320965
-0.199123600901007
-0.521009631840579
0.962624246950014
-0.889644201664074
0.341082788800346
0.389812886290344
-0.912324417231464
0.947130308985604
-0.475624209070263
-0.250138605360426
0.842183625869912
-0.984018506422714
0.599821894687902
0.105024384009484
-0.753727274054641
0.999506560365730
-0.710974831112880
0.042373876588192
0.648879084367482
-0.993257641197463
0.806665697152803
-0.188850602648185
-0.529919264233230
0.965407648564120
-0.884813436149730
0.331220261646696
0.399434916642529
-0.916562255869985
0.943718514184981
-0.466386640339881
-0.260263776601423
0.847783738271325
-0.982099881040234
0.591410180293899
0.115432496909198
-0.760567870630416
0.999122830098856
-0.703571906532474
0.031909174591271
0.656811397846157
-0.994417151298567
0.800432559000653
-0.178556894798630
-0.538770785006886
0.968085182350402
-0.879885640871171
0.321321412458817
0.409013144454907
-0.920699583128432
0.940203230014535
-0.457097927058686
-0.270360406986382
0.853290881632167
-0.980073557338539
0.582933611109017
0.125827951334848
-0.767325062368357
0.998629534754572
-0.696091827363981
0.021440973393800
0.664671684553465
-0.995467612352969
0.794111644398336
-0.168243606173407
-0.547563223492571
0.970656554687117
-0.874861356216680
0.311387326757125
0.418546519366785
-0.924735945302247
0.936584841964782
-0.447759087838764
-0.280427389306029
0.858704452032138
-0.977939757526856
0.574393116684635
0.136209607307681
-0.773998108266240
0.998026728428268
-0.688535413882377
0.010970420951979
0.672459082520371
-0.996408909165776
0.787703646505403
-0.157911867740834
-0.556295615500324
0.973121483594299
-0.869741133155690
0.301419093926039
0.428033995936301
-0.928670899758834
0.932863746832764
-0.438371146789022
-0.290463619602310
0.864023855812210
-0.975698715600381
0.565789633582186
0.146576326362103
-0.780586276549387
0.997314477224454
-0.680903494733551
0.000498665479875
0.680172737770955
-0.997240938513186
0.781209268031018
-0.147562812492401
-0.564967003424955
0.975479698764722
-0.864525533178328
0.291417807094619
0.437474533754607
-0.932504014986091
0.929040352678488
-0.428935133403093
-0.300467997289474
0.869248509639828
-0.973350677314615
0.557124105270546
0.156926971670574
-0.787088844750903
0.996492859249500
-0.673196906843401
-0.009973144676518
0.687811804415991
-0.997963609153807
0.774629221156964
-0.137197575318754
-0.573576436351061
0.977730941593518
-0.859215128233964
0.281384563016670
0.446867097560396
-0.936234870639741
0.925115078780207
-0.419452082446126
-0.310439425274768
0.874377840572824
-0.970895900158403
0.548397482022545
0.167260408168195
-0.793505099790940
0.995561964603076
-0.665416495326217
-0.020443861165210
0.695375444745739
-0.998576841838652
0.767964227459533
-0.126817292884896
-0.582122970157303
0.979874965206543
-0.853810500668315
0.271320461950472
0.456210657353204
-0.939863057589436
0.921088355588439
-0.409923033841523
-0.320376810078801
0.879411286122258
-0.968334653325749
0.539610720810762
0.177575502677207
-0.799834338054762
0.994521895368269
-0.657563113391759
-0.030912335754144
0.702862829321801
-0.999080569319852
0.761215017830354
-0.116423103505717
-0.590605667619937
0.981911534487446
-0.848312243159698
0.261226607538061
0.465504188506456
-0.943388177963534
0.916960624678758
-0.400349032556847
-0.330279061955236
0.884348294314131
-0.965667217686234
0.530764785202582
0.187871124031256
-0.806075865470101
0.993372765600385
-0.649637622251897
-0.041377420457112
0.710273137068084
-0.999474736358011
0.754382332396393
-0.106016147021325
-0.599023598515595
0.983840426103455
-0.842720958654008
0.251104106684433
0.474746671879632
-0.946809845192919
0.912732338703374
-0.390731128489228
-0.340145095010621
0.889188323749806
-0.962893885754173
0.521860645254529
0.198146143199440
-0.812228997583143
0.992114701314466
-0.641640891025875
-0.051837967659647
0.717605555360837
-0.999759299728272
0.747466920438568
-0.095597564671719
-0.607375839723294
0.985661428529867
-0.837037260298600
0.240954069435821
0.483937093930328
-0.950127684053202
0.908403961341493
-0.381070376350230
-0.349973827323251
0.893930843665541
-0.960014961656742
0.512899277405889
0.208399433410118
-0.818293059633610
0.990747840471431
-0.633573796645603
-0.062292830244866
0.724859280117765
-0.999934228225054
0.740469540309730
-0.085168498971860
-0.615661475325753
0.987374342073247
-0.831261771375048
0.230777608858189
0.493074446825200
-0.953341330705997
0.903975967248469
-0.371367835550193
-0.359764181061869
0.898575333990582
-0.957030761100380
0.503881664371631
0.218629870274475
-0.824267386628765
0.989272332962975
-0.625437223758801
-0.072740861719273
0.732033515886207
-0.999999502665477
0.733390959351465
-0.074730093586327
-0.623879596709479
0.988978978893321
-0.825395125230796
0.220575840915119
0.502157728550533
-0.956450432738664
0.899448842003752
-0.361624570082052
-0.369515082603859
0.903121285404228
-0.953941611336306
0.494808795034547
0.228836331909822
-0.830151323416326
0.987688340595124
-0.617232064632377
-0.083180916338590
0.739127475930364
-0.999955115891463
0.726231953809941
-0.064283493203900
-0.632029302664941
0.990475163023580
-0.819437965209704
0.210349884345429
0.511185943022127
-0.959454649203164
0.894823082057643
-0.351841648404663
-0.379225462652986
0.907568199391677
-0.950747851124605
0.485681664337197
0.239017699062623
-0.835944224756320
0.985996037070491
-0.608959219054493
-0.093611849232954
0.746140382317575
-0.999801072770522
0.718993308750793
-0.053829843412035
-0.640109699485043
0.991862730390586
-0.813390944581501
0.200100860540492
0.520158100194527
-0.962353650653309
0.890099194676795
-0.342020143325632
-0.388894256356650
0.911915588298699
-0.947449830697073
0.476501273172217
0.249172855231238
-0.841645455391834
0.984195607969228
-0.600619594235893
-0.104032516533140
0.753071466003628
-0.999537390195217
0.711675817973021
-0.043370290571232
-0.648119901063216
0.993141528831913
-0.807254726470142
0.189829893421266
0.529073216169591
-0.965147119180919
0.885277697888795
-0.332161131883669
-0.398520403422664
0.916162975385110
-0.944047911718817
0.467268628272953
0.259300686788463
-0.847254390118682
0.982287250728674
-0.592214104710418
-0.114441775495547
0.759919966917163
-0.999164097081314
0.704280283921951
-0.032905981689330
-0.656059028990590
0.994311418112915
-0.801029983781091
0.179538109315037
0.537930313304390
-0.967834748450692
0.880359120425048
-0.322265695230479
-0.408102848235527
0.920309894877051
-0.940542467248587
0.457984742102960
0.269400083103219
-0.852770413853964
0.980271174621707
-0.583743672234714
-0.124838484627631
0.766685134042731
-0.998681234364611
0.696807517601232
-0.022438064295718
-0.663926212652322
0.995372269942051
-0.794717399127463
0.169226636831912
0.546728420318411
-0.970416243733791
0.875344001663002
-0.312334918512094
-0.417640539972179
0.924355892018069
-0.936933881697874
0.448650632744977
0.279469936662999
-0.858192921703518
0.978147600733790
-0.575209225687157
-0.135221503813073
0.773366225503595
-0.998088854996445
0.689258338483901
-0.011967686315503
-0.671720589323068
0.996323967984961
-0.788317664755437
0.158896606740935
0.555466572400169
-0.972891321940193
0.870232891566998
-0.302369890750416
-0.427132432717242
0.928300523118984
-0.933222550788747
0.439267323789280
0.289509143194885
-0.863521319028310
0.975916761938707
-0.566611700965891
-0.145589694436701
0.779962508642716
-0.997387023937890
0.681633574422519
-0.001495995943619
-0.679441304261592
0.997166407877231
-0.781831482467938
0.148549151846538
0.564143811312629
-0.975259711649629
0.865026350627747
-0.292371704722711
-0.436577485577713
0.932143355606542
-0.929408881510464
0.429835844221436
0.299516601786748
-0.868755021509411
0.973578902873119
-0.557952040886573
-0.155941919509801
0.786473260103459
-0.996575818152630
0.673934061558391
0.008975858481078
-0.687087510804496
0.997899497235833
-0.775259563547946
0.138185406863645
0.572759185498856
-0.977521153141505
0.859724949801188
-0.282341456842852
-0.445974662797110
0.935883968070857
-0.925493292074837
0.420357228309464
0.309491215007979
-0.873893455212424
0.971134279909593
-0.549231195078424
-0.166277043794345
0.792897765908482
-0.995655326598520
0.666160644229865
0.019446728601744
-0.694658370459068
0.998523155669259
-0.768602628680430
0.127806508293682
0.581311750185983
-0.979675398423276
0.854329270445545
-0.272280247040552
-0.455322933869053
0.939521950311620
-0.921476211870373
0.410832515490413
0.319431889029836
-0.878936056650190
0.968583161128587
-0.540450119880462
-0.176593933927040
0.799235321538329
-0.994625650217834
0.658314174879752
0.029915466169474
-0.702153052995231
0.999037314786332
-0.761861407873315
0.117413594299835
0.589800567488915
-0.981722211257672
0.848839904258099
-0.262189178640845
-0.464621273650274
0.943056903383081
-0.917358081415184
0.401262750256376
0.329337533745391
-0.883882272844634
0.965925826289023
-0.531609778236536
-0.186891458544847
0.805485232008605
-0.993486901926189
0.650395513961836
0.040380923169222
-0.709570736536587
0.999441918203711
-0.755036640377429
0.107007804582243
0.598224706513173
-0.983661367188600
0.843257453209594
-0.252069358243096
-0.473868662473033
0.946488439637800
-0.913139352308682
0.391648982039954
0.339207062889073
-0.888731561387413
0.963162566797612
-0.522711139589728
-0.197168488408150
0.811646811946331
-0.992239206600168
0.642405529846524
0.050841951945692
-0.716910607650547
0.999736921552073
-0.748129074605436
0.096590280253009
0.606583243456982
-0.985492653565760
0.837582529478697
-0.241921895599431
-0.483064086256938
0.949816182769158
-0.908820487182054
0.381992265099168
0.349039394155794
-0.893483390499392
0.960293685676896
-0.513755179776045
-0.207423896524812
0.817719385664564
-0.990882701063623
0.634345098725612
0.061297405329196
-0.724171861437529
0.999922292480975
-0.741139468049764
0.086162163711073
0.614875261712574
-0.987215869567963
0.831815755384746
-0.231747903493923
-0.492206536620147
0.953039767852620
-0.904401959647531
0.372293658401852
0.358833449319629
-0.898137239088960
0.957319497532019
-0.504742880917405
-0.217656558273765
0.823702287237299
-0.989417534072674
0.626215104516204
0.071746136761445
-0.731353701619230
0.999998010662407
-0.734068587199538
0.075724598516926
0.623099851966706
-0.988830826225157
0.825957763319506
-0.221548497619234
-0.501295010989953
0.956158841385755
-0.899884254246449
0.362554225509524
0.368588154352061
-0.902692596809175
0.954240328516227
-0.495675231313937
-0.227865351528337
0.829594860571957
-0.987843866299357
0.618016438763784
0.082187000421294
-0.738455340625941
0.999964067793017
-0.726917207456525
0.065278729267213
0.631256112300372
-0.990337346439144
0.820009195677819
-0.211324796455157
-0.510328512712918
0.959173061327002
-0.895267866396115
0.352775034460755
0.378302439539758
-0.907148964113729
0.951056516295103
-0.486553225335604
-0.238049156779304
0.835396459481469
-0.986161870314144
0.609750000544441
0.092618851350383
-0.745475999682917
0.999820467595022
-0.719686113050102
0.054825701469212
0.639343148287714
-0.991735265003007
0.813970704787163
-0.201077921145735
-0.519306051163387
0.962082097133176
-0.890553302335479
0.342957157654044
0.387975239601877
-0.911505852311728
0.947768410009534
-0.477377863313156
-0.248206857257661
0.841106447755137
-0.984371730566817
0.601416696366281
0.103040545578702
-0.752414908895777
0.999567225815803
-0.712376096951257
0.044366661415215
0.647360073094104
-0.993024428619222
0.807842952836110
-0.190808995376317
-0.528226641853299
0.964885629795719
-0.885741079069618
0.333101671730220
0.397605493806891
-0.915762783621284
0.944376370237429
-0.468150151428436
-0.258337339057082
0.846724199228400
-0.982473643366372
0.593017440069830
0.113450940250037
-0.759271307334931
0.999204370226174
-0.704987960785633
0.033902756056827
0.655306007573395
-0.994204695916471
0.801626611801717
-0.180519145250334
-0.537089306539359
0.967583351875740
-0.880831724313042
0.323209657454376
0.407192146088902
-0.919919291221908
0.940880768954173
-0.458871101604040
-0.268439491256078
0.852249097851504
-0.980467816859461
0.584553152728559
0.123848893747297
-0.766044443119027
0.998731940617341
-0.697522514745616
0.023435132879188
0.663180080364328
-0.995275937465143
0.795322363375828
-0.170209499165808
-0.545893073330510
0.970174967537495
-0.875825776431824
0.313282199597350
0.416734145163456
-0.923974919305701
0.937281989491838
-0.449541731392345
-0.278512206039820
0.857680537757054
-0.978354471007563
0.576024762546776
0.134233265817708
-0.772733573497398
0.998149988796532
-0.689980577501493
0.012964939775139
0.670981427986089
-0.996238035791533
0.788930898890327
-0.159881187691612
-0.554636976794515
0.972660192581181
-0.870723784384561
0.303320386816769
0.426230444642827
-0.927929223127340
0.933580426497148
-0.440163063863928
-0.288554378821623
0.863017923326457
-0.976133837562866
0.567433204758570
0.144602917698075
-0.779337964931519
0.997458578581325
-0.682362976111673
0.002493324919342
0.678709194932997
-0.997090885390715
0.782452919241320
-0.149535343443489
-0.563320058063824
0.975038754473867
-0.865526307662062
0.293325311537664
0.435680003150761
-0.931781769052853
0.929776485888197
-0.430736127495372
-0.298564908364076
0.868260669255240
-0.973806160042852
0.558779421525072
0.154956712238765
-0.785856893175444
0.996657785792639
-0.674670545931990
-0.007978563357629
0.686362533768324
-0.997834392738122
0.775889134812275
-0.139173100959847
-0.571941364940726
0.977310392379437
-0.860233916226444
0.283298069832673
0.445081784436683
-0.935532134607162
0.925870584809939
-0.421261956056481
-0.308542696899805
0.873408200617231
-0.971371693703592
0.550064361831131
0.165293514029755
-0.792289643355231
0.995747698246429
-0.666904130524100
-0.018449576695219
0.693940605217220
-0.998468476299793
0.769240265396122
-0.128795596577346
-0.580499952001768
0.979474857187195
-0.854847190447956
0.273239761301845
0.454434757489325
-0.939179908520423
0.921863151588445
-0.411741588496917
-0.318486650251860
0.878459952927608
-0.968830705511753
0.541288981381254
0.175612189524242
-0.798635510047468
0.994728415744049
-0.659064581562972
-0.028918566828815
0.701442578258755
-0.998993066541321
0.762507040116319
-0.118403968306286
-0.588994880701434
0.981531911539184
-0.849366721041784
0.263151488951839
0.463737896649794
-0.942724690773119
0.917754625683925
-0.402176068832269
-0.328395677953696
0.883415372204802
-0.966183474115324
0.532454242494796
0.185911607163179
-0.804893797356086
0.993600050061313
-0.651152758743492
-0.039384385715677
0.708867630217044
-0.999408105935475
0.755690197346893
-0.107999355705810
-0.597425219475063
0.983481329856214
-0.843793109003157
0.253034359075841
0.472990181724045
-0.946166092639930
0.913545457642544
-0.392566446029561
-0.338268693368761
0.888273915031249
-0.963430289813061
0.523561114000435
0.196190637499357
-0.811063818989495
0.992362724936233
-0.643169529686192
-0.049845885660823
0.716214946851467
-0.999713548968507
0.748790484631474
-0.097582899758939
-0.605790043841005
0.985322898362598
-0.838126965541444
0.242889481130932
0.482190598094954
-0.949503736732432
0.909236109046917
-0.382913773892015
-0.348104613809870
0.893035048613077
-0.960571454522711
0.514610571130121
0.206448153321043
-0.817144898335162
0.991016576055452
-0.635115769842099
-0.060301919442894
0.723483722445960
-0.999909362145146
0.741808658601313
-0.087155742747449
-0.614088436502007
0.987056415109597
-0.832368912013126
0.232717967617301
0.491338136832787
-0.952737257040193
0.904827052465865
-0.373219110944324
-0.357902360657079
0.897698250838130
-0.957607281747655
0.505603595411355
0.216683029776481
-0.823136368534473
0.989561751039365
-0.626992362396740
-0.070751340439957
0.730673159897366
-0.999995523992272
0.734745484892313
-0.076719028126612
-0.622319487445799
0.988681689997564
-0.826519579853661
0.222520933956028
0.500431794807039
-0.955866298971347
0.900318771402037
-0.363483520315321
-0.367660859477248
0.902263010333839
-0.954538096542902
0.496541174560717
0.226894144495908
-0.829037572555071
0.987998409425929
-0.618800198173282
-0.081193002755246
0.737782470802851
-0.999972025061268
0.727601738061065
-0.066273900399795
-0.630482294044889
0.990198544796792
-0.820579610508237
0.212299498366764
0.509470574795637
-0.958890519391184
0.895711760239254
-0.353708069622228
-0.377379040141014
0.906728826522885
-0.951364235479196
0.487424302374778
0.237080377715527
-0.834847863263434
0.986326722653169
-0.610540175534849
-0.091625761342821
0.744810875546360
-0.999838867929054
0.720378201499913
-0.055821504992961
-0.638575961155548
0.991606813167061
-0.814549655361428
0.202054781745105
0.518453485594497
-0.961809586659857
0.891006524188206
-0.343893830853374
-0.387055836940354
0.911095209678197
-0.948086046606026
0.478253978621312
0.247240612400076
-0.840566603495710
0.984546874040379
-0.602213200286007
-0.102048472133136
0.751757603384109
-0.999596067197813
0.713075667351042
-0.045362988129053
-0.646599601215968
0.992906340675873
-0.808430375665768
0.191787907539678
0.527379542126222
-0.964623180668743
0.886203579231051
-0.334041880250635
-0.396690188705451
0.915361680976658
-0.944703889414026
0.469031208929657
0.257373734365327
-0.846193166127588
0.982659058768016
-0.593820185573428
-0.112459992158500
0.758621892529109
-0.999243649493379
0.705694936419613
-0.034899496702303
-0.654552334343601
0.994096984815392
-0.802222442469235
0.181500001628936
0.536247765548125
-0.967330992875553
0.881303452064826
-0.324153298191417
-0.406281038921063
0.919527772551612
-0.941218134794707
0.459757004680038
0.267478632400267
-0.851726934143070
0.980663483856297
-0.585362051785755
-0.122859179678415
0.765402990234702
-0.998781653462326
0.698236818085947
-0.024432178152457
-0.662433288431638
0.995178615018071
-0.795926536541660
0.171192192197697
0.545057183359574
-0.969932726338165
0.876306680043695
-0.314229169070177
-0.415827335842387
0.923593027544170
-0.937629165000343
0.450432382894266
0.277554198388954
-0.857167300702134
0.978560368142501
-0.576839726452674
-0.133244894304781
0.772100152877108
-0.998210129767725
0.690702130216764
-0.013962180338951
-0.670241599244654
