0.999999999999999
-0.323209657454460
-0.791071034656340
0.834573253721302
0.251586763744508
-0.997203797181179
0.393025031653923
0.743144825477393
-0.873408200617129
-0.178556894798635
0.988830826225127
-0.460642450450634
-0.691062648986865
0.907358694567864
0.104528463267653
-0.974927912181823
0.525683769810505
0.635115769842177
-0.936234870639737
-0.029915466169396
0.955572805786139
-0.587785252292476
-0.575617065685670
0.959875241542889
-0.044864830350513
-0.930873748644204
0.646599601215798
0.512899277405906
-0.978147600733805
0.119394224540245
0.900968867902418
-0.701797902883992
-0.447313148315630
0.990949761767934
-0.193255917795556
-0.866025403784436
0.753071466003613
0.379225462652923
-0.998210129767734
0.266036845566681
0.826238774315990
-0.800133548011210
-0.309016994374940
0.999888101810272
-0.337329987382838
-0.781831482468023
0.842720958654043
0.237080377715487
-0.995974293995238
0.406736643075797
0.733051871829827
-0.880595531856736
-0.163817911415139
0.986490593923521
-0.473868662472998
-0.680172737770919
0.913545457642600
0.089639308903432
-0.971490038292866
0.538350616090684
0.623489801858731
-0.941386466660903
-0.014959407015260
0.951056516295151
-0.599821894687917
-0.563320058063617
0.963962860695854
-0.059804153945040
-0.925304300473993
0.657938725939717
0.499999999999993
-0.981148383394173
0.134233265817664
0.894377407666332
-0.712376096951351
-0.433883739117548
0.992846926341838
-0.207911690817770
-0.858448793601859
0.762829571862274
0.365341024366382
-0.998993066541314
0.280427389306016
0.817719385664422
-0.809016994374956
-0.294755174410889
0.999552432283502
-0.351374824081358
-0.772416959224588
0.850680065687348
0.222520933956296
-0.994521895368270
0.420357228309582
0.722794863827377
-0.887585789004563
-0.149042266176154
0.983929588598630
-0.486988824404361
-0.669130606358862
0.919527772551448
0.074730093586429
-0.967834748450667
0.550896981452099
0.611724299115008
-0.946327383799162
-0.000000000000002
0.946327383799164
-0.611724299115005
-0.550896981452103
0.967834748450665
-0.074730093586424
-0.919527772551449
0.669130606358858
0.486988824404365
-0.983929588598629
0.149042266176177
0.887585789004552
-0.722794863827393
-0.420357228309561
0.994521895368273
-0.222520933956319
-0.850680065687336
0.772416959224603
0.351374824081336
-0.999552432283503
0.294755174410911
0.809016994374942
-0.817719385664436
-0.280427389305993
0.998993066541313
-0.365341024366404
-0.762829571862259
0.858448793601871
0.207911690817747
-0.992846926341835
0.433883739117570
0.712376096951335
-0.894377407666342
-0.134233265817641
0.981148383394169
-0.500000000000013
-0.657938725939700
0.925304300474002
0.059804153945017
-0.963962860695848
0.563320058063637
0.599821894687898
-0.951056516295159
0.014959407015283
0.941386466660895
-0.623489801858749
-0.538350616090664
0.971490038292872
-0.089639308903456
-0.913545457642591
0.680172737770936
0.473868662472977
-0.986490593923524
0.163817911415162
0.880595531856725
-0.733051871829843
-0.406736643075776
0.995974293995241
-0.237080377715524
-0.842720958654023
0.781831482468047
0.337329987382802
-0.999888101810273
0.309016994374976
0.800133548011187
-0.826238774316012
-0.266036845566644
0.998210129767732
-0.379225462652958
-0.753071466003588
0.866025403784455
0.193255917795519
-0.990949761767929
0.447313148315664
0.701797902883965
-0.900968867902434
-0.119394224540208
0.978147600733797
-0.512899277405938
-0.646599601215770
0.930873748644218
0.044864830350475
-0.959875241542877
0.575617065685706
0.587785252292439
-0.955572805786152
0.029915466169441
0.936234870639741
-0.635115769842167
-0.525683769810515
0.974927912181820
-0.104528463267641
-0.907358694567869
0.691062648986856
0.460642450450641
-0.988830826225126
0.178556894798627
0.873408200617133
-0.743144825477388
-0.393025031653931
0.997203797181179
-0.251586763744501
-0.834573253721305
0.791071034656337
0.323209657454465
-0.999999999999999
0.323209657454456
0.791071034656343
-0.834573253721300
-0.251586763744511
0.997203797181179
-0.393025031653922
-0.743144825477394
0.873408200617129
0.178556894798637
-0.988830826225128
0.460642450450633
0.691062648986863
-0.907358694567865
-0.104528463267651
0.974927912181822
-0.525683769810507
-0.635115769842175
0.936234870639738
0.029915466169393
-0.955572805786138
0.587785252292477
0.575617065685668
-0.959875241542890
0.044864830350522
0.930873748644200
-0.646599601215806
-0.512899277405898
0.978147600733807
-0.119394224540254
-0.900968867902414
0.701797902883999
0.447313148315622
-0.990949761767935
0.193255917795566
0.866025403784431
-0.753071466003619
-0.379225462652915
0.998210129767735
-0.266036845566690
-0.826238774315985
0.800133548011215
0.309016994374931
-0.999888101810272
0.337329987382847
0.781831482468018
-0.842720958654048
-0.237080377715478
0.995974293995236
-0.406736643075819
-0.733051871829811
0.880595531856747
0.163817911415116
-0.986490593923517
0.473868662473019
0.680172737770901
-0.913545457642610
-0.089639308903409
0.971490038292861
-0.538350616090703
-0.623489801858712
0.941386466660911
0.014959407015236
-0.951056516295144
0.599821894687936
0.563320058063598
-0.963962860695860
0.059804153945064
0.925304300473984
-0.657938725939735
-0.499999999999972
0.981148383394178
-0.134233265817687
-0.894377407666321
0.712376096951368
0.433883739117527
-0.992846926341840
0.207911690817793
0.858448793601847
-0.762829571862289
-0.365341024366361
0.998993066541315
-0.280427389306039
-0.817719385664409
0.809016994374969
0.294755174410867
-0.999552432283501
0.351374824081380
0.772416959224573
-0.850680065687360
-0.222520933956274
0.994521895368268
-0.420357228309604
-0.722794863827361
0.887585789004573
0.149042266176130
-0.983929588598621
0.486988824404406
0.669130606358823
-0.919527772551468
-0.074730093586377
0.967834748450654
-0.550896981452142
-0.611724299114967
0.946327383799179
-0.000000000000050
-0.946327383799147
0.611724299115046
0.550896981452059
-0.967834748450678
0.074730093586476
0.919527772551429
-0.669130606358897
-0.486988824404320
0.983929588598638
-0.149042266176228
-0.887585789004528
0.722794863827429
0.420357228309514
-0.994521895368278
0.222520933956370
0.850680065687308
-0.772416959224636
-0.351374824081287
0.999552432283504
-0.294755174410961
-0.809016994374911
0.817719385664466
0.280427389305944
-0.998993066541311
0.365341024366453
0.762829571862225
-0.858448793601898
-0.207911690817697
0.992846926341829
-0.433883739117616
-0.712376096951298
0.894377407666366
0.134233265817589
-0.981148383394159
0.500000000000058
0.657938725939661
-0.925304300474022
-0.059804153944965
0.963962860695834
-0.563320058063679
-0.599821894687857
0.951056516295175
-0.014959407015335
-0.941386466660878
0.623489801858790
0.538350616090620
-0.971490038292884
0.089639308903507
0.913545457642570
-0.680172737770974
-0.473868662472931
0.986490593923533
-0.163817911415213
-0.880595531856700
0.733051871829879
0.406736643075728
-0.995974293995245
0.237080377715575
0.842720958653995
-0.781831482468079
-0.337329987382753
0.999888101810274
-0.309016994375025
-0.800133548011156
0.826238774316041
0.266036845566594
-0.998210129767729
0.379225462653006
0.753071466003629
-0.866025403784424
-0.193255917795580
0.990949761767937
-0.447313148315609
-0.701797902884009
0.900968867902407
0.119394224540269
-0.978147600733810
0.512899277405885
0.646599601215817
-0.930873748644195
-0.044864830350537
0.959875241542894
-0.575617065685656
-0.587785252292489
0.955572805786134
-0.029915466169379
-0.936234870639743
0.635115769842164
0.525683769810520
-0.974927912181819
0.104528463267636
0.907358694567871
-0.691062648986852
-0.460642450450646
0.988830826225125
-0.178556894798622
-0.873408200617136
0.743144825477384
0.393025031653935
-0.997203797181178
0.251586763744497
0.834573253721308
-0.791071034656334
-0.323209657454469
0.999999999999999
-0.323209657454451
-0.791071034656346
0.834573253721297
0.251586763744516
-0.997203797181180
0.393025031653917
0.743144825477398
-0.873408200617126
-0.178556894798642
0.988830826225128
-0.460642450450628
-0.691062648986867
0.907358694567863
0.104528463267656
-0.974927912181823
0.525683769810503
0.635115769842179
-0.936234870639736
-0.029915466169398
0.955572805786140
-0.587785252292473
-0.575617065685672
0.959875241542889
-0.044864830350518
-0.930873748644202
0.646599601215802
0.512899277405902
-0.978147600733806
0.119394224540249
0.900968867902416
-0.701797902883995
-0.447313148315626
0.990949761767935
-0.193255917795561
-0.866025403784434
0.753071466003616
0.379225462652919
-0.998210129767735
0.266036845566685
0.826238774315988
-0.800133548011212
-0.309016994374936
0.999888101810272
-0.337329987382842
-0.781831482468021
0.842720958654046
0.237080377715483
-0.995974293995237
0.406736643075814
0.733051871829815
-0.880595531856745
-0.163817911415121
0.986490593923518
-0.473868662473014
-0.680172737770905
0.913545457642608
0.089639308903414
-0.971490038292862
0.538350616090699
0.623489801858716
-0.941386466660910
-0.014959407015241
0.951056516295146
-0.599821894687932
-0.563320058063602
0.963962860695859
-0.059804153945059
-0.925304300473986
0.657938725939731
0.499999999999977
-0.981148383394177
0.134233265817683
0.894377407666323
-0.712376096951364
-0.433883739117531
0.992846926341840
-0.207911690817789
-0.858448793601850
0.762829571862286
0.365341024366365
-0.998993066541315
0.280427389306034
0.817719385664411
-0.809016994374966
-0.294755174410871
0.999552432283501
-0.351374824081375
-0.772416959224576
0.850680065687358
0.222520933956278
-0.994521895368268
0.420357228309599
0.722794863827364
-0.887585789004571
-0.149042266176135
0.983929588598622
-0.486988824404402
-0.669130606358827
0.919527772551466
0.074730093586382
-0.967834748450655
0.550896981452138
0.611724299114971
-0.946327383799177
0.000000000000045
0.946327383799149
-0.611724299115042
-0.550896981452063
0.967834748450677
-0.074730093586471
-0.919527772551431
0.669130606358893
0.486988824404324
-0.983929588598637
0.149042266176224
0.887585789004530
-0.722794863827426
-0.420357228309518
0.994521895368278
-0.222520933956365
-0.850680065687311
0.772416959224633
0.351374824081292
-0.999552432283504
0.294755174410956
0.809016994374914
-0.817719385664463
-0.280427389305948
0.998993066541311
-0.365341024366448
-0.762829571862228
0.858448793601895
0.207911690817701
-0.992846926341829
0.433883739117612
0.712376096951302
-0.894377407666363
-0.134233265817594
0.981148383394160
-0.500000000000054
-0.657938725939664
0.925304300474020
0.059804153944970
-0.963962860695835
0.563320058063675
0.599821894687860
-0.951056516295173
0.014959407015330
0.941386466660880
-0.623489801858786
-0.538350616090624
0.971490038292883
-0.089639308903503
-0.913545457642572
0.680172737770970
0.473868662472936
-0.986490593923532
0.163817911415209
0.880595531856703
-0.733051871829875
-0.406736643075733
0.995974293995245
-0.237080377715570
-0.842720958653998
0.781831482468076
0.337329987382758
-0.999888101810274
0.309016994375021
0.800133548011159
-0.826238774316038
-0.266036845566599
0.998210129767729
-0.379225462653002
-0.753071466003557
0.866025403784478
0.193255917795473
-0.990949761767923
0.447313148315706
0.701797902883932
-0.900968867902454
-0.119394224540161
0.978147600733787
-0.512899277405979
-0.646599601215734
0.930873748644235
0.044864830350428
-0.959875241542864
0.575617065685745
0.587785252292401
-0.955572805786166
0.029915466169488
0.936234870639705
-0.635115769842248
-0.525683769810427
0.974927912181843
-0.104528463267745
-0.907358694567825
0.691062648986931
0.460642450450549
-0.988830826225142
0.178556894798729
0.873408200617083
-0.743144825477457
-0.393025031653835
0.997203797181186
-0.251586763744602
-0.834573253721248
0.791071034656400
0.323209657454366
-0.999999999999999
0.323209657454554
0.791071034656279
-0.834573253721357
-0.251586763744410
0.997203797181172
-0.393025031654017
-0.743144825477325
0.873408200617179
0.178556894798534
-0.988830826225112
0.460642450450725
0.691062648986788
-0.907358694567908
-0.104528463267548
0.974927912181799
-0.525683769810595
-0.635115769842095
0.936234870639774
0.029915466169290
-0.955572805786107
0.587785252292562
0.575617065685583
-0.959875241542919
0.044864830350626
0.930873748644163
-0.646599601215885
-0.512899277405809
0.978147600733828
-0.119394224540357
-0.900968867902369
0.701797902884073
0.447313148315529
-0.990949761767949
0.193255917795667
0.866025403784379
-0.753071466003688
-0.379225462652819
0.998210129767741
-0.266036845566790
-0.826238774315927
0.800133548011278
0.309016994374832
-0.999888101810271
0.337329987382944
0.781831482467953
-0.842720958654104
-0.237080377715377
0.995974293995227
-0.406736643075913
-0.733051871829741
0.880595531856797
0.163817911415013
-0.986490593923500
0.473868662473110
0.680172737770825
-0.913545457642652
-0.089639308903305
0.971490038292836
-0.538350616090791
-0.623489801858631
0.941386466660946
0.014959407015132
-0.951056516295112
0.599821894688019
0.563320058063512
-0.963962860695888
0.059804153945168
0.925304300473945
-0.657938725939813
-0.499999999999882
0.981148383394198
-0.134233265817790
-0.894377407666275
0.712376096951441
0.433883739117433
-0.992846926341853
0.207911690817895
0.858448793601794
-0.762829571862356
-0.365341024366264
0.998993066541320
-0.280427389306138
-0.817719385664349
0.809016994375030
0.294755174410767
-0.999552432283498
0.351374824081477
0.772416959224507
-0.850680065687415
-0.222520933956172
0.994521895368257
-0.420357228309698
-0.722794863827289
0.887585789004621
0.149042266176028
-0.983929588598602
0.486988824404497
0.669130606358746
-0.919527772551509
-0.074730093586274
0.967834748450627
-0.550896981452229
-0.611724299114885
0.946327383799213
-0.000000000000153
-0.946327383799113
0.611724299115128
0.550896981451973
-0.967834748450705
0.074730093586580
0.919527772551388
-0.669130606358974
-0.486988824404229
0.983929588598657
-0.149042266176331
-0.887585789004480
0.722794863827501
0.420357228309420
-0.994521895368289
0.222520933956471
0.850680065687254
-0.772416959224702
-0.351374824081190
0.999552432283507
-0.294755174411060
-0.809016994374850
0.817719385664525
0.280427389305844
-0.998993066541306
0.365341024366549
0.762829571862158
-0.858448793601951
-0.207911690817595
0.992846926341816
-0.433883739117710
-0.712376096951225
0.894377407666412
0.134233265817712
-0.981148383394183
0.499999999999951
0.657938725939754
-0.925304300473975
-0.059804153945088
0.963962860695867
-0.563320058063577
-0.599821894687955
0.951056516295136
-0.014959407015212
-0.941386466660920
0.623489801858693
0.538350616090724
-0.971490038292855
0.089639308903385
0.913545457642620
-0.680172737770883
-0.473868662473040
0.986490593923513
-0.163817911415092
-0.880595531856759
0.733051871829795
0.406736643075841
-0.995974293995234
0.237080377715455
0.842720958654062
-0.781831482468002
-0.337329987382870
0.999888101810272
-0.309016994374908
-0.800133548011230
0.826238774315971
0.266036845566713
-0.998210129767736
0.379225462652892
0.753071466003635
-0.866025403784419
-0.193255917795590
0.990949761767939
-0.447313148315600
-0.701797902884016
0.900968867902403
0.119394224540279
-0.978147600733812
0.512899277405877
0.646599601215824
-0.930873748644191
-0.044864830350547
0.959875241542897
-0.575617065685648
-0.587785252292497
0.955572805786131
-0.029915466169369
-0.936234870639747
0.635115769842156
0.525683769810528
-0.974927912181817
0.104528463267627
0.907358694567875
-0.691062648986845
-0.460642450450654
0.988830826225124
-0.178556894798613
-0.873408200617140
0.743144825477378
0.393025031653944
-0.997203797181177
0.251586763744487
0.834573253721313
-0.791071034656328
-0.323209657454479
0.999999999999999
-0.323209657454442
-0.791071034656352
0.834573253721292
0.251586763744525
-0.997203797181180
0.393025031653908
0.743144825477404
-0.873408200617121
-0.178556894798651
0.988830826225130
-0.460642450450620
-0.691062648986874
0.907358694567859
0.104528463267666
-0.974927912181825
0.525683769810495
0.635115769842186
-0.936234870639733
-0.029915466169408
0.955572805786142
-0.587785252292466
-0.575617065685680
0.959875241542886
-0.044864830350508
-0.930873748644206
0.646599601215794
0.512899277405910
-0.978147600733804
0.119394224540240
0.900968867902420
-0.701797902883988
-0.447313148315635
0.990949761767933
-0.193255917795551
-0.866025403784438
0.753071466003610
0.379225462652928
-0.998210129767734
0.266036845566675
0.826238774315993
-0.800133548011207
-0.309016994374945
0.999888101810272
-0.337329987382833
-0.781831482468027
0.842720958654041
0.237080377715493
-0.995974293995238
0.406736643075805
0.733051871829821
-0.880595531856740
-0.163817911415130
0.986490593923519
-0.473868662473006
-0.680172737770912
0.913545457642604
0.089639308903424
-0.971490038292864
0.538350616090691
0.623489801858724
-0.941386466660906
-0.014959407015251
0.951056516295149
-0.599821894687924
-0.563320058063610
0.963962860695856
-0.059804153945049
-0.925304300473990
0.657938725939724
0.499999999999985
-0.981148383394175
0.134233265817673
0.894377407666328
-0.712376096951357
-0.433883739117540
0.992846926341839
-0.207911690817779
-0.858448793601855
0.762829571862280
0.365341024366374
-0.998993066541315
0.280427389306024
0.817719385664417
-0.809016994374961
-0.294755174410881
0.999552432283502
-0.351374824081366
-0.772416959224582
0.850680065687353
0.222520933956288
-0.994521895368269
0.420357228309591
0.722794863827371
-0.887585789004567
-0.149042266176145
0.983929588598623
-0.486988824404394
-0.669130606358834
0.919527772551462
0.074730093586392
-0.967834748450657
0.550896981452130
0.611724299114979
-0.946327383799174
0.000000000000035
0.946327383799152
-0.611724299115034
-0.550896981452072
0.967834748450675
-0.074730093586461
-0.919527772551435
0.669130606358886
0.486988824404333
-0.983929588598636
0.149042266176214
0.887585789004535
-0.722794863827419
-0.420357228309527
0.994521895368277
-0.222520933956356
-0.850680065687316
0.772416959224626
0.351374824081301
-0.999552432283504
0.294755174410947
0.809016994374920
-0.817719385664457
-0.280427389305958
0.998993066541311
-0.365341024366439
-0.762829571862235
0.858448793601890
0.207911690817711
-0.992846926341830
0.433883739117603
0.712376096951308
-0.894377407666359
-0.134233265817604
0.981148383394162
-0.500000000000045
-0.657938725939672
0.925304300474016
0.059804153944980
-0.963962860695838
0.563320058063667
0.599821894687868
-0.951056516295170
0.014959407015321
0.941386466660883
-0.623489801858778
-0.538350616090632
0.971490038292880
-0.089639308903493
-0.913545457642576
0.680172737770963
0.473868662472944
-0.986490593923531
0.163817911415199
0.880595531856707
-0.733051871829869
-0.406736643075742
0.995974293995244
-0.237080377715560
-0.842720958654003
0.781831482468070
0.337329987382767
-0.999888101810273
0.309016994375011
0.800133548011165
-0.826238774316033
-0.266036845566608
0.998210129767730
-0.379225462652993
-0.753071466003564
0.866025403784473
0.193255917795483
-0.990949761767924
0.447313148315697
0.701797902883939
-0.900968867902450
-0.119394224540171
0.978147600733789
-0.512899277405970
