0.999999999999999
-0.275157973521086
-0.848576179215537
0.742142977223514
0.440163063864081
-0.984371730566860
0.101552397284364
0.928485826880912
-0.612512954419568
-0.591410180293909
0.937975407878393
0.075227355405043
-0.979374221211596
0.463737896649710
0.724171861437466
-0.862261220397962
-0.249655761336422
0.999650767132350
-0.300467997289451
-0.834298436648138
0.759595731569277
0.416280792260399
-0.988681689997526
0.127806508293845
0.918347730347644
-0.633187909234139
-0.569894326421804
0.946809845192917
0.048849769795610
-0.973692652520783
0.486988824404368
0.705694936419740
-0.875344001663062
-0.223979173156841
0.998603312456594
-0.325568154457153
-0.819437965209731
0.776517934323863
0.392107762787058
-0.992301089144611
0.153971350836531
0.907568199391642
-0.653420603990108
-0.547980420889952
0.954982968272730
0.022438064295805
-0.967330992875469
0.509899607151710
0.686725107669341
-0.887815385136399
-0.198146143199396
0.996858367583931
-0.350440913424475
-0.804005144430423
0.792897765908474
0.367660859476873
-0.995227399981831
0.180028649666454
0.896154763145917
-0.673196906843446
-0.525683769810501
0.962489068471415
-0.003989313423076
-0.960293685676942
0.532454242495008
0.667275624961676
-0.899666659983955
-0.172174714950346
0.994417151298565
-0.375068901421510
-0.788010753606726
0.808723785572004
0.342957157654132
-0.997458578581331
0.205960204653199
0.884115393504605
-0.692503004724255
-0.503019946630222
0.969322903035165
-0.030413904743225
-0.952585646243146
0.554636976794309
0.647360073093975
-0.910889548496314
-0.146083028562403
0.991281368706423
-0.399434916642540
-0.771465964272588
0.823984939381991
0.318013912008095
-0.998993066541314
0.231747903494159
0.871458499554886
-0.711325412984663
-0.480004781253062
0.975479698764716
-0.056817252993062
-0.944212258375513
0.576432316169789
0.626992362396818
-0.921476211870408
-0.119889308184515
0.987453210044201
-0.423521940260799
-0.754382332396438
0.838670567945433
0.292848544541172
-0.999829792074516
0.257373734365301
0.858192921703493
-0.729650984817453
-0.456654348983418
0.980955155349193
-0.083180916338482
-0.935179370598545
0.597825037323706
0.606186719018234
-0.931419255684617
-0.093611849232832
0.982935349149552
-0.447313148315639
-0.736771790309813
0.852770413853946
0.267478632400227
-0.999968170756824
0.282819798501823
0.844327925502015
-0.747466920438623
-0.432984959298133
0.985745448369794
-0.109486480664008
-0.925493292074866
0.618800198173372
0.584957674987221
-0.940711735063533
-0.067269005612041
0.977730941593510
-0.470791923463433
-0.718646638372922
0.866274628848305
0.241921895599681
-0.999408105935468
0.308068322699827
0.829873195175202
-0.764760776027596
-0.409013144454854
0.989847231970983
-0.135715572434284
-0.915160788198423
0.639343148287573
0.563320058063607
-0.949347159528715
-0.040879176895755
0.971843622476423
-0.493941866584256
-0.700019536383340
0.879173780697043
0.216196184644386
-0.998149988796539
0.333101671730321
0.814838826856949
-0.781520472418832
-0.384755647944938
0.993257641197464
-0.161849871527524
-0.904189075869148
0.659439539119640
0.541288981381477
-0.957319497532071
-0.014460795475176
0.965277503888960
-0.516746808235992
-0.680903494733534
0.891458859784618
0.190319468062069
-0.996194698091744
0.357902360656688
0.799235321538312
-0.797734303538614
-0.360229412798417
0.995974293995238
-0.187871124031240
-0.892585818452123
0.679075334029090
0.518879832892909
-0.964623180668652
0.011967686315604
0.958037172039992
-0.539190819948399
-0.661311865323653
0.903121285404203
0.164309819852495
-0.993543599524644
0.382453067047606
0.783073577733175
-0.813390944581537
-0.335451569750263
0.997995292875423
-0.213761154992112
-0.880359120425094
0.698236818086075
0.496108264620327
-0.971253107566076
0.038387809087505
0.950127684053195
-0.561258225348236
-0.641258332235455
0.914152911751091
0.138185406863781
-0.990198544796757
0.406736643075832
0.766364883865738
-0.828479459920234
-0.310439425274733
0.999319226239543
-0.239501881110740
-0.867517521717718
0.716910607650502
0.472990181723959
-0.977204647447561
0.064781119290162
0.941554564434947
-0.582933611109061
-0.620756902174759
0.924546033612321
0.111964476103311
-0.986161870314180
0.430736127495527
0.749120910386184
-0.842989310743810
-0.285210449497817
0.999945169365511
-0.265075323371817
-0.854069991746623
0.735083659720174
0.449541731392474
-0.982473643366418
0.091129182100700
0.932323801215508
-0.604201837716526
-0.599821894687900
0.934293391748344
0.085665341992655
-0.981436395555740
0.454434757489262
0.731353701619168
-0.856910362418607
-0.259782263994523
0.999872685053500
-0.290463619602301
-0.840025923150776
0.752743281040992
0.425779291565075
-0.987056415109560
0.117413594299999
0.922441841766715
-0.625048050043186
-0.578467932160366
0.943388177963536
0.059306373575971
-0.976025421103619
0.477815980375912
0.713075667351148
-0.870232891567004
-0.234172629481190
0.999101823931317
-0.315649036947087
-0.825395125230815
0.769877136972490
0.401719459491667
-0.990949761767933
0.143615997126877
0.911915588298665
-0.645457687723976
-0.556709929603201
0.951824039861316
0.032905981689403
-0.969932726338075
0.500863465172541
0.694299574162848
-0.882947592858912
-0.208399433410020
0.997633124419043
-0.340613984255240
-0.810187817097829
0.786473260103423
0.377379040140601
-0.994150963972317
0.169718089100665
0.900752393038704
-0.665416495326305
-0.534563084235708
0.959595085281237
0.006482606102196
-0.963162566797668
0.523561114000684
0.675038536511922
-0.895045585511172
-0.182480677475468
0.995467612352962
-0.365341024366426
-0.794414620535412
0.802520058610482
0.352775034460883
-0.996657785792650
0.195701638804612
0.888960053096194
-0.684910532306862
-0.512042864870520
0.966695886414328
-0.019945297363307
-0.955719671206803
0.545893073330266
0.655306007573235
-0.906518419490420
-0.156434465040235
0.992606800269065
-0.389812886290394
-0.778086552580929
0.818006324354710
0.327924627507220
-0.998468476299781
0.221548497619512
0.876546805016546
-0.703926182748941
-0.489165001109314
0.973121483594302
-0.046359269722020
-0.947609238173047
0.567843745053087
0.635115769842211
-0.917358081415236
-0.130278988491351
0.989052686346544
-0.414012477270005
-0.761215017830371
0.832921240710117
0.302845176437482
-0.999581770788449
0.247240612400008
0.863521319028207
-0.722450164872190
-0.465945472355828
0.978867388761678
-0.072740861719319
-0.938836932555974
0.589397797376984
0.614481925507917
-0.927557000153141
-0.104032516532976
0.984807753012203
-0.437922894720362
-0.743811800472739
0.847254390118685
0.277554198388901
-0.999996891660591
0.272760038084478
0.849892692986885
-0.740469540309814
-0.442400496655384
0.983929588598628
-0.099071646717038
-0.929408881510476
0.610540175534951
0.593418886603694
-0.937108052108946
-0.077713381426559
0.979874965206526
-0.461527438034053
-0.725889056058891
0.860995761366615
0.252069358243057
-0.999713548968502
0.298088950228388
0.835670446020774
-0.757971723145424
-0.418546519366745
0.988304547331994
-0.125333233564299
-0.919331670207205
0.631256112300283
0.571941364940500
-0.946004566200080
-0.051339966185928
0.974257768312774
-0.484809620246376
-0.707459303011757
0.874135756577053
0.226408456287672
-0.998731940617343
0.323209657454491
0.820864511882114
-0.774944488704168
-0.394400201675700
0.991989209203007
-0.151507279442421
-0.908612337232876
0.651531138300889
0.550064361831293
-0.954240328516286
-0.024930691738065
0.967960085750534
-0.507753179550814
-0.688535413882350
0.886665197913521
0.200589415783278
-0.997052752226922
0.348104613809544
0.805485232008581
-0.791375982090792
-0.369978408957895
0.994981000601606
-0.177575502677204
-0.897258369674319
0.671351092125999
0.527803157613235
-0.961809586659781
0.001495995943734
0.960986316235234
-0.530342090657250
-0.669130606358805
0.898575333990563
0.174630270445095
-0.994677156652778
0.372756431019446
0.789543348300199
-0.807254726470186
-0.345298198998528
0.997277831864001
-0.203519695507938
-0.885277697888833
0.690702130216903
0.505173300974505
-0.968707053763084
0.027921638723626
0.953341330705952
-0.552560575985472
-0.649258434034365
0.909857845986227
0.148549151846660
-0.991606813167027
0.397147890634775
0.773049995616568
-0.822569631083482
-0.320376810078699
0.998878098732276
-0.229321736804790
-0.872678689965147
0.709570736536552
0.482190598094657
-0.974927912181821
0.054327779195483
0.945030468923126
-0.574393116684690
-0.628932776940313
0.920504853452432
0.122364276755653
-0.987843866299388
0.421261956056649
0.756016693999256
-0.837309998994505
-0.295231648934646
0.999780683474845
-0.254963604726237
-0.859470145878652
0.727943732009958
0.458871101604156
-0.980467816859512
0.080695973575211
0.936059535738983
-0.595824463473313
-0.608167831851762
0.930508919819370
0.096093934410220
-0.983390944339314
0.445081784436632
0.738455340625870
-0.851465534561472
-0.269880278599945
0.999984955667193
-0.280427389306033
-0.845661291344692
0.745808283729253
0.435231099372264
-0.985322898362562
0.107007804582420
0.926434797042889
-0.616839647289856
-0.586978102371350
0.939863057589424
0.069756473744119
-0.978251157500238
0.468590738440780
0.720378201500008
-0.865026350627759
-0.244340406137900
0.999490772632195
-0.305695304963159
-0.831261771375059
0.763151913917339
0.411287103130629
-0.989489765582899
0.133244894304718
0.916162975385071
-0.637423989748684
-0.565378388799154
0.948560733217877
0.043370290571292
-0.972428095747110
0.491772397870149
0.701797902883941
-0.877982975428001
