0.999999999999999
-0.304745564927220
-0.814260281314378
0.801029983781115
0.326039611452342
-0.999748234942506
0.283298069832748
0.827080574274562
-0.787396343528010
-0.347169487214419
0.998993066541314
-0.261707925628596
-0.839484407258077
0.773366225503509
0.368124552684681
-0.997734875046455
0.239986003602562
0.851465534561478
-0.758946694294553
-0.388894256356601
0.995974293995238
-0.218143241396540
-0.863017923326353
0.744145010569349
0.409468140058893
-0.993712209893241
0.196190637499089
0.874135756577057
-0.728968627421405
-0.429835844221544
0.990949761767933
-0.174139245707380
-0.884813436149741
0.713425186616679
0.449987113092129
-0.987688340595136
0.152000169561262
0.895045585511175
-0.697522514745691
-0.469911799899916
0.983929588598627
-0.129784556752281
-0.904827052466021
0.681268619282663
0.489599871965065
-0.979675398423232
0.107503593510514
0.914152911751096
-0.664671684553420
-0.509041415750374
0.974927912181819
-0.085168498971946
-0.923018467515401
0.647740067614426
0.528226641853090
-0.969689520376685
0.062790519529296
0.931419255684623
-0.630482294044703
-0.547145889934094
0.963962860695850
-0.040380923169143
-0.939351046208929
0.612907053652964
0.565789633582225
-0.957750816684926
0.017950993798088
0.946809845192924
-0.595023196102022
-0.584148485111088
0.951056516295148
0.004487974438951
-0.953791896906694
0.576839726452727
0.602213200286086
-0.943883330308361
-0.026924682845692
0.960293685676946
-0.558365800629642
-0.619974682979096
0.936234870639729
0.049347833863755
-0.966311937657227
0.539610720810761
0.637423989748698
-0.928114988519029
-0.071746136761386
0.971843622476427
-0.520583930743582
-0.654552334343445
0.919527772551439
0.094108313318524
-0.976885954764651
0.501295010989920
0.671351092126016
-0.910477546658803
-0.116423103505835
0.981436395555744
-0.481753674101708
-0.687811804415972
0.900968867902404
0.138679271154451
-0.985492653565730
0.461969759730579
0.703926182748961
-0.891006524188351
-0.160865609613717
0.989052686346548
-0.441953229673213
-0.719686113050208
0.880595531856732
0.182970947394076
-0.992114701314481
0.421714162855291
0.735083659720196
-0.869741133155688
-0.204984153792254
0.994677156652781
-0.401262750256455
-0.750111069630480
0.858448793601857
0.226894144495903
-0.996738762088015
0.380609289778842
0.764760776027620
-0.846724199228273
-0.248689887164884
0.998298479539765
-0.359764181061782
-0.779025402343270
0.834573253721290
0.270360406986385
-0.999355523643321
0.338737920245263
0.792897765908500
-0.822002075447895
-0.291894792201068
0.999909362145144
-0.317541094684840
-0.806370881570489
0.809016994374930
0.313282199597443
-0.999959716170870
0.296184377620443
0.819437965209742
-0.795624548881779
-0.334511859971886
0.999506560365730
-0.274678522802380
-0.832092437156181
0.781831482468008
0.355573083550958
-0.998550122907317
0.253034359076091
0.844327925502028
-0.767644740358005
-0.376455265374437
0.997090885390699
-0.231262784929936
-0.856138269310490
0.753071466003584
0.397147890634802
-0.995129582585910
0.209374763007038
0.867517521717732
-0.738118997487330
-0.417640539972181
0.992667202067968
-0.187381314585703
-0.878459952927539
0.722794863827359
0.437922894720393
-0.989704983719632
0.165293514029432
0.888960053096209
-0.707106781186532
-0.457984742103122
0.986244419107032
-0.143122483211091
-0.899012535107127
0.691062648986826
0.477815980375946
-0.982287250728684
0.120879385912266
0.908612337232892
-0.674670545932054
-0.497406623913231
0.977835471138015
-0.098575422202409
-0.917754625683987
0.657938725939668
0.516746808236030
-0.972891321940138
0.076221822798819
0.926434797042905
-0.640875613984998
-0.535826794979010
0.967457292663041
-0.053829843412088
-0.934648480581919
0.623489801858683
0.554636976794349
-0.961536119504139
0.031410759078113
0.942391540464052
-0.605790043840788
-0.573167882188940
0.955130783952403
-0.008975858480951
-0.949660077825434
0.587785252292416
0.591410180293952
-0.948244511287213
-0.013463561731207
0.956450432738648
-0.569484493168414
-0.609354685562830
0.940880768954201
0.035896202634635
-0.962759186055470
0.550896981452086
0.626992362396864
-0.933043264819428
-0.058310768718966
0.968583161128647
-0.532032076515293
-0.644314329694520
0.924735945302211
0.080695973575276
-0.973919425411312
0.512899277405883
0.661311865323701
-0.915962993388146
-0.103040545578675
0.978765291933726
-0.493508218064297
-0.677976410513250
0.906728826522697
0.125333233564368
-0.983118320656134
0.473868662472970
0.694299574162897
-0.897038094386943
-0.147562812492496
0.986976319697498
-0.453990499739490
-0.710273137068089
0.886895676556400
0.169718089100739
-0.990337346439125
0.433883739117524
0.725889056058941
-0.876306680043833
-0.191787907540004
0.993199708502815
-0.413558504966457
-0.741139468049890
0.865276436727927
0.213761154992189
-0.995561964603085
0.393025031653883
0.756016693999270
-0.853810500668311
-0.235626767265366
0.997422925272835
-0.372293658401875
-0.770513242775826
0.841914645309146
0.257373734365382
-0.998781653462337
0.351374824081296
0.784621814930612
-0.829594860571789
-0.278991106039284
0.999637465011021
-0.330279061955144
-0.798335306372706
0.816857349838894
0.300467997289536
-0.999989928992004
0.309016994374894
0.811646811946217
-0.803708526830774
-0.321793593854455
0.999838867929055
-0.287599327431933
-0.824549628907180
0.790155012375656
0.342957157654167
-0.999184357885973
0.266036845566670
0.837037260298686
-0.776203631076298
-0.363948032196849
0.998026728428267
-0.244340406137858
-0.849103418222203
0.761861407873330
0.384755647945029
-0.996366562457235
0.222520933956248
0.860742027003969
-0.747135564508125
-0.405369527637453
0.994204695916438
-0.200589415783175
-0.871947226253902
0.732033515886139
0.425779291565118
-0.991542217370799
0.178556894798619
0.882713373816736
-0.716562866343723
-0.445974662797141
0.988380467458420
-0.156434465040182
-0.893035048612899
0.700731405818902
0.465945472355925
-0.984721038215609
0.134233265817576
0.902907053368399
-0.684547105928653
-0.485681664337335
0.980565772275216
-0.111964476103197
-0.912324417231492
0.668018115955442
0.505173300974554
-0.975916761938736
0.089639308903404
0.921282398275827
-0.651152758743489
-0.524410567641445
0.970776348122899
-0.067269005611979
-0.929776485888267
0.633959526508139
0.543383777794910
-0.965147119180863
0.044864830350423
0.937802403039854
-0.616447076559422
-0.562083377852166
0.959031909598957
-0.022438064295681
-0.945356108439603
0.598624226943362
0.580499952001634
-0.952433798569304
-0.000000000000042
0.952433798569329
-0.580499952001473
-0.598624226943519
0.945356108439539
0.022438064295878
-0.959031909598981
0.562083377852097
0.616447076559488
-0.937802403039786
-0.044864830350619
0.965147119180914
-0.543383777794745
-0.633959526508204
0.929776485888236
0.067269005612062
-0.970776348122946
0.524410567641277
0.651152758743639
-0.921282398275794
-0.089639308903487
0.975916761938755
-0.505173300974482
-0.668018115955588
0.912324417231412
0.111964476103392
-0.980565772275232
0.485681664337262
0.684547105928714
-0.902907053368314
-0.134233265817771
0.984721038215643
-0.465945472355750
-0.700731405818961
0.893035048612862
0.156434465040265
-0.988380467458450
0.445974662796965
0.716562866343860
-0.882713373816643
-0.178556894798701
0.991542217370810
-0.425779291565042
-0.732033515886273
0.871947226253806
0.200589415783368
-0.994204695916459
0.405369527637377
0.747135564508181
-0.860742027003927
-0.222520933956440
0.996366562457252
-0.384755647944847
-0.761861407873457
0.849103418222159
0.244340406137939
-0.998026728428272
0.363948032196665
0.776203631076422
-0.837037260298578
-0.266036845566750
0.999184357885976
-0.342957157654089
-0.790155012375707
0.824549628907069
0.287599327432122
-0.999838867929059
0.321793593854377
0.803708526830824
-0.811646811946169
-0.309016994375081
0.999989928992004
-0.300467997289349
-0.816857349839008
0.798335306372655
0.330279061955222
-0.999637465011019
0.278991106039095
0.829594860571899
-0.784621814930525
-0.351374824081427
0.998781653462330
-0.257373734365247
-0.841914645309191
0.770513242775700
0.372293658402058
-0.997422925272826
0.235626767265230
0.853810500668384
-0.756016693999215
-0.393025031653959
0.995561964603066
-0.213761154991997
-0.865276436727997
0.741139468049795
0.413558504966585
-0.993199708502806
0.191787907539923
0.876306680043928
-0.725889056058806
-0.433883739117650
0.990337346439106
-0.169718089100600
-0.886895676556439
0.710273137067951
0.453990499739665
-0.986976319697476
0.147562812492358
0.897038094387005
-0.694299574162796
-0.473868662473043
0.983118320656098
-0.125333233564173
-0.906728826522756
0.677976410513147
0.493508218064418
-0.978765291933697
0.103040545578593
0.915962993388225
-0.661311865323553
-0.512899277406004
0.973919425411281
-0.080695973575136
-0.924735945302264
0.644314329694456
0.532032076515459
-0.968583161128598
0.058310768718826
0.933043264819478
-0.626992362396755
-0.550896981452155
0.962759186055447
-0.035896202634438
-0.940880768954268
0.609354685562719
0.569484493168530
-0.956450432738608
0.013463561731123
0.948244511287240
-0.591410180293793
-0.587785252292575
0.949660077825391
0.008975858481092
-0.955130783952445
0.573167882188872
0.605790043840945
-0.942391540463987
-0.031410759078253
0.961536119504178
-0.554636976794233
-0.623489801858792
0.934648480581889
0.053829843412284
-0.967457292663091
0.535826794978892
0.640875613985106
-0.926434797042852
-0.076221822798959
0.972891321940157
-0.516746808235861
-0.657938725939816
0.917754625683932
