0.999999999999999
0.929408881510498
0.727601738061191
0.423070153602595
0.058808578459335
-0.313755723344370
-0.642023290261351
-0.879648572866615
-0.993083102199183
-0.966311937657223
-0.803114692137301
-0.526531917830732
-0.175612189523975
0.200100860540557
0.547563223492549
0.817719385664430
0.972428095747111
0.989847231970983
0.867517521717717
0.622709747129863
0.289986417453586
-0.083677843332315
-0.445528279010981
-0.744478035621473
-0.938320717781190
-0.999689182000815
-0.919919291221856
-0.710273137068057
-0.400349032556896
-0.033902756056971
0.337329987382829
0.660937728603823
0.891232802796708
0.995701636221687
0.959595085281235
0.788010753606722
0.505173300974500
0.151014351648633
-0.224465141658922
-0.568254144143263
-0.831815755384868
-0.977939757526858
-0.985996037070504
-0.854847190448104
-0.603009105203026
-0.266036845566677
0.108495091045615
0.467709448002844
0.760891538834817
0.946649260115695
0.998756921218921
0.909857845986198
0.692503004724247
0.377379040140646
0.008975858480999
-0.360694554957801
-0.679441304261514
-0.902263010333656
-0.997701206263482
-0.952281714056380
-0.772416959224600
-0.483500650208972
-0.126322637816036
0.248689887164854
0.588591817561754
0.845395038487748
0.982843496749093
0.981531911539135
0.841645455391805
0.582933611109049
0.241921895599669
-0.133244894304672
-0.489599871965052
-0.776832044476770
-0.954389331192285
-0.997203797181179
-0.899230800360080
-0.674302387583725
-0.354174455328015
0.015956618811722
0.383834901812998
0.697522514745700
0.912732338703385
0.999080569319849
0.944376370237480
0.756343002654876
0.461527438034037
0.101552397284363
-0.272760038084491
-0.608563601118105
-0.858448793601863
-0.987136265072987
-0.976457630438006
-0.827920523222574
-0.562495744497748
-0.217656558273567
0.157911867740834
0.511185943022051
0.792289643355188
0.961536119504148
0.995030775365401
0.888044760497615
0.655682599805291
0.330749702924253
-0.040879176895778
-0.406736643075796
-0.715170120125049
-0.922634279794504
-0.999838867929057
-0.935883968070833
-0.739798876047586
-0.439267323789385
-0.076719028126824
0.296660631545543
0.628157079632706
0.870968906043121
0.990815393959217
0.970776348122919
0.813680925852318
0.541708210282739
0.193255917795557
-0.182480677475438
-0.532454242495001
-0.807254726470165
-0.968085182350396
-0.992239206600172
-0.876306680043863
-0.636655216119323
-0.307119344598701
0.065776323011892
0.429385542199405
0.732373150012771
0.931962678203970
0.999975630705394
0.926809786739338
0.722794863827393
0.416734145163359
0.051837967659636
-0.320376810078727
-0.647360073093977
-0.882947592858924
-0.993878596328826
-0.964491596283472
-0.798935515127368
-0.520583930743607
-0.168735142482148
0.206936050651918
0.553391549243339
0.821717990987316
0.974032448597808
0.988830826225128
0.864023855812187
0.617232064632461
0.283298069832751
-0.090632580197774
-0.451767519812805
-0.749120910386207
-0.940711735063534
-0.999490772632194
-0.917159467080770
-0.705341536300410
-0.393941909590951
-0.026924682845667
0.343893830853724
0.666160644229903
0.894377407666335
0.996323967984950
0.957607281747654
0.783693457325840
0.499136037492960
0.144109475329990
-0.231262784929952
-0.573984847883476
-0.835670446020759
-0.979374221211597
-0.984807753012208
-0.851203923248292
-0.597425219474871
-0.259300686788325
0.115432496909187
0.473868662472990
0.765402990234618
0.948876011644494
0.998384595114690
0.906939008081215
0.687449743083319
0.370904785546282
0.001994660679590
-0.367197074843847
-0.684547105928684
-0.905251245281010
-0.998149988796538
-0.950127684053202
-0.767964227459558
-0.477377863313312
-0.119394224540246
0.255445757935784
0.594221336879644
0.849103418222192
0.984107179553604
0.980172487848545
0.837854851683748
0.577246993294535
0.235142113102597
-0.140160656625148
-0.495675231314095
-0.781209268031036
-0.956450432738628
-0.996657785792646
-0.896154763145919
-0.669130606358864
-0.347637093734938
0.022936601439355
0.390272055913744
0.702508028503847
0.915562346134058
0.999355523643320
0.942057452787299
0.751757603384020
0.455322933869017
0.094604754002546
-0.279469936662867
-0.614088436501822
-0.862008557172514
-0.988228381446550
-0.974927912181823
-0.823984939381998
-0.556709929603217
-0.210837366614619
0.164801687431381
0.517173670587905
0.796529918024196
0.963430289813120
0.994311418112902
0.884813436149743
0.650395513961877
0.324153298191773
-0.047853605341166
-0.413104429824542
-0.720032246799340
-0.925304300473993
-0.999939823121438
-0.933401604696209
-0.735083659720181
-0.432984959298147
-0.069756473744126
0.303320386816845
0.633573796645678
0.874377840572803
0.991735265002982
0.969077286229079
0.809602808379808
0.535826794978998
0.186401556029766
-0.189340271576115
-0.538350616090681
-0.811355416346528
-0.969811243937544
-0.991346950662070
-0.872922077269811
-0.631256112300244
-0.300467997289463
0.072740861719259
0.435680003150662
0.737108867130237
0.934471052351314
0.999902524009303
0.924165520566711
0.717952761591638
0.410377825689813
0.044864830350522
-0.326982282099339
-0.652665304509927
-0.886203579231211
-0.994625650217836
-0.962624246950011
-0.794717399127557
-0.514610571130142
-0.161849871527519
0.213761154992111
0.559192903470740
0.825676546934588
0.975589328481118
0.987766226259836
0.860488078602885
0.611724299115006
0.276595914663667
-0.097582899759141
-0.457984742103068
-0.753727274054620
-0.943056903383057
-0.999243649493386
-0.914354941881173
-0.700375558181373
-0.387515586452112
-0.019945297363298
0.350440913424465
0.671351092125997
0.897478421842887
0.996897740323617
0.955572805786142
0.779337964931480
0.493074446825119
0.137197575318813
-0.238049156779098
-0.579687576411982
-0.839484407258074
-0.980760951578482
-0.983571470813387
-0.847519169570126
-0.591812216084373
-0.252551890060328
0.122364276755722
0.480004781253068
0.769877136972490
0.951056516295153
0.997963609153802
0.903975967248482
0.682362976111766
0.364412453575930
-0.004986634338752
-0.373681698062492
-0.689619543735669
-0.908195359559793
-0.998550122907319
-0.947927346167135
-0.763474066201499
-0.471231809694086
-0.112459992158401
0.262189178640863
0.599821894687908
0.852770413853933
0.985322898362554
0.978765291933711
0.834023412112263
0.571532241275948
0.228350870110658
-0.147069587712943
-0.501726432151651
-0.785548416547698
-0.958464918240229
-0.996063198709708
-0.893035048612885
-0.663926212652244
-0.341082788800365
0.029915466169386
0.396690188705073
0.707459303011776
0.918347730347647
0.999581770788450
0.939692620785909
0.747135564508155
0.449096237906572
0.087652499818486
-0.286166214270802
-0.619583342081499
-0.865526307662205
-0.989272332962986
-0.973350677314620
-0.820009195677951
-0.550896981452118
-0.204007899039869
0.171683474920191
0.523136191838690
0.800731370948728
0.965277503888963
0.993543599524650
0.881538987243279
0.645076728758678
0.317541094684845
-0.054825701469355
-0.419452082446168
-0.724859280117732
-0.927929223127286
-0.999992042657546
-0.930873748644203
-0.730332616452244
-0.426681491730832
-0.062790519529324
0.309965358680407
0.638959634165641
0.877744159160099
0.992606800269062
0.967330992875471
0.805485232008604
0.529919264233214
0.179538109315114
-0.196190637499075
-0.544220751236832
-0.815416561904554
-0.971490038292865
-0.990406377872176
-0.869494929505225
-0.625826241948828
-0.293802005593935
0.079701855139655
0.441953229673225
0.741808658601435
0.936933881697904
0.999780683474845
0.921476211870414
0.713075667351163
0.404001504979994
0.037889506392866
-0.333571817464837
-0.657938725939703
-0.889416373291290
-0.995324227455862
-0.960709980668814
-0.790460549722888
-0.508612130123435
-0.154956712238501
0.220575840915176
0.564967003424924
0.829594860571819
0.977098659516909
0.986653483962204
0.856910362418592
0.606186719018237
0.269880278599928
-0.104528463267635
-0.464179642863097
-0.758296902119051
-0.945356108439567
-0.998947824628823
-0.911505852311677
-0.695375444745718
-0.381070376350292
-0.012964939775273
0.356970915999489
0.676508819317002
0.900535694187318
0.997422925272832
0.953491756554190
0.774944488704192
0.486988824404364
0.130278988491372
-0.244823926448193
-0.585362051785820
-0.843257453209707
-0.982099881040235
-0.982287250728692
-0.843793109003305
-0.586170368601373
-0.245790784309493
0.129290092740023
0.486117505277281
0.774313760984841
0.953190667792939
0.997493983854521
0.900968867902420
0.677242951731417
0.357902360656713
-0.011967686315571
-0.380148108562360
-0.694658370459000
-0.911095209678024
-0.998901589093855
-0.945680807639538
-0.758946694294563
-0.465062788901265
-0.105520278635194
0.268919820615268
0.605393218023248
0.856395846658789
0.986490593923519
0.977310392379384
0.830151323416304
0.565789633582233
0.221548497619465
-0.153971350836531
-0.507753179550747
-0.789849278542790
-0.960432689513912
-0.995420064911703
-0.889871808811466
-0.658689460118680
-0.334511859971849
0.036892872861814
0.403088987376263
0.712376096951333
0.921088355588444
0.999759299728270
0.937281989491891
0.742477111298919
0.442847653627059
0.080695973575231
-0.292848544541147
-0.625048050043162
-0.869001873620735
-0.990268068741569
-0.971726002708594
-0.815993485882558
-0.545057183359331
-0.197168488407961
0.178556894798614
0.529073216169520
0.804893797355911
0.967077671701074
0.992727357023036
0.878221573370235
0.639726503425808
0.310913414672945
-0.061795125470202
-0.425779291565068
-0.729650984817444
-0.930508919819363
-0.999995523992272
-0.928300523118965
-0.725545977802927
-0.420357228309567
-0.055821504993170
