0.999999999999999
-0.738455340625883
0.090632580197780
0.604599114862373
-0.983571470813385
0.848048096156425
-0.268919820615267
-0.450877540689429
0.934825676396013
-0.929776485888251
0.438371146789078
0.282341456842875
-0.855364260160504
0.980955155349191
-0.593418886603704
-0.104528463267650
0.747798090498529
-0.999902524009303
0.728968627421413
-0.076719028126821
-0.615661475325656
0.985996037070504
-0.840566603495684
0.255445757935792
0.463296035119854
-0.939692620785905
0.924546033612315
-0.425779291565072
-0.295708050044040
0.862513669207257
-0.978147600733806
0.582122970157288
0.118403968306495
-0.756995055651747
0.999610115040354
-0.719339800338659
0.062790519529318
0.626603811364450
-0.988228381446551
0.832921240710105
-0.241921895599672
-0.475624209070265
0.944376370237479
-0.919135339255238
0.413104429824544
0.309016994374938
-0.869494929505217
0.975149354305564
-0.570713567684445
-0.132256390257113
0.766044443118967
-0.999122830098858
0.709570736536531
-0.048849769795621
-0.637423989748689
0.990268068741566
-0.825113498278302
0.228350870110662
0.487859659138733
-0.948876011644489
0.913545457642605
-0.400349032556900
-0.322265695230512
0.876306680043853
-0.971961000578548
0.559192903470750
0.146083028562386
-0.774944488704167
0.998440764181981
-0.699663340513368
0.034899496702526
0.648119901063117
-0.992114701314476
0.817144898335129
-0.214735327167086
-0.499999999999985
0.953190667792943
-0.907777478532909
0.387515586452124
0.335451569750240
-0.882947592858922
0.968583161128637
-0.547563223492568
-0.159881187691820
0.783693457325835
-0.997564050259825
0.689619543735684
-0.020942419883371
-0.658689460118675
0.993767919160592
-0.809016994374958
0.201077921145977
0.512042864870566
-0.957319497532059
0.901832526405121
-0.374606593415922
-0.348572047321784
0.889416373291285
-0.965016494472315
0.535826794979005
0.173648177666899
-0.792289643355175
0.996492859249505
-0.679441304261523
0.006981260297992
0.669130606358840
-0.995227399981829
0.800731370948755
-0.187381314585726
-0.523985905970060
0.961261695938306
-0.895711760239415
0.361624570082119
0.361624570082046
-0.895711760239406
0.961261695938328
-0.523985905970078
-0.187381314585704
0.800731370948708
-0.995227399981831
0.669130606358877
0.006981260297914
-0.679441304261507
0.996492859249501
-0.792289643355188
0.173648177666948
0.535826794978963
-0.965016494472310
0.889416373291308
-0.348572047321858
-0.374606593415902
0.901832526405099
-0.957319497532081
0.512042864870585
0.201077921145928
-0.809016994374946
0.993767919160598
-0.658689460118713
-0.020942419883349
0.689619543735648
-0.997564050259820
0.783693457325848
-0.159881187691870
-0.547563223492550
0.968583161128625
-0.882947592858946
0.335451569750260
0.387515586452078
-0.907777478532888
0.953190667792950
-0.500000000000028
-0.214735327167010
0.817144898335117
-0.992114701314482
0.648119901063133
0.034899496702476
-0.699663340513332
0.998440764181979
-0.774944488704199
0.146083028562463
0.559192903470732
-0.971961000578536
0.876306680043891
-0.322265695230533
-0.400349032556854
0.913545457642597
-0.948876011644505
0.487859659138776
0.228350870110641
-0.825113498278274
0.990268068741577
-0.637423989748705
-0.048849769795571
0.709570736536516
-0.999122830098856
0.766044443119008
-0.132256390257135
-0.570713567684404
0.975149354305550
-0.869494929505227
0.309016994374985
0.413104429824486
-0.919135339255224
0.944376370237495
-0.475624209070284
-0.241921895599637
0.832921240710070
-0.988228381446554
0.626603811364489
0.062790519529254
-0.719339800338634
0.999610115040352
-0.756995055651798
0.118403968306530
0.582122970157248
-0.978147600733802
0.862513669207275
-0.295708050044101
-0.425779291565053
0.924546033612296
-0.939692620785929
0.463296035119886
0.255445757935743
-0.840566603495676
0.985996037070510
-0.615661475325701
-0.076719028126799
0.728968627421383
-0.999902524009302
0.747798090498548
-0.104528463267700
-0.593418886603646
0.980955155349184
-0.855364260160533
0.282341456842947
0.438371146788991
-0.929776485888250
0.934825676396022
-0.450877540689470
-0.268919820615202
0.848048096156379
-0.983571470813384
0.604599114862386
0.090632580197744
-0.738455340625844
0.999999999999999
-0.738455340625950
0.090632580197787
0.604599114862352
-0.983571470813376
0.848048096156462
-0.268919820615353
-0.450877540689432
0.934825676396007
-0.929776485888265
0.438371146789132
0.282341456842797
-0.855364260160511
0.980955155349193
-0.593418886603727
-0.104528463267600
0.747798090498482
-0.999902524009305
0.728968627421413
-0.076719028126842
-0.615661475325622
0.985996037070493
-0.840566603495731
0.255445757935785
0.463296035119848
-0.939692620785895
0.924546033612334
-0.425779291565143
-0.295708050043951
0.862513669207253
-0.978147600733810
0.582122970157329
0.118403968306431
-0.756995055651696
0.999610115040353
-0.719339800338664
0.062790519529354
0.626603811364412
-0.988228381446539
0.832921240710156
-0.241921895599679
-0.475624209070246
0.944376370237463
-0.919135339255263
0.413104429824629
0.309016994374944
-0.869494929505206
0.975149354305572
-0.570713567684486
-0.132256390257036
0.766044443118908
-0.999122830098858
0.709570736536546
-0.048849769795671
-0.637423989748628
0.990268068741555
-0.825113498278299
0.228350870110683
0.487859659138689
-0.948876011644473
0.913545457642637
-0.400349032556894
-0.322265695230492
0.876306680043843
-0.971961000578560
0.559192903470815
0.146083028562308
-0.774944488704171
0.998440764181982
-0.699663340513403
0.034899496702576
0.648119901063057
-0.992114701314476
0.817144898335142
-0.214735327167107
-0.499999999999942
0.953190667792919
-0.907777478532953
0.387515586452117
0.335451569750220
-0.882947592858899
0.968583161128650
-0.547563223492634
-0.159881187691827
0.783693457325821
-0.997564050259827
0.689619543735721
-0.020942419883449
-0.658689460118595
0.993767919160593
-0.809016994374971
0.201077921146026
0.512042864870499
-0.957319497532036
0.901832526405118
-0.374606593415942
-0.348572047321764
0.889416373291262
-0.965016494472336
0.535826794979095
0.173648177666906
-0.792289643355162
0.996492859249509
-0.679441304261580
0.006981260298071
0.669130606358845
-0.995227399981827
0.800731370948768
-0.187381314585803
-0.523985905969993
0.961261695938316
-0.895711760239425
0.361624570082139
0.361624570082025
-0.895711760239371
0.961261695938349
-0.523985905970096
-0.187381314585683
0.800731370948695
-0.995227399981838
0.669130606358936
0.006981260297949
-0.679441304261491
0.996492859249499
-0.792289643355236
0.173648177667025
0.535826794978897
-0.965016494472304
0.889416373291318
-0.348572047321878
-0.374606593415830
0.901832526405066
-0.957319497532071
0.512042864870603
0.201077921145907
-0.809016994374900
0.993767919160607
-0.658689460118772
-0.020942419883327
0.689619543735633
-0.997564050259818
0.783693457325897
-0.159881187691947
-0.547563223492532
0.968583161128620
-0.882947592858956
0.335451569750334
0.387515586452005
-0.907777478532855
0.953190667792956
-0.500000000000047
-0.214735327166989
0.817144898335072
-0.992114701314492
0.648119901063150
0.034899496702454
-0.699663340513316
0.998440764181975
-0.774944488704248
0.146083028562541
0.559192903470715
-0.971961000578531
0.876306680043901
-0.322265695230607
-0.400349032556782
0.913545457642588
-0.948876011644512
0.487859659138795
0.228350870110565
-0.825113498278230
0.990268068741572
-0.637423989748722
-0.048849769795550
0.709570736536461
-0.999122830098853
0.766044443119059
-0.132256390257156
-0.570713567684386
0.975149354305545
-0.869494929505266
0.309016994375060
0.413104429824518
-0.919135339255215
0.944376370237503
-0.475624209070353
-0.241921895599561
0.832921240710026
-0.988228381446558
0.626603811364506
0.062790519529233
-0.719339800338580
0.999610115040350
-0.756995055651775
0.118403968306552
0.582122970157230
-0.978147600733785
0.862513669207314
-0.295708050044176
-0.425779291565033
0.924546033612288
-0.939692620785937
0.463296035119955
0.255445757935667
-0.840566603495603
0.985996037070532
-0.615661475325808
-0.076719028126835
0.728968627421407
-0.999902524009303
0.747798090498562
-0.104528463267721
-0.593418886603629
0.980955155349169
-0.855364260160574
0.282341456843022
0.438371146788921
-0.929776485888179
0.934825676396009
-0.450877540689439
-0.268919820615236
0.848048096156398
-0.983571470813398
0.604599114862449
0.090632580197666
-0.738455340625791
0.999999999999999
-0.738455340626003
0.090632580197978
0.604599114862380
-0.983571470813382
0.848048096156443
-0.268919820615319
-0.450877540689362
0.934825676395979
-0.929776485888294
0.438371146789203
0.282341456842722
-0.855364260160411
0.980955155349186
-0.593418886603698
-0.104528463267635
0.747798090498505
-0.999902524009304
0.728968627421466
-0.076719028126921
-0.615661475325560
0.985996037070480
-0.840566603495773
0.255445757935971
0.463296035119879
-0.939692620785907
0.924546033612321
-0.425779291565112
-0.295708050043985
0.862513669207213
-0.978147600733827
0.582122970157393
0.118403968306353
-0.756995055651645
0.999610115040359
-0.719339800338640
0.062790519529319
0.626603811364439
-0.988228381446544
0.832921240710137
-0.241921895599755
-0.475624209070177
0.944376370237437
-0.919135339255294
0.413104429824700
0.309016994374761
-0.869494929505224
0.975149354305564
-0.570713567684457
-0.132256390257071
0.766044443118930
-0.999122830098861
0.709570736536602
-0.048849769795749
-0.637423989748568
0.990268068741544
-0.825113498278407
0.228350870110649
0.487859659138720
-0.948876011644484
0.913545457642623
-0.400349032556966
