0.999999999999999
-0.156926971670522
-0.950747851124637
0.455322933869013
0.807842952836234
-0.708867630216939
-0.585362051785827
0.892585818452125
0.305220472894335
-0.988380467458430
0.004986634338759
0.986815392607211
-0.314702536658172
-0.888044760497615
0.593418886603701
0.701797902883992
-0.813680925852316
-0.446420935683848
0.953791896906691
0.147069587712952
-0.999950266955942
0.166768746716103
0.947609238173050
-0.464179642863113
-0.801924626841822
0.715866849259718
0.577246993294534
-0.897038094386969
-0.295708050044046
0.989847231970982
-0.014959407015260
-0.985152163089198
0.324153298191768
0.883415372204708
-0.601416696366314
-0.694658370458996
0.819437965209731
0.437474533754564
-0.956741072739883
-0.137197575318808
0.999801072770522
-0.176593933926823
-0.944376370237480
0.472990181723967
0.795926536541819
-0.722794863827392
-0.569074518302944
0.901401145451672
0.286166214270793
-0.991215540251540
0.024930691738072
0.983390944339326
-0.333571817464839
-0.878698114040546
0.609354685562812
0.687449743083320
-0.825113498278295
-0.428484617944745
0.959595085281234
0.127311916418547
-0.999552432283503
0.186401556029758
0.941049568878655
-0.481753674101710
-0.789849278542797
0.729650984817453
0.560845439695167
-0.905674537670619
-0.276595914663657
0.992485256199832
-0.034899496702503
-0.981531911539136
0.342957157654129
0.873893455212348
-0.617232064632452
-0.680172737770919
0.830706960534928
0.419452082446168
-0.962353650653279
-0.117413594300004
0.999204370226178
-0.196190637499096
-0.937629165000497
0.490469248326080
0.783693457325838
-0.736434530278357
-0.552560575985455
0.909857845986200
0.266998103142915
-0.993656253522181
0.044864830350519
0.979575249599344
-0.352308385236543
-0.869001873620731
0.625048050043177
0.672828078337061
-0.836217795619844
-0.410377825689812
0.965016494472307
0.107503593510517
-0.998756921218921
0.205960204653184
0.934115498817185
-0.499136037492955
-0.777459685186407
0.743144825477400
0.544220751236828
-0.913950654301094
-0.257373734365291
0.994728415744058
-0.054825701469353
-0.977521153141458
0.361624570082095
0.864023855812189
-0.632801864369491
-0.665416495326257
0.841645455391802
0.401262750256487
-0.967583351875673
-0.097582899759153
0.998210129767735
-0.215709285751436
-0.930508919819369
0.507753179550743
0.771148582173406
-0.749781202967732
-0.535826794979005
0.917952555519688
0.247723765629155
-0.995701636221686
0.064781119290162
0.975369826478426
-0.370904785546268
-0.858959896930658
0.640492736369783
0.657938725939717
-0.846989399982749
-0.392107762787061
0.970053967548095
0.087652499818455
-0.997564050259823
0.225436911090836
0.926809786739344
-0.516319817386059
-0.764760776027600
0.756343002654864
0.527379542125955
-0.921863151588499
-0.238049156779118
0.996575818152633
-0.074730093586422
-0.973121483594291
0.380148108562360
0.853810500668332
-0.648119901063144
-0.650395513961868
0.852249097851390
0.382913773892378
-0.972428095747107
-0.077713381426543
0.996818746958188
-0.235142113102601
-0.923018467515395
0.524835098908899
0.758296902119060
-0.762829571862250
-0.518879832892898
0.925682053535855
0.228350870110651
-0.997350874585437
0.084671634772610
0.970776348122923
-0.389353619733242
-0.848576179215529
0.655682599805297
0.642787609686540
-0.857424025836170
-0.373681698062521
0.974705500327475
0.067766533188502
-0.995974293995237
0.244823926448198
0.919135339255237
-0.533298177137546
-0.751757603384037
0.769240265396261
0.510328512712686
-0.929408881510498
-0.218629870274444
0.998026728428270
-0.094604754002512
-0.968334653325759
0.398520403422624
0.843257453209712
-0.663180080364203
-0.635115769842189
0.862513669207245
0.364412453575905
-0.976885954764650
-0.057812944478556
0.995030775365401
-0.254481388115554
-0.915160788198436
0.541708210282762
0.745143530260958
-0.775574445610217
-0.501726432151662
0.933043264819440
0.208887124180295
-0.998603312456592
0.104528463267673
0.965796642068658
-0.407647547846443
-0.837854851683752
0.670611596994800
0.627380757516712
-0.867517521717728
-0.355106962408124
0.978969242177371
0.047853605341180
-0.993988284916786
0.264113537514736
0.911095209678014
-0.550064361831355
-0.738455340625879
0.781831482468027
0.493074446825128
-0.936584841964789
-0.199123600900992
0.999080569319850
-0.114441775495440
-0.963162566797657
0.416734145163350
0.832368912013289
-0.677976410513200
-0.619583342081482
0.872435085653926
0.345766150139931
-0.980955155349189
-0.037889506392879
0.992846926341839
-0.273719416573579
-0.906939008081210
0.558365800629665
0.731693699726820
-0.788010753606712
-0.484373417312220
0.940033260679740
0.189340271576111
-0.999458451547164
0.124343704647482
0.960432689513919
-0.425779291565053
-0.826800179863247
0.685273788370254
0.611724299114999
-0.877265871885022
-0.336390945865382
0.982843496749090
0.027921638723597
-0.991606813167027
0.283298069832759
0.902692596809114
-0.566611700966051
-0.724859280117753
0.794111644398345
0.475624209070256
-0.943388177963535
-0.179538109315094
0.999736921552070
-0.134233265817641
-0.957607281747659
0.434782087366276
0.821149209133695
-0.692503004724251
-0.603804410325479
0.882009399911605
0.326982282099370
-0.984634078551150
-0.017950993798080
0.990268068741568
-0.292848544541163
-0.898356398235644
0.574801242653061
0.717952761591659
-0.800133548011217
-0.466827692348853
0.946649260115696
0.169718089100677
-0.999915951636247
0.144109475329954
0.954686624531117
-0.443741637094035
-0.815416561904552
0.699663340513361
0.595824463473279
-0.886665197913500
-0.317541094684875
0.986326722653184
0.007978563357546
-0.988830826225128
0.302369890750486
0.893930843665510
-0.582933611109069
-0.710974831112919
0.806075865470066
0.457984742103018
-0.949816182769137
-0.159881187691798
0.999995523992272
-0.153971350836552
-0.951671008370693
0.452657049577019
0.809602808379780
-0.706754083526993
-0.587785252292448
0.891232802796692
0.308068322699823
-0.987921260694504
0.001994660679588
0.987295228574588
-0.311861161409504
-0.889416373291286
0.591007997439057
0.703926182748941
-0.811938005715887
-0.449096237906571
0.952888630922468
0.150028383526729
-0.999975630705394
0.163817911415089
0.948560733217859
-0.461527438034075
-0.803708526830800
0.713774528476718
0.579687576412013
-0.895711760239416
-0.298564908363948
0.989417534072676
-0.011967686315626
-0.985661428529866
0.321321412458871
0.884813436149758
-0.599023598515587
-0.696807517601243
0.817719385664422
0.440163063864052
-0.955866298971238
-0.140160656625132
0.999856273754321
-0.173648177666926
-0.945356108439554
0.470351920162212
0.797734303538604
-0.720723977066221
-0.571532241275931
0.900101624737271
0.289031796944482
-0.990815393959222
0.021939521572610
0.983929588598625
-0.330749702924205
-0.880122490076974
0.606979617058085
0.689619543735682
-0.823419430264555
-0.431186108523541
0.958748890738524
0.130278988491425
-0.999637465011020
0.183461171813822
0.942057452787304
-0.479129618224914
-0.791680732735950
0.727601738061194
0.563320058063578
-0.904401959647559
-0.279469936662833
0.992114701314473
-0.031909174591321
-0.982099881040247
0.340145095010552
0.875344001663039
-0.614875261712419
-0.682362976111737
0.829037572555019
0.422166264787462
-0.961536119504132
-0.120384362016258
0.999319226239542
-0.193255917795526
-0.938665094365409
0.487859659138692
0.785548416547706
-0.734407127357577
-0.555051843608788
0.908612337232887
0.269880278599948
-0.993315326901438
0.041875653729147
0.980172487848544
-0.349506654194907
-0.870478446205561
0.622709747129882
0.675038536511968
-0.834573253721305
-0.413104429824492
0.964227708033385
0.110477761379530
-0.998901589093857
0.203031441367193
0.935179370598568
-0.496541174560726
-0.779337964931444
0.741139468049842
0.546728420318319
-0.912732338703371
-0.260263776601381
0.994417151298559
-0.051837967659623
-0.978147600733796
0.358833449319492
0.865526307662195
-0.630482294044679
-0.667646953469562
0.840025923150799
0.404001504980008
-0.966823388604467
-0.100560171952167
0.998384595114689
-0.212786770195512
-0.931600628198009
0.505173300974539
0.773049995616562
-0.747798090498549
-0.538350616090715
0.916761554258675
0.250621387183189
-0.995420064911700
0.061795125470240
0.976025421103630
-0.368124552684696
-0.860488078602903
0.638192129352151
0.660188962196453
-0.845395038487740
-0.394858395686127
0.969322903035159
0.090632580197767
-0.997768295725418
0.222520933956309
0.927929223127277
-0.513755179776186
-0.766685134042628
0.754382332396420
0.529919264233199
-0.920699583128444
-0.240954069435905
0.996323967984953
-0.071746136761349
-0.973806160042901
0.377379040140600
0.855364260160506
-0.645838486185050
-0.652665304509943
0.850680065687354
0.385676011372374
-0.971726002708595
-0.080695973575273
0.997052752226920
-0.232232964430281
-0.924165520566717
0.522285957359951
0.760244013297669
-0.760891538834820
-0.521435203379454
0.924546033612307
0.231262784929920
-0.997128770610607
0.081690011745010
0.971490038292879
-0.386595991179750
-0.850155361981238
0.653420603990088
0.645076728758661
-0.855880479068537
-0.376455265374384
0.974032448597796
0.070751340439847
-0.996238035791514
0.241921895599640
0.920309894877014
-0.530764785202562
-0.753727274054621
0.767325062368372
0.512899277405920
-0.928300523118968
-0.221548497619502
0.997834392738111
-0.091625761342651
-0.969077286229078
0.395774489027977
0.844861902173885
-0.660937728603841
-0.637423989748722
0.860995761366633
0.367197074843798
-0.976242011289666
-0.060799669945358
0.995324227455867
-0.251586763744524
-0.916362729562259
0.539190819948378
0.747135564508118
-0.773682263079586
-0.504312335347570
0.931962678203959
0.211812173746587
-0.998440764181977
0.101552397284355
0.966568143838536
-0.404913620735900
-0.839484407258065
0.668389112327157
0.629707848667965
-0.866025403784463
-0.357902360656716
0.978354471007619
0.050841951945655
-0.994311418112900
0.261226607538088
0.912324417231455
-0.547563223492586
-0.740469540309798
0.779962508642721
0.495675231314132
-0.935532134607121
-0.202054781745335
0.998947824628823
-0.111468932206362
-0.963962860695860
0.414012477270049
0.834023412112285
-0.675774014000217
-0.621929073010847
0.870968906043114
0.348572047321787
-0.980369617633529
-0.040879176895767
0.993199708502818
-0.270840468142998
-0.908195359559778
0.555881163064863
0.733729864502860
-0.786165174386175
-0.486988824404363
0.939008537288549
0.192277292145469
-0.999355523643322
0.121374379749623
0.961261695938313
-0.423070153602550
-0.828479459920244
0.683091699075655
0.614088436501841
-0.875825776431869
-0.339207062888991
0.982287250728689
0.030912335754180
-0.991989209203003
0.280427389306039
0.903975967248490
-0.564143811312489
-0.726917207456645
0.792289643355191
0.478253978621274
-0.942391540464029
-0.182480677475408
0.999663820673245
-0.131267754658246
-0.958464918240250
0.432085748801978
0.822853102117241
-0.690341439691880
-0.606186719018210
0.880595531856718
0.329808338856483
-0.984107179553615
-0.020942419883369
0.990680040617096
-0.289986417453557
-0.899666659983943
0.572350346381976
0.720032246799422
-0.798335306372661
-0.469471562785907
0.945680807639544
0.172665912166203
-0.999872685053498
0.141148072876705
0.955572805786142
-0.441058366122242
-0.817144898335077
0.697522514745636
0.598224706513063
-0.885277697888856
-0.320376810078680
0.985829223087105
0.010970420952089
-0.989272332962992
0.299516601786634
0.895267866396120
-0.580499952001663
-0.713075667351216
0.804301562100271
0.460642450450608
-0.948876011644519
-0.162833972454388
0.999982096009159
-0.151014351648623
-0.952585646243134
0.449987113092197
0.811355416346586
-0.704634209963561
-0.590203190936454
0.889871808811490
0.310913414672857
-0.987453210044189
-0.000997330835839
0.987766226259833
-0.309016994375005
-0.890780024015811
0.588591817561697
0.706048161055848
-0.810187817097834
-0.451767519812744
0.951976834664440
0.152985836284097
-0.999992042657546
0.160865609613733
0.949503736732299
-0.458871101604109
-0.805485232008629
0.711675817973069
0.582122970157251
-0.894377407666378
-0.301419093926150
0.988978978893312
-0.008975858481008
-0.986161870314175
0.318486650251784
0.886203579231248
-0.596625138196327
-0.698950426911879
0.815993485882592
0.442847653627150
-0.954982968272712
-0.143122483211134
0.999902524009303
-0.170700866905943
-0.946327383799195
0.467709448002799
0.799534929205610
-0.718646638372958
-0.573984847883404
0.898794046299128
0.291894792201071
-0.990406377872176
0.018948155004325
0.984459424705030
-0.327924627507132
-0.881538987243282
0.604599114862390
0.691783170903159
-0.821717990987253
-0.433883739117616
0.957894113460915
0.133244894304644
-0.999713548968501
0.180519145250460
0.943056903383077
-0.476501273172322
-0.793505099790871
0.725545977802990
0.565789633582288
-0.903121285404173
-0.282341456842871
0.991735265002989
-0.028918566828786
-0.982659058768043
0.337329987382800
0.876786712020735
-0.612512954419619
-0.684547105928772
0.827360763017948
0.424876667889856
-0.960709980668823
-0.123354052049757
0.999425136331755
-0.190319468061993
-0.939692620785910
0.485245702624220
0.787396343527958
-0.732373150012708
-0.557538142399438
0.907358694567865
0.272760038084446
-0.992965508106548
0.038886102236304
0.980760951578490
-0.346701794364220
-0.871947226253831
0.620365869709353
0.677242951731463
-0.832921240710086
-0.415827335842009
0.963430289813141
0.113450940250085
-0.999037314786329
0.200100860540546
0.936234870639723
-0.493941866584304
-0.781209268031099
0.739127475930311
0.549231195078589
-0.911505852311692
-0.263151488952039
0.994096984815357
-0.048849769795577
-0.978765291933708
0.356039116274412
0.867021011307290
-0.628157079632649
-0.669871434827043
0.838398870984703
0.406736643075735
-0.966054770315301
-0.103536543928968
0.998550122907321
-0.209862349769273
-0.932683996873397
0.502588900078966
0.774944488704210
-0.745808283729265
-0.540869617879294
0.915562346134096
0.253516765170664
-0.995129582585906
0.058808578459344
0.976672278334155
-0.365341024366492
-0.862008557172556
0.635885809228692
0.662433288431460
-0.843793109003343
-0.397605493806890
0.968583161128614
0.093611849232849
-0.997963609153800
0.219602964811025
0.929040352678539
-0.511185943022005
-0.768602628680524
0.752414908895752
0.532454242494929
-0.919527772551415
-0.243856825068167
0.996063198709709
-0.068761537663863
-0.974482118963705
0.374606593415840
0.856910362418605
-0.643551289750803
-0.654929252388040
0.849103418222133
0.388434796274755
-0.971015210763876
-0.083677843332286
0.997277831863996
-0.229321736804708
-0.925304300474017
0.519732140298992
0.762184318760048
-0.758946694294612
-0.523985905970156
0.923401737138377
0.234172629481220
-0.996897740323621
0.078707657427219
0.972195031668998
-0.383834901812970
-0.851726934143039
0.651152758743621
0.647360073093892
-0.854329270445628
-0.379225462652947
0.973350677314623
0.073735514323985
-0.996492859249512
0.239017699062534
0.921476211870411
-0.528226641853116
-0.755690197346963
0.765402990234557
0.515465450616897
-0.927183854566787
-0.224465141658875
0.997633124419052
-0.088645948447559
-0.969811243937555
0.393025031653935
0.846458787921192
-0.658689460118761
-0.639726503425848
0.859470145878631
0.369978408957856
-0.975589328481134
-0.063785851132746
0.995608769388467
-0.248689887164843
-0.917556467632719
0.536668602769537
0.749120910386271
-0.771783154533380
-0.506893723931707
0.930873748644220
0.214735327166971
-0.998269277850210
0.098575422202406
0.967330992875467
-0.402176068832470
-0.841106447754959
0.666160644229852
0.632029302664870
-0.864525533178371
-0.360694554957738
0.977730941593487
0.053829843412190
-0.994625650217839
0.258337339056922
0.913545457642567
-0.545057183359236
-0.742477111298950
0.778086552580948
0.498271578510707
-0.934471052351347
-0.204984153792316
0.998806137341431
-0.108495091045623
-0.964754525183606
0.411287103130705
0.835670446020806
-0.673565567947776
-0.624269236421583
0.869494929505251
0.351374824081448
-0.979775303633900
-0.043868481447687
0.993543599524644
-0.267959095144471
-0.909443580859523
0.553391549243299
0.735759460917852
-0.784312557402917
-0.489599871964974
0.937975407878362
0.195212591445536
-0.999243649493386
0.118403968306554
0.962082097133134
-0.420357228309494
-0.830151323416311
0.680903494733567
0.616447076559419
-0.874377840572747
-0.342020143325732
0.981722211257629
0.033902756056943
-0.992362724936234
0.277554198388833
0.905251245281038
-0.561670871434763
-0.728968627421384
0.790460549722941
0.480879466835434
-0.941386466660887
-0.185421612065934
0.999581770788451
-0.128301068387940
-0.959313974540079
0.429385542199378
0.824549628907132
-0.688173694712354
-0.608563601118019
0.879173780697019
0.332631443164303
-0.983571470813389
-0.023933658491677
0.991083143909613
-0.287121694403061
-0.900968867902423
0.569894326421837
0.722105286267188
-0.796529918024138
-0.472111230506275
0.944703889414170
0.175612189523928
-0.999820467595026
0.138185406863727
0.956450432738641
-0.438371146789088
-0.818865919671909
0.695375444745784
0.600619594236029
-0.883882272844553
-0.323209657454438
0.985322898362566
0.013962180339254
-0.989704983719643
0.296660631545533
0.896596874675005
-0.578061096249623
-0.715170120125118
0.802520058610462
0.463296035119863
-0.947927346167145
-0.165785299524404
0.999959716170869
-0.148056000577884
-0.953491756554183
0.447313148315683
0.813100761046966
-0.702508028503792
-0.592615846072374
0.888502848680052
0.313755723344305
-0.986976319697477
-0.003989313423144
0.988228381446554
-0.306170061015488
-0.892135700463847
0.586170368601290
0.708163818808706
-0.808430375665922
-0.454434757489198
0.951056516295181
0.155941919509895
-0.999999502665477
0.157911867740842
0.950438240274650
-0.456210657353253
-0.807254726470212
0.709570736536499
0.584553152728756
-0.893035048612914
-0.304270581179965
0.988531570358844
-0.005983950294366
-0.986653483962199
0.315649036947175
0.887585789004600
-0.594221336879609
-0.701087079207492
0.814260281314401
0.445528279010903
-0.954091088551896
-0.146083028562455
0.999939823121438
-0.167752028028049
-0.947290187621362
0.465062788901179
0.801328397423572
-0.716562866343802
-0.576432316169741
0.897478421842841
0.294755174410970
-0.989988495651929
0.015956618811750
0.984980447915470
-0.325096616503726
-0.882947592858953
0.602213200286074
0.693940605217082
-0.820009195677991
-0.436577485577754
0.957030761100398
0.136209607307623
-0.999780683474844
0.177575502677255
0.944047911718877
-0.473868662472968
-0.795322363375945
0.723483722445902
0.568254144143173
-0.901832526405082
-0.285210449497824
0.991346950662073
-0.025927700186680
-0.983209439716758
0.334511859971789
0.878221573370233
-0.610145163901295
-0.686725107669287
0.825676546934541
0.427583267489752
-0.959875241542888
-0.126322637815989
0.999522099554690
-0.187381314585641
-0.940711735063548
0.482627402182620
0.789237221724043
-0.730332616452315
-0.560019450100021
0.906096929213787
0.275637355816978
-0.992606800269070
0.035896202634472
0.981340635521241
-0.343893830853712
-0.873408200617113
0.618016438763881
0.679441304261588
-0.831261771375048
