0.999999999999999
-0.535405691167535
-0.426681491730826
0.992301089144611
-0.635885809228713
-0.311387326757158
0.969322903035167
-0.726574670970975
-0.191298475243088
0.931419255684618
-0.806075865470061
-0.068264043913683
0.879173780697052
-0.873165247507281
0.055821504993164
0.813390944581527
-0.926809786739338
0.179047524318497
0.735083659720177
-0.966183474115382
0.299516601786617
0.645457687723952
-0.990680040617100
0.415373776021010
0.545893073330299
-0.999922292480974
0.524835098908906
0.437922894720364
-0.993767919160595
0.626215104516240
0.323209657454459
-0.972311684599096
0.717952761591639
0.203519695507863
-0.935883968070834
0.798635510047295
0.080695973575219
-0.885045677060243
0.867021011307342
-0.043370290571327
-0.820579610508393
0.922056277615789
-0.166768746716097
-0.743478405414430
0.962893885754203
-0.287599327432018
-0.654929252388094
0.988905025513382
-0.404001504980001
-0.556295615500305
0.999689182000815
-0.514182939383404
-0.449096237906556
0.995080302697610
-0.616447076559472
-0.334981756510554
0.975149354305562
-0.709219271556538
-0.215709285751427
0.940203230014543
-0.791071034656341
-0.093115361868956
0.890780024015867
-0.860742027003946
0.030912335754123
0.827640746023869
-0.917159467080772
0.154464050742595
0.751757603384021
-0.959454649203130
0.275637355817009
0.664299031197546
-0.986976319697494
0.392566446029697
0.566611700966050
-0.999300704788398
0.503450868096813
0.460199784783864
-0.996238035791516
0.606583243456839
0.346701794364214
-0.977835471138023
0.700375558181373
0.227865351528139
-0.944376370237483
0.783383614930444
0.105520278635170
-0.896375930360151
0.854329270445658
-0.018449576695095
-0.834573253721301
0.912120116172270
-0.142135348732742
-0.759919966917068
0.955866298971248
-0.263632546011831
-0.673565567947788
0.984894222919328
-0.381070376350272
-0.576839726452752
0.998756921218922
-0.492640552974413
-0.471231809694083
0.997240938513185
-0.596625138196355
-0.358367949545298
0.980369617633537
-0.691422995912163
-0.239986003602559
0.948402740170905
-0.775574445610207
-0.117908795963293
0.901832526405110
-0.847783738271310
0.005983950294375
0.841376056184751
-0.906939008081217
0.129784556752285
0.767964227459560
-0.952129392742141
0.251586763744510
0.682727422479678
-0.982659058768026
0.369515082603780
0.586978102371419
-0.998057915804532
0.481753674101726
0.482190598094669
-0.998088854996448
0.586574308417294
0.369978408957894
-0.982751399947622
0.682362976111775
0.252069358243097
-0.952281714056377
0.767644740358012
0.130278988491377
-0.907148964113676
0.841106447755006
0.006482606102207
-0.848048096156414
0.901616948029714
-0.117413594300001
-0.775889134812402
0.948244511287222
-0.239501881110701
-0.691783170903225
0.980271174621726
-0.357902360656718
-0.597025253065925
0.997203797181179
-0.470791923463424
-0.493074446825129
0.998781653462335
-0.576432316169770
-0.381531368161931
0.984980447915480
-0.673196906843450
-0.264113537514760
0.956012689043032
-0.759595731569267
-0.142628933705535
0.912324417231443
-0.834298436648150
-0.018948155004259
0.854588336700959
-0.896154763145914
0.105024384009464
0.783693457325851
-0.944212258375501
0.227379776282982
0.700731405818903
-0.977730941593511
0.346234015300604
0.606979617058054
-0.996194698091743
0.459757004680422
0.503881664371625
-0.999319226239543
0.566200737671942
0.393025031653921
-0.987056415109557
0.663926212652232
0.276116669570940
-0.959595085281243
0.751428670181034
0.154956712238479
-0.917358081415215
0.827360763017986
0.031410759078137
-0.860995761366639
0.890553302335500
-0.092618851350347
-0.791375982090776
0.940033260679736
-0.215222333218625
-0.709570736536523
0.975038754473805
-0.334511859971826
-0.616839647289902
0.995030775365403
-0.448650632745095
-0.514610571130128
0.999701489781182
-0.555881163064877
-0.404457613145661
0.988978978893321
-0.654552334343411
-0.288076888944358
0.963028346012746
-0.743144825477396
-0.167260408168149
0.922249174357858
-0.820294505083355
-0.043868481447697
0.867269374343275
-0.884813436149744
0.080198924328866
0.798935515127367
-0.935708167678974
0.203031441367161
0.718299789291125
-0.972195031668972
0.322737716469657
0.626603811364451
-0.993712209893242
0.437474533754558
0.525259499667139
-0.999928384677748
0.545475196165703
0.415827335842012
-0.990747840471441
0.645076728758686
0.299992336837174
-0.966311937657225
0.734745484892428
0.179538109315120
-0.926996935909976
0.813100761047038
0.056319385995487
-0.873408200617127
0.878936056650143
-0.067766533188509
-0.806370881570440
0.931237651557728
-0.190808995376567
-0.726917207456642
0.969200215136313
-0.310913414672895
-0.636270591783859
0.992239206600176
-0.426230444642710
-0.535826794978974
0.999999875666361
-0.534984454218210
-0.427132432717244
0.992362724936243
-0.635500868549616
-0.311861161409545
0.969445349895130
-0.726231953809969
-0.191787907539945
0.931600628198026
-0.805780648924970
-0.068761537663760
0.879411286122246
-0.872922077269826
0.055323610109818
0.813680925852305
-0.926622407101431
0.178556894798641
0.735421651756702
-0.966054770315326
0.299040792256123
0.645838486185034
-0.990611994413055
0.414920112910091
0.546310814749127
-0.999915951636246
0.524410567641359
0.438371146789039
-0.993823381310390
0.625826241948835
0.323681518067650
-0.972428095747108
0.717605555360775
0.204007899039877
-0.936059535738956
0.798335306372690
0.081193002755097
-0.885277697888870
0.866772432671654
-0.042872088910156
-0.820864511882118
0.921863151588519
-0.166277043794115
-0.743811800472696
0.962759186055452
-0.287121694403136
-0.655306007573304
0.988830826225128
-0.403545296352335
-0.556709929603218
0.999676625630463
-0.513755179776185
-0.449541731392478
0.995129582585914
-0.616054352538849
-0.335451569750307
0.975259711649584
-0.708867630216969
-0.216196184644417
0.940372965551563
-0.790765890508392
-0.093611849232821
0.891006524188391
-0.860488078602878
0.030413904743279
0.827920523222582
-0.916960624678783
0.153971350836501
0.752086349649493
-0.959313974540043
0.275157973521088
0.664671684553387
-0.986895978856718
0.392107762787096
0.567022523362416
-0.999281934843868
0.503019946630196
0.460642450450627
-0.996281125759496
0.606186719018222
0.347169487214381
-0.977939757526864
0.700019536383360
0.228350870110695
-0.944540247263947
0.783073577733131
0.106016147021435
-0.896596874675001
0.854069991746623
-0.017950993798125
-0.834847863263426
0.911915588298671
-0.141641728415538
-0.760244013297642
0.955719671206812
-0.263151488952115
-0.673934061558410
0.984807753012201
-0.380609289778879
-0.577246993294571
0.998731940617346
-0.492206536620161
-0.471671578744812
0.997277831863999
-0.596224874965592
-0.358833449319497
0.980467816859517
-0.691062648986868
-0.240470066417805
0.948560733217862
-0.775259563548062
-0.118403968306525
0.902047880524269
-0.847519169570103
0.005485292998587
0.841645455391834
-0.906728826522705
0.129290092740076
0.768283523593536
-0.951976834664482
0.251104106684473
0.683091699075612
-0.982566473233278
0.369051664363409
0.587381750363206
-0.998026728428269
0.481316630312410
0.482627402182638
-0.998119545996326
0.586170368601333
0.370441643310432
-0.982843496749084
0.681998360062488
0.252551890060283
-0.952433798569330
0.767325062368355
0.130773387834376
-0.907358694567861
0.840836630169596
0.006981260297971
-0.848312243159707
0.901401145451663
-0.116918363439820
-0.776203631076377
0.948086046606169
-0.239017699062536
-0.692143173870410
0.980172487848552
-0.357436682769480
-0.597425219474850
0.997166407877219
-0.470351920162244
-0.493508218064390
0.998806137341433
-0.576024762547026
-0.381992265099277
0.985066427979228
-0.672828078337029
-0.264594463341267
0.956158841385753
-0.759271307334882
-0.143122483211181
0.912528491425412
-0.834023412112279
-0.019446728601694
0.854847190448092
-0.895933373087301
0.104528463267660
0.784003104842359
-0.944047911718847
0.226894144495916
0.701087079207504
-0.977626168919309
0.345766150139896
0.607375839723278
-0.996151112670945
0.459314110250509
0.504312335347555
-0.999337499192700
0.565789633582238
0.393483519545707
-0.987136265072985
0.663553229010173
0.276595914663664
-0.959735282739427
0.751099550122288
0.155449335201698
-0.917556467632745
0.827080574274571
0.031909174591351
-0.861249281627846
0.890326359203670
-0.092122317800404
-0.791680732735901
0.939863057589404
-0.214735327167085
-0.709922025069506
0.974927912181824
-0.334041880250932
-0.617232064632463
0.994981000601603
-0.448204916018853
-0.515038074910031
0.999713548968503
-0.555466572400018
-0.404913620735974
0.989052686346544
-0.654175253533068
-0.288554378821458
0.963162566797649
-0.742811060744533
-0.167752028027984
0.922441841766748
-0.820009195677942
-0.044366661415312
0.867517521717724
-0.884580975215099
0.079701855139622
0.799235321538311
-0.935532134607103
0.202543136739211
0.718646638372969
-0.972078136985771
0.322265695230546
0.626992362396838
-0.993656253522182
0.437026064003118
0.525683769810498
-0.999934228225053
0.545057183359408
0.416280792260466
-0.990815393959220
0.644695609383958
0.300467997289379
-0.966440160908932
0.734407127357507
0.180028649666450
-0.927183854566769
0.812810375321030
0.056817252993128
-0.873650936538955
0.878698114040554
-0.067269005612104
-0.806665697152880
0.931055815862504
-0.190319468062034
-0.727259563181706
0.969077286229098
-0.310439425274658
-0.636655216119353
0.992177077318310
-0.425779291565120
-0.536247765547781
0.999999502665477
-0.534563084235715
-0.427583267489687
0.992424113959729
-0.635115769842096
-0.312334918512286
0.969567555685775
-0.725889056058917
-0.192277292145366
0.931781769052839
-0.805485232008578
-0.069259014315181
0.879648572866587
-0.872678689965124
0.054825701469292
0.813970704787297
-0.926434797042898
0.178066220877598
0.735759460917915
-0.965925826289055
0.298564908363895
0.646219124047143
-0.990543701876230
0.414466346622117
0.546728420318368
-0.999909362145144
0.523985905970137
0.438819289849327
-0.993878596328833
0.625437223758874
0.324153298191731
-0.972544265084061
0.717258170684902
0.204496051841830
-0.936234870639733
0.798034904178278
0.081690011745115
-0.885509498577903
0.866523638497999
-0.042373876588228
-0.821149209133660
0.921669796323973
-0.165785299524445
-0.744145010569354
0.962624246950024
-0.286643989976538
-0.655682599805354
0.988756381047000
-0.403088987376289
-0.557124105270517
0.999663820673243
-0.513327292414852
-0.449987113092133
0.995178615018045
-0.615661475325724
-0.335921299574219
0.975369826478436
-0.708515812605156
-0.216683029776394
0.940542467248585
-0.790460549722842
-0.094108313318539
0.891232802796697
-0.860233916226627
0.029915466169294
0.828200094544569
-0.916761554258670
0.153478612642882
0.752414908895663
-0.959173061326963
0.274678522802355
0.665044172627195
-0.986815392607221
0.391648982039943
0.567433204758836
-0.999262916410619
0.502588900079078
0.461085001570637
-0.996323967984958
0.605790043840781
0.347637093734937
-0.978043800734065
0.699663340513436
0.228836331909862
-0.944703889414179
0.782763345811133
0.106511989044869
-0.896817596035636
0.853810500668316
-0.017452406437274
-0.835122265206144
0.911710833661530
-0.141148072876671
-0.760567870630425
0.955572805786142
-0.262670366455317
-0.674302387583811
0.984721038215614
-0.380148108562359
-0.577654116593859
0.998706711663822
-0.491772397870078
-0.472111230506279
0.997314477224457
-0.595824463473305
-0.359298859863506
0.980565772275235
-0.690702130216866
-0.240954069435877
0.948718490388778
-0.774944488704108
-0.118899111206594
0.902263010333662
-0.847254390118673
0.004986634338843
0.841914645309219
-0.906518419490393
0.128795596577568
0.768602628680486
-0.951824039861353
0.250621387183062
0.683455805809035
-0.982473643366422
0.368588154352019
0.587785252292557
-0.997995292875419
0.480879466835348
0.483064086256867
-0.998149988796532
0.585766283023983
0.370904785546309
-0.982935349149551
0.681633574422610
0.253034359076243
-0.952585646243165
0.767005193570028
0.131267754658200
-0.907568199391608
0.840566603495631
0.007479912757780
-0.848576179215536
0.901185118724693
-0.116423103505923
-0.776517934323909
0.947927346167122
-0.238533457578601
-0.692503004724196
0.980073557338521
-0.356970915999435
-0.597825037323720
0.997128770610612
-0.469911799899984
-0.493941866584307
0.998830372850132
-0.575617065685681
-0.382453067047542
0.985152163089219
-0.672459082520282
-0.265075323371845
0.956304755963026
-0.758946694294606
-0.143615997126948
0.912732338703406
-0.833748180182046
-0.019945297363250
0.855105831622673
-0.895711760239376
0.104032516532990
0.784312557402880
-0.943883330308389
0.226408456287534
0.701442578258690
-0.977521153141458
0.345298198998569
0.607771911353961
-0.996107279539963
0.458871101604157
0.504742880917560
-0.999355523643318
0.565378388799027
0.393941909591018
-0.987215869567935
0.663180080364225
0.277075090975980
-0.959875241542917
0.750770243289663
0.155941919509812
-0.917754625683962
0.826800179863315
0.032407582169798
-0.861502587724569
0.890099194676861
-0.091625761342768
-0.791985286516039
0.939692620785885
-0.214248267717840
-0.710273137068033
0.974816827457187
-0.333571817464754
-0.617624328489653
0.994930978418581
-0.447759087838816
-0.515465450616770
0.999725359559779
-0.555051843608752
-0.405369527637415
0.989126147854721
-0.653798010050574
-0.289031796944526
0.963296548075556
-0.742477111298943
-0.168243606173322
0.922634279794537
-0.819723682363042
-0.044864830350504
0.867765453368898
-0.884348294314032
0.079204766131135
0.799534929205619
-0.935355868899044
0.202054781745466
0.718993308750911
-0.971961000578534
0.321793593854449
0.627380757516654
-0.993600050061334
0.436577485577598
0.526107909233554
-0.999939823121438
0.544639035015084
0.416734145163458
-0.990882701063635
0.644314329694485
0.300943583025135
-0.966568143838524
0.734068587199566
0.180519145250601
-0.927370542663322
0.812519787475614
0.057315105862120
-0.873893455212384
0.878459952927498
-0.066771461307985
-0.806960312143756
0.930873748644166
-0.189829893421277
-0.727601738061194
0.968954116344045
-0.309965358680512
-0.637039682139529
0.992114701314473
-0.425328032610051
-0.536668602769412
0.999998880997441
-0.534141581324874
-0.428033995936267
0.992485256199828
-0.634730513202332
-0.312808597947553
0.969689520376697
-0.725545977802931
-0.192766628937828
0.931962678203935
-0.805189614794366
-0.069756473744151
0.879885640871167
-0.872435085653957
0.054327779195409
0.814260281314410
-0.926246956610305
0.177575502677201
0.736097087119672
-0.965796642068639
0.298088950228345
0.646599601215790
-0.990475163023585
0.414012477269926
0.547145889934142
-0.999902524009303
0.523561114000670
0.439267323789311
-0.993933564202192
0.625048050043141
0.324624997709603
-0.972660192581107
0.716910607650551
0.204984153792307
-0.936409972729535
0.797734303538631
0.082187000421161
-0.885741079069700
0.866274628848270
-0.041875653729189
-0.821433702192329
0.921476211870441
-0.165293514029396
-0.744478035621500
0.962489068471415
-0.286166214270852
-0.656059028990597
0.988681689997515
-0.402632578165099
-0.557538142399378
0.999650767132352
-0.512899277405819
-0.450432382894719
0.995227399981830
-0.615268445017647
-0.336390945865282
0.975479698764730
-0.708163818808646
-0.217169821026502
0.940711735063513
-0.790155012375621
-0.094604754002600
0.891458859784622
-0.859979539938292
0.029417020156652
0.828479459920294
-0.916562255869958
0.152985836284043
0.752743281040942
-0.959031909598930
0.274199003780062
0.665416495326279
-0.986734560969009
0.391190103902818
0.567843745053187
-0.999243649493383
0.502157728550448
0.461527438033996
-0.996366562457234
0.605393218023180
0.348104613809524
-0.978147600733802
0.699306970660054
0.229321736804921
-0.944867296647468
0.782452919241435
0.107007804582369
-0.897038094386932
0.853550797275276
-0.016953814736580
-0.835396459481345
0.911505852311693
-0.140654382239123
-0.760891538834868
0.955425702745786
-0.262189178640884
-0.674670545932022
0.984634078551127
-0.379686832815444
-0.578061096249564
0.998681234364615
-0.491338136832588
-0.472550764869132
0.997350874585441
-0.595423903818880
-0.359764181061752
0.980663483856333
-0.690341439691846
-0.241438012536667
0.948876011644487
-0.774629221157034
-0.119394224540344
0.902477915779770
-0.846989399982741
0.004487974438973
0.842183625869860
-0.906307787036615
0.128301068387810
0.768921542641186
-0.951671008370699
0.250138605360313
0.683819742589365
-0.982380569190500
0.368124552684711
0.588188608058674
-0.997963609153796
0.480442183779299
0.483500650208964
-0.998180183389507
0.585362051785728
0.371367835550303
-0.983026957126162
0.681268619282684
0.253516765170508
-0.952737257040122
0.766685134042609
0.131762088840143
-0.907777478532889
0.840296367800382
0.007978563357579
-0.848839904258237
0.900968867902424
-0.115927814621298
-0.776832044476842
0.947768410009564
-0.238049156779091
-0.692862663375227
0.979974383116335
-0.356505060462404
-0.598224706513065
0.997090885390702
-0.469471562785936
-0.494375392277046
0.998854359982403
-0.575209225687208
-0.382913773892350
0.985237653224046
-0.672089919484967
-0.265556117486864
0.956450432738633
-0.758621892529049
-0.144109475329891
0.912935959014736
-0.833472740925924
-0.020443861165177
0.855364260160475
-0.895489924657247
0.103536543928838
0.784621814930603
-0.943718514184996
0.225922711779111
0.701797902884062
-0.977415894286084
0.344830161992772
0.608167831851748
-0.996063198709717
0.458427978851578
0.505173300974527
-0.999373299586925
0.564967003424993
0.394400201675867
-0.987295228574604
0.662806766807008
0.277554198388897
-0.960014961656749
0.750440749765047
0.156434465040272
-0.917952555519682
0.826519579853846
0.032905981689540
-0.861755679593790
0.889871808811457
-0.091129182100691
-0.792289643355144
0.939521950311562
-0.213761154992062
-0.710624072444953
0.974705500327479
-0.333101671730394
-0.618016438763883
0.994880708828784
-0.447313148315645
-0.515892698144217
0.999736921552068
-0.554636976794445
-0.405825333736617
0.989199363399644
-0.653420603989996
-0.289509143194845
0.963430289813133
-0.742142977223516
-0.168735142482093
0.922826488393285
-0.819437965209818
-0.045362988129053
0.868013169235368
-0.884115393504536
0.078707657427014
0.799834338054754
-0.935179370598548
0.201566376507198
0.719339800338587
-0.971843622476455
0.321321412459030
0.627768996627670
-0.993543599524629
0.436128798589543
0.526531917830790
-0.999945169365511
0.544220751236854
0.417187394438099
-0.990949761767916
0.643932889785297
0.301419093926285
-0.966695886414364
0.733729864502788
0.181009595945548
-0.927557000153168
0.812228997583116
0.057812944478494
-0.874135756576998
0.878221573370307
-0.066273900399762
-0.807254726470278
0.930691449947988
-0.189340271576037
-0.727943732009939
0.968830705511811
-0.309491215007907
-0.637423989748607
0.992052078604203
-0.424876667890024
-0.537089306539316
0.999998010662407
-0.533719945590501
-0.428484617944798
0.992546151641321
-0.634345098725683
-0.313282199597342
0.969811243937511
-0.725202719127561
-0.193255917795761
0.932143355606575
-0.804893797355846
-0.070253915826969
