0.999999999999999
-0.717952761591639
0.030912335754123
0.673565567947798
-0.998088854996448
0.759595731569277
-0.092618851350320
-0.626603811364459
0.992362724936243
-0.798335306372699
0.153971350836533
0.577246993294533
-0.982843496749094
0.834023412112258
-0.214735327167064
-0.525683769810504
0.969567555685774
-0.866523638498008
0.274678522802386
0.472111230506233
-0.952585646243145
0.895711760239411
-0.333571817464841
-0.416734145163362
0.931962678203974
-0.921476211870407
0.391190103902749
0.359764181061803
-0.907777478532907
0.943718514184987
-0.447313148315632
-0.301419093926071
0.880122490076976
-0.962353650653278
0.501726432151656
0.241921895599675
-0.849103418222197
0.977310392379379
-0.554221972059780
-0.181500001629215
0.814838826856944
-0.988531570358853
0.604599114862372
0.120384362016253
-0.777459685186405
0.995974293995237
-0.652665304509922
-0.058808578459345
0.737108867130253
-0.999610115040353
0.698236818086072
-0.002991988539354
-0.693940605217112
0.999425136331751
-0.741139468049859
0.064781119290144
0.648119901063126
-0.995420064911702
0.781209268031041
-0.126322637816022
-0.599821894687914
0.987610209324672
-0.818293059633572
0.187381314585705
0.549231195078594
-0.976025421103622
0.852249097851385
-0.247723765629158
-0.496541174560738
0.960709980668815
-0.882947592858919
0.307119344598696
0.441953229673242
-0.941722428075174
0.910271206105474
-0.365341024366387
-0.385676011372335
0.919135339255238
-0.934115498817189
0.422166264787458
0.327924627507205
-0.893035048612892
0.954389331192284
-0.477377863313296
-0.268919820615272
0.863521319028241
-0.971015210763878
0.530764785202605
0.208887124180290
-0.830706960534934
0.983929588598626
-0.582122970157287
-0.148056000577940
0.794717399127558
-0.993083102199181
0.631256112300232
0.086658964004091
-0.755690197347026
0.998440764181980
-0.677976410513210
-0.024930691738074
0.713774528476711
-0.999982096009160
0.722105286267232
-0.036892872861815
-0.669130606358874
0.997701206263483
-0.763474066201498
0.098575422202459
0.621929073010884
-0.991606813167031
0.801924626841804
-0.159881187691844
-0.572350346382020
0.981722211257637
-0.837309998994502
0.220575840915192
0.520583930743618
-0.968085182350403
0.869494929505225
-0.280427389306001
-0.466827692348877
0.950747851124648
-0.898356398235643
0.339207062888948
0.411287103130632
-0.929776485888265
0.923784088282269
-0.396690188705076
-0.354174455328041
0.905251245281009
-0.945680807639534
0.452657049577002
0.295708050044079
-0.877265871885019
0.963962860695850
-0.506893723931685
-0.236111362835414
0.845927333913352
-0.978560368142511
0.559192903470721
0.175612189523964
-0.811355416346534
0.989417534072675
-0.609354685562779
-0.114441775495427
0.773682263079606
-0.996492859249501
0.657187337329429
0.052833931812018
-0.733051871829837
0.999759299728270
-0.702508028503852
0.008975858480992
0.689619543735685
-0.999204370226180
0.745143530260973
-0.070751340439824
-0.643551289750810
0.994830191844722
-0.784930877348520
0.132256390257105
0.595023196102063
-0.986653483962203
0.821717990987313
-0.193255917795530
-0.544220751236862
0.974705500327469
-0.855364260160499
0.253516765170552
0.491338136832550
-0.959031909598966
0.885741079069641
-0.312808597947430
-0.436577485577664
0.939692620785911
-0.912732338703376
0.370904785546238
0.380148108562378
-0.916761554258678
0.936234870639725
-0.427583267489666
-0.322265695230516
0.890326359203708
-0.956158841385729
0.482627402182614
0.263151488952142
-0.860488078602893
0.972428095747101
-0.535826794978995
-0.203031441367192
0.827360763018004
-0.984980447915474
0.586978102371390
0.142135348732778
-0.791071034656364
0.993767919160596
-0.635885809228703
-0.080695973575245
0.751757603384048
-0.998756921218921
0.682362976111744
0.018948155004303
-0.709570736536515
0.999928384677748
-0.726231953809976
0.042872088910165
0.664671684553424
-0.997277831864003
0.767325062368322
-0.104528463267608
-0.617232064632460
0.990815393959220
-0.805485232008579
0.165785299524502
0.567433204758790
-0.980565772275213
0.840566603495692
-0.226408456287642
-0.515465450616871
0.966568143838554
-0.872435085653898
0.286166214270737
0.461527438034104
-0.948876011644489
0.900968867902420
-0.344830161992762
-0.405825333736835
0.927557000153173
-0.926058885850399
0.402176068832349
0.348572047321792
-0.902692596809111
0.947609238173047
-0.457984742103047
-0.289986417453623
0.874377840572829
-0.965537553173953
0.512042864870595
0.230292375399716
-0.842720958654040
0.979775303633909
-0.564143811312444
-0.169718089100718
0.807842952836273
-0.990268068741558
0.614088436501838
0.108495091045614
-0.769877136972505
0.996975742105719
-0.661685837596824
-0.046857393288300
0.728968627421464
-0.999872685053500
0.706754083527009
-0.014959407015253
-0.685273788370261
0.998947824628825
-0.749120910386169
0.076719028126746
0.638959634165636
-0.994204695916450
0.788624379875525
-0.138185406863788
-0.590203190936486
0.985661428529871
-0.825113498278255
0.199123600901046
0.539190819948368
-0.973350677314618
0.858448793601856
-0.259300686788292
-0.486117505277336
0.957319497532085
-0.888502848680006
0.318486650251701
0.431186108523506
-0.937629165000499
0.915160788198416
-0.376455265374350
-0.374606593415968
0.914354941881203
-0.938320717781198
0.432984959298143
0.316595223269716
-0.887585789004565
0.957894113460908
-0.487859659138683
-0.257373734365372
0.857424025836162
-0.973806160042908
0.540869617879328
0.197168488407963
-0.823984939382016
0.985996037070495
-0.591812216084312
-0.136209607307708
0.787396343528002
-0.994417151298565
0.640492736369768
0.074730093586457
-0.747798090498563
0.999037314786324
-0.686725107669290
-0.012964939775260
0.705341536300406
-0.999838867929057
0.730332616452223
-0.048849769795569
-0.660188962196534
0.996818746958196
-0.771148582173425
0.110477761379573
0.612512954419575
-0.989988495651935
0.809016994374923
-0.171683474920135
-0.562495744497806
0.979374221211614
-0.843793109003313
0.232232964430238
0.510328512712713
-0.965016494472320
0.875344001663037
-0.291894792200969
-0.456210657353236
0.946970194829509
-0.903549075692482
0.350440913424454
0.400349032556923
-0.925304300474014
0.928300523118933
-0.407647547846370
-0.342957157654113
0.900101624737245
-0.949503736732322
0.463296035119837
0.284254401034843
-0.871458499554917
0.967077671701057
-0.517173670587835
-0.224465141658915
0.839484407258080
-0.980955155349186
0.569074518302906
0.163817911415191
-0.804301562100325
0.991083143909587
-0.618800198173368
-0.102544521605569
0.766044443118989
-0.997422925272830
0.666160644229870
0.040879176895844
-0.724859280117797
0.999950266955942
-0.710974831112891
0.020942419883342
0.680903494733577
-0.998655508726068
0.753071466003570
-0.082683968660170
-0.634345098725720
0.993543599524647
-0.792289643355183
0.144109475329954
0.585362051785861
-0.984634078551156
0.828479459920201
-0.204984153792143
-0.534141581324920
0.971961000578547
-0.861502587724540
0.265075323371789
0.480879466835400
-0.955572805786160
0.891232802796670
-0.324153298191780
-0.425779291565074
0.935532134607125
-0.917556467632720
0.381992265099217
0.369051664363471
-0.911915588298699
0.940372965551540
-0.438371146789079
-0.310913414672962
0.884813436149751
-0.959595085281222
0.493074446825065
0.251586763744582
-0.854329270445712
0.975149354305564
-0.545893073330293
-0.191298475243112
0.820579610508414
-0.986976319697486
0.596625138196290
0.130278988491458
-0.783693457325833
0.995030775365400
-0.645076728758664
-0.068761537663846
0.743811800472754
-0.999281934843865
0.691062648986804
0.006981260297947
-0.701087079207488
0.999713548968503
-0.734407127357521
0.054825701469312
0.655682599805340
-0.996323967984957
0.774944488704119
-0.116423103505826
-0.607771911354040
0.989126147854736
-0.812519787475556
0.177575502677101
0.557538142399463
-0.978147600733824
0.846989399982746
-0.238049156779098
-0.505173300974521
0.963430289813132
-0.878221573370201
0.297612917967830
0.450877540689508
-0.945030468923141
0.906096929213796
-0.356039116274338
-0.394858395686189
0.923018467515372
-0.930508919819343
0.413104429824570
0.337329987382922
-0.897478421842893
0.951364235479153
-0.468590738440690
-0.278512206039570
0.868507953367019
-0.968583161128639
0.522285957359852
0.218629870274433
-0.836217795619909
0.982099881040233
-0.573984847883351
-0.157911867740894
0.800731370948709
-0.991862730390557
0.623489801858739
0.096590280253286
-0.762184318760089
0.997834392738100
-0.670611596994771
-0.034899496702457
0.720723977066309
-0.999992042657546
0.715170120124968
-0.026924682845644
-0.676508819317114
0.998327432985152
-0.756995055651787
0.088645948447560
0.629707848667955
-0.992846926341850
0.795926536541809
-0.150028383526555
-0.580499952001610
0.983571470813375
-0.831815755384825
0.210837366614639
0.529073216169611
-0.970536519880775
0.864525533178290
-0.270840468142964
-0.475624209070225
0.953791896906713
-0.893930843665511
0.329808338856390
0.420357228309571
-0.933401604696257
0.919919291221841
-0.387515586452158
-0.363483520315739
0.909443580859469
-0.942391540464000
0.443741637094022
0.305220472894460
-0.882009399911627
0.961261695938273
-0.498271578510689
-0.245790784309455
0.851203923248339
-0.976457630438007
0.550896981451996
0.185421612065965
-0.817144898335219
0.987921260694503
-0.601416696366341
-0.124343704647576
0.779962508642702
-0.995608769388450
0.649637622251875
0.062790519529468
-0.739798876047621
0.999490772632195
-0.695375444745644
-0.000997330835794
0.696807517601364
-0.999552432283503
0.738455340625782
-0.060799669945341
-0.651152758743538
0.995793512661326
-0.778712646036902
0.122364276755608
0.603009105203038
-0.988228381446574
0.815993485882524
-0.183461171813831
-0.552560575985532
0.976885954764643
-0.850155361981203
0.243856825068114
0.500000000000122
-0.961809586659778
0.881067697735410
-0.303320386816778
-0.445528279010961
0.943056903383095
-0.908612337232870
0.361624570081963
0.389353619733256
-0.920699583128401
0.932683996873401
-0.418546519366811
-0.331690738005617
0.894823082057653
-0.953190667792906
0.473868662472967
0.272760038084654
-0.865526307662239
0.970053967548104
-0.527379542125876
-0.212786770195562
0.832921240710170
-0.983209439716733
0.578874624224972
0.152000169561329
-0.797132507222900
0.992606800269050
-0.628157079632709
-0.090632580197905
0.758296902119068
-0.998210129767725
0.675038536511894
0.028918566828646
-0.716562866343854
0.999998010662407
-0.719339800338566
0.032905981689395
0.672089919485159
-0.997963609153806
0.760891538834846
-0.094604754002452
-0.625048050043170
0.992114701314492
-0.799534929205596
0.155941919509661
0.575617065685714
-0.982473643366409
0.835122265206120
-0.216683029776463
-0.523985905970175
0.969077286229081
-0.867517521717645
0.276595914663618
0.470351920162186
-0.951976834664497
0.896596874675029
-0.335451569750152
-0.414920112910138
0.931237651557789
-0.922249174357837
0.393025031653766
0.357902360656770
-0.906939008081205
0.944376370237446
-0.449096237906554
-0.299516601786749
0.879173780697071
-0.962893885754159
0.503450868096759
0.239986003602538
-0.848048096156478
0.977730941593509
-0.555881163064775
-0.179538109315131
0.813680925852411
-0.988830826225118
0.606186719018256
0.118403968306596
-0.776203631076351
0.996151112670939
-0.654175253533012
-0.056817252993203
0.735759460917889
-0.999663820673247
0.699663340513299
-0.004986634338764
-0.692503004724336
0.999355523643321
-0.742477111298812
0.066771461307902
0.646599601215767
-0.995227399981839
0.782452919241452
-0.128301068387724
-0.598224706513045
0.987295228574619
-0.819437965209701
0.189340271576171
0.547563223492620
-0.975589328481115
0.853290881632095
-0.249655761336406
-0.494808795034786
0.960154443046366
-0.883882272844481
0.309016994374871
0.440163063864065
-0.941049568878693
0.911095209678019
-0.367197074843715
-0.383834901813041
0.918347730347714
-0.934825676395987
0.423973621602955
0.326039611452442
-0.892135700463886
0.954982968272690
-0.479129618224859
-0.266998103143072
0.862513669207293
-0.971490038292873
0.532454242494919
0.206936050651923
-0.829594860571905
0.984283791647629
-0.583743672234655
-0.146083028562478
0.793505099790878
-0.993315326901425
0.632801864369480
0.084671634772752
-0.754382332396468
0.998550122907311
-0.679441304261470
-0.022936601439323
0.712376096951410
-0.999968170756824
0.723483722445773
-0.038886102236358
-0.667646953469682
0.997564050259827
-0.764760776027623
0.100560171952045
0.620365869709260
-0.991346950662086
0.803114692137287
-0.161849871527369
-0.570713567684476
0.981340635521220
-0.838398870984644
0.222520933956326
0.518879832893018
-0.967583351875676
0.870478446205476
-0.282341456842828
-0.465062788901409
0.950127684053226
-0.899230800360086
0.341082788800251
0.409468140058904
-0.929040352678555
0.924546033612295
-0.398520403422450
-0.352308385236629
0.904401959647556
-0.946327383799128
0.454434757489227
0.293802005594048
-0.876306680043883
0.964491596283426
-0.508612130123368
-0.234172629481200
0.844861902173928
-0.978969242177369
0.560845439695051
0.173648177666967
-0.810187817097918
0.989704983719624
-0.610935035347243
-0.112459992158489
0.772416959224600
-0.996657785792636
0.658689460118654
0.050841951945784
-0.731693699726861
0.999801072770523
-0.703926182748876
0.010970420952011
0.688173694712402
-0.999122830098859
0.746472295365044
-0.072740861719200
-0.642023290261323
0.994625650217847
-0.786165174386205
0.134233265817533
0.593418886603721
-0.986326722653207
0.822853102117233
-0.195212591445312
-0.542546263865833
0.974257768312788
-0.856395846658731
0.255445757935770
0.489599871965183
-0.958464918240250
0.886665197913427
-0.314702536658092
-0.434782087366241
0.939008537288571
-0.913545457642593
0.372756431019339
0.378302439539694
-0.915962993388237
0.936933881697880
-0.429385542199425
-0.320376810078834
0.889416373291303
-0.956741072739843
0.484373417312161
0.261226607538306
-0.859470145878681
0.972891321940149
-0.537509876752202
-0.201077921145973
0.826238774316072
-0.985322898362548
0.588591817561618
0.140160656625216
-0.789849278542780
0.993988284916773
-0.637423989748686
-0.078707657427253
0.750440749765131
-0.998854359982392
0.683819742589270
0.016953814736596
-0.708163818808738
0.999902524009303
-0.727601738061102
0.044864830350483
0.663180080364327
-0.997128770610614
0.768602628680398
-0.106511989044844
-0.615661475325655
0.990543701876233
-0.806665697152796
0.167752028027844
0.565789633582262
-0.980172487848580
0.841645455391756
-0.228350870110663
-0.513755179776311
0.966054770315335
-0.873408200617054
0.288076888944324
0.459757004680607
-0.948244511287253
0.901832526405118
-0.346701794364097
-0.404001504980012
0.926809786739394
-0.926809786739320
0.404001504979830
0.346701794364283
-0.901832526405106
0.948244511287189
-0.459757004680430
-0.288076888944514
0.873408200617151
-0.966054770315284
0.513755179776140
0.228350870110636
-0.841645455391863
0.980172487848541
-0.565789633582098
-0.167752028028040
0.806665697152914
-0.990543701876206
0.615661475325677
0.106511989045042
-0.768602628680525
0.997128770610599
-0.663180080364178
-0.044864830350682
0.727601738061239
-0.999902524009304
0.708163818808598
-0.016953814736625
-0.683819742589416
0.998854359982401
-0.750440749765000
0.078707657427055
0.637423989748839
-0.993988284916795
0.789849278542798
-0.140160656625019
-0.588591817561779
0.985322898362581
-0.826238774315960
0.201077921145778
0.537509876752369
-0.972891321940143
0.859470145878580
-0.261226607538114
-0.484373417312335
0.956741072739901
-0.889416373291212
0.320376810078646
0.429385542199400
-0.936933881697949
0.915962993388157
-0.378302439539510
-0.372756431019523
0.913545457642674
-0.939008537288502
0.434782087366267
0.314702536658281
-0.886665197913519
0.958464918240193
-0.489599871965010
-0.255445757935962
0.856395846658833
-0.974257768312794
0.542546263865666
0.195212591445507
-0.822853102117346
0.986326722653174
-0.593418886603561
-0.134233265817730
0.786165174386187
-0.994625650217826
0.642023290261345
0.072740861719399
-0.746472295365176
0.999122830098850
-0.688173694712257
-0.010970420952210
0.703926182748856
-0.999801072770527
0.731693699726725
-0.050841951945586
-0.658689460118633
0.996657785792670
-0.772416959224474
0.112459992158291
0.610935035347220
-0.989704983719620
0.810187817097668
-0.173648177666772
-0.560845439695216
0.978969242177363
-0.844861902173943
0.234172629481006
0.508612130123539
-0.964491596283478
0.876306680043897
-0.293802005593641
-0.454434757489404
0.946327383799192
-0.904401959647568
0.352308385236655
0.398520403422841
-0.924546033612370
0.929040352678482
-0.409468140058930
-0.341082788800651
0.899230800360173
-0.950127684053164
0.465062788901233
0.282341456842801
-0.870478446205686
0.967583351875626
-0.518879832892847
-0.222520933956298
0.838398870984628
-0.981340635521182
0.570713567684313
0.161849871527566
-0.803114692137270
0.991346950662030
-0.620365869709104
-0.100560171952243
0.764760776027605
-0.997564050259829
0.667646953469364
0.038886102236556
-0.723483722445911
0.999968170756824
-0.712376096951430
0.022936601439124
0.679441304261616
-0.998550122907322
0.754382332396487
-0.084671634772328
-0.632801864369634
0.993315326901448
-0.793505099790895
0.146083028562506
0.583743672235001
-0.984283791647664
0.829594860571794
-0.206936050651951
-0.532454242494895
0.971490038292920
-0.862513669207192
0.266998103142881
0.479129618224834
-0.954982968272816
0.892135700463797
-0.326039611452254
-0.423973621602930
0.934825676395977
-0.918347730347546
0.383834901812857
0.367197074843900
-0.911095209678008
0.941049568878549
-0.440163063863886
-0.309016994375061
0.883882272844574
-0.960154443046374
0.494808795034416
0.249655761336599
-0.853290881632198
0.975589328481122
-0.547563223492644
-0.189340271576366
0.819437965209815
-0.987295228574587
0.598224706513067
0.128301068388147
-0.782452919241576
0.995227399981819
-0.646599601215789
-0.066771461307874
0.742477111299097
-0.999355523643314
0.692503004724192
0.004986634338736
-0.699663340513279
0.999663820673252
-0.735759460917755
0.056817252993005
0.654175253532990
-0.996151112670976
0.776203631076226
-0.118403968306399
-0.606186719018234
0.988830826225114
-0.813680925852163
0.179538109314935
0.555881163064940
-0.977730941593503
0.848048096156252
-0.239986003602345
-0.503450868096931
0.962893885754213
-0.879173780697084
0.299516601786342
0.449096237906732
-0.944376370237511
0.906939008081217
-0.357902360656797
-0.393025031654158
0.922249174357914
-0.931237651557716
0.414920112910164
0.335451569750554
-0.896596874675117
0.951976834664436
-0.470351920162212
-0.276595914663591
0.867517521717857
-0.969077286229032
0.523985905970005
0.216683029776435
-0.835122265206105
0.982473643366372
-0.575617065685551
-0.155941919509857
0.799534929205579
-0.992114701314438
0.625048050043014
0.094604754002650
-0.760891538834827
0.997963609153808
-0.672089919484844
-0.032905981689594
0.719339800338704
-0.999998010662407
0.716562866343874
-0.028918566828447
-0.675038536512041
0.998210129767737
-0.758296902119086
0.090632580197480
0.628157079632864
