0.999999999999999
0.099567846595817
-0.980172487848543
-0.294755174410904
0.921476211870407
0.478253978621318
-0.826238774315995
-0.642787609686538
0.698236818086072
0.781831482468029
-0.542546263865758
-0.889871808811468
0.365341024366396
0.962624246950011
-0.173648177666931
-0.997203797181179
-0.024930691738073
0.992239206600171
0.222520933956315
-0.947927346167131
-0.411287103130613
0.866025403784437
0.583743672234789
-0.749781202967732
-0.733051871829823
0.603804410325478
0.853290881632155
-0.433883739117555
-0.939692620785907
0.246757397690293
0.988830826225128
-0.049845885660699
-0.998756921218921
-0.149042266176177
0.969077286229078
0.342020143325668
-0.900968867902417
-0.521435203379495
0.797132507222922
0.680172737770920
-0.661685837596856
-0.811938005715855
0.499999999999998
0.911505852311674
-0.318486650251685
-0.974927912181821
0.124343704647482
0.999689182000815
0.074730093586417
-0.984807753012207
-0.270840468143003
0.930873748644201
0.456210657353164
-0.840025923150772
-0.623489801858738
0.715866849259717
0.766044443118975
-0.563320058063616
-0.878221573370228
0.388434796274698
0.955572805786141
-0.198146143199396
-0.995030775365400
-0.000000000000005
0.995030775365400
0.198146143199393
-0.955572805786138
-0.388434796274694
0.878221573370230
0.563320058063625
-0.766044443118977
-0.715866849259714
0.623489801858730
0.840025923150770
-0.456210657353168
-0.930873748644205
0.270840468143006
0.984807753012206
-0.074730093586421
-0.999689182000815
-0.124343704647493
0.974927912181822
0.318486650251682
-0.911505852311669
-0.500000000000002
0.811938005715857
0.661685837596864
-0.680172737770917
-0.797132507222920
0.521435203379504
0.900968867902413
-0.342020143325658
-0.969077286229078
0.149042266176173
0.998756921218921
0.049845885660689
-0.988830826225130
-0.246757397690303
0.939692620785906
0.433883739117558
-0.853290881632157
-0.603804410325469
0.733051871829816
0.749781202967740
-0.583743672234786
-0.866025403784437
0.411287103130616
0.947927346167127
-0.222520933956301
-0.992239206600172
0.024930691738069
0.997203797181179
0.173648177666924
-0.962624246950014
-0.365341024366406
0.889871808811464
0.542546263865761
-0.781831482468030
-0.698236818086067
0.642787609686548
0.826238774316001
-0.478253978621312
-0.921476211870408
0.294755174410907
0.980172487848541
-0.099567846595829
-0.999999999999999
-0.099567846595822
0.980172487848543
0.294755174410900
-0.921476211870410
-0.478253978621331
0.826238774315988
0.642787609686543
-0.698236818086072
-0.781831482468026
0.542546263865767
0.889871808811474
-0.365341024366386
-0.962624246950012
0.173648177666931
0.997203797181179
0.024930691738062
-0.992239206600169
-0.222520933956322
0.947927346167130
0.411287103130610
-0.866025403784441
-0.583743672234780
0.749781202967725
0.733051871829831
-0.603804410325475
-0.853290881632154
0.433883739117564
0.939692620785903
-0.246757397690282
-0.988830826225129
0.049845885660695
0.998756921218922
0.149042266176166
-0.969077286229073
-0.342020143325678
0.900968867902416
0.521435203379498
-0.797132507222924
-0.680172737770912
0.661685837596848
0.811938005715861
-0.499999999999995
-0.911505852311672
0.318486650251689
0.974927912181820
-0.124343704647471
-0.999689182000815
-0.074730093586428
0.984807753012207
0.270840468142999
-0.930873748644207
-0.456210657353149
0.840025923150782
0.623489801858713
-0.715866849259699
-0.766044443118991
0.563320058063607
0.878221573370233
-0.388434796274688
-0.955572805786140
0.198146143199400
0.995030775365400
-0.000000000000012
-0.995030775365402
-0.198146143199376
0.955572805786148
0.388434796274717
-0.878221573370218
-0.563320058063634
0.766044443118971
0.715866849259722
-0.623489801858732
-0.840025923150768
0.456210657353171
0.930873748644198
-0.270840468143023
-0.984807753012203
0.074730093586396
0.999689182000815
0.124343704647503
-0.974927912181820
-0.318486650251692
0.911505852311671
0.499999999999999
-0.811938005715859
-0.661685837596851
0.680172737770930
0.797132507222909
-0.521435203379519
-0.900968867902430
0.342020143325648
0.969077286229081
-0.149042266176162
-0.998756921218922
-0.049845885660699
0.988830826225128
0.246757397690286
-0.939692620785912
-0.433883739117542
0.853290881632166
0.603804410325501
-0.733051871829809
-0.749781202967747
0.583743672234777
0.866025403784443
-0.411287103130606
-0.947927346167131
0.222520933956318
0.992239206600170
-0.024930691738087
-0.997203797181181
-0.173648177666907
0.962624246950003
0.365341024366416
-0.889871808811459
-0.542546263865770
0.781831482468024
0.698236818086075
-0.642787609686540
-0.826238774315991
0.478253978621327
0.921476211870401
-0.294755174410924
-0.980172487848538
0.099567846595790
0.999999999999999
0.099567846595833
-0.980172487848540
-0.294755174410911
0.921476211870406
0.478253978621315
-0.826238774315998
-0.642787609686529
0.698236818086085
0.781831482468015
-0.542546263865734
-0.889871808811479
0.365341024366376
0.962624246950015
-0.173648177666920
-0.997203797181180
-0.024930691738073
0.992239206600172
0.222520933956305
-0.947927346167135
-0.411287103130594
0.866025403784450
0.583743672234812
-0.749781202967718
-0.733051871829838
0.603804410325466
0.853290881632159
-0.433883739117554
-0.939692620785907
0.246757397690299
0.988830826225126
-0.049845885660713
-0.998756921218922
-0.149042266176149
0.969077286229070
0.342020143325688
-0.900968867902411
-0.521435203379507
0.797132507222918
0.680172737770920
-0.661685837596861
-0.811938005715851
0.500000000000010
0.911505852311665
-0.318486650251705
-0.974927912181829
0.124343704647461
0.999689182000816
0.074730093586439
-0.984807753012205
-0.270840468143010
0.930873748644203
0.456210657353158
-0.840025923150776
-0.623489801858722
0.715866849259731
0.766044443118962
-0.563320058063599
-0.878221573370239
0.388434796274678
0.955572805786144
-0.198146143199389
-0.995030775365401
0.000000000000001
0.995030775365401
0.198146143199386
-0.955572805786144
-0.388434796274675
0.878221573370213
0.563320058063643
-0.766044443118964
-0.715866849259729
0.623489801858724
0.840025923150774
-0.456210657353161
-0.930873748644202
0.270840468143013
0.984807753012205
-0.074730093586442
-0.999689182000816
-0.124343704647514
0.974927912181817
0.318486650251703
-0.911505852311666
-0.500000000000008
0.811938005715853
0.661685837596859
-0.680172737770922
-0.797132507222916
0.521435203379510
0.900968867902410
-0.342020143325691
-0.969077286229084
0.149042266176152
0.998756921218922
0.049845885660710
-0.988830826225126
-0.246757397690297
0.939692620785908
0.433883739117552
-0.853290881632161
-0.603804410325464
0.733051871829840
0.749781202967716
-0.583743672234814
-0.866025403784420
0.411287103130648
0.947927346167116
-0.222520933956363
-0.992239206600178
0.024930691738019
0.997203797181175
0.173648177666973
-0.962624246950001
-0.365341024366426
0.889871808811454
0.542546263865779
-0.781831482468017
-0.698236818086083
0.642787609686531
0.826238774315997
-0.478253978621318
-0.921476211870405
0.294755174410913
0.980172487848540
-0.099567846595836
-0.999999999999999
-0.099567846595787
0.980172487848550
0.294755174410867
-0.921476211870424
-0.478253978621275
0.826238774316024
0.642787609686581
-0.698236818086036
-0.781831482468057
0.542546263865725
0.889871808811484
-0.365341024366366
-0.962624246950018
0.173648177666910
0.997203797181180
0.024930691738084
-0.992239206600170
-0.222520933956316
0.947927346167132
0.411287103130604
-0.866025403784444
-0.583743672234775
0.749781202967749
0.733051871829807
-0.603804410325503
-0.853290881632135
0.433883739117596
0.939692620785891
-0.246757397690344
-0.988830826225136
0.049845885660646
0.998756921218919
0.149042266176216
-0.969077286229068
-0.342020143325699
0.900968867902406
0.521435203379517
-0.797132507222911
-0.680172737770928
0.661685837596853
0.811938005715857
-0.500000000000001
-0.911505852311669
0.318486650251695
0.974927912181819
-0.124343704647506
-0.999689182000815
-0.074730093586393
0.984807753012213
0.270840468142965
-0.930873748644220
-0.456210657353117
0.840025923150739
0.623489801858774
-0.715866849259684
-0.766044443119005
0.563320058063590
0.878221573370244
-0.388434796274668
-0.955572805786147
0.198146143199379
0.995030775365402
0.000000000000009
-0.995030775365400
-0.198146143199397
0.955572805786141
0.388434796274685
-0.878221573370235
-0.563320058063605
0.766044443118993
0.715866849259697
-0.623489801858760
-0.840025923150749
0.456210657353202
0.930873748644185
-0.270840468142947
-0.984807753012217
0.074730093586374
0.999689182000814
0.124343704647525
-0.974927912181815
-0.318486650251713
0.911505852311662
0.500000000000017
-0.811938005715847
-0.661685837596867
0.680172737770914
0.797132507222922
-0.521435203379501
-0.900968867902414
0.342020143325681
0.969077286229072
-0.149042266176197
-0.998756921218920
-0.049845885660664
0.988830826225133
0.246757397690252
-0.939692620785924
-0.433883739117510
0.853290881632125
0.603804410325518
-0.733051871829794
-0.749781202967761
0.583743672234760
0.866025403784454
-0.411287103130587
-0.947927346167138
0.222520933956297
0.992239206600173
-0.024930691738065
-0.997203797181179
-0.173648177666928
0.962624246950013
0.365341024366383
-0.889871808811475
-0.542546263865741
0.781831482468046
0.698236818086050
-0.642787609686567
-0.826238774315971
0.478253978621358
0.921476211870387
-0.294755174410849
-0.980172487848553
0.099567846595769
0.999999999999999
0.099567846595855
-0.980172487848536
-0.294755174410931
0.921476211870398
0.478253978621334
-0.826238774315986
-0.642787609686546
0.698236818086069
0.781831482468029
-0.542546263865764
-0.889871808811463
0.365341024366409
0.962624246950006
-0.173648177666955
-0.997203797181177
-0.024930691738038
0.992239206600176
0.222520933956271
-0.947927346167147
-0.411287103130665
0.866025403784411
0.583743672234829
-0.749781202967704
-0.733051871829853
0.603804410325449
0.853290881632170
-0.433883739117535
-0.939692620785914
0.246757397690278
0.988830826225129
-0.049845885660692
-0.998756921218921
-0.149042266176170
0.969077286229079
0.342020143325655
-0.900968867902426
-0.521435203379477
0.797132507222939
0.680172737770894
-0.661685837596887
-0.811938005715831
0.500000000000041
0.911505852311697
-0.318486650251631
-0.974927912181834
0.124343704647439
0.999689182000816
0.074730093586460
-0.984807753012202
-0.270840468143030
0.930873748644195
0.456210657353178
-0.840025923150764
-0.623489801858738
0.715866849259716
0.766044443118976
-0.563320058063628
-0.878221573370222
0.388434796274710
0.955572805786133
-0.198146143199424
-0.995030775365397
0.000000000000037
0.995030775365405
0.198146143199352
-0.955572805786155
-0.388434796274747
0.878221573370203
0.563320058063661
-0.766044443118950
-0.715866849259744
0.623489801858707
0.840025923150786
-0.456210657353142
-0.930873748644210
0.270840468142992
0.984807753012209
-0.074730093586420
-0.999689182000815
-0.124343704647479
0.974927912181825
0.318486650251669
-0.911505852311681
-0.499999999999977
0.811938005715873
0.661685837596832
-0.680172737770948
-0.797132507222895
0.521435203379540
0.900968867902444
-0.342020143325618
-0.969077286229089
0.149042266176131
0.998756921218923
0.049845885660732
-0.988830826225123
-0.246757397690317
0.939692620785901
0.433883739117571
-0.853290881632150
-0.603804410325481
0.733051871829825
0.749781202967730
-0.583743672234797
-0.866025403784431
0.411287103130629
0.947927346167123
-0.222520933956342
-0.992239206600167
0.024930691738111
0.997203797181182
0.173648177666883
-0.962624246949995
-0.365341024366446
0.889871808811445
0.542546263865797
-0.781831482468003
-0.698236818086098
0.642787609686515
0.826238774316009
-0.478253978621299
-0.921476211870413
0.294755174410893
0.980172487848544
-0.099567846595815
-0.999999999999999
-0.099567846595809
0.980172487848545
0.294755174410887
-0.921476211870416
-0.478253978621294
0.826238774316012
0.642787609686510
-0.698236818086102
-0.781831482468000
0.542546263865707
0.889871808811494
-0.365341024366346
-0.962624246950024
0.173648177666888
0.997203797181182
0.024930691738106
-0.992239206600168
-0.222520933956337
0.947927346167125
0.411287103130623
-0.866025403784434
-0.583743672234792
0.749781202967734
0.733051871829821
-0.603804410325486
-0.853290881632146
0.433883739117577
0.939692620785899
-0.246757397690323
-0.988830826225122
0.049845885660738
0.998756921218924
0.149042266176125
-0.969077286229063
-0.342020143325719
0.900968867902397
0.521435203379535
-0.797132507222898
-0.680172737770944
0.661685837596837
0.811938005715870
-0.499999999999983
-0.911505852311678
0.318486650251675
0.974927912181824
-0.124343704647485
-0.999689182000815
-0.074730093586415
0.984807753012210
0.270840468142986
-0.930873748644212
-0.456210657353137
0.840025923150789
0.623489801858702
-0.715866849259748
-0.766044443118946
0.563320058063572
0.878221573370254
-0.388434796274648
-0.955572805786153
0.198146143199358
0.995030775365404
0.000000000000031
-0.995030775365398
-0.198146143199418
0.955572805786135
0.388434796274600
-0.878221573370225
-0.563320058063717
0.766044443118979
0.715866849259791
-0.623489801858743
-0.840025923150822
0.456210657353183
0.930873748644235
-0.270840468143036
-0.984807753012220
0.074730093586466
0.999689182000814
0.124343704647433
-0.974927912181810
-0.318486650251625
0.911505852311653
0.499999999999938
-0.811938005715834
-0.661685837596798
0.680172737770899
0.797132507222867
-0.521435203379482
-0.900968867902375
0.342020143325661
0.969077286229106
-0.149042266176176
-0.998756921218927
-0.049845885660686
0.988830826225113
0.246757397690273
-0.939692620785878
-0.433883739117530
0.853290881632114
0.603804410325444
-0.733051871829779
-0.749781202967700
0.583743672234742
0.866025403784408
-0.411287103130567
-0.947927346167108
0.222520933956276
0.992239206600161
-0.024930691738044
-0.997203797181186
-0.173648177666949
0.962624246950038
0.365341024366403
-0.889871808811414
-0.542546263865759
0.781831482467961
0.698236818086065
-0.642787609686463
-0.826238774315983
0.478253978621240
0.921476211870395
-0.294755174410828
-0.980172487848535
0.099567846595747
0.999999999999999
0.099567846595876
-0.980172487848554
-0.294755174410952
0.921476211870433
0.478253978621353
-0.826238774316038
-0.642787609686562
0.698236818086135
0.781831482468042
-0.542546263865841
-0.889871808811473
0.365341024366495
0.962624246950011
-0.173648177666822
-0.997203797181178
-0.024930691738173
0.992239206600173
0.222520933956402
-0.947927346167140
-0.411287103130685
0.866025403784457
0.583743672234847
-0.749781202967765
-0.733051871829867
0.603804410325522
0.853290881632182
-0.433883739117618
-0.939692620785922
0.246757397690368
0.988830826225132
-0.049845885660784
-0.998756921218920
-0.149042266176079
0.969077286229074
0.342020143325569
-0.900968867902417
-0.521435203379593
0.797132507222926
0.680172737770993
-0.661685837596871
-0.811938005715909
0.500000000000022
0.911505852311706
-0.318486650251718
-0.974927912181839
0.124343704647531
0.999689182000817
0.074730093586369
-0.984807753012198
-0.270840468142942
0.930873748644188
0.456210657353096
-0.840025923150752
-0.623489801858666
0.715866849259701
0.766044443118916
-0.563320058063610
-0.878221573370178
0.388434796274690
0.955572805786173
-0.198146143199403
-0.995030775365411
0.000000000000015
0.995030775365391
0.198146143199373
-0.955572805786115
-0.388434796274662
0.878221573370192
0.563320058063585
-0.766044443118936
-0.715866849259680
0.623489801858690
0.840025923150736
-0.456210657353123
-0.930873748644176
0.270840468142971
0.984807753012193
-0.074730093586399
-0.999689182000818
-0.124343704647500
0.974927912181845
0.318486650251690
-0.911505852311625
-0.499999999999996
0.811938005715795
0.661685837596849
-0.680172737770849
-0.797132507222908
0.521435203379425
0.900968867902404
-0.342020143325597
-0.969077286229066
0.149042266176109
0.998756921218919
0.049845885660753
-0.988830826225137
-0.246757397690338
0.939692620785932
0.433883739117591
-0.853290881632197
-0.603804410325498
0.733051871829888
0.749781202967745
-0.583743672234872
-0.866025403784441
0.411287103130505
0.947927346167130
-0.222520933956210
-0.992239206600170
0.024930691737976
0.997203797181181
0.173648177667016
-0.962624246950020
-0.365341024366466
0.889871808811487
0.542546263865815
-0.781831482468061
-0.698236818086113
0.642787609686585
0.826238774316021
-0.478253978621380
-0.921476211870422
0.294755174410981
0.980172487848548
-0.099567846595906
-0.999999999999999
-0.099567846595717
0.980172487848541
0.294755174411016
-0.921476211870407
-0.478253978621413
0.826238774316000
0.642787609686614
-0.698236818086087
-0.781831482468084
0.542546263865784
0.889871808811504
-0.365341024366432
-0.962624246950030
0.173648177666979
0.997203797181184
0.024930691738013
-0.992239206600165
-0.222520933956247
0.947927346167118
0.411287103130539
-0.866025403784423
-0.583743672234717
0.749781202967720
0.733051871829759
-0.603804410325468
-0.853290881632217
0.433883739117557
0.939692620785945
-0.246757397690302
-0.988830826225142
0.049845885660716
0.998756921218917
0.149042266176146
-0.969077286229057
-0.342020143325632
0.900968867902388
0.521435203379456
-0.797132507222885
-0.680172737770876
0.661685837596821
0.811938005715816
-0.499999999999964
-0.911505852311640
0.318486650251654
0.974927912181803
-0.124343704647464
-0.999689182000813
-0.074730093586436
0.984807753012186
0.270840468143007
-0.930873748644163
-0.456210657353156
0.840025923150716
0.623489801858719
-0.715866849259654
-0.766044443118960
0.563320058063554
0.878221573370210
-0.388434796274628
-0.955572805786126
0.198146143199336
0.995030775365395
0.000000000000052
-0.995030775365407
-0.198146143199439
0.955572805786162
0.388434796274725
-0.878221573370269
-0.563320058063641
0.766044443119039
0.715866849259727
-0.623489801858815
-0.840025923150773
0.456210657353062
0.930873748644201
-0.270840468142906
-0.984807753012204
0.074730093586331
0.999689182000816
0.124343704647568
-0.974927912181831
-0.318486650251754
0.911505852311691
0.500000000000055
-0.811938005715888
-0.661685837596899
0.680172737770966
0.797132507222948
-0.521435203379561
-0.900968867902433
0.342020143325747
0.969077286229083
-0.149042266176267
-0.998756921218922
-0.049845885660594
0.988830826225127
0.246757397690404
-0.939692620785909
-0.433883739117652
0.853290881632162
0.603804410325552
-0.733051871829842
-0.749781202967789
0.583743672234817
0.866025403784475
-0.411287103130651
-0.947927346167152
0.222520933956366
0.992239206600178
-0.024930691738136
-0.997203797181176
-0.173648177666858
0.962624246950001
0.365341024366318
-0.889871808811456
-0.542546263865681
0.781831482468019
0.698236818085999
-0.642787609686534
-0.826238774316059
0.478253978621320
0.921476211870448
-0.294755174410916
-0.980172487848562
0.099567846595839
0.999999999999999
0.099567846595784
-0.980172487848528
-0.294755174410864
0.921476211870381
0.478253978621272
-0.826238774315962
-0.642787609686492
0.698236818086038
0.781831482467985
-0.542546263865727
-0.889871808811431
0.365341024366369
0.962624246949986
-0.173648177666913
-0.997203797181172
