0.999999999999999
-0.480442183779337
-0.538350616090682
0.997734875046455
-0.420357228309564
-0.593820185573502
0.990949761767933
-0.358367949545298
-0.646599601215800
0.979675398423234
-0.294755174410903
-0.696449759074768
0.963962860695851
-0.229807084675017
-0.743144825477396
0.943883330308366
-0.163817911415134
-0.786473260103452
0.919527772551447
-0.097086602077287
-0.826238774315996
0.891006524188365
-0.029915466169393
-0.862261220397965
0.858448793601861
0.037391194276329
-0.894377407666338
0.822002075447905
0.104528463267661
-0.922441841766732
0.781831482468026
0.171192192197981
-0.946327383799166
0.738118997487334
0.237080377715507
-0.965925826289070
0.691062648986854
0.301894529873916
-0.981148383394172
0.640875613985020
0.365341024366400
-0.991926093126566
0.587785252292465
0.427132432717206
-0.998210129767735
0.532032076515325
0.486988824404380
-0.999972025061269
0.473868662472982
0.544639035015031
-0.997203797181179
0.413558504966512
0.599821894687921
-0.989917986891560
0.351374824081330
0.652287411278132
-0.978147600733801
0.287599327432000
0.701797902884005
-0.961945961498703
0.222520933956306
0.748129074605533
-0.941386466660898
0.156434465040204
0.791071034656349
-0.916562255869975
0.089639308903416
0.830429245225906
-0.887585789004544
0.022438064295797
0.866025403784450
-0.854588336700955
-0.044864830350542
0.897698250837949
-0.817719385664413
-0.111964476103325
0.925304300473998
-0.777145961456957
-0.178556894798644
0.948718490388806
-0.733051871829818
-0.244340406137920
0.967834748450669
-0.685636874028412
-0.309016994374964
0.982566473233293
-0.635115769842162
-0.372293658401952
0.992846926341839
-0.581717432498596
-0.433883739117582
0.998629534754574
-0.525683769810479
-0.493508218064361
0.999888101810272
-0.467268628273043
-0.550896981452132
0.996616925885646
-0.406736643075790
-0.605790043840840
0.988830826225125
-0.344362039239007
-0.657938725939725
0.976565075805968
-0.280427389305983
-0.707106781186572
0.959875241542882
-0.215222333218611
-0.753071466003628
0.938836932555980
-0.149042266176145
-0.795624548881790
0.913545457642587
-0.082187000421210
-0.834573253721322
0.884115393504598
-0.014959407015225
-0.869741133155707
0.850680065687331
0.052335956242973
-0.900968867902425
0.813390944581508
0.119394224540264
-0.928114988519051
0.772416959224584
0.185911607162925
-0.951056516295169
0.727943732009881
0.251586763744537
-0.969689520376690
0.680172737770916
0.316122169413070
-0.983929588598635
0.629320391049819
0.379225462652937
-0.993712209893248
0.575617065685639
0.440610769775909
-0.998993066541314
0.519306051163165
0.500000000000041
-0.999748234942505
0.460642450450612
0.557124105270580
-0.995974293995233
0.399892024319702
0.611724299115029
-0.987688340595134
0.337329987382773
0.663553229010246
-0.974927912181815
0.273239761301898
0.712376096951351
-0.957750816684914
0.207911690817719
0.757971723145471
-0.936234870639731
0.141641728415529
0.800133548011234
-0.910477546658801
0.074730093586402
0.838670567945428
-0.880595531856712
0.007479912757692
0.873408200617143
-0.846724199228275
-0.059804153945094
0.904189075869159
-0.809016994374926
-0.126817292884970
0.930873748644228
-0.767644740357976
-0.193255917795593
0.953341330705970
-0.722794863827380
-0.258819045102578
0.971490038292878
-0.674670545932048
-0.323209657454481
0.985237653224070
-0.623489801858691
-0.386136049285784
0.994521895368275
-0.569484493168439
-0.447313148315686
0.999300704788399
-0.512899277405876
-0.506463806996941
0.999552432283500
-0.453990499739499
-0.563320058063655
0.995275937465123
-0.393025031653857
-0.617624328489664
0.986490593923513
-0.330279061955134
-0.669130606358874
0.973236201460435
-0.266036845566623
-0.717605555360839
0.955572805786131
-0.200589415783202
-0.762829571862304
0.933580426497184
-0.134233265817621
-0.804597779766680
0.907358694567836
-0.067269005611987
-0.842720958654060
0.877026400996752
0.000000000000072
-0.877026400996794
0.842720958654013
0.067269005612074
-0.907358694567873
0.804597779766629
0.134233265817708
-0.933580426497215
0.762829571862248
0.200589415783343
-0.955572805786157
0.717605555360779
0.266036845566708
-0.973236201460468
0.669130606358809
0.330279061955217
-0.986490593923527
0.617624328489595
0.393025031653989
-0.995275937465131
0.563320058063583
0.453990499739576
-0.999552432283505
0.506463806996866
0.512899277405951
-0.999300704788396
0.447313148315608
0.569484493168510
-0.994521895368266
0.386136049285703
0.623489801858759
-0.985237653224045
0.323209657454398
0.674670545932112
-0.971490038292857
0.258819045102439
0.722794863827440
-0.953341330705944
0.193255917795508
0.767644740358068
-0.930873748644196
0.126817292884884
0.809016994375011
-0.904189075869122
0.059804153944950
0.846724199228291
