0.999999999999999
-0.571122975489981
-0.347637093734939
0.968210038219157
-0.758296902119049
-0.102048472133023
0.874861356216688
-0.897258369674326
0.150028383526696
0.725889056058890
-0.979172218670630
0.392566446029705
0.530764785202607
-0.998830372850131
0.610145163901263
0.301894529873908
-0.954982968272732
0.788930898890451
0.053829843412136
-0.850417819569844
0.917556467632731
-0.197657340379117
-0.691783170903213
0.987843866299395
-0.436577485577660
-0.489165001109296
0.995324227455865
-0.647740067614429
-0.255445757935799
0.939521950311600
-0.817719385664423
-0.005485292998581
0.823984939382000
-0.935708167678972
0.244823926448193
0.656059028990514
-0.994204695916449
0.479567259365320
0.446420935683860
-0.989489765582892
0.683819742589314
0.208399433410090
-0.921863151588507
0.844595018849510
-0.042872088910191
-0.795624548881792
0.951671008370675
-0.291417807094632
-0.618800198173374
0.998239827923764
-0.521435203379484
-0.402632578165126
0.981340635521231
-0.718299789291097
-0.160865609613707
0.902047880524285
-0.869494929505209
0.091129182100656
0.765402990234627
-0.965407648564112
0.337329987382806
0.580093836331968
-0.999939823121438
0.562083377852108
0.357902360656718
-0.970895900158420
0.751099550122281
0.112955480248369
-0.880122490076979
0.892360870408464
-0.139173100960046
-0.733390959351524
0.976885954764640
-0.382453067047577
-0.540030487489670
0.999300704788399
-0.601416696366293
-0.312334918512245
0.958179992386575
-0.782142298101320
-0.064781119290166
0.856138269310478
-0.913139352308706
0.186891458544621
0.699663340513390
-0.986079076295139
0.426681491730810
0.498703870007548
-0.996323967984952
0.639343148287569
0.266036845566711
-0.943222657947610
0.811355416346519
0.016455218820151
-0.830151323416310
0.931781769052800
-0.234172629481184
-0.664299031197572
0.992965508106533
-0.469911799899893
-0.456210657353191
0.991016576055466
-0.675774014000206
-0.219116444786270
0.926058885850431
-0.838670567945415
0.031909174591270
0.802222442469408
-0.948244511287220
0.280906011087381
0.627380757516713
-0.997529141083598
0.512042864870539
0.412650251957035
-0.983390944339330
0.710624072444923
0.171683474920219
-0.906728826522716
0.864023855812180
-0.080198924328828
-0.772416959224631
0.962489068471409
-0.326982282099319
-0.588994880701284
0.999759299728270
-0.552976131367911
-0.368124552684727
0.973464911128326
-0.743811800472696
-0.123848893747296
0.885277697888862
-0.887355972159149
0.128301068387787
0.740804596286761
-0.974482118963720
0.372293658401892
0.549231195078605
-0.999650767132351
0.592615846072306
0.322737716469659
-0.961261695938329
0.775259563548000
0.075724598517100
-0.861755679593774
0.908612337232848
-0.176103083620915
-0.707459303011801
0.984195607969230
-0.416734145163336
-0.508182718021336
0.997203797181184
-0.630869281610729
-0.276595914663706
0.946809845192938
-0.804893797355897
-0.027423164194284
0.836217795619876
-0.927743226989905
0.223493148958431
0.672459082520383
-0.991606813167025
0.460199784783808
0.465945472355885
-0.992424113959742
0.667646953469528
0.229807084675087
-0.930143165446127
0.832645179887465
-0.020942419883286
-0.808723785572026
0.944703889414152
-0.270360406986283
-0.635885809228740
0.996698397863464
-0.502588900078987
-0.422618261740731
0.985322898362564
-0.702862829321718
-0.182480677475476
0.911300644300196
-0.858448793601826
0.069259014315154
0.779337964931509
-0.959454649203111
0.316595223269670
0.597825037323760
-0.999458451547161
0.543802332128705
0.378302439539705
-0.975916761938764
0.736434530278333
0.134727401566517
-0.890326359203735
0.882244277284680
-0.117413594299933
-0.748129074605543
0.971961000578535
-0.362089442815692
-0.558365800629684
0.999880517750669
-0.583743672234736
-0.333101671730331
0.964227708033400
-0.768283523593480
-0.086658964004096
0.867269374343311
-0.903975967248450
0.165293514029455
0.715170120125085
-0.982193688004164
0.406736643075771
0.517600404335706
-0.997963609153807
0.622319487445594
0.287121694403167
-0.950283080316108
0.798335306372680
0.038387809087573
-0.842183625869951
0.923593027543999
-0.212786770195509
-0.680538200866082
0.990128774621966
-0.450432382894623
-0.475624209070341
0.993712209893246
-0.659439539119590
-0.240470066417822
0.934115498817202
-0.826519579853782
0.009973144676415
0.815127795728577
-0.941049568878636
0.259782263994456
0.644314329694525
-0.995747698246431
0.493074446825097
0.432535407828850
-0.987136265072997
0.695016994016325
0.193255917795652
-0.915762783621256
0.852770413853925
-0.058310768718837
-0.786165174386241
0.956304755963027
-0.306170061015359
-0.606583243456892
0.999037314786325
-0.534563084235649
-0.388434796274756
0.978251157500240
-0.728968627421338
-0.145589694436773
0.895267866396162
-0.877026400996714
0.106511989044869
0.755363512779384
-0.969322903035141
0.351841648404635
0.567433204758809
-0.999989928992005
0.574801242653018
0.343425536953308
-0.967077671701104
0.761215017830362
0.097582899759185
-0.872678689965236
0.899230800360046
-0.154464050742554
-0.722794863827469
0.980073557338527
-0.396690188705053
-0.526955795496775
0.998603312456598
-0.613694794792015
-0.297612917968009
0.953641945300234
-0.791680732735899
-0.049347833863868
0.848048096156467
-0.919331670207176
0.202054781745272
0.688535413882441
-0.988531570358847
0.440610769775776
0.485245702624258
-0.994880708828792
0.651152758743481
0.251104106684589
-0.937975407878409
0.820294505083297
0.000997330835889
-0.821433702192378
0.937281989491847
-0.249172855231123
-0.652665304509966
0.994677156652764
-0.483500650208893
-0.442400496655447
0.988830826225146
-0.687087510804358
-0.204007899039924
0.920114707450698
-0.846989399982695
0.047355505202537
0.792897765908553
-0.953039767852576
0.295708050043995
0.615268445017713
-0.998495940131146
0.525259499667082
0.398520403422732
-0.980467816859527
0.721414990451288
0.156434465040362
-0.900101624737288
0.871702971286349
-0.095597564671687
-0.762507040116507
0.966568143838531
-0.341551508529227
-0.576432316169872
0.999978987688302
-0.565789633582102
-0.353708069622673
0.969811243937561
-0.754054896979833
-0.108495091045714
0.877982975428010
-0.894377407666274
0.143615997126749
0.730332616452286
-0.977835471137997
0.386595991179659
0.536247765547922
-0.999122830098863
0.604996241664113
0.308068322699898
-0.956886035893312
0.784930877348457
0.060301919442838
-0.853810500668421
0.914959667849781
-0.191298475243020
-0.696449759074870
0.986815392607193
-0.430736127495460
-0.494808795034786
0.995929470133148
-0.642787609686484
-0.261707925628742
0.941722428075209
-0.813970704787244
-0.011967686315736
0.827640746023926
-0.933401604696182
0.238533457578435
0.660937728603908
-0.993486901926184
0.473868662472865
0.452212340920220
-0.990406377872185
0.679075334028993
0.214735327167175
-0.924355892018070
0.841106447754934
-0.036394542273151
-0.799534929205655
0.949660077825377
-0.285210449497689
-0.623879596709448
0.997834392738100
-0.515892698144170
-0.408558047142761
0.982566473233317
-0.713774528476615
-0.167260408168227
0.904827052466086
-0.866274628848239
0.084671634772539
0.769558796866519
-0.963697054534268
0.331220261646625
0.585362051785958
-0.999847695156388
0.556709929603137
0.363948032196830
-0.972428095747140
0.746804022789452
0.119394224540294
-0.883181592341056
0.889416373291256
-0.132750658786220
-0.737782470802842
0.975479698764692
-0.376455265374343
-0.545475196165834
0.999522099554696
-0.596224874965572
-0.318486650251808
0.960014961656799
-0.778086552580916
-0.071248747459355
0.859470145878691
-0.910477546658792
0.180519145250429
0.704280283922067
-0.984980447915473
0.420809644503771
0.504312335347677
-0.996858367583936
0.634345098725543
0.272280247040668
-0.945356108439588
0.807548940058618
0.022936601439457
-0.833748180182080
0.929408881510447
-0.227865351528039
-0.669130606358904
0.992177077318292
-0.464179642863026
-0.461969759730646
0.991862730390587
-0.670981427985893
-0.225436911090905
0.928485826880965
-0.835122265206108
0.025429199123979
0.806075865470146
-0.946166092639859
0.274678522802325
0.632415662147817
-0.997052752226911
0.506463806996863
0.418546519366919
-0.984546874040410
0.706048161055781
0.178066220877663
-0.909443580859527
0.860742027003906
-0.073735514323912
-0.776517934323930
0.960709980668795
-0.320849151160991
-0.594221336879743
0.999596067197815
-0.547563223492424
-0.374144192258020
0.974927912181839
-0.739463267929019
-0.130278988491485
0.888273915031191
-0.884348294314015
0.121869343405033
0.745143530261023
-0.973006523744621
0.366269231763346
0.554636976794376
-0.999801072770526
0.587381750363149
0.328866646738659
-0.963028346012791
0.771148582173335
0.082187000421312
-0.865026350627829
0.905885846074240
-0.169718089100587
-0.712026045991108
0.983026957126135
-0.410832515490435
-0.513755179776247
0.997667289384884
-0.625826241948659
-0.282819798501982
0.948876011644535
-0.801029983781063
-0.033902756057020
0.839755269614381
-0.925304300473919
0.217169821026358
0.677242951731505
-0.990747840471430
0.454434757489191
0.471671578745013
-0.993199708502836
0.662806766806892
0.236111362835501
-0.932504014986119
0.829037572555010
-0.014460795474923
-0.812519787475702
0.942558232810195
-0.264113537514631
-0.640875613985096
0.996151112670945
-0.496973961027341
-0.428484617944940
0.986408780932172
-0.698236818085976
-0.188850602648289
0.913950654301122
-0.855105831622594
0.062790519529102
0.783383614930546
-0.957607281747613
0.310439425274654
0.603009105203074
-0.999224134096944
0.538350616090501
0.384295322659967
-0.977310392379411
0.732033515886115
0.141148072876824
-0.893259330618300
0.879173780696949
-0.110973360590489
-0.752414908895817
0.970416243733741
-0.356039116274294
-0.563732004778922
0.999959716170872
-0.578467932160204
-0.339207062889091
0.965925826289095
-0.764117801136663
-0.093115361868981
0.870478446205659
-0.901185118724590
0.158896606740958
0.719686113050266
-0.980955155349177
0.400805941240313
0.523136191838884
-0.998356138179181
0.617232064632339
0.293325311537850
-0.952281714056403
0.794414620535395
0.044864830350742
-0.845661291344797
0.921088355588393
-0.206448153320894
-0.685273788370298
0.989199363399609
-0.444635179184721
-0.481316630312550
0.994417151298581
-0.654552334343346
-0.246757397690371
0.936409972729540
-0.822853102117133
0.003490651415029
0.818865919672033
-0.938836932555944
0.253516765170501
0.649258434034385
-0.995129582585887
0.487424302374614
0.438371146789220
-0.988151969821072
0.690341439691835
0.199612255539352
-0.918347730347740
0.849366721041827
-0.051837967659468
-0.790155012375766
0.954389331192259
-0.299992336837126
-0.611724299115195
0.998731940617335
-0.529073216169379
-0.394400201675882
0.979575249599361
-0.724515660859236
-0.152000169561506
0.898137239088987
-0.873893455212268
0.100064021715171
0.759595731569337
-0.967709170481956
0.345766150139703
0.572759185498872
-0.999998010662407
0.569484493168343
0.349506654194955
-0.968707053763106
0.756995055651594
0.104032516533230
-0.875825776431939
0.896375930360089
-0.148056000577826
-0.727259563181771
0.978765291933659
-0.390731128489078
-0.532454242495154
0.998924831061304
-0.608563601118027
-0.303795521770415
0.955572805786214
-0.787703646505294
-0.055821504993341
0.851465534561549
-0.916761554258631
0.195701638804528
0.693222149734168
-0.987531832467827
0.434782087366092
0.490903753615264
-0.995514912254024
0.646219124047130
0.257373734365551
-0.940203230014615
0.816569598216985
0.007479912757878
-0.825113498278355
0.935002639749537
-0.242889481130969
-0.657563113391968
0.993988284916764
-0.477815980375785
-0.448204916018972
0.989776230907798
-0.682362976111565
-0.210349884345715
0.922634279794575
-0.843525385985010
0.040879176895666
0.796831311696540
-0.951056516295071
0.289509143194536
0.620365869709416
-0.998119545996318
0.519732140298900
0.404457613145717
-0.981722211257684
0.716910607650322
0.162833972454474
-0.902907053368438
0.868507953366930
-0.089142639758886
-0.766685134042817
0.964885629795646
-0.335451569750071
-0.581717432498733
0.999915951636245
-0.560432514578107
-0.359764181062061
0.971371693703702
-0.749781202967603
-0.114937150493025
0.881067697735443
-0.891458859784577
0.137197575318535
0.734745484892600
-0.976457630437963
0.380609289778714
0.541708210282844
-0.999373299586929
0.599821894687691
0.314229169070755
-0.958748890738578
0.780897869381977
0.066771461308086
-0.857167300702158
0.912324417231339
-0.184931570860433
-0.701087079207633
0.985745448369765
-0.424876667889720
-0.500431794806847
0.996492859249527
-0.637808138851237
-0.267959095144596
0.943883330308423
-0.810187817097742
-0.018449576695181
0.831261771375235
-0.931055815862437
0.232232964430038
0.665788652558138
-0.992727357023018
0.468150151428507
0.457984742103323
-0.991281368706457
0.674302387583566
0.221062196752965
-0.926809786739390
0.837582529478764
-0.029915466169108
-0.803411709375296
0.947609238172981
-0.278991106039058
-0.628932776940427
0.997387023937885
-0.510328512712444
-0.414466346622421
0.983751018959388
-0.709219271556415
-0.173648177667071
0.907568199391686
-0.863017923326200
0.078210529150761
0.773682263079739
-0.961945961498655
0.325096616503688
0.590605667620012
-0.999713548968495
0.551313085828940
0.369978408958085
-0.973919425411345
0.742477111298816
0.125827951334926
-0.886203579231353
0.886434498785867
-0.126322637815812
-0.742142977223639
0.974032448597776
-0.370441643310330
-0.550896981452355
0.999701489781189
-0.591007997438907
-0.324624997709783
0.961809586659807
-0.773998108266154
-0.077713381426821
0.862765903537762
-0.907777478532811
0.174139245707198
0.708867630217048
-0.983840426103427
0.414920112909848
0.509899607151938
-0.997350874585455
0.629320391049685
0.278512206039786
-0.947449830697145
0.803708526830603
0.029417020156840
-0.837309998994651
0.926996935909890
-0.221548497619311
-0.673934061558524
0.991346950662029
-0.458427978851405
-0.467709448003055
0.992667202067997
-0.666160644229785
-0.231747903494279
0.930873748644319
-0.831538866768071
0.018948155004029
0.809895413436177
-0.944047911718795
0.268439491255766
0.637423989748934
-0.996534462603800
0.500863465172312
0.424425197516901
-0.985661428529890
0.701442578258554
0.184441483669291
-0.912120116172388
0.857424025836049
-0.067269005611832
-0.780586276549482
0.958890519391052
-0.314702536657865
-0.599422821130398
0.999390827019086
-0.542127304478732
-0.380148108562539
0.976349942257007
-0.735083659720109
-0.136703608310358
0.891232802796822
-0.881303452064891
0.115432496909019
0.749451149859050
-0.971490038292843
0.360229412798167
0.560019450100170
-0.999909362145147
0.582122970157144
0.334981756510683
-0.964754525183648
0.767005193569851
0.088645948447896
-0.868260669255243
0.903121285404113
-0.163325962241481
-0.716562866343865
0.981816994945359
-0.404913620735689
-0.519306051163357
0.998088854996459
-0.620756902174638
-0.289031796944575
0.950902301939130
-0.797132507222764
-0.040380923169372
0.843257453209814
-0.922826488393267
0.210837366614511
0.681998360062718
-0.989847231970945
0.448650632744880
0.477377863313479
-0.993933564202198
0.657938725939627
0.242405718504923
-0.934825676396108
0.825395125230695
-0.007978563357304
-0.816281643541176
0.940372965551533
-0.257855568770922
-0.645838486185219
0.995561964603057
-0.491338136832343
-0.434332967244244
0.987453210044221
-0.693581463710832
-0.195212591445760
0.916562255870069
-0.851726934142944
0.056319385995340
0.787396343528086
-0.955719671206706
0.304270581179596
0.608167831851974
-0.998947824628814
0.532876276070593
0.390272055913864
-0.978662951718902
0.727601738061002
0.147562812492693
-0.896154763146006
0.876066337162295
-0.104528463267528
-0.756669123232946
0.968830705511740
-0.349973827322961
-0.569074518303105
0.999996891660591
-0.573167882188817
-0.345298198998833
0.967583351875742
-0.759919966916915
-0.099567846596021
0.873650936539020
-0.898356398235582
0.152493021882348
0.724171861437662
-0.979675398423185
0.394858395685964
0.528649994740424
-0.998706711663825
0.612118702873977
0.299516601786892
-0.954240328516350
0.790460549722759
0.051339966186084
-0.849103418222264
0.918544975241507
-0.200100860540275
-0.689980577501760
0.988228381446519
-0.438819289849071
-0.486988824404488
0.995080302697642
-0.649637622251674
-0.253034359076377
0.938665094365491
-0.819152044288889
-0.002991988539497
0.822569631083637
-0.936584841964693
0.247240612399801
0.654175253533199
-0.994469646979429
0.481753674101589
0.444188463367342
-0.989126147854775
0.685636874028245
0.205960204653410
-0.920894083856621
0.845927333913275
-0.045362988128918
-0.794111644398542
0.952433798569242
-0.293802005593700
-0.616839647290027
0.998384595114681
-0.523561114000356
-0.400349032557170
0.980858175417554
-0.720032246799186
-0.158404256936133
0.900968867902484
-0.870723784384425
0.093611849232531
0.763796028634813
-0.966054770315270
0.339676121182743
0.578061096249682
-0.999964067793015
0.564143811312219
0.355573083551193
-0.970295726276051
0.752743281040850
0.110477761379721
-0.878936056650282
0.893483390499188
-0.141641728415321
-0.731693699726976
0.977415894286053
-0.384755647944789
-0.537930313304613
0.999204370226191
-0.603406832787799
-0.309965358680646
0.957463508684838
-0.783693457325739
-0.062292830245202
0.854847190448266
-0.914152911750980
0.189340271575892
0.697879753185960
-0.986490593923494
0.428935133402826
0.496541174561001
-0.996107279539996
0.641258332235287
0.263632546012035
-0.942391540464089
0.812810375320768
0.013962180339464
-0.828758619280373
0.932683996873339
-0.236595899691844
-0.662433288431601
0.993257641197419
-0.472111230506151
-0.453990499739799
0.990680040617165
-0.677609765371850
-0.216683029776836
0.925115078780271
-0.840025923150595
0.034401130656895
0.800731370948882
-0.949033296945641
0.283298069832583
0.625437223759166
-0.997701206263475
0.514182939383158
0.410377825690247
-0.982935349149593
0.712376096951061
0.169226636832107
-0.905674537670758
0.865276436727913
-0.082683968659994
-0.770831008315106
0.963162566797609
-0.329337533744922
-0.586978102371480
0.999810894492893
-0.555051843608372
-0.365805173547016
0.972891321940238
-0.745475999682766
-0.121374379749986
0.884115393504641
-0.888502848679924
0.130773387833888
0.739127475930467
-0.975038754473725
0.374606593415811
0.547145889934336
-0.999581770788464
0.594622340422224
0.320376810079121
-0.960571454522751
0.776832044476557
0.073238197127705
-0.860488078603014
0.909650826522848
-0.178556894798451
-0.705694936420007
0.984634078551126
-0.418999353001920
-0.506033764121589
0.997014371128762
-0.632801864369156
-0.274199003780281
0.946004566200189
-0.806370881570416
-0.024930691738342
0.834847863263658
-0.928670899758755
0.225922711778660
0.670611596994900
-0.991926093126526
0.462411966549940
0.463737896649916
-0.992114701314530
0.669501103834331
0.227379776283301
-0.929224732628422
0.834023412112107
-0.023435132878866
-0.807254726470284
0.945518575599189
-0.272760038084375
-0.633959526508404
0.996897740323577
-0.504742880917359
-0.420357228309954
0.984894222919355
-0.704634209963343
-0.180028649666533
