0.999999999999999
-0.803411709375145
0.290940749522188
0.335921299574132
-0.830706960534934
0.998878098732276
-0.774313760984851
0.245307385878802
0.380148108562380
-0.856138269310462
0.995514912254014
-0.743478405414429
0.199123600901014
0.423521940260791
-0.879648572866616
0.989917986891561
-0.710974831112888
0.152493021882663
0.465945472355830
-0.901185118724672
0.982099881040237
-0.676875969682655
0.105520278635168
0.507323514818611
-0.920699583128426
0.972078136985772
-0.641258332235469
0.058310768718929
0.547563223492550
-0.938148179473170
0.959875241542885
-0.604201837716537
0.010970420952002
0.586574308417311
-0.953491756554186
0.945518575599313
-0.565789633582203
-0.036394542273271
0.624269236421605
-0.966695886414322
0.929040352678500
-0.526107909233520
-0.083677843332330
0.660563427530415
-0.977730941593512
0.910477546658808
-0.485245702624180
-0.130773387834345
0.695375444745719
-0.986572161606970
0.889871808811462
-0.443294700476977
-0.177575502677168
0.728627176775005
-0.993199708502814
0.867269374343274
-0.400349032556894
-0.223979173156851
0.760244013297647
-0.997598711374513
0.842720958654027
-0.356505060462469
-0.269880278599917
0.790155012375695
-0.999759299728271
0.816281643541077
-0.311861161409505
-0.315175825989594
0.818293059633577
-0.999676625630462
0.788010753606712
-0.266517507491864
-0.359764181061830
0.844595018849516
-0.997350874585437
0.757971723145444
-0.220575840915171
-0.403545296352410
0.869001873620748
-0.992787265119287
0.726231953809986
-0.174139245707374
-0.446420935683867
0.891458859784627
-0.985996037070499
0.692862663375246
-0.127311916418538
-0.488294894587960
0.911915588298675
-0.976992428613795
0.657938725939688
-0.080198924328850
-0.529073216169531
0.930326158303585
-0.965796642068655
0.621538503922718
-0.032905981689385
-0.568664401927223
0.946649260115700
-0.952433798569315
0.583743672234768
0.014460795475199
-0.606979617058053
0.960848267917798
-0.936933881697901
0.544639035015031
0.061795125470230
-0.643932889785164
0.972891321940153
-0.919331670207187
0.504312335347552
0.108990799406054
-0.679441304261517
0.982751399947624
-0.899666659983946
0.462854058383410
0.155941919509829
-0.713425186616681
0.990406377872179
-0.877982975427975
0.420357228309526
0.202543136739226
-0.745808283729301
0.995839079454942
-0.854329270445661
0.376917199620968
0.248689887164870
-0.776517934323892
0.999037314786328
-0.828758619280214
0.332631443164247
0.294278626591154
-0.805485232008628
0.999993907657789
-0.801328397423553
0.287599327431985
0.339207062888965
-0.832645179887517
0.998706711663817
-0.772100152876992
0.241921895599638
0.383374385519024
-0.857936836400648
0.995178615018046
-0.741139468049820
0.195701638804564
0.426681491730830
-0.881303452065009
0.989417534072676
-0.708515812605118
0.149042266176150
0.469031208929712
-0.902692596809129
0.981436395555737
-0.674302387583689
0.102048472133001
0.510328512712743
-0.922056277615800
0.971253107566071
-0.638575961155342
0.054825701469341
0.550480740085039
-0.939351046208933
0.958890519391088
-0.601416696366280
0.007479912757717
0.589397797377017
-0.954538096542906
0.944376370237461
-0.562907971269051
-0.039882659401118
0.626992362396853
-0.967583351875677
0.927743226989895
-0.523136191838665
-0.087155742747668
0.663180080364239
-0.978457541230253
0.909028411137365
-0.482190598094647
-0.134233265817719
0.697879753185845
-0.987136265072990
0.888273915031133
-0.440163063864057
-0.181009595945529
0.731013521647815
-0.993600050061324
0.865526307662182
-0.397147890634758
-0.227379776283018
0.762507040116467
-0.997834392738115
0.840836630169603
-0.353241595961506
-0.273239761301973
0.792289643355209
-0.999829792074517
0.814260281314354
-0.308542696899609
-0.318486650251733
0.820294505083383
-0.999581770788448
0.785856893175377
-0.263151488952116
-0.363018918048153
0.846458787921268
-0.997090885390701
0.755690197346996
-0.217169821026451
-0.406736643075790
0.870723784384603
-0.992362724936236
0.723827881937755
-0.170700866905854
-0.449541731392538
0.893035048612919
-0.985407898483490
0.690341439691875
-0.123848893747179
-0.491338136832595
0.913342518534863
-0.976242011289658
0.655306007573207
-0.076719028126815
-0.532032076515367
0.931600628198033
-0.964885629795709
0.618800198173339
-0.029417020156510
-0.571532241276012
0.947768410009588
-0.951364235479179
0.580905923319786
0.017950993798095
-0.609750000544498
0.961809586659783
-0.935708167678942
0.541708210282724
0.065278729267415
-0.646599601215864
0.973692652520783
-0.917952555519669
0.501295010989862
0.112459992158494
-0.681998360062516
0.983390944339337
-0.898137239088857
0.459757004680433
0.159388917033918
-0.715866849259773
0.990882701063627
-0.876306680043847
0.417187394438111
0.205960204653291
-0.748129074605539
0.996151112670954
-0.852509861848272
0.373681698062496
0.252069358243152
-0.778712646036939
0.999184357885978
-0.826800179863247
0.329337533745213
0.297612917967988
-0.807548940058706
0.999975630705393
-0.799235321538274
0.284254401034802
0.342488693072797
-0.834573253721339
0.998523155669247
-0.769877136972483
0.238533457578528
0.386595991179834
-0.859724949801193
0.994830191844713
-0.738791500134698
0.192277292145350
0.429835844221564
-0.882947592858955
0.988905025513368
-0.706048161055821
0.145589694436658
0.472111230506306
-0.904189075869188
0.980760951578477
-0.671720589322939
0.098575422202342
0.513327292414925
-0.923401737138415
0.970416243733744
-0.635885809228706
0.051339966185869
0.553391549243407
-0.940542467248658
0.957894113460911
-0.598624226943384
0.003989313422984
0.592214104710507
-0.955572805786154
0.943222657947573
-0.560019450099864
-0.043370290571360
0.629707848668022
-0.968459027639258
0.926434797042878
-0.520158100194404
-0.090632580197870
0.665788652558017
-0.979172218670639
0.907568199391610
-0.479129618224797
-0.137691508211025
0.700375558181415
-0.987688340595152
0.886665197913503
-0.437026064003110
-0.184441483669059
0.733390959351597
-0.993988284916788
0.863772694816174
-0.393941909590855
-0.230777608858284
0.764760776027635
-0.998057915804537
0.838942056356224
-0.349973827323145
-0.276595914663738
0.794414620535485
-0.999888101810273
0.812228997583067
-0.305220472894241
-0.321793593854467
0.822285955503513
-0.999474736358006
0.783693457325765
-0.259782263994494
-0.366269231763522
0.848312243159785
-0.996818746958188
0.753399463701973
-0.213761154992024
-0.409923033841687
0.872435085653944
-0.991926093126555
0.721414990451249
-0.167260408168113
-0.452657049577078
0.894600356090955
-0.984807753012204
0.687811804415919
-0.120384362016162
-0.494375392277041
0.914758319980708
-0.975479698764696
0.652665304509847
-0.073238197127605
-0.534984454218251
0.932863746832812
-0.963962860695818
0.616054352538805
-0.025927700186527
-0.574393116684758
0.948876011644506
-0.950283080316065
0.578061096249474
0.021440973393853
-0.612512954419611
0.962759186055484
-0.934471052351271
0.538770785006828
0.068761537663884
-0.649258434034434
0.974482118963734
-0.916562255869951
0.498271578510663
0.115927814621363
-0.684547105928723
0.984018506422733
-0.896596874674969
0.456654348983393
0.162833972454353
-0.718299789291180
0.991346950662088
-0.874619707139368
0.414012477269951
0.209374763007204
-0.750440749765136
0.996451008100025
-0.850680065687281
0.370441643310407
0.255445757935851
-0.780897869382141
0.999319226239548
-0.824831666147011
0.326039611452263
0.300943583025282
-0.809602808379830
0.999945169365510
-0.797132507222859
0.280906011087284
0.345766150139986
-0.836491158543439
0.998327432985142
-0.767644740357982
0.235142113102514
0.389812886290441
-0.861502587724567
0.994469646979429
-0.736434530278295
0.188850602648176
0.432984959298286
-0.884580975215123
0.988380467458429
-0.703571906532375
0.142135348732684
0.475185499556444
-0.905674537670678
0.980073557338530
-0.669130606358874
0.095101171161329
0.516319817386093
-0.924735945302313
0.969567555685746
-0.633187909234114
0.047853605340996
0.556295615500387
-0.941722428075179
0.956886035893222
-0.595824463473198
0.000498665479897
0.595023196102160
-0.956595871676324
0.942057452787298
-0.557124105270456
-0.046857393288298
0.632415662147689
-0.969322903035199
0.925115078780203
-0.517173670587746
-0.094108313318627
0.668389112327216
-0.979874965206571
0.906096929213756
-0.476062800311903
-0.141148072876926
0.702862829321833
-0.988228381446553
0.885045677060173
-0.433883739117491
-0.187871124031205
0.735759460917944
-0.994364408338684
0.862008557172527
-0.390731128489156
-0.234172629481270
0.767005193570164
-0.998269277850222
0.837037260298610
-0.346701794364036
-0.279948697791572
0.796529918024208
-0.999934228225056
0.810187817097768
-0.301894529873894
-0.325096616503972
0.824267386628773
-0.999355523643320
0.781520472418729
-0.256409873671968
-0.369515082603994
0.850155361981329
-0.996534462603819
0.751099550122169
-0.210349884345382
-0.413104429824574
0.874135756577144
-0.991477375010462
0.718993308750827
-0.163817911414970
-0.455766852278319
0.896154763145921
-0.984195607969213
0.685273788370186
-0.116918363439798
-0.497406623913346
0.916162975385103
-0.974705500327422
0.650016648925721
-0.069756473744075
-0.537930313304486
0.934115498817230
-0.963028346012739
0.613301000476310
-0.022438064295701
-0.577246993294552
0.949972051524705
-0.949190346253509
0.575209225687222
0.024930691738231
-0.615268445017672
0.963697054534300
-0.933222550788729
0.535826794978941
0.072243508222830
-0.651909355843878
0.975259711649594
-0.915160788198348
0.495242074749524
0.119394224540282
-0.687087510804557
