0.999999999999999
0.512899277405906
-0.473868662472998
-0.998993066541314
-0.550896981452102
0.433883739117558
0.995974293995238
0.587785252292473
-0.393025031653923
-0.990949761767934
-0.623489801858733
0.351374824081342
0.983929588598629
0.657938725939712
-0.309016994374947
-0.974927912181823
-0.691062648986864
0.266036845566676
0.963962860695852
0.722794863827393
-0.222520933956313
-0.951056516295153
-0.753071466003611
0.178556894798634
0.936234870639736
0.781831482468029
-0.134233265817654
-0.919527772551449
-0.809016994374947
0.089639308903434
0.900968867902418
0.834573253721303
-0.044864830350514
-0.880595531856737
-0.858448793601864
-0.000000000000003
0.858448793601864
0.880595531856737
0.044864830350520
-0.834573253721300
-0.900968867902419
-0.089639308903433
0.809016994374948
0.919527772551451
0.134233265817657
-0.781831482468029
-0.936234870639738
-0.178556894798640
0.753071466003609
0.951056516295153
0.222520933956313
-0.722794863827388
-0.963962860695853
-0.266036845566675
0.691062648986860
0.974927912181824
0.309016994374949
-0.657938725939712
-0.983929588598628
-0.351374824081346
0.623489801858731
0.990949761767934
0.393025031653929
-0.587785252292469
-0.995974293995238
-0.433883739117558
0.550896981452103
0.998993066541313
0.473868662472994
-0.512899277405899
-0.999999999999999
-0.512899277405910
0.473868662472996
0.998993066541314
0.550896981452102
-0.433883739117560
-0.995974293995237
-0.587785252292479
0.393025031653917
0.990949761767933
0.623489801858735
-0.351374824081341
-0.983929588598629
-0.657938725939710
0.309016994374951
0.974927912181821
0.691062648986869
-0.266036845566670
-0.963962860695851
-0.722794863827392
0.222520933956314
0.951056516295153
0.753071466003617
-0.178556894798628
-0.936234870639734
-0.781831482468032
0.134233265817652
0.919527772551449
0.809016994374947
-0.089639308903435
-0.900968867902420
-0.834573253721307
0.044864830350507
0.880595531856734
0.858448793601867
0.000000000000002
-0.858448793601865
-0.880595531856737
-0.044864830350526
0.834573253721296
0.900968867902422
0.089639308903440
-0.809016994374944
-0.919527772551451
-0.134233265817656
0.781831482468029
0.936234870639735
0.178556894798646
-0.753071466003605
-0.951056516295155
-0.222520933956319
0.722794863827389
0.963962860695853
0.266036845566674
-0.691062648986855
-0.974927912181822
-0.309016994374955
0.657938725939717
0.983929588598630
0.351374824081359
-0.623489801858732
-0.990949761767936
-0.393025031653922
0.587785252292464
0.995974293995238
0.433883739117564
-0.550896981452109
-0.998993066541314
-0.473868662473012
0.512899277405905
0.999999999999999
0.512899277405903
-0.473868662472990
-0.998993066541314
-0.550896981452107
0.433883739117541
0.995974293995238
0.587785252292485
-0.393025031653924
-0.990949761767932
-0.623489801858729
0.351374824081335
0.983929588598625
0.657938725939715
-0.309016994374931
-0.974927912181822
-0.691062648986874
0.266036845566677
0.963962860695850
0.722794863827387
-0.222520933956308
-0.951056516295147
-0.753071466003612
0.178556894798621
0.936234870639737
0.781831482468036
-0.134233265817659
-0.919527772551446
-0.809016994374942
0.089639308903428
0.900968867902411
0.834573253721303
-0.044864830350501
-0.880595531856738
-0.858448793601871
0.000000000000005
0.858448793601862
0.880595531856746
0.044864830350518
-0.834573253721293
-0.900968867902418
-0.089639308903446
0.809016994374949
0.919527772551453
0.134233265817677
-0.781831482468025
-0.936234870639743
-0.178556894798639
0.753071466003601
0.951056516295152
0.222520933956325
-0.722794863827394
-0.963962860695854
-0.266036845566694
0.691062648986861
0.974927912181826
0.309016994374948
-0.657938725939702
-0.983929588598628
-0.351374824081352
0.623489801858738
0.990949761767935
0.393025031653940
-0.587785252292470
-0.995974293995239
-0.433883739117557
0.550896981452092
0.998993066541313
0.473868662473006
-0.512899277405888
-0.999999999999999
-0.512899277405920
0.473868662472997
0.998993066541313
0.550896981452100
-0.433883739117548
-0.995974293995236
-0.587785252292478
0.393025031653905
0.990949761767933
0.623489801858745
-0.351374824081342
-0.983929588598626
-0.657938725939709
0.309016994374939
0.974927912181818
0.691062648986868
-0.266036845566657
-0.963962860695852
-0.722794863827401
0.222520933956316
0.951056516295149
0.753071466003607
-0.178556894798629
-0.936234870639729
-0.781831482468032
0.134233265817639
0.919527772551449
0.809016994374954
-0.089639308903436
-0.900968867902414
-0.834573253721314
0.044864830350509
0.880595531856728
0.858448793601867
0.000000000000015
-0.858448793601866
-0.880595531856743
-0.044864830350539
0.834573253721297
0.900968867902415
0.089639308903466
-0.809016994374936
-0.919527772551450
-0.134233265817641
0.781831482468013
0.936234870639740
0.178556894798631
-0.753071466003587
-0.951056516295159
-0.222520933956317
0.722794863827399
0.963962860695860
0.266036845566687
-0.691062648986867
-0.974927912181831
-0.309016994374967
0.657938725939708
0.983929588598627
0.351374824081371
-0.623489801858722
-0.990949761767934
-0.393025031653907
0.587785252292454
0.995974293995239
0.433883739117550
-0.550896981452075
-0.998993066541314
-0.473868662472999
0.512899277405919
0.999999999999999
0.512899277405914
-0.473868662473004
-0.998993066541312
-0.550896981452117
0.433883739117555
0.995974293995239
0.587785252292495
-0.393025031653913
-0.990949761767934
-0.623489801858761
0.351374824081323
0.983929588598628
0.657938725939703
-0.309016994374919
-0.974927912181820
-0.691062648986862
0.266036845566638
0.963962860695846
0.722794863827395
-0.222520933956323
-0.951056516295143
-0.753071466003621
0.178556894798637
0.936234870639722
0.781831482468044
-0.134233265817647
-0.919527772551453
-0.809016994374966
0.089639308903416
0.900968867902417
0.834573253721294
-0.044864830350488
-0.880595531856732
-0.858448793601863
-0.000000000000036
0.858448793601855
0.880595531856739
0.044864830350503
-0.834573253721286
-0.900968867902424
-0.089639308903430
0.809016994374924
0.919527772551458
0.134233265817661
-0.781831482468035
-0.936234870639747
-0.178556894798651
0.753071466003611
0.951056516295165
0.222520933956338
-0.722794863827385
-0.963962860695850
-0.266036845566707
0.691062648986852
0.974927912181823
0.309016994374933
-0.657938725939692
-0.983929588598630
-0.351374824081337
0.623489801858706
0.990949761767936
0.393025031653926
-0.587785252292483
-0.995974293995241
-0.433883739117569
0.550896981452105
0.998993066541315
0.473868662473017
-0.512899277405901
-0.999999999999999
-0.512899277405931
0.473868662472986
0.998993066541314
0.550896981452135
-0.433883739117537
-0.995974293995237
-0.587785252292465
0.393025031653894
0.990949761767932
0.623489801858733
-0.351374824081304
-0.983929588598624
-0.657938725939719
0.309016994374953
0.974927912181815
0.691062648986877
-0.266036845566673
-0.963962860695841
-0.722794863827410
0.222520933956303
0.951056516295154
0.753071466003634
-0.178556894798616
-0.936234870639735
-0.781831482468022
0.134233265817626
0.919527772551444
0.809016994374945
-0.089639308903395
-0.900968867902408
-0.834573253721305
0.044864830350524
0.880595531856722
0.858448793601873
-0.000000000000000
-0.858448793601845
-0.880595531856749
-0.044864830350523
0.834573253721306
0.900968867902433
0.089639308903451
-0.809016994374946
-0.919527772551466
-0.134233265817682
0.781831482468022
0.936234870639734
0.178556894798671
-0.753071466003597
-0.951056516295154
-0.222520933956302
0.722794863827371
0.963962860695856
0.266036845566672
-0.691062648986837
-0.974927912181827
-0.309016994374953
0.657938725939720
0.983929588598634
0.351374824081356
-0.623489801858734
-0.990949761767939
-0.393025031653945
0.587785252292466
0.995974293995237
0.433883739117587
-0.550896981452088
-0.998993066541314
-0.473868662473035
0.512899277405883
0.999999999999999
0.512899277405900
-0.473868662472968
-0.998993066541313
-0.550896981452104
0.433883739117518
0.995974293995236
0.587785252292482
-0.393025031653927
-0.990949761767929
-0.623489801858749
0.351374824081338
0.983929588598620
0.657938725939734
-0.309016994374934
-0.974927912181823
-0.691062648986892
0.266036845566653
0.963962860695850
0.722794863827385
-0.222520933956283
-0.951056516295148
-0.753071466003610
0.178556894798596
0.936234870639728
0.781831482468035
-0.134233265817662
-0.919527772551436
-0.809016994374957
0.089639308903431
0.900968867902400
0.834573253721317
-0.044864830350504
-0.880595531856739
-0.858448793601884
-0.000000000000020
0.858448793601863
0.880595531856758
0.044864830350544
-0.834573253721295
-0.900968867902417
-0.089639308903471
0.809016994374934
0.919527772551452
0.134233265817646
-0.781831482468010
-0.936234870639742
-0.178556894798636
0.753071466003584
0.951056516295160
0.222520933956322
-0.722794863827396
-0.963962860695861
-0.266036845566691
0.691062648986863
0.974927912181832
0.309016994374972
-0.657938725939704
-0.983929588598628
-0.351374824081375
0.623489801858718
0.990949761767934
0.393025031653964
-0.587785252292450
-0.995974293995239
-0.433883739117554
0.550896981452071
0.998993066541315
0.473868662473003
-0.512899277405866
-0.999999999999999
-0.512899277405918
0.473868662473000
0.998993066541312
0.550896981452122
-0.433883739117551
-0.995974293995234
-0.587785252292453
0.393025031653908
0.990949761767926
0.623489801858721
-0.351374824081318
-0.983929588598617
-0.657938725939707
0.309016994374914
0.974927912181806
0.691062648986866
-0.266036845566633
-0.963962860695860
-0.722794863827399
0.222520933956263
0.951056516295159
