0.999999999999999
-0.114937150492866
-0.973578902873159
0.338737920245291
0.895711760239412
-0.544639035015026
-0.770513242775789
0.721760228098361
0.604599114862375
-0.860742027003942
-0.406736643075801
0.954240328516276
0.187381314585726
-0.997314477224457
0.041875653729198
0.987688340595137
-0.268919820615263
-0.925870584809995
0.481753674101713
0.815127795728554
-0.669130606358856
-0.661311865323654
0.821149209133704
0.472550764869054
-0.929776485888249
-0.258819045102525
0.989272332962986
0.031410759078130
-0.996492859249504
0.197657340379121
0.951056516295153
-0.416280792260399
-0.855364260160508
0.612907053652971
0.714472679632808
-0.777145961456968
-0.535826794979000
0.900318771402190
0.328866646738584
-0.975916761938744
-0.104528463267658
0.999945169365511
-0.125333233564295
-0.971134279909636
0.348572047321816
0.891006524188370
-0.553391549243342
-0.763796028634649
0.728968627421407
0.596224874965616
-0.866025403784433
-0.397147890634784
0.957319497532062
0.177084740319591
-0.998026728428270
0.052335956242932
0.985996037070505
-0.278991106039227
-0.921863151588504
0.490903753615135
0.809016994374947
-0.676875969682653
-0.653420603990108
0.827080574274554
0.463296035119868
-0.933580426497200
-0.248689887164866
0.990747840471442
0.020942419883373
-0.995561964603080
0.207911690817754
0.947768410009589
-0.425779291565064
-0.849892692986865
0.621147780278300
0.707106781186552
-0.783693457325838
-0.526955795496675
0.904827052466010
0.318959309298084
-0.978147600733803
-0.094108313318519
0.999780683474845
-0.135715572434282
-0.968583161128635
0.358367949545288
0.886203579231217
-0.562083377852128
-0.756995055651754
0.736097087119720
0.587785252292485
-0.871213811120184
-0.387515586452107
0.960293685676942
0.166768746716124
-0.998629534754572
0.062790519529301
0.984195607969242
-0.289031796944470
-0.917754625683990
0.499999999999983
0.802817475191122
-0.684547105928681
-0.645457687723953
0.832921240710084
0.453990499739566
-0.937281989491885
-0.238533457578592
0.992114701314476
0.010471784116247
-0.994521895368275
0.218143241396524
0.944376370237485
-0.435231099372319
-0.844327925502016
0.629320391049816
0.699663340513380
-0.790155012375680
-0.518027009373139
0.909236109047065
0.309016994374948
-0.980271174621716
-0.083677843332334
0.999506560365731
-0.146083028562403
-0.965925826289068
0.368124552684653
0.881303452065001
-0.570713567684418
-0.750111069630466
0.743144825477390
0.579281172342702
-0.876306680043851
-0.377840786818484
0.963162566797654
0.156434465040239
-0.999122830098856
0.073238197127606
0.982287250728692
-0.299040792256071
-0.913545457642604
0.509041415750366
0.796529918024213
-0.692143173870389
-0.637423989748703
0.838670567945416
0.444635179184934
-0.940880768954214
-0.228350870110680
0.993372765600393
0.000000000000015
-0.993372765600397
0.228350870110651
0.940880768954224
-0.444635179184932
-0.838670567945448
0.637423989748658
0.692143173870432
-0.796529918024177
-0.509041415750392
0.913545457642592
0.299040792256100
-0.982287250728686
-0.073238197127636
0.999122830098857
-0.156434465040237
-0.963162566797669
0.377840786818429
0.876306680043880
-0.579281172342654
-0.743144825477410
0.750111069630446
0.570713567684443
-0.881303452064987
-0.368124552684681
0.965925826289068
0.146083028562405
-0.999506560365729
0.083677843332276
0.980271174621728
-0.309016994374919
-0.909236109047078
0.518027009373113
0.790155012375698
-0.699663340513358
-0.629320391049840
0.844327925502015
0.435231099372372
-0.944376370237465
-0.218143241396581
0.994521895368269
-0.010471784116217
-0.992114701314480
0.238533457578562
0.937281989491895
-0.453990499739539
-0.832921240710100
0.645457687723951
0.684547105928724
-0.802817475191087
-0.500000000000033
0.917754625683967
0.289031796944499
-0.984195607969237
-0.062790519529332
0.998629534754574
-0.166768746716094
-0.960293685676943
0.387515586452052
0.871213811120213
-0.587785252292437
-0.736097087119760
0.756995055651734
0.562083377852154
-0.886203579231203
-0.358367949545317
0.968583161128627
0.135715572434312
-0.999780683474844
0.094108313318460
0.978147600733815
-0.318959309298028
-0.904827052466035
0.526955795496649
0.783693457325856
-0.707106781186531
-0.621147780278324
0.849892692986857
0.425779291565079
-0.947768410009584
-0.207911690817812
0.995561964603074
-0.020942419883314
-0.990747840471448
0.248689887164823
0.933580426497211
-0.463296035119841
-0.827080574274571
0.653420603990096
0.676875969682665
-0.809016994374946
-0.490903753615187
0.921863151588481
0.278991106039270
-0.985996037070498
-0.052335956242976
0.998026728428272
-0.177084740319562
-0.957319497532071
0.397147890634770
0.866025403784441
-0.596224874965569
-0.728968627421447
0.763796028634611
0.553391549243379
-0.891006524188350
-0.348572047321845
0.971134279909629
0.125333233564326
-0.999945169365511
0.104528463267642
0.975916761938748
-0.328866646738529
-0.900318771402215
0.535826794978956
0.777145961456997
-0.714472679632777
-0.612907053653001
0.855364260160492
0.416280792260420
-0.951056516295148
-0.197657340379137
0.996492859249498
-0.031410759078071
-0.989272332962995
0.258819045102475
0.929776485888266
-0.472550764869021
-0.821149209133721
0.661311865323632
0.669130606358873
-0.815127795728544
-0.481753674101724
0.925870584809970
0.268919820615320
-0.987688340595129
-0.041875653729246
0.997314477224460
-0.187381314585689
-0.954240328516285
0.406736643075776
0.860742027003953
-0.604599114862362
-0.721760228098368
0.770513242775749
0.544639035015074
-0.895711760239389
-0.338737920245334
0.973578902873150
0.114937150492902
-0.999999999999999
0.114937150492841
0.973578902873164
-0.338737920245277
-0.895711760239416
0.544639035014975
0.770513242775788
-0.721760228098326
-0.604599114862365
0.860742027003922
0.406736643075884
-0.954240328516267
-0.187381314585805
0.997314477224456
-0.041875653729128
-0.987688340595138
0.268919820615207
0.925870584809993
-0.481753674101671
-0.815127795728547
0.669130606358828
0.661311865323720
-0.821149209133686
-0.472550764869125
0.929776485888243
0.258819045102589
-0.989272332962986
-0.031410759078189
0.996492859249503
-0.197657340379077
-0.951056516295149
0.416280792260365
0.855364260160553
-0.612907053652953
-0.714472679632859
0.777145961456958
0.535826794979055
-0.900318771402189
-0.328866646738640
0.975916761938747
0.104528463267703
-0.999945169365511
0.125333233564265
0.971134279909657
-0.348572047321788
-0.891006524188403
0.553391549243328
0.763796028634687
-0.728968627421405
-0.596224874965663
0.866025403784439
0.397147890634825
-0.957319497532070
-0.177084740319621
0.998026728428265
-0.052335956242915
-0.985996037070517
0.278991106039212
0.921863151588527
-0.490903753615134
-0.809016994374981
0.676875969682662
0.653420603990142
-0.827080574274505
-0.463296035119895
0.933580426497169
0.248689887164882
-0.990747840471432
-0.020942419883374
0.995561964603086
-0.207911690817752
-0.947768410009603
0.425779291565075
0.849892692986889
-0.621147780278231
-0.707106781186574
0.783693457325783
0.526955795496700
-0.904827052465985
-0.318959309298086
0.978147600733790
0.094108313318521
-0.999780683474846
0.135715572434308
0.968583161128642
-0.358367949545207
-0.886203579231231
0.562083377852056
0.756995055651773
-0.736097087119680
-0.587785252292486
0.871213811120155
0.387515586452108
-0.960293685676926
-0.166768746716098
0.998629534754570
-0.062790519529214
-0.984195607969248
0.289031796944386
0.917754625683991
-0.499999999999932
-0.802817475191123
0.684547105928638
0.645457687723954
-0.832921240710067
-0.453990499739542
0.937281989491874
0.238533457578677
-0.992114701314472
-0.010471784116334
0.994521895368275
-0.218143241396466
-0.944376370237485
0.435231099372266
0.844327925502017
-0.629320391049792
-0.699663340513442
0.790155012375661
0.518027009373214
-0.909236109047053
-0.309016994375031
0.980271174621716
0.083677843332393
-0.999506560365731
0.146083028562345
0.965925826289069
-0.368124552684625
-0.881303452065043
0.570713567684393
0.750111069630524
-0.743144825477369
-0.579281172342750
0.876306680043850
0.377840786818538
-0.963162566797653
-0.156434465040297
0.999122830098857
-0.073238197127575
-0.982287250728708
0.299040792256043
0.913545457642640
-0.509041415750340
-0.796529918024248
0.692143173870388
0.637423989748748
-0.838670567945415
-0.444635179184987
0.940880768954223
0.228350870110710
-0.993372765600383
-0.000000000000046
0.993372765600407
-0.228350870110621
-0.940880768954254
0.444635179184905
0.838670567945465
-0.637423989748678
-0.692143173870454
0.796529918024193
0.509041415750419
-0.913545457642556
-0.299040792256130
0.982287250728670
0.073238197127666
-0.999122830098861
0.156434465040207
0.963162566797678
-0.377840786818454
-0.876306680043894
0.579281172342675
0.743144825477430
-0.750111069630388
-0.570713567684468
0.881303452064946
0.368124552684710
-0.965925826289045
-0.146083028562435
0.999506560365728
-0.083677843332302
-0.980271174621734
0.309016994374944
0.909236109047090
-0.518027009373039
-0.790155012375717
0.699663340513296
0.629320391049863
-0.844327925501968
-0.435231099372348
0.944376370237455
0.218143241396555
-0.994521895368266
0.010471784116129
0.992114701314484
-0.238533457578478
-0.937281989491906
0.453990499739461
0.832921240710117
-0.645457687723885
-0.684547105928705
0.802817475191069
0.500000000000010
-0.917754625683955
-0.289031796944582
0.984195607969231
0.062790519529419
-0.998629534754575
0.166768746716008
0.960293685676951
-0.387515586452024
-0.871213811120200
0.587785252292412
0.736097087119742
