0.999999999999999
-0.343425536953275
-0.764117801136708
0.868260669255135
0.167752028027998
-0.983481329856168
0.507753179550753
0.634730513202267
-0.943718514184986
0.013463561731187
0.934471052351315
-0.655306007573269
-0.484373417312200
0.987998409425941
-0.194234351219971
-0.854588336700962
0.781209268031039
0.318013912008090
-0.999637465011020
0.368588154351948
0.746472295365150
-0.881303452064992
-0.141148072876764
0.978251157500235
-0.530764785202601
-0.613694794792046
0.952281714056380
-0.040380923169145
-0.924546033612313
0.675406359231807
0.460642450450636
-0.991799121010768
0.220575840915186
0.840296367800332
-0.797734303538621
-0.292371704722740
0.998550122907320
-0.393483519545674
-0.728285544942848
0.893707228200286
0.114441775495434
-0.972311684599096
0.553391549243345
0.592214104710497
-0.960154443046350
0.067269005612039
0.913950654301100
-0.695016994016345
-0.436577485577672
0.994880708828786
-0.246757397690294
-0.825395125230826
0.813680925852319
0.266517507491884
-0.996738762088014
0.418093581652557
0.709570736536522
-0.905463004055322
-0.087652499818468
0.965667217686236
-0.575617065685665
-0.570304017961094
0.967330992875468
-0.094108313318516
-0.902692596809116
0.714123692844341
0.412195971476863
-0.997240938513185
0.272760038084498
0.809895413436059
-0.829037572555037
-0.240470066417760
0.994204695916449
-0.442400496655406
-0.690341439691897
0.916562255869973
0.060799669945404
-0.958322574465137
0.597425219474879
0.547980420889958
-0.973806160042904
0.120879385912316
0.890780024015867
-0.732712602022127
-0.387515586452100
0.998878098732275
-0.298564908363887
-0.793808470791732
0.843793109003296
0.214248267717851
-0.990949761767934
0.466386640339885
0.670611596994821
-0.926996935909958
-0.033902756056965
0.950283080316086
-0.618800198173354
-0.525259499667138
0.979575249599340
-0.147562812492464
-0.878221573370227
0.750770243289697
0.362554225509624
-0.999791002430336
0.324153298191776
0.777145961456968
-0.857936836400625
-0.187871124031218
0.986976319697497
-0.490034621073332
-0.650395513961872
0.936759478302066
0.006981260297968
-0.941554564434946
0.639726503425780
0.502157728550448
-0.984634078551146
0.174139245707384
0.865026350627754
-0.768283523593513
-0.337329987382849
0.999978987688302
-0.349506654194863
-0.759919966917079
0.871458499554882
0.161357760632826
-0.982287250728687
0.513327292414904
0.629707848667973
-0.945842804519879
0.019945297363280
0.932143355606515
-0.660188962196489
-0.478691857940611
0.988978978893320
-0.200589415783284
-0.851203923248285
0.785239744579830
0.311861161409531
-0.999441918203707
0.374606593415898
0.742142977223527
-0.884348294314075
-0.134727401566487
0.976885954764642
-0.536247765547880
-0.608563601118098
0.954240328516277
-0.046857393288237
-0.922056277615791
0.680172737770910
0.454878902235889
-0.992606800269059
0.226894144495849
0.836764313458979
-0.801626611801852
-0.286166214270784
0.998180183389509
-0.399434916642528
-0.723827881937820
0.896596874675016
0.107999355706037
-0.970776348122922
0.558779421525262
0.586978102371420
-0.961945961498695
0.073735514324075
0.911300644300169
-0.699663340513368
-0.430736127495524
0.995514912254014
-0.253034359076121
-0.821717990987327
0.817432243634091
0.260263776601418
-0.996194698091747
0.423973621602900
0.704987960785710
-0.908195359559799
-0.081193002755125
0.963962860695853
-0.580905923319843
-0.564967003424949
0.968954116344029
-0.100560171952111
-0.899884254246495
0.718646638372902
0.406281038920690
-0.997701206263483
0.278991106039234
0.806075865470061
-0.832645179887490
-0.234172629481234
0.993486901926194
-0.448204916018854
-0.685636874028453
0.919135339255221
0.054327779195552
-0.956450432738627
0.602611227669406
0.542546263865756
-0.975259711649582
0.127311916418542
0.887815385136406
-0.737108867130232
-0.381531368161973
0.999164097081315
-0.304745564927187
-0.789849278542786
0.847254390118660
0.207911690817753
-0.990058758234559
0.472111230506230
0.665788652558017
-0.929408881510492
-0.027423164194258
0.948244511287234
-0.623879596709361
-0.519732140299030
0.980858175417505
-0.153971350836542
-0.875102787744585
0.755036640377518
0.356505060462500
-0.999902524009303
0.330279061955150
0.773049995616563
-0.861249281627833
-0.181500001629250
0.985912752660922
-0.495675231314108
-0.645457687723945
0.939008537288532
0.000498665479907
-0.939351046208926
0.644695609383926
0.496541174560744
-0.985745448369789
0.180519145250529
0.861755679593772
-0.772416959224572
-0.331220261646696
0.999915951636247
-0.355573083550941
-0.755690197347023
0.874619707139389
0.154956712238510
-0.981051891349436
0.518879832892894
0.624658720898506
-0.947927346167118
0.026426194801813
0.929776485888248
-0.665044172627206
-0.472990181723965
0.989917986891561
-0.206936050651905
-0.847783738271322
0.789237221724064
0.305695304963134
-0.999204370226180
0.380609289778826
0.737782470802749
-0.887355972159168
-0.128301068387842
0.975479698764714
-0.541708210282730
-0.603406832787985
0.956158841385750
-0.053331894243051
-0.919527772551440
0.684910532306897
0.449096237906548
-0.993372765600396
0.233202912935595
0.833197094412450
-0.805485232008595
-0.279948697791487
0.997768295725416
-0.405369527637413
-0.719339800338671
0.899448842003746
0.101552397284404
-0.969200215136322
0.564143811312430
0.581717432498651
-0.963697054534284
0.080198924328792
0.908612337232856
-0.704280283922024
-0.424876667889811
0.996107279539973
-0.259300686788343
-0.818006324354697
0.821149209133708
0.253999108223703
-0.995608769388462
0.429835844221532
0.700375558181378
-0.910889548496304
-0.074730093586448
0.962217993529292
-0.586170368601343
-0.559606246363267
0.970536519880761
-0.107007804582351
-0.897038094386992
0.723139383047133
0.400349032556956
-0.998119545996323
0.285210449497836
0.802222442469374
-0.836217795619854
-0.227865351528117
0.992727357023032
-0.453990499739555
-0.680903494733552
0.921669796324012
0.047853605341182
-0.954538096542902
0.607771911354015
0.537089306539166
-0.976672278334161
0.133739096689400
0.884813436149756
-0.741474155515796
-0.375531116159786
0.999408105935467
-0.310913414672891
-0.785856893175442
0.850680065687301
0.201566376507121
-0.989126147854727
0.477815980375938
0.660937728603808
-0.931781769052813
-0.020942419883347
0.946166092639891
-0.628932776940318
-0.514182939383411
0.982099881040236
-0.160373418592560
-0.871947226253872
0.759271307334862
0.350440913424500
-0.999972025061268
0.336390945865331
0.768921542641229
-0.864525533178333
-0.175121251758066
0.984807753012218
-0.501295010989863
-0.640492736369840
0.941218134794865
-0.005983950294412
-0.937108052108945
0.649637622251907
0.490903753615131
-0.986815392607212
0.186891458544637
0.858448793601868
-0.776517934323854
-0.325096616503840
0.999810894492900
-0.361624570082067
-0.751428670181041
0.877744159160078
0.148549151846748
-0.979775303633923
0.524410567641319
0.619583342081544
-0.949972051524631
0.032905981689348
0.927370542663354
-0.669871434827048
-0.467268628273037
0.990815393959220
-0.213273989110985
-0.844327925502008
0.793201531471321
0.299516601786619
-0.998924831061298
0.386595991179744
0.733390959351527
-0.890326359203688
-0.121869343405174
0.974032448597817
-0.547145889934054
-0.598224706513062
0.958037172039976
-0.059804153944981
-0.916960624678794
0.689619543735623
0.443294700477043
-0.994096984815358
0.239501881110750
0.829594860571815
-0.809310002001848
-0.273719416573541
0.997314477224456
-0.411287103130617
-0.714821488755282
0.902263010333654
0.095101171161463
-0.967583351875675
0.569484493168435
0.576432316169814
-0.965407648564106
0.086658964004030
0.905885846074309
-0.708867630216905
-0.418999353002244
0.996657785792642
-0.265556117486747
-0.814260281314418
0.824831666146997
0.247723765629122
-0.994981000601596
0.435680003150689
0.695733722557940
-0.913545457642605
-0.068264043913675
0.960432689513916
-0.591410180293905
-0.554221972059786
0.972078136985770
-0.113450940249960
-0.894154236839379
0.727601738061170
0.394400201675798
-0.998495940131149
0.291417807094602
0.798335306372732
-0.839755269614220
-0.221548497619529
0.991926093126574
-0.459757004680378
-0.676141500725802
0.924165520566718
0.041377420457070
-0.952585646243140
0.612907053652986
0.531609778236692
-0.978043800734076
0.140160656625143
0.881774303211651
-0.745808283729257
-0.369515082603817
0.999610115040353
-0.317068198399490
-0.781831482468051
0.854069991746613
0.195212591445540
-0.988151969821061
0.483500650208920
0.656059028990554
-0.934115498817164
-0.014460795475241
0.944047911718876
-0.633959526508184
-0.508612130123410
0.983300314285341
-0.166768746716116
-0.868755021509330
0.763474066201498
0.344362039239037
-0.999999502665477
0.342488693072752
0.764760776027610
-0.867765453368916
-0.168735142482174
0.983661367188570
-0.506893723931671
-0.635500868549616
0.943388177963514
-0.012466314595359
-0.934825676396036
0.654552334343384
0.485245702624249
-0.987843866299383
0.193255917795471
0.855105831622711
-0.780586276549387
-0.318959309298056
0.999663820673246
-0.367660859476878
-0.747135564508150
0.880831724313070
0.142135348732768
-0.978457541230253
0.529919264233184
0.614481925507926
-0.951976834664462
0.039384385715509
0.924925627040615
-0.674670545932036
-0.461527438034084
0.991671162383082
-0.219602964810883
-0.840836630169666
0.797132507222875
0.293325311537821
-0.998603312456592
0.392566446029726
0.728968627421401
-0.893259330618292
-0.115432496909189
0.972544265084082
-0.552560575985460
-0.593017440070052
0.959875241542883
-0.066273900399977
-0.914354941881184
0.694299574162821
0.437474533754596
-0.994779427478928
0.245790784309439
0.825957763319659
-0.813100761046992
-0.267478632400308
0.996818746958196
-0.417187394438101
-0.710273137068114
0.905039261400351
0.088645948447620
-0.965925826289063
0.574801242653085
0.571122975489978
-0.967077671701075
0.093115361868943
0.903121285404196
-0.713425186616670
-0.413104429824562
0.997166407877220
-0.271800388289544
-0.810480019292407
0.828479459920281
0.241438012536695
-0.994311418112895
0.441505852791691
0.691062648986829
-0.916162975385050
-0.061795125470165
0.958607023676500
-0.596625138196370
-0.548814406786748
0.973578902873163
-0.119889308184418
-0.891232802796706
0.732033515886107
0.388434796274699
-0.998830372850124
0.297612917967883
0.794414620535499
-0.843257453209700
-0.215222333218542
0.991083143909604
-0.465504188506429
-0.671351092126039
0.926622407101470
0.034899496702560
-0.950593163890343
0.618016438763762
0.526107909233496
-0.979374221211580
0.146576326362076
0.878698114040590
-0.750111069630470
-0.363483520315770
0.999770115906613
-0.323209657454353
-0.777773215587052
0.857424025836112
0.188850602648209
-0.987136265073008
0.489165001109266
0.651152758743511
-0.936409972729512
-0.007978563357424
0.941890057539868
-0.638959634165702
-0.503019946630285
0.984459424705056
-0.173157066445784
-0.865526307662186
0.767644740357959
0.338268693368565
-0.999984955667193
0.348572047321831
0.760567870630465
-0.870968906043126
-0.162341942175577
0.982473643366418
-0.512471134855533
-0.630482294044725
0.945518575599272
-0.018948155004243
-0.932504014986138
0.659439539119605
0.479567259365262
-0.988830826225121
0.199612255539365
0.851726934143077
-0.784621814930622
-0.312808597947529
0.999474736358008
-0.373681698062428
-0.742811060744537
0.883882272844522
0.135715572434287
-0.977098659516930
0.535405691167541
0.609354685562896
-0.953941611336337
0.045861134627579
0.922441841766734
-0.679441304261418
-0.455766852278261
0.992485256199815
-0.225922711778999
-0.837309998994483
0.801029983781087
0.287121694403058
-0.998239827923768
0.398520403422658
0.724515660859319
-0.896154763145934
-0.108990799406107
0.971015210763874
-0.557952040886664
-0.587785252292458
0.961672972650229
-0.072740861719269
-0.911710833661540
0.698950426911893
0.431635982329727
-0.995420064911700
0.252069358242985
0.822285955503498
-0.816857349838872
-0.261226607538172
0.996281125759484
-0.423070153602554
-0.705694936419694
0.907777478532884
0.082187000421179
-0.964227708033406
0.580093836331988
0.565789633582279
-0.968707053763099
0.099567846595728
0.900318771402184
-0.717952761591569
-0.407192146088794
0.997633124419038
-0.278033236783165
-0.806665697152884
0.832092437156146
0.235142113102718
-0.993600050061325
0.447313148315504
0.686362533768236
-0.918741991723578
-0.055323610109893
0.956741072739866
-0.601815023152003
-0.543383777794761
0.975038754473793
-0.126322637816077
-0.888273915031191
0.736434530278382
0.382453067047679
-0.999122830098858
0.303795521770261
0.790460549722882
-0.846724199228225
-0.208887124180279
0.990198544796775
-0.471231809694069
-0.666532470249550
0.929040352678493
0.028420106309845
-0.948560733217870
0.623099851966627
0.520583930743646
-0.980663483856322
0.152985836283983
0.875584997912101
-0.754382332396404
-0.357436682769459
0.999888101810271
-0.329337533745299
-0.773682263079655
0.860742027003953
0.182480677475537
-0.986079076295142
0.494808795034564
0.646219124047182
-0.938665094365375
-0.001495995943713
0.939692620785952
-0.643932889785143
-0.497406623913345
0.985577163588183
-0.179538109314948
-0.862261220397984
0.771783154533452
0.332161131883755
-0.999928384677747
0.354640752961789
0.756343002654845
-0.874135756577018
-0.155941919509776
0.981244631459432
-0.518027009373148
-0.625437223758959
0.947609238173053
-0.025429199123937
-0.930143165446116
0.664299031197459
0.473868662473008
-0.989776230907769
0.205960204653173
0.848312243159803
-0.788624379875509
-0.306644740933479
0.999243649493387
-0.379686832815558
-0.738455340625920
0.886895676556439
0.129290092740098
-0.975698715600374
0.540869617879269
0.604201837716512
-0.955866298971223
0.052335956242965
0.919919291221894
-0.684183509326037
-0.449987113092217
0.993257641197460
-0.232232964430127
-0.833748180182052
0.804893797355836
0.280906011087436
-0.997834392738120
0.404457613145617
0.720032246799448
-0.899012535107103
-0.102544521605501
0.969445349895151
-0.563320058063667
-0.582528363061091
0.963430289813133
-0.079204766131128
-0.909028411137374
0.703571906532422
0.425779291565052
-0.996018870191114
0.258337339056901
0.818579591429799
-0.820579610508391
-0.254963604726345
0.995701636221688
-0.428935133403029
-0.701087079207502
0.910477546658757
0.075724598517110
-0.962489068471454
0.585362051785793
0.560432514578121
-0.970295726275983
0.106016147021484
0.897478421842921
-0.722450164872206
-0.401262750256542
0.998057915804533
-0.284254401034720
-0.802817475191100
0.835670446020711
0.228836331909774
-0.992846926341849
0.453101645672924
0.681633574422650
-0.921282398275818
-0.048849769795742
0.954834915120032
-0.606979617057936
-0.537930313304346
0.976457630437974
-0.132750658786229
-0.885277697888823
0.740804596286714
0.376455265374340
-0.999373299586924
0.309965358680464
0.786473260103495
-0.850155361981280
-0.202543136739290
0.989272332962984
-0.476939627542375
-0.661685837596849
0.931419255684579
0.021939521572637
-0.946488439637818
0.628157079632699
0.515038074910163
-0.981911534487435
0.159388917033736
0.872435085653936
-0.758621892528925
-0.351374824081381
0.999964067793018
-0.335451569750206
-0.769558796866381
0.864023855812155
0.176103083620893
-0.984980447915495
0.500431794806797
0.641258332235537
-0.940880768954233
0.004986634338663
0.937455693803465
-0.648879084367401
-0.491772397870163
0.986653483962185
-0.185911607162906
-0.858959896930729
0.775889134812389
0.326039611452472
-0.999829792074517
0.360694554957664
0.752086349649530
-0.877265871885055
-0.149535343443760
0.979974383116308
-0.523561114000591
-0.620365869709230
0.949660077825402
-0.031909174591341
-0.927743226989947
0.669130606358876
0.468150151428676
-0.990680040617103
0.212299498366946
0.844861902173870
-0.792593803177833
-0.300467997289459
0.998970569790719
-0.385676011372322
-0.734068587199721
0.889871808811454
0.122859179678453
-0.974257768312799
0.546310814749000
0.599023598515626
-0.957750816684946
0.058808578459273
0.917358081415199
-0.688896961836178
-0.444188463367011
0.993988284916775
-0.238533457578605
-0.830151323416346
0.808723785572015
0.274678522802490
-0.997387023937892
0.410377825689705
0.715518573655416
-0.901832526405058
-0.096093934410219
0.967834748450700
-0.568664401927191
-0.577246993294652
0.965147119180881
-0.085665341992519
-0.906307787036670
0.708163818808710
0.419904707586206
-0.996575818152637
0.264594463341215
0.814838826856923
-0.824267386628684
-0.248689887164829
0.995080302697619
-0.434782087366268
-0.696449759074841
0.913139352308718
0.069259014315307
-0.960709980668817
0.590605667619824
0.555051843608789
-0.971843622476390
0.112459992158361
0.894600356090976
-0.726917207456587
-0.395316491508330
0.998440764181977
-0.290463619602342
-0.798935515127403
0.839213336149626
0.222520933956383
-0.992052078604179
0.458871101604123
0.676875969682641
-0.923784088282233
-0.042373876588185
0.952888630922488
-0.612118702874236
-0.532454242495102
0.977835471138025
-0.139173100959942
-0.882244277284708
0.745143530260880
0.370441643310460
-0.999581770788445
0.316122169412988
0.782452919241543
-0.853550797275301
-0.196190637499037
0.988304547332000
-0.482627402182653
-0.656811397846189
0.933759016147305
0.015458014835526
-0.944376370237471
0.633187909234068
0.509470574795354
-0.983118320656107
0.165785299524502
0.869248509639862
-0.762829571862262
-0.345298198998651
0.999998010662407
-0.341551508529227
-0.765402990234635
0.867269374343214
0.169718089100706
-0.983840426103477
0.506033764121122
0.636270591783807
-0.943056903383040
0.011469055059837
0.935179370598576
-0.653798010050684
-0.486117505277364
0.987688340595141
-0.192277292145366
-0.855622475997178
0.779962508642641
0.319904389329092
-0.999689182000818
0.366733198900920
0.747798090498613
-0.880359120425101
-0.143122483211252
0.978662951718843
-0.529073216169396
-0.615268445017640
0.951671008370631
-0.038387809087472
-0.925304300474059
0.673934061558391
0.462411966550338
-0.991542217370795
0.218629870274475
0.841376056184800
-0.796529918024213
-0.294278626591228
0.998655508726065
-0.391648982039956
-0.729650984817445
0.892810544538837
0.116423103505827
-0.972775878209424
0.551729053112676
0.593820185573609
-0.959595085281228
0.065278729267219
0.914758319980706
-0.693581463710942
-0.438371146789119
0.994677156652760
-0.244823926448142
-0.826519579853786
0.812519787475541
0.268439491255851
-0.996897740323623
0.416280792260427
0.710974831112954
-0.904614618530826
-0.089639308903534
0.966183474115381
-0.573984847883388
-0.571941364940529
0.966823388604427
-0.092122317800402
-0.903549075692539
0.712725970767051
0.414012477270163
-0.997090885390699
0.270840468142856
0.811063818989353
-0.827920523222479
-0.242405718504685
0.994417151298560
-0.440610769775822
-0.691783170903179
0.915762783621199
0.062790519529284
-0.958890519391115
0.595824463473282
0.549647846794766
-0.973350677314619
0.118899111206421
0.891684695095878
-0.731353701619087
-0.389353619733231
0.998781653462327
-0.296660631545523
-0.795019980099567
0.842720958654019
0.216196184644547
-0.991215540251547
0.464621273650091
