0.999999999999999
0.357436682769499
-0.744478035621472
-0.889644201664083
0.108495091045614
0.967204452544321
0.582933611109049
-0.550480740084994
-0.976457630438007
-0.147562812492460
0.870968906043122
0.770195285635325
-0.320376810078727
-0.999224134096954
-0.393941909590953
0.717605555360808
0.906939008081217
-0.069259014315190
-0.956450432738629
-0.614481925507906
0.517173670587907
0.984195607969242
0.186401556029763
-0.850942100268538
-0.794717399127557
0.282819798501823
0.996897740323616
0.429835844221547
-0.689619543735666
-0.922826488393327
0.029915466169389
0.944212258375509
0.645076728758686
-0.483064086256897
-0.990406377872176
-0.224951054343872
0.829594860571825
0.818006324354708
-0.244823926448190
-0.993024428619199
-0.465062788901261
0.660563427530405
0.937281989491894
0.009474502756757
-0.930508919819365
-0.674670545932081
0.448204916018862
0.995080302697610
0.263151488952141
-0.806960312143794
-0.840025923150775
0.206448153320996
0.987610209324667
0.499568080859601
-0.630482294044699
-0.950283080316090
-0.048849769795622
0.915361680976484
0.703217455360721
-0.412650251957001
-0.998210129767735
-0.300943583025184
0.783073577733160
0.860742027003952
-0.167752028027985
-0.980663483856308
-0.533298177137577
0.599422821130158
0.961809586659768
0.088149235092988
-0.898794046299160
-0.730673159897275
0.376455265374374
0.999791002430336
0.338268693368600
-0.757971723145440
-0.880122490076981
0.128795596577553
0.972195031668975
0.566200737671945
-0.567433204758761
-0.971843622476427
-0.127311916418565
0.880831724313062
0.756995055651769
-0.339676121182908
-0.999820467595023
-0.375068901421525
0.731693699726806
0.898137239088908
-0.089639308903413
-0.962217993529280
-0.598224706513048
0.534563084235720
0.980369617633539
0.166277043794154
-0.861502587724541
-0.782142298101345
0.302369890750420
0.998298479539763
0.411287103130626
-0.704280283921981
-0.914758319980700
0.050343925062586
0.950747851124629
0.629320391049853
-0.500863465172508
-0.987374342073244
-0.204984153792265
0.840836630169611
0.806075865470077
-0.264594463341264
-0.995227399981829
-0.446867097560364
0.675774014000191
0.929959941292497
-0.010970420951982
-0.937802403039820
-0.659439539119646
0.466386640339880
0.992846926341841
0.243373183359178
-0.818865919671928
-0.828758619280228
0.226408456287625
0.990611994413050
0.481753674101747
-0.646219124047157
-0.943718514184996
-0.028420106309725
0.923401737138387
0.688535413882413
-0.431186108523474
-0.996778878456249
-0.281384563016723
0.795624548881766
0.850155361981271
-0.187871124031169
-0.984459424705041
-0.515892698144300
0.615661475325635
0.956012689043036
0.067766533188539
-0.907568199391624
-0.716562866343818
0.395316491508154
0.999164097081317
0.318959309298092
-0.771148582173399
-0.870232891567024
0.149042266176136
0.976779237995916
0.549231195078613
-0.584148485111067
-0.966823388604463
-0.107007804582444
0.890326359203680
0.743478405414454
-0.358833449319489
-0.999998880997441
-0.356039116274402
0.745475999682832
0.888960053096210
-0.109982134696226
-0.967583351875664
-0.581717432498626
0.551729053112648
0.976133837562927
0.146083028562451
-0.871702971286360
-0.769240265396267
0.321793593854425
0.999281934843866
0.392566446029749
-0.718646638372899
-0.906307787036664
0.070751340439806
0.956886035893263
0.613301000476495
-0.518453485594193
-0.983929588598636
-0.184931570860707
0.851726934143030
0.793808470791740
-0.284254401034754
-0.997014371128741
-0.428484617944788
0.690702130216863
0.922249174357866
-0.031410759078101
-0.944703889414153
-0.643932889785195
0.484373417312163
0.990198544796763
0.223493148958508
-0.830429245225872
-0.817144898335157
0.246274121620003
0.993199708502807
0.463737896649741
-0.661685837596835
-0.936759478302085
-0.007978563357546
0.931055815862510
0.673565567947828
-0.449541731392466
-0.994930978418584
-0.261707925628654
0.807842952836204
0.839213336149626
-0.207911690817718
-0.987843866299389
-0.498271578510774
0.631642786016946
0.949816182769147
0.047355505202636
-0.915962993388137
-0.702153052995189
0.414012477269976
0.998119545996329
0.299516601786669
-0.784003104842311
-0.859979539938296
0.169226636831904
0.980955155349184
0.532032076515385
-0.600619594235951
-0.961399027255485
-0.086658964004139
0.899448842003744
0.729650984817493
-0.377840786818439
-0.999759299728272
-0.336860508507266
0.758946694294526
0.879411286122271
-0.130278988491337
-0.972544265084068
-0.564967003424958
0.568664401927174
0.971490038292884
0.125827951334856
-0.881538987243239
-0.756016693999272
0.341082788800306
0.999847695156389
0.373681698062543
-0.732712602022075
-0.897478421842908
0.091129182100606
0.962624246950004
0.597025253065973
-0.535826794978934
-0.980073557338550
-0.164801687431449
0.862261220397946
0.781209268031074
-0.303795521770280
-0.998384595114687
-0.409923033841636
0.705341536300382
0.914152911751117
-0.051837967659547
-0.951210494154618
-0.628157079632764
0.502157728550417
0.987136265072997
0.203519695507900
-0.841645455391774
-0.805189614794458
0.266036845566630
0.995372269942032
0.445528279011015
-0.676875969682615
-0.929408881510529
0.012466314595364
0.938320717781164
0.658314174879824
-0.467709448002786
-0.992667202067977
-0.241921895599722
0.819723682363018
0.827920523222598
-0.227865351528067
-0.990815393959212
-0.480442183779391
0.647360073093912
0.943222657947618
0.026924682845739
-0.923974919305635
-0.687449743083366
0.432535407828679
0.996657785792651
0.279948697791552
-0.796529918024167
-0.849366721041971
0.189340271576088
0.984721038215615
0.514610571130208
-0.616839647289839
-0.955572805786162
-0.066273900400044
0.908195359559767
0.715518573655475
-0.396690188705035
-0.999101823931321
-0.317541094684890
0.772100152876980
0.869494929505238
-0.150521386302474
-0.977098659516890
-0.547980420890004
0.585362051785764
0.966440160908917
0.105520278635241
-0.891006524188325
-0.742477111298955
0.360229412798361
0.999995523992272
0.354640752961919
-0.746472295365085
-0.888273915031185
0.111468932206238
0.967960085750516
0.580499952001637
-0.552976131367901
-0.975807860095321
-0.144602917697892
0.872435085653892
0.768283523593576
-0.323209657454412
-0.999337499192696
-0.391190103902841
0.719686113050145
0.905674537670657
-0.072243508222563
-0.957319497532043
-0.612118702874269
0.519732140298938
0.983661367188580
0.183461171813842
-0.852509861848273
-0.792897765908506
0.285688367404901
0.997128770610602
0.427132432717256
-0.691783170903143
-0.921669796324034
0.032905981689339
0.945193406200676
0.642787609686593
-0.485681664337225
-0.989988495651940
-0.222034743394361
0.831261771375048
0.816281643541132
-0.247723765629058
-0.993372765600388
-0.462411966550462
0.662806766806974
0.936234870639765
0.006482606102284
-0.931600628197982
-0.672459082520404
0.450877540689375
0.994779427478942
0.260263776601443
-0.808723785571961
-0.838398870984745
0.209374763007019
0.988075312474481
0.496973961027605
-0.632801864369417
-0.949347159528751
-0.045861134627774
0.916562255869937
0.701087079207532
-0.415373776020934
-0.998026728428274
-0.298088950228454
0.784930877348459
0.859215128234031
-0.170700866905773
-0.981244631459404
-0.530764785202672
0.601815023151963
0.960986316235257
0.085168498972056
-0.900101624737219
-0.728627176775055
0.379225462652825
0.999725359559779
0.335451569750351
-0.759919966917028
-0.878698114040591
0.131762088840078
0.972891321940125
0.563732004778986
-0.569894326421746
-0.971134279909658
-0.124343704647549
0.882244277284659
0.755036640377593
-0.342488693072691
-0.999872685053498
-0.372293658402009
0.733729864502812
0.896817596035615
-0.092618851350238
-0.963028346012720
-0.595824463473327
0.537089306539064
0.979775303633926
0.163325962241710
-0.863017923326292
-0.780274489610456
0.305220472894236
0.998468476299780
0.408558047142773
-0.706401210120767
-0.913545457642635
0.053331894242913
0.951671008370655
0.626992362396895
-0.503450868096761
-0.986895978856744
-0.202054781745500
0.842452397007103
0.804301562100312
-0.267478632400121
-0.995514912254005
-0.444188463367099
0.677976410513115
0.928855741706719
-0.013962180339069
-0.938836932555970
-0.657187337329554
0.469031208929581
0.992485256199839
0.240470066417882
-0.820579610508331
-0.827080574274602
0.229321736804770
0.991016576055447
0.479129618224970
-0.648499573345577
-0.942724690773125
-0.025429199124146
0.924546033612286
0.686362533768318
-0.433883739117454
-0.996534462603830
-0.278512206039681
0.797433504528501
0.848576179215588
-0.190808995376482
-0.984980447915458
-0.513327292415001
0.618016438763756
0.955130783952435
0.064781119290277
-0.908820487182050
-0.714472679632844
0.398062998107192
0.999037314786331
0.316122169413094
-0.773049995616451
-0.868755021509394
0.152000169561180
0.977415894286083
0.546728420318456
-0.586574308417218
-0.966054770315347
-0.104032516533171
0.891684695095824
0.741474155515882
-0.361624570082045
-0.999989928992005
-0.353241595961617
0.747466920438578
0.887585789004620
-0.112955480248238
-0.968334653325745
-0.579281172342809
0.554221972059673
0.975479698764733
0.143122483211180
-0.873165247507212
-0.767325062368411
0.324624997709532
0.999390827019089
0.389812886290452
-0.720723977066187
-0.905039261400364
0.073735514323923
0.957750816684900
0.610935035347276
-0.521009631840446
-0.983390944339348
-0.181990362179936
0.853290881632128
0.791985286516050
-0.287121694403021
-0.997240938513180
-0.425779291565205
0.692862663375169
0.921088355588483
-0.034401130656792
-0.945680807639493
-0.641640891026032
0.486988824404312
0.989776230907808
