0.000000000000000
0.956450432738631
0.558365800629662
-0.630482294044713
-0.926434797042887
0.089639308903433
0.978765291933710
0.481753674101714
-0.697522514745702
-0.888960053096192
0.178556894798636
0.993199708502812
0.401262750256473
-0.758946694294555
-0.844327925502013
0.266036845566674
0.999637465011020
0.317541094684842
-0.814260281314378
-0.792897765908474
0.351374824081341
0.998026728428271
0.231262784929950
-0.863017923326349
-0.735083659720175
0.433883739117560
0.988380467458430
0.143122483211121
-0.904827052466020
-0.671351092126003
0.512899277405904
0.970776348122916
0.053829843412127
-0.939351046208922
-0.602213200286078
0.587785252292474
0.945356108439568
-0.035896202634587
-0.966311937657224
-0.528226641853084
0.657938725939710
0.912324417231452
-0.125333233564305
-0.985492653565725
-0.449987113092118
0.722794863827392
0.871947226253862
-0.213761154992118
-0.996738762088014
-0.368124552684678
0.781831482468032
0.824549628907139
-0.300467997289452
-0.999959716170870
-0.283298069832753
0.834573253721306
0.770513242775785
-0.384755647944939
-0.995129582585910
-0.196190637499096
0.880595531856736
0.710273137068050
-0.465945472355831
-0.982287250728687
-0.107503593510522
0.919527772551450
0.644314329694495
-0.543383777794802
-0.961536119504146
-0.017950993798091
0.951056516295154
0.573167882188920
-0.616447076559469
-0.933043264819444
0.071746136761388
0.974927912181824
0.497406623913217
-0.684547105928690
-0.897038094386968
0.160865609613697
0.990949761767933
0.417640539972123
-0.747135564508153
-0.853810500668344
0.248689887164856
0.998993066541314
0.334511859971848
-0.803708526830793
-0.803708526830784
0.334511859971850
0.998993066541313
0.248689887164854
-0.853810500668345
-0.747135564508142
0.417640539972138
0.990949761767933
0.160865609613695
-0.897038094386968
-0.684547105928689
0.497406623913219
0.974927912181821
0.071746136761386
-0.933043264819445
-0.616447076559456
0.573167882188922
0.951056516295149
-0.017950993798093
-0.961536119504150
-0.543383777794812
0.644314329694497
0.919527772551443
-0.107503593510524
-0.982287250728690
-0.465945472355829
0.710273137068061
0.880595531856742
-0.196190637499098
-0.995129582585912
-0.384755647944937
0.770513242775795
0.834573253721305
-0.283298069832755
-0.999959716170870
-0.300467997289450
0.824549628907148
0.781831482468031
-0.368124552684686
-0.996738762088014
-0.213761154992109
0.871947226253870
0.722794863827390
-0.449987113092132
-0.985492653565726
-0.125333233564296
0.912324417231450
0.657938725939709
-0.528226641853097
-0.966311937657223
-0.035896202634571
0.945356108439566
0.587785252292467
-0.602213200286097
-0.939351046208922
0.053829843412143
0.970776348122917
0.512899277405896
-0.671351092125999
-0.904827052466016
0.143122483211137
0.988380467458430
0.433883739117545
-0.735083659720174
-0.863017923326345
0.231262784929945
0.998026728428271
0.351374824081326
-0.792897765908475
-0.814260281314370
0.317541094684841
0.999637465011020
0.266036845566683
-0.844327925502016
-0.758946694294544
0.401262750256474
0.993199708502810
0.178556894798641
-0.888960053096196
-0.697522514745688
0.481753674101717
0.978765291933707
0.089639308903435
-0.926434797042891
-0.630482294044717
0.558365800629667
0.956450432738625
-0.000000000000002
-0.956450432738635
-0.558365800629664
0.630482294044721
0.926434797042889
-0.089639308903439
-0.978765291933714
-0.481753674101714
0.697522514745711
0.888960053096194
-0.178556894798645
-0.993199708502814
-0.401262750256470
0.758946694294565
0.844327925502014
-0.266036845566686
-0.999637465011020
-0.317541094684837
0.814260281314389
0.792897765908472
-0.351374824081357
-0.998026728428271
-0.231262784929941
0.863017923326347
0.735083659720172
-0.433883739117574
-0.988380467458429
-0.143122483211133
0.904827052466030
0.671351092125996
-0.512899277405900
-0.970776348122909
-0.053829843412111
0.939351046208923
0.602213200286094
-0.587785252292493
-0.945356108439565
0.035896202634574
0.966311937657231
0.528226641853070
-0.657938725939712
-0.912324417231460
0.125333233564328
0.985492653565727
0.449987113092129
-0.722794863827413
-0.871947226253854
0.213761154992113
0.996738762088012
0.368124552684656
-0.781831482468033
-0.824549628907145
0.300467997289481
0.999959716170870
0.283298069832751
-0.834573253721292
-0.770513242775774
0.384755647944941
0.995129582585911
0.196190637499066
-0.880595531856743
-0.710273137068059
0.465945472355857
0.982287250728684
0.107503593510520
-0.919527772551445
-0.644314329694472
0.543383777794815
0.961536119504149
0.017950993798061
-0.951056516295159
-0.573167882188919
0.616447076559459
0.933043264819433
-0.071746136761390
-0.974927912181821
-0.497406623913191
0.684547105928702
0.897038094386967
-0.160865609613684
-0.990949761767937
-0.417640539972122
0.747135564508145
0.853810500668329
-0.248689887164872
-0.998993066541314
-0.334511859971859
0.803708526830803
0.803708526830783
-0.334511859971838
-0.998993066541312
-0.248689887164838
0.853810500668347
0.747135564508160
-0.417640539972153
-0.990949761767933
-0.160865609613707
0.897038094386982
0.684547105928677
-0.497406623913221
-0.974927912181826
-0.071746136761356
0.933043264819446
0.616447076559477
-0.573167882188947
-0.951056516295148
0.017950993798095
0.961536119504158
0.543383777794787
-0.644314329694498
-0.919527772551454
0.107503593510554
0.982287250728690
0.465945472355827
-0.710273137068083
-0.880595531856727
0.196190637499100
0.995129582585909
0.384755647944909
-0.770513242775796
-0.834573253721304
0.283298069832784
0.999959716170870
0.300467997289448
-0.824549628907133
-0.781831482468012
0.368124552684688
0.996738762088014
0.213761154992080
-0.871947226253871
-0.722794863827389
0.449987113092108
0.985492653565721
0.125333233564294
-0.912324417231451
-0.657938725939686
0.528226641853099
0.966311937657223
0.035896202634597
-0.945356108439576
-0.587785252292465
0.602213200286076
0.939351046208911
-0.053829843412145
-0.970776348122917
-0.512899277405919
0.671351092126022
0.904827052466015
-0.143122483211111
-0.988380467458435
-0.433883739117543
0.735083659720176
0.863017923326329
-0.231262784929975
-0.998026728428271
-0.351374824081351
0.792897765908493
0.814260281314369
-0.317541094684842
-0.999637465011019
-0.266036845566653
0.844327925502017
0.758946694294562
-0.401262750256501
-0.993199708502810
-0.178556894798639
0.888960053096210
0.697522514745686
-0.481753674101719
-0.978765291933713
-0.089639308903404
0.926434797042891
0.630482294044716
-0.558365800629692
-0.956450432738625
0.000000000000004
0.956450432738627
0.558365800629639
-0.630482294044722
-0.926434797042888
0.089639308903469
0.978765291933714
0.481753674101712
-0.697522514745692
-0.888960053096180
0.178556894798647
0.993199708502811
0.401262750256442
-0.758946694294567
-0.844327925502013
0.266036845566716
0.999637465011021
0.317541094684835
-0.814260281314374
-0.792897765908454
0.351374824081358
0.998026728428271
0.231262784929912
-0.863017923326362
-0.735083659720170
0.433883739117551
0.988380467458425
0.143122483211103
-0.904827052466018
-0.671351092125974
0.512899277405926
0.970776348122915
0.053829843412137
-0.939351046208933
-0.602213200286070
0.587785252292471
0.945356108439555
-0.035896202634605
-0.966311937657225
-0.528226641853092
0.657938725939735
0.912324417231448
-0.125333233564302
-0.985492653565732
-0.449987113092101
0.722794863827394
0.871947226253867
-0.213761154992143
-0.996738762088015
-0.368124552684681
0.781831482468052
0.824549628907128
-0.300467997289456
-0.999959716170870
-0.283298069832777
0.834573253721308
0.770513242775755
-0.384755647944916
-0.995129582585908
-0.196190637499036
0.880595531856731
0.710273137068037
-0.465945472355884
-0.982287250728689
-0.107503593510490
0.919527772551435
0.644314329694492
-0.543383777794841
-0.961536119504156
-0.017950993798087
0.951056516295168
0.573167882188941
-0.616447076559483
-0.933043264819422
0.071746136761364
0.974927912181828
0.497406623913165
-0.684547105928682
-0.897038094386953
0.160865609613770
0.990949761767934
0.417640539972094
-0.747135564508127
-0.853810500668342
0.248689887164901
0.998993066541312
0.334511859971831
-0.803708526830821
-0.803708526830798
0.334511859971867
0.998993066541311
0.248689887164864
-0.853810500668362
-0.747135564508102
0.417640539972129
0.990949761767929
0.160865609613733
-0.897038094386970
-0.684547105928655
0.497406623913198
0.974927912181820
0.071746136761326
-0.933043264819436
-0.616447076559453
0.573167882188972
0.951056516295156
-0.017950993798126
-0.961536119504167
-0.543383777794809
0.644314329694521
0.919527772551464
-0.107503593510528
-0.982287250728696
-0.465945472355850
0.710273137068064
0.880595531856713
-0.196190637499074
-0.995129582585912
-0.384755647944881
0.770513242775779
0.834573253721287
-0.283298069832813
-0.999959716170870
-0.300467997289419
0.824549628907182
0.781831482468028
-0.368124552684716
-0.996738762088016
-0.213761154992106
0.871947226253886
0.722794863827407
-0.449987113092136
-0.985492653565716
-0.125333233564320
0.912324417231463
0.657938725939663
-0.528226641853077
-0.966311937657215
-0.035896202634510
0.945356108439568
0.587785252292440
-0.602213200286055
-0.939351046208920
0.053829843412175
0.970776348122911
0.512899277405893
-0.671351092126044
-0.904827052466026
0.143122483211141
0.988380467458439
0.433883739117567
-0.735083659720196
-0.863017923326314
0.231262784929949
0.998026728428273
0.351374824081376
-0.792897765908477
-0.814260281314352
0.317541094684817
0.999637465011020
0.266036845566624
-0.844327925502003
