0.000000000000000
0.999972025061269
-0.014959407015264
-0.999748234942506
0.029915466169398
0.999300704788397
-0.044864830350515
-0.998629534754573
0.059804153945034
0.997734875046455
-0.074730093586425
-0.996616925885648
0.089639308903433
0.995275937465126
-0.104528463267653
-0.993712209893242
0.119394224540244
0.991926093126565
-0.134233265817656
-0.989917986891562
0.149042266176175
0.987688340595137
-0.163817911415136
-0.985237653224058
0.178556894798635
0.982566473233287
-0.193255917795552
-0.979675398423234
0.207911690817759
0.976565075805975
-0.222520933956314
-0.973236201460450
0.237080377715498
0.969689520376687
-0.251586763744509
-0.965925826289068
0.266036845566676
0.961945961498705
-0.280427389306004
-0.957750816684930
0.294755174410906
0.953341330705962
-0.309016994374950
-0.948718490388797
0.323209657454456
0.943883330308367
-0.337329987382833
-0.938836932555983
0.351374824081340
0.933580426497201
-0.365341024366399
-0.928114988519040
0.379225462652926
0.922441841766728
-0.393025031653928
-0.916562255869977
0.406736643075799
0.910477546658814
-0.420357228309571
-0.904189075869141
0.433883739117558
0.897698250837941
-0.447313148315639
-0.891006524188368
0.460642450450633
0.884115393504607
-0.473868662472993
-0.877026400996767
0.486988824404368
0.869741133155692
-0.499999999999995
-0.862261220397962
0.512899277405908
0.854588336700957
-0.525683769810501
-0.846724199228283
0.538350616090685
0.838670567945419
-0.550896981452099
-0.830429245225903
0.563320058063625
0.822002075447912
-0.575617065685671
-0.813390944581526
0.587785252292477
0.804597779766662
-0.599821894687924
-0.795624548881787
0.611724299114999
0.786473260103452
-0.623489801858733
-0.777145961456968
0.635115769842184
0.767644740358003
-0.646599601215810
-0.757971723145459
0.657938725939707
0.748129074605528
-0.669130606358859
-0.738118997487336
0.680172737770925
0.727943732009901
-0.691062648986856
-0.717605555360817
0.701797902883988
0.707106781186547
-0.712376096951347
-0.696449759074761
0.722794863827398
0.685636874028423
-0.733051871829819
-0.674670545932078
0.743144825477392
0.663553229010209
-0.753071466003614
-0.652287411278114
0.762829571862274
0.640875613985032
-0.772416959224594
-0.629320391049840
0.781831482468029
0.617624328489614
-0.791071034656345
-0.605790043840810
0.800133548011214
0.593820185573509
-0.809016994374943
-0.581717432498607
0.817719385664431
0.569484493168447
-0.826238774315999
-0.557124105270561
0.834573253721295
0.544639035015033
-0.842720958654036
-0.532032076515336
0.850680065687340
0.519306051163162
-0.858448793601871
-0.506463806996910
0.866025403784433
0.493508218064352
-0.873408200617128
-0.480442183779336
0.880595531856740
0.467268628273053
-0.887585789004559
-0.453990499739557
0.894377407666332
0.440610769775887
-0.900968867902418
-0.427132432717193
0.907358694567867
0.413558504966510
-0.913545457642606
-0.399892024319750
0.919527772551447
0.386136049285748
-0.925304300473996
-0.372293658401940
0.930873748644207
0.358367949545288
-0.936234870639732
-0.344362039239016
0.941386466660901
0.330279061955140
-0.946327383799164
-0.316122169413044
0.951056516295156
0.301894529873915
-0.955572805786145
-0.287599327432023
0.959875241542895
0.273239761301918
-0.963962860695846
-0.258819045102512
0.967834748450662
0.244340406137878
-0.971490038292865
-0.229807084674996
0.974927912181823
0.215222333218646
-0.978147600733806
-0.200589415783290
0.981148383394174
0.185911607162924
-0.983929588598633
-0.171192192197977
0.986490593923525
0.156434465040226
-0.988830826225125
-0.141641728415576
0.990949761767932
0.126817292884928
-0.992846926341836
-0.111964476103280
0.994521895368273
0.097086602077309
-0.995974293995239
-0.082187000421244
0.997203797181181
0.067269005612046
-0.998210129767736
-0.052335956242942
0.998993066541313
0.037391194276317
-0.999552432283502
-0.022438064295788
0.999888101810272
0.007479912757709
-0.999999999999999
0.007479912757708
0.999888101810272
-0.022438064295787
-0.999552432283502
0.037391194276316
0.998993066541313
-0.052335956242941
-0.998210129767732
0.067269005612045
0.997203797181181
-0.082187000421243
-0.995974293995239
0.097086602077308
0.994521895368273
-0.111964476103335
-0.992846926341836
0.126817292884927
0.990949761767932
-0.141641728415575
-0.988830826225125
0.156434465040225
0.986490593923516
-0.171192192197976
-0.983929588598633
0.185911607162923
0.981148383394175
-0.200589415783289
-0.978147600733806
0.215222333218645
0.974927912181823
-0.229807084674995
-0.971490038292865
0.244340406137877
0.967834748450662
-0.258819045102511
-0.963962860695846
0.273239761301917
0.959875241542880
-0.287599327432022
-0.955572805786145
0.301894529873914
0.951056516295156
-0.316122169413043
-0.946327383799165
0.330279061955193
0.941386466660901
-0.344362039239015
-0.936234870639733
0.358367949545287
0.930873748644197
-0.372293658401939
-0.925304300473986
0.386136049285747
0.919527772551459
-0.399892024319749
-0.913545457642606
0.413558504966535
0.907358694567867
-0.427132432717218
-0.900968867902418
0.440610769775912
0.894377407666333
-0.453990499739531
-0.887585789004546
0.467268628273053
0.880595531856727
-0.480442183779335
-0.873408200617114
0.493508218064351
0.866025403784448
-0.506463806996933
-0.858448793601871
0.519306051163186
0.850680065687341
-0.532032076515360
-0.842720958654037
0.544639035015009
0.834573253721296
-0.557124105270560
-0.826238774315984
0.569484493168446
0.817719385664416
-0.581717432498606
-0.809016994374960
0.593820185573508
0.800133548011215
-0.605790043840832
-0.791071034656346
0.617624328489636
0.781831482468029
-0.629320391049861
-0.772416959224594
0.640875613985010
0.762829571862256
-0.652287411278113
-0.753071466003596
0.663553229010209
0.743144825477374
-0.674670545932077
-0.733051871829839
0.685636874028443
0.722794863827399
-0.696449759074781
-0.712376096951347
0.707106781186566
0.701797902883989
-0.717605555360796
-0.691062648986856
0.727943732009901
0.680172737770905
-0.738118997487336
-0.669130606358838
0.748129074605527
0.657938725939730
-0.757971723145421
-0.646599601215768
0.767644740358021
0.635115769842185
-0.777145961456949
-0.623489801858689
0.786473260103469
0.611724299115000
-0.795624548881769
-0.599821894687947
0.804597779766695
0.587785252292455
-0.813390944581525
-0.575617065685695
0.822002075447880
0.563320058063591
-0.830429245225910
-0.550896981452112
0.838670567945403
0.538350616090638
-0.846724199228298
-0.525683769810502
0.854588336700949
0.512899277405945
-0.862261220397983
-0.499999999999984
0.869741133155691
0.486988824404394
-0.877026400996794
-0.473868662472969
0.884115393504613
0.460642450450646
-0.891006524188349
-0.447313148315589
0.897698250837953
0.433883739117558
-0.904189075869128
-0.420357228309611
0.910477546658831
0.406736643075787
-0.916562255869971
-0.393025031653955
0.922441841766749
0.379225462652901
-0.928114988519040
-0.365341024366413
0.933580426497185
0.351374824081301
-0.938836932555992
-0.337329987382834
0.943883330308357
0.323209657454403
-0.948718490388810
-0.309016994374937
0.953341330705957
0.294755174410941
-0.957750816684944
-0.280427389305978
0.961945961498705
0.266036845566698
-0.965925826289055
-0.251586763744469
0.969689520376690
0.237080377715505
-0.973236201460443
-0.222520933956260
0.976565075805982
0.207911690817753
-0.979675398423231
-0.193255917795595
0.982566473233296
0.178556894798615
-0.985237653224058
-0.163817911415165
0.987688340595146
0.149042266176138
-0.989917986891564
-0.134233265817668
0.991926093126561
0.119394224540192
-0.993712209893245
-0.104528463267651
0.995275937465123
0.089639308903480
-0.996616925885651
-0.074730093586406
0.997734875046455
0.059804153945065
-0.998629534754576
-0.044864830350482
0.999300704788398
0.029915466169415
-0.999748234942505
-0.014959407015215
0.999972025061269
0.000000000000001
-0.999972025061269
0.014959407015213
0.999748234942505
-0.029915466169413
-0.999300704788398
0.044864830350480
0.998629534754570
-0.059804153945063
-0.997734875046455
0.074730093586404
0.996616925885651
-0.089639308903478
-0.995275937465124
0.104528463267649
0.993712209893245
-0.119394224540303
-0.991926093126561
0.134233265817666
0.989917986891564
-0.149042266176136
-0.987688340595129
0.163817911415163
0.985237653224058
-0.178556894798613
-0.982566473233296
0.193255917795593
0.979675398423231
-0.207911690817751
-0.976565075805983
0.222520933956369
0.973236201460443
-0.237080377715504
-0.969689520376690
0.251586763744467
0.965925826289055
-0.266036845566696
-0.961945961498706
0.280427389305976
0.957750816684912
-0.294755174410939
-0.953341330705958
0.309016994374935
0.948718490388811
-0.323209657454509
-0.943883330308358
0.337329987382832
0.938836932555993
-0.351374824081299
-0.933580426497186
0.365341024366411
0.928114988519041
-0.379225462652899
-0.922441841766706
0.393025031653954
0.916562255869972
-0.406736643075785
-0.910477546658832
0.420357228309609
0.904189075869129
-0.433883739117557
-0.897698250837954
0.447313148315587
0.891006524188349
-0.460642450450644
-0.884115393504614
0.473868662472967
0.877026400996740
-0.486988824404392
-0.869741133155692
0.499999999999982
0.862261220397984
-0.512899277405944
-0.854588336700950
0.525683769810500
0.846724199228299
-0.538350616090732
-0.838670567945404
0.550896981452111
0.830429245225911
-0.563320058063589
-0.822002075447881
0.575617065685694
0.813390944581527
-0.587785252292453
-0.804597779766696
0.599821894687946
0.795624548881771
-0.611724299114999
-0.786473260103470
0.623489801858776
0.777145961456951
-0.635115769842183
-0.767644740358022
0.646599601215766
0.757971723145422
-0.657938725939728
-0.748129074605528
0.669130606358837
0.738118997487298
-0.680172737770946
-0.727943732009902
0.691062648986855
0.717605555360837
-0.701797902884028
-0.707106781186528
0.712376096951346
0.696449759074782
-0.722794863827358
-0.685636874028403
0.733051871829838
0.674670545932079
-0.743144825477372
-0.663553229010168
0.753071466003632
0.652287411278114
-0.762829571862255
-0.640875613985055
0.772416959224629
0.629320391049819
-0.781831482468028
-0.617624328489637
0.791071034656379
0.605790043840789
-0.800133548011214
-0.593820185573510
0.809016994374926
0.581717432498562
-0.817719385664447
-0.569484493168448
0.826238774315983
0.557124105270609
-0.834573253721326
-0.544639035015010
0.842720958654036
0.532032076515361
-0.850680065687370
-0.519306051163139
0.858448793601870
0.506463806996935
-0.866025403784418
-0.493508218064303
0.873408200617141
0.480442183779337
-0.880595531856726
-0.467268628273105
0.887585789004572
0.453990499739532
-0.894377407666332
-0.440610769775913
0.900968867902442
0.427132432717168
-0.907358694567867
-0.413558504966537
0.913545457642583
0.399892024319698
-0.919527772551458
-0.386136049285749
0.925304300473985
0.372293658401888
-0.930873748644217
-0.358367949545289
0.936234870639732
0.344362039239070
-0.941386466660920
-0.330279061955141
0.946327383799164
0.316122169413045
-0.951056516295138
-0.301894529873862
0.955572805786145
0.287599327432024
-0.959875241542879
-0.273239761301865
0.963962860695861
0.258819045102513
-0.967834748450661
-0.244340406137934
0.971490038292878
0.229807084674997
-0.974927912181822
-0.215222333218647
0.978147600733818
0.200589415783235
-0.981148383394174
-0.185911607162925
0.983929588598622
0.171192192197922
-0.986490593923525
-0.156434465040226
0.988830826225125
0.141641728415633
-0.990949761767940
-0.126817292884929
0.992846926341836
0.111964476103337
-0.994521895368279
-0.097086602077254
0.995974293995239
0.082187000421245
-0.997203797181176
-0.067269005611990
0.998210129767736
0.052335956242943
-0.998993066541313
-0.037391194276374
0.999552432283504
0.022438064295789
-0.999888101810272
-0.007479912757767
0.999999999999999
-0.007479912757764
-0.999888101810272
0.022438064295786
0.999552432283504
-0.037391194276371
-0.998993066541313
0.052335956242940
0.998210129767736
-0.067269005612101
-0.997203797181176
0.082187000421242
0.995974293995239
-0.097086602077251
-0.994521895368267
0.111964476103335
0.992846926341836
-0.126817292884926
-0.990949761767940
0.141641728415518
0.988830826225142
-0.156434465040336
-0.986490593923507
0.171192192198031
0.983929588598623
-0.185911607162922
-0.981148383394175
0.200589415783232
0.978147600733818
-0.215222333218533
-0.974927912181798
0.229807084675104
0.971490038292852
-0.244340406137931
-0.967834748450662
0.258819045102510
0.963962860695862
-0.273239761301862
-0.959875241542912
0.287599327432130
0.955572805786112
-0.301894529873967
-0.951056516295139
0.316122169413042
0.946327383799165
-0.330279061955138
-0.941386466660921
0.344362039238960
0.936234870639773
-0.358367949545392
-0.930873748644176
0.372293658401991
0.925304300473986
-0.386136049285746
-0.919527772551459
0.399892024319696
0.913545457642630
-0.413558504966431
-0.907358694567820
0.427132432717269
0.900968867902394
-0.440610769775911
-0.894377407666333
0.453990499739530
0.887585789004573
-0.467268628273001
-0.880595531856781
0.480442183779434
0.873408200617087
-0.493508218064399
-0.866025403784420
0.506463806996932
0.858448793601872
-0.519306051163136
-0.850680065687371
0.532032076515262
0.842720958653976
-0.544639035015103
-0.834573253721265
0.557124105270607
0.826238774315984
-0.569484493168445
-0.817719385664449
0.581717432498559
0.809016994374994
-0.593820185573599
-0.800133548011147
0.605790043840877
0.791071034656311
-0.617624328489635
-0.781831482468030
0.629320391049816
0.772416959224631
-0.640875613984966
-0.762829571862331
0.652287411278198
0.753071466003559
-0.663553229010250
-0.743144825477374
0.674670545932077
0.733051871829840
-0.685636874028401
-0.722794863827439
0.696449759074698
0.712376096951268
-0.707106781186606
-0.701797902883949
0.717605555360835
0.691062648986857
-0.727943732009900
-0.680172737770948
0.738118997487296
0.669130606358924
-0.748129074605602
-0.657938725939645
0.757971723145494
0.646599601215769
-0.767644740358020
-0.635115769842185
0.777145961456949
0.623489801858779
-0.786473260103398
-0.611724299114911
0.795624548881838
0.599821894687857
-0.804597779766695
-0.587785252292456
0.813390944581525
0.575617065685696
-0.822002075447879
-0.563320058063686
0.830429245225846
0.550896981452018
-0.838670567945464
-0.538350616090639
0.846724199228297
0.525683769810502
-0.854588336700949
-0.512899277405946
0.862261220397925
0.500000000000083
-0.869741133155747
-0.486988824404296
0.877026400996793
0.473868662472970
-0.884115393504613
-0.460642450450647
0.891006524188348
0.447313148315691
-0.897698250837902
-0.433883739117457
0.904189075869176
0.420357228309508
-0.910477546658831
-0.406736643075788
0.916562255869971
0.393025031653956
-0.922441841766705
-0.379225462653007
0.928114988519082
0.365341024366308
-0.933580426497225
-0.351374824081301
0.938836932555992
0.337329987382835
-0.943883330308357
-0.323209657454512
0.948718490388774
0.309016994374830
-0.953341330705991
-0.294755174410833
0.957750816684944
0.280427389305979
-0.961945961498705
-0.266036845566699
0.965925826289055
0.251586763744580
-0.969689520376662
-0.237080377715396
0.973236201460469
0.222520933956261
-0.976565075805982
-0.207911690817754
0.979675398423231
0.193255917795596
-0.982566473233275
-0.178556894798728
0.985237653224077
0.163817911415053
-0.987688340595146
-0.149042266176139
0.989917986891564
0.134233265817668
-0.991926093126560
-0.119394224540306
0.993712209893232
0.104528463267538
-0.995275937465134
-0.089639308903367
0.996616925885651
0.074730093586407
-0.997734875046455
-0.059804153945066
0.998629534754570
0.044864830350596
-0.999300704788402
-0.029915466169302
0.999748234942507
0.014959407015216
-0.999972025061269
-0.000000000000002
0.999972025061269
-0.014959407015212
-0.999748234942507
0.029915466169298
0.999300704788394
-0.044864830350592
-0.998629534754570
0.059804153945062
0.997734875046455
-0.074730093586403
-0.996616925885652
0.089639308903364
0.995275937465135
-0.104528463267761
-0.993712209893232
0.119394224540302
0.991926093126561
-0.134233265817665
-0.989917986891564
0.149042266176135
0.987688340595147
-0.163817911415050
-0.985237653224039
0.178556894798724
0.982566473233275
-0.193255917795592
-0.979675398423231
0.207911690817750
0.976565075805983
-0.222520933956257
-0.973236201460470
0.237080377715613
0.969689520376663
-0.251586763744576
-0.965925826289056
0.266036845566695
0.961945961498706
-0.280427389305975
-0.957750816684945
0.294755174410830
0.953341330705993
-0.309016994375042
-0.948718490388775
0.323209657454508
0.943883330308358
-0.337329987382831
-0.938836932555993
0.351374824081298
0.933580426497227
-0.365341024366305
-0.928114988518999
0.379225462653003
0.922441841766707
-0.393025031653953
-0.916562255869972
0.406736643075784
0.910477546658832
-0.420357228309505
-0.904189075869178
0.433883739117658
0.897698250837904
-0.447313148315688
-0.891006524188350
0.460642450450643
0.884115393504614
-0.473868662472966
-0.877026400996795
0.486988824404292
0.869741133155637
-0.500000000000080
-0.862261220397927
0.512899277405943
0.854588336700951
-0.525683769810499
-0.846724199228300
0.538350616090635
0.838670567945467
-0.550896981452205
-0.830429245225848
0.563320058063682
0.822002075447881
-0.575617065685693
-0.813390944581527
0.587785252292452
0.804597779766697
-0.599821894687854
-0.795624548881840
0.611724299115088
0.786473260103400
-0.623489801858776
-0.777145961456951
0.635115769842182
0.767644740358023
-0.646599601215766
-0.757971723145497
0.657938725939642
0.748129074605454
-0.669130606358921
-0.738118997487299
0.680172737770945
0.727943732009903
-0.691062648986854
-0.717605555360838
0.701797902883946
0.707106781186609
-0.712376096951425
-0.696449759074701
0.722794863827436
0.685636874028403
-0.733051871829837
-0.674670545932080
0.743144825477372
0.663553229010253
-0.753071466003556
-0.652287411278029
0.762829571862328
0.640875613984969
-0.772416959224629
-0.629320391049819
0.781831482468028
0.617624328489638
-0.791071034656309
-0.605790043840880
0.800133548011145
0.593820185573419
-0.809016994374992
-0.581717432498562
0.817719385664447
0.569484493168449
-0.826238774315982
-0.557124105270610
0.834573253721263
0.544639035015106
-0.842720958654096
-0.532032076515266
0.850680065687369
0.519306051163140
-0.858448793601870
-0.506463806996936
0.866025403784418
0.493508218064403
-0.873408200617085
-0.480442183779238
0.880595531856779
0.467268628273005
-0.887585789004571
-0.453990499739533
0.894377407666332
0.440610769775914
-0.900968867902393
-0.427132432717272
0.907358694567914
0.413558504966434
-0.913545457642628
-0.399892024319699
0.919527772551458
0.386136049285750
-0.925304300473985
-0.372293658401994
0.930873748644175
0.358367949545184
-0.936234870639772
-0.344362039238964
0.941386466660919
0.330279061955142
-0.946327383799164
-0.316122169413046
0.951056516295138
0.301894529873971
-0.955572805786111
-0.287599327431916
0.959875241542911
0.273239761301866
-0.963962860695861
-0.258819045102514
0.967834748450661
0.244340406137935
-0.971490038292851
-0.229807084675108
0.974927912181847
0.215222333218537
-0.978147600733818
-0.200589415783236
