0.000000000000000
0.952433798569322
-0.580499952001573
-0.598624226943435
0.945356108439568
0.022438064295806
-0.959031909598965
0.562083377852128
0.616447076559471
-0.937802403039828
-0.044864830350517
0.965147119180892
-0.543383777794804
-0.633959526508163
0.929776485888249
0.067269005612042
-0.970776348122918
0.524410567641361
0.651152758743575
-0.921282398275819
-0.089639308903438
0.975916761938747
-0.505173300974494
-0.668018115955505
0.912324417231452
0.111964476103316
-0.980565772275220
0.485681664337305
0.684547105928694
-0.902907053368369
-0.134233265817659
0.984721038215627
-0.465945472355819
-0.700731405818916
0.893035048612880
0.156434465040238
-0.988380467458430
0.445974662797066
0.716562866343802
-0.882713373816676
-0.178556894798646
0.991542217370805
-0.425779291565067
-0.732033515886187
0.871947226253854
0.200589415783285
-0.994204695916452
0.405369527637428
0.747135564508153
-0.860742027003941
-0.222520933956330
0.996366562457243
-0.384755647944925
-0.761861407873412
0.849103418222189
0.244340406137899
-0.998026728428272
0.363948032196770
0.776203631076360
-0.837037260298624
-0.266036845566683
0.999184357885974
-0.342957157654115
-0.790155012375699
0.824549628907132
0.287599327432027
-0.999838867929057
0.321793593854430
0.803708526830799
-0.811646811946193
-0.309016994374960
0.999989928992004
-0.300467997289443
-0.816857349838968
0.798335306372698
0.330279061955183
-0.999637465011019
0.278991106039217
0.829594860571844
-0.784621814930586
-0.351374824081361
0.998781653462334
-0.257373734365287
-0.841914645309184
0.770513242775781
0.372293658401966
-0.997422925272833
0.235626767265298
0.853810500668362
-0.756016693999243
-0.393025031653947
0.995561964603078
-0.213761154992093
-0.865276436727948
0.741139468049843
0.413558504966547
-0.993199708502810
0.191787907539936
0.876306680043867
-0.725889056058874
-0.433883739117587
0.990337346439115
-0.169718089100641
-0.886895676556419
0.710273137068040
0.453990499739578
-0.986976319697492
0.147562812492427
0.897038094386974
-0.694299574162826
-0.473868662473007
0.983118320656121
-0.125333233564271
-0.906728826522714
0.677976410513199
0.493508218064358
-0.978765291933705
0.103040545578606
0.915962993388174
-0.661311865323627
-0.512899277405919
0.973919425411297
-0.080695973575206
-0.924735945302249
0.644314329694467
0.532032076515352
-0.968583161128622
0.058310768718924
0.933043264819453
-0.626992362396787
-0.550896981452120
0.962759186055451
-0.035896202634565
-0.940880768954235
0.609354685562775
0.569484493168472
-0.956450432738620
0.013463561731165
0.948244511287227
-0.591410180293873
-0.587785252292495
0.949660077825422
0.008975858481050
-0.955130783952433
0.573167882188906
0.605790043840821
-0.942391540464020
-0.031410759078155
0.961536119504151
-0.554636976794267
-0.623489801858759
0.934648480581904
0.053829843412186
-0.967457292663066
0.535826794978975
0.640875613985030
-0.926434797042868
-0.076221822798918
0.972891321940148
-0.516746808235945
-0.657938725939742
0.917754625683971
0.098575422202451
-0.977835471138036
0.497406623913194
0.674670545932085
-0.908612337232851
-0.120879385912364
0.982287250728692
-0.477815980375860
-0.691062648986897
0.899012535107108
0.143122483211133
-0.986244419107049
0.457984742103034
0.707106781186562
-0.888960053096164
-0.165293514029529
0.989704983719638
-0.437922894720355
-0.722794863827427
0.878459952927492
0.187381314585743
-0.992667202067980
0.417640539972091
0.738118997487358
-0.867517521717711
-0.209374763007134
0.995129582585914
-0.397147890634764
-0.753071466003648
0.856138269310439
0.231262784929977
-0.997090885390707
0.376455265374346
0.767644740358031
-0.844327925502005
-0.253034359076187
0.998550122907322
-0.355573083550919
-0.781831482468069
0.832092437156127
0.274678522802420
-0.999506560365731
0.334511859971793
0.795624548881804
-0.819437965209718
-0.296184377620537
0.999959716170871
-0.313282199597404
-0.809016994374988
0.806370881570430
0.317541094684880
-0.999909362145144
0.291894792200974
0.822002075447935
-0.792897765908457
-0.338737920245356
0.999355523643318
-0.270360406986318
-0.834573253721313
0.779025402343208
0.359764181061847
-0.998298479539762
0.248689887164789
0.846724199228310
-0.764760776027575
-0.380609289778933
0.996738762088009
-0.226894144495835
-0.858448793601878
0.750111069630415
0.401262750256519
-0.994677156652774
0.204984153792158
0.869741133155723
-0.735083659720148
-0.421714162855329
0.992114701314469
-0.182970947394007
-0.880595531856752
0.719686113050139
0.441953229673276
-0.989052686346538
0.160865609613676
0.891006524188396
-0.703926182748911
-0.461969759730616
0.985492653565714
-0.138679271154382
-0.900968867902435
0.687811804415900
0.481753674101769
-0.981436395555731
0.116423103505794
0.910477546658844
-0.671351092125964
-0.501295010989956
0.976885954764630
-0.094108313318454
-0.919527772551467
0.654552334343414
0.520583930743666
-0.971843622476410
0.071746136761344
0.928114988519066
-0.637423989748644
-0.539610720810820
0.966311937657202
-0.049347833863685
-0.936234870639754
0.619974682979064
0.558365800629723
-0.960293685676926
0.026924682845622
0.943883330308375
-0.602213200286075
-0.576839726452830
0.953791896906664
-0.004487974438853
-0.951056516295170
0.584148485111054
0.595023196102055
-0.946809845192915
-0.017950993798201
0.957750816684955
-0.565789633582155
-0.612907053653019
0.939351046208910
0.040380923169170
-0.963962860695854
0.547145889934000
0.630482294044780
-0.931419255684592
-0.062790519529366
0.969689520376695
-0.528226641853067
-0.647740067614522
0.923018467515357
0.085168498972044
-0.974927912181838
0.509041415750326
0.664671684553451
-0.914152911751085
-0.107503593510640
0.979675398423255
-0.489599871964979
-0.681268619282714
0.904827052465997
0.129784556752322
-0.983929588598632
0.469911799899804
0.697522514745772
-0.895045585511137
-0.152000169561332
0.987688340595144
-0.449987113092092
-0.713425186616693
0.884813436149685
0.174139245707484
-0.990949761767945
0.429835844221481
0.728968627421443
-0.874135756577040
-0.196190637499109
0.993712209893254
-0.409468140058803
-0.744145010569405
0.863017923326318
0.218143241396587
-0.995974293995241
0.388894256356582
0.758946694294627
-0.851465534561426
-0.239986003602641
0.997734875046459
-0.368124552684636
-0.773366225503528
0.839484407258008
0.261707925628705
-0.998993066541318
0.347169487214347
0.787396343528048
-0.827080574274537
-0.283298069832775
0.999748234942508
-0.326039611452240
-0.801029983781170
0.814260281314334
0.304745564927275
-0.999999999999999
0.304745564927196
0.814260281314449
-0.801029983781052
-0.326039611452426
0.999748234942504
-0.283298069832695
-0.827080574274584
0.787396343527996
0.347169487214532
-0.998993066541309
0.261707925628515
0.839484407258115
-0.773366225503475
-0.368124552684714
0.997734875046454
-0.239986003602450
-0.851465534561530
0.758946694294498
0.388894256356659
-0.995974293995233
0.218143241396506
0.863017923326360
-0.744145010569273
-0.409468140058983
0.993712209893232
-0.196190637499028
-0.874135756577081
0.728968627421386
0.429835844221659
-0.990949761767918
0.174139245707290
0.884813436149777
-0.713425186616635
-0.449987113092166
0.987688340595131
-0.152000169561137
-0.895045585511225
0.697522514745631
0.469911799899978
-0.983929588598617
0.129784556752239
0.904827052466033
-0.681268619282570
-0.489599871965151
0.979675398423215
-0.107503593510444
-0.914152911751118
0.664671684553389
0.509041415750398
-0.974927912181794
0.085168498971847
0.923018467515433
-0.647740067614372
-0.528226641853137
0.969689520376674
-0.062790519529283
-0.931419255684664
0.630482294044627
0.547145889934164
-0.963962860695832
0.040380923169087
0.939351046208938
-0.612907053652953
-0.565789633582318
0.957750816684898
-0.017950993798004
-0.946809845192942
0.595023196101988
0.584148485111122
-0.951056516295109
-0.004487974439050
0.953791896906724
-0.576839726452669
-0.602213200286142
0.943883330308347
0.026924682845705
-0.960293685676981
0.558365800629560
0.619974682979174
-0.936234870639705
-0.049347833863824
0.966311937657238
-0.539610720810750
-0.637423989748795
0.928114988518993
0.071746136761484
-0.971843622476443
0.520583930743546
0.654552334343477
-0.919527772551434
-0.094108313318650
0.976885954764672
-0.501295010989835
-0.671351092126068
0.910477546658786
0.116423103505877
-0.981436395555747
0.481753674101596
0.687811804416043
-0.900968867902374
-0.138679271154521
0.985492653565737
-0.461969759730542
-0.703926182749051
0.891006524188306
0.160865609613814
-0.989052686346558
0.441953229673151
0.719686113050237
-0.880595531856713
-0.182970947394201
0.992114701314493
-0.421714162855202
-0.735083659720243
0.869741133155654
0.204984153792295
-0.994677156652782
0.401262750256339
0.750111069630545
-0.858448793601807
-0.226894144495972
0.996738762088020
-0.380609289778804
-0.764760776027629
0.846724199228206
0.248689887164980
-0.998298479539770
0.359764181061717
0.779025402343296
-0.834573253721267
-0.270360406986398
0.999355523643326
-0.338737920245171
-0.792897765908542
0.822002075447855
0.291894792201108
-0.999909362145145
0.317541094684801
0.806370881570547
-0.809016994374872
-0.313282199597537
0.999959716170869
-0.296184377620404
-0.819437965209766
0.795624548881685
0.334511859971978
-0.999506560365727
0.274678522802285
0.832092437156204
-0.781831482467982
-0.355573083550997
0.998550122907311
-0.253034359075996
-0.844327925502080
0.767644740357942
0.376455265374476
-0.997090885390696
0.231262784929896
0.856138269310541
-0.753071466003519
-0.397147890634892
