0.000000000000000
0.978457541230249
0.404001504979995
-0.811646811946194
-0.739127475930343
0.506463806996922
0.948244511287226
-0.114937150492866
-0.995701636221687
-0.296184377620479
0.873408200617128
0.656811397846138
-0.602213200286079
-0.905463004055327
0.228350870110655
0.999748234942506
0.184441483668979
-0.923593027544012
-0.565789633582217
0.689980577501576
0.850680065687340
-0.338737920245286
-0.990543701876217
-0.070253915826909
0.961536119504146
0.467268628273066
-0.768602628680519
-0.784621814930593
0.444635179184926
0.968210038219159
-0.044864830350508
-0.986734560969004
-0.362554225509620
0.837037260298627
0.708163818808671
-0.544639035015025
-0.933043264819446
0.159388917033866
0.998854359982399
0.253034359076137
-0.894377407666334
-0.622319487445622
0.637423989748682
0.885509498577874
-0.271800388289458
-0.997734875046456
-0.140160656625151
0.939863057589409
0.528226641853093
-0.721760228098354
-0.826238774315999
0.380609289778856
0.983390944339328
0.025429199124052
-0.972891321940143
-0.427132432717200
0.796529918024193
0.756016693999254
-0.484373417312186
-0.956012689043034
0.089639308903420
0.993024428619198
0.320376810078741
-0.860742027003937
-0.675774014000225
0.581717432498598
0.915962993388169
-0.203519695507862
-0.999995523992272
-0.209374763007089
0.913545457642598
0.586574308417316
-0.671351092125991
-0.863772694816218
0.314702536658158
0.993712209893243
0.095597564671833
-0.954240328516272
-0.489599871965061
0.752086349649497
0.800133548011211
-0.421714162855300
-0.974257768312792
0.019446728601660
0.982287250728684
0.386136049285763
-0.822853102117255
-0.725889056058899
0.523136191838680
0.941890057539857
-0.134233265817642
-0.997314477224456
-0.277554198388944
0.882713373816677
0.642023290261370
-0.617624328489599
-0.897038094386978
0.247240612400028
0.999122830098858
0.165293514029504
-0.930873748644197
-0.549647846794696
0.703926182748933
0.840296367800340
-0.356970915999475
-0.987688340595139
-0.050841951945634
0.966695886414316
0.449987113092130
-0.780897869382074
-0.772416959224604
0.461969759730582
0.963162566797659
-0.064283493203990
-0.989704983719633
-0.344362039239039
0.847519169570108
0.694299574162867
-0.560845439695139
-0.925870584810005
0.178556894798609
0.999596067197816
0.234172629481249
-0.902907053368361
-0.606979617058066
0.652287411278103
0.876306680043873
-0.290463619602265
-0.996238035791519
-0.120879385912344
0.946327383799157
0.511614467557213
-0.735083659720165
-0.815127795728562
0.398520403422598
0.979675398423237
0.005983950294397
-0.977204647447551
-0.409468140058900
0.808136764729658
0.743144825477399
-0.501295010989893
-0.950127684053211
0.108990799405995
0.995129582585907
0.301894529873933
-0.870478446205534
-0.661311865323674
0.597425219474850
0.907986531939632
-0.222520933956287
-0.999864603720714
-0.190319468062074
0.921282398275812
0.570713567684451
-0.685636874028417
-0.853810500668358
0.333101671730286
0.991346950662072
0.076221822798904
-0.959875241542883
-0.472550764869068
0.764760776027587
0.788317664755538
-0.439267323789371
-0.969689520376689
0.038886102236373
0.985745448369786
0.368124552684714
-0.833748180182026
-0.712376096951370
0.539610720810754
0.935179370598564
-0.153478612642806
-0.998550122907318
-0.258819045102551
0.891684695095863
0.626992362396841
-0.632801864369458
-0.888273915031169
0.266036845566648
0.998119545996329
0.146083028562437
-0.937802403039820
-0.533298177137581
0.717605555360796
0.829594860571843
-0.375068901421488
-0.984459424705056
-0.031410759078147
0.971490038292856
0.432535407828776
-0.792897765908447
-0.759919966917083
0.479129618224857
0.957750816684933
-0.083677843332275
-0.992301089144610
-0.326039611452378
0.857680537756938
0.680172737770946
-0.576839726452738
-0.918347730347660
0.197657340379121
0.999959716170870
0.215222333218681
-0.911095209678012
-0.591410180293956
0.666904130524161
0.866772432671675
-0.309016994374921
-0.994364408338684
-0.101552397284388
0.952433798569306
0.494808795034680
-0.748129074605492
-0.803708526830801
0.416280792260356
0.975589328481123
-0.013463561731138
-0.981148383394168
-0.391648982040091
0.819437965209722
0.729991891397423
-0.518027009373118
-0.943883330308380
0.128301068387830
0.996858367583928
0.283298069832759
-0.879885640871160
-0.646599601215805
0.612907053652948
0.899666659983978
-0.241438012536614
-0.999355523643323
-0.171192192198006
0.928670899758805
0.554636976794334
-0.699663340513324
-0.843525385985106
0.351374824081291
0.988606753095268
0.056817252993098
-0.965147119180885
-0.455322933869059
0.777145961456956
0.776203631076384
-0.456654348983407
-0.964754525183634
0.058310768718920
0.988830826225121
0.349973827323202
-0.844327925501991
-0.698593709357691
0.555881163064849
0.928114988519043
-0.172665912166239
-0.999408105935466
-0.239986003602603
0.900318771402164
0.611724299115034
-0.647740067614384
-0.879173780697069
0.284732460668065
0.996738762088016
0.126817292885008
-0.944376370237470
-0.516746808236044
0.731013521647770
0.818579591429770
-0.393025031653899
-0.980858175417513
-0.011967686315612
0.975916761938735
0.414920112910149
-0.804597779766638
-0.747135564508163
0.496108264620315
0.951976834664479
-0.103040545578596
-0.994521895368271
-0.307593871893574
0.867517521717681
0.665788652558041
-0.592615846072296
-0.910477546658832
0.216683029776380
0.999945169365512
0.196190637499160
-0.918938779744378
-0.575617065685726
0.681268619282640
0.856910362418621
-0.327453495516730
-0.992114701314484
-0.082187000421261
0.958179992386548
0.477815980375941
-0.760891538834781
-0.791985286515986
0.433883739117508
0.971134279909641
-0.032905981689366
-0.984721038215622
-0.373681698062549
0.830429245225891
0.716562866343826
-0.534563084235720
-0.937281989491907
0.147562812492383
0.998210129767731
0.264594463341355
-0.888960053096172
-0.631642786017045
0.628157079632674
0.891006524188398
-0.260263776601353
-0.998468476299787
-0.152000169561304
0.935708167678954
0.538350616090712
-0.713425186616638
-0.832921240710118
0.369515082603742
0.985492653565731
0.037391194276385
-0.970053967548089
-0.437922894720418
0.789237221724061
0.763796028634677
-0.473868662472975
-0.959454649203148
0.077713381426492
0.991542217370797
0.331690738005595
-0.854588336700935
-0.684547105928745
0.571941364940487
0.920699583128453
-0.191787907539914
-0.999888101810271
-0.221062196752838
0.908612337232844
0.596224874965649
-0.662433288431423
-0.869741133155715
0.303320386816785
0.994981000601602
0.107503593510591
-0.950593163890347
-0.500000000000055
0.744145010569329
0.807254726470203
-0.410832515490482
-0.976885954764660
0.007479912757702
0.979974383116307
0.397147890634807
-0.815993485882520
-0.734068587199685
0.512899277405859
0.945842804519910
-0.122364276755670
-0.996366562457235
-0.289031796944520
0.877026400996728
0.651152758743610
-0.608167831851726
-0.902263010333677
0.235626767265243
0.999552432283504
0.177084740319655
-0.926434797042870
-0.559606246363292
0.695375444745677
0.846724199228320
-0.345766150139843
-0.989489765582899
-0.062790519529351
0.963563791977100
0.460642450450714
-0.773366225503470
-0.779962508642726
0.451322586365694
0.966311937657246
-0.052335956242885
-0.987921260694508
-0.355573083551048
0.841106447754971
0.702862829321811
-0.550896981452080
-0.930326158303618
0.166768746716022
0.999184357885971
0.245790784309509
-0.897698250837896
-0.616447076559530
0.643169529686235
0.882009399911620
-0.278991106039130
-0.997203797181185
-0.132750658786314
0.942391540464029
0.521860645254632
-0.726917207456566
-0.822002075447932
0.387515586452093
0.982005829860214
0.017950993798163
-0.974593930820400
-0.420357228309675
0.801029983781060
0.751099550122340
-0.490903753615112
-0.953791896906726
0.097086602077201
0.993878596328820
0.313282199597460
-0.864525533178304
-0.670241599244556
0.587785252292429
0.912935959014710
-0.210837366614512
-0.999989928992005
-0.202054781745438
0.916562255869967
0.580499952001659
-0.676875969682604
-0.859979539938298
0.321793593854433
0.992846926341848
0.088149235093042
-0.956450432738618
-0.483064086256917
0.756995055651692
0.795624548881822
-0.428484617944716
-0.972544265084111
0.026924682845569
0.983661367188552
0.379225462652961
-0.827080574274494
-0.720723977066312
0.529496306035512
0.939351046208933
-0.141641728415474
-0.997834392738105
-0.270360406986407
0.886203579231201
0.636270591783940
-0.623489801858668
-0.893707228200308
0.254481388115542
0.998781653462339
0.157911867740913
-0.933580426497183
-0.543383777794822
0.709219271556468
0.836217795619881
-0.363948032196742
-0.986490593923523
-0.043370290571424
0.968583161128612
0.443294700477018
-0.785548416547630
-0.767644740358072
0.468590738440659
0.961124125586847
-0.071746136761257
-0.990747840471430
-0.337329987382889
0.851465534561458
0.688896961836316
-0.567022523362319
-0.923018467515419
0.185911607162885
0.999780683474842
0.226894144495959
-0.906096929213774
-0.601018220027944
0.657938725939629
0.872678689965221
-0.297612917967849
-0.995561964603081
-0.113450940250086
0.948718490388774
0.505173300974542
-0.740134300202184
-0.810772019947151
0.405369527637368
0.978147600733814
-0.001495995943573
-0.978765291933690
-0.402632578165183
0.812519787475558
0.738118997487424
-0.507753179550671
-0.947768410009606
0.116423103505786
0.995839079454929
0.294755174410992
-0.874135756577025
-0.655682599805317
0.603406832787924
0.904827052466056
-0.229807084674962
-0.999713548968503
-0.182970947394166
0.924165520566675
0.564555477561986
-0.691062648986846
-0.849892692986921
