0.000000000000000
0.814260281314378
-0.945356108439568
0.283298069832749
0.616447076559470
-0.998993066541314
0.543383777794804
0.368124552684679
-0.970776348122918
0.758946694294552
0.089639308903438
-0.863017923326352
0.912324417231453
-0.196190637499092
-0.684547105928691
0.990949761767933
-0.465945472355819
-0.449987113092123
0.988380467458431
-0.697522514745698
-0.178556894798645
0.904827052466021
-0.871947226253856
0.107503593510517
0.747135564508152
-0.974927912181821
0.384755647944930
0.528226641853093
-0.998026728428271
0.630482294044703
0.266036845566691
-0.939351046208925
0.824549628907134
-0.017950993798082
-0.803708526830791
0.951056516295149
-0.300467997289438
-0.602213200286097
0.999637465011020
-0.558365800629651
-0.351374824081359
0.966311937657225
-0.770513242775781
-0.071746136761396
0.853810500668357
-0.919527772551445
0.213761154992099
0.671351092126018
-0.993199708502811
0.481753674101702
0.433883739117574
-0.985492653565730
0.710273137068047
0.160865609613715
-0.897038094386977
0.880595531856725
-0.125333233564288
-0.735083659720190
0.978765291933705
-0.401262750256460
-0.512899277405934
0.996738762088016
-0.644314329694483
-0.248689887164886
0.933043264819451
-0.834573253721295
0.035896202634551
0.792897765908487
-0.956450432738627
0.317541094684816
0.587785252292489
-0.999959716170870
0.573167882188898
0.334511859971863
-0.961536119504158
0.781831482468012
0.053829843412146
-0.844327925502034
0.926434797042877
-0.231262784929936
-0.657938725939738
0.995129582585908
-0.497406623913208
-0.417640539972162
0.982287250728692
-0.722794863827361
-0.143122483211152
0.888960053096203
-0.888960053096173
0.143122483211088
0.722794863827406
-0.982287250728680
0.417640539972103
0.497406623913239
-0.995129582585914
0.657938725939690
0.231262784929971
-0.926434797042901
0.844327925501999
-0.053829843412081
-0.781831482468052
0.961536119504140
-0.334511859971802
-0.573167882188951
0.999959716170870
-0.587785252292437
-0.317541094684877
0.956450432738638
-0.792897765908448
-0.035896202634616
0.834573253721330
-0.933043264819428
0.248689887164823
0.644314329694533
-0.996738762088010
0.512899277405879
0.401262750256519
-0.978765291933724
0.735083659720156
0.125333233564352
-0.880595531856769
0.897038094386955
-0.160865609613652
-0.710273137068103
0.985492653565721
-0.433883739117516
-0.481753674101772
0.993199708502815
-0.671351092125970
-0.213761154992176
0.919527772551460
-0.853810500668324
0.071746136761317
0.770513242775804
-0.966311937657212
0.351374824081285
0.558365800629681
-0.999637465011021
0.602213200286034
0.300467997289472
-0.951056516295165
0.803708526830753
0.017950993798175
-0.824549628907162
0.939351046208903
-0.266036845566601
-0.630482294044743
0.998026728428267
-0.528226641853020
-0.384755647944970
0.974927912181835
-0.747135564508100
-0.107503593510560
0.871947226253888
-0.904827052465988
0.178556894798602
0.697522514745740
-0.988380467458419
0.449987113092091
0.465945472355870
-0.990949761767943
0.684547105928665
0.196190637499145
-0.912324417231482
0.863017923326334
-0.089639308903384
-0.758946694294599
0.970776348122896
-0.368124552684633
-0.543383777794861
0.998993066541317
-0.616447076559432
-0.283298069832812
0.945356108439595
-0.814260281314351
-0.000000000000065
0.814260281314426
-0.945356108439553
0.283298069832688
0.616447076559534
-0.998993066541312
0.543383777794753
0.368124552684753
-0.970776348122927
0.758946694294515
0.089639308903513
-0.863017923326370
0.912324417231429
-0.196190637499018
-0.684547105928717
0.990949761767926
-0.465945472355756
-0.449987113092156
0.988380467458439
-0.697522514745647
-0.178556894798730
0.904827052466043
-0.871947226253825
0.107503593510432
0.747135564508186
-0.974927912181806
0.384755647944850
0.528226641853130
-0.998026728428275
0.630482294044642
0.266036845566726
-0.939351046208947
0.824549628907089
-0.017950993798045
-0.803708526830830
0.951056516295125
-0.300467997289403
-0.602213200286137
0.999637465011018
-0.558365800629621
-0.351374824081406
0.966311937657245
-0.770513242775758
-0.071746136761446
0.853810500668391
-0.919527772551409
0.213761154992050
0.671351092126066
-0.993199708502800
0.481753674101658
0.433883739117633
-0.985492653565743
0.710273137068012
0.160865609613779
-0.897038094387012
0.880595531856708
-0.125333233564224
-0.735083659720243
0.978765291933698
-0.401262750256349
-0.512899277405941
0.996738762088018
-0.644314329694434
-0.248689887164949
0.933043264819485
-0.834573253721228
0.035896202634543
0.792897765908510
-0.956450432738608
0.317541094684754
0.587785252292564
-0.999959716170869
0.573167882188892
0.334511859971897
-0.961536119504168
0.781831482467971
0.053829843412239
-0.844327925502084
0.926434797042874
-0.231262784929900
-0.657938725939766
0.995129582585901
-0.497406623913127
-0.417640539972246
0.982287250728715
-0.722794863827356
-0.143122483211188
0.888960053096232
-0.888960053096144
0.143122483210996
0.722794863827490
-0.982287250728679
0.417640539972070
0.497406623913296
-0.995129582585921
0.657938725939620
0.231262784930089
-0.926434797042904
0.844327925501980
-0.053829843412045
-0.781831482468092
0.961536119504115
-0.334511859971714
-0.573167882188957
0.999959716170871
-0.587785252292407
-0.317541094684938
0.956450432738665
-0.792897765908391
-0.035896202634737
0.834573253721335
-0.933043264819415
0.248689887164761
0.644314329694582
-0.996738762088003
0.512899277405775
0.401262750256526
-0.978765291933726
0.735083659720112
0.125333233564416
-0.880595531856800
0.897038094386901
-0.160865609613644
-0.710273137068108
0.985492653565710
-0.433883739117458
-0.481753674101828
0.993199708502829
-0.671351092125964
-0.213761154992184
0.919527772551485
-0.853810500668290
0.071746136761252
0.770513242775881
-0.966311937657181
0.351374824081278
0.558365800629735
-0.999637465011023
0.602213200285982
0.300467997289588
-0.951056516295203
0.803708526830748
0.017950993798183
-0.824549628907199
0.939351046208881
-0.266036845566539
-0.630482294044837
0.998026728428267
-0.528226641853013
-0.384755647945029
0.974927912181849
-0.747135564508057
-0.107503593510681
0.871947226253892
-0.904827052465984
0.178556894798539
0.697522514745786
-0.988380467458409
0.449987113091982
0.465945472355978
-0.990949761767944
0.684547105928617
0.196190637499208
-0.912324417231508
0.863017923326272
-0.089639308903263
-0.758946694294604
0.970776348122894
-0.368124552684572
-0.543383777794916
0.998993066541320
-0.616447076559336
-0.283298069832820
0.945356108439598
-0.814260281314313
-0.000000000000129
0.814260281314464
-0.945356108439514
0.283298069832681
0.616447076559540
-0.998993066541309
0.543383777794698
0.368124552684813
-0.970776348122957
0.758946694294436
0.089639308903521
-0.863017923326403
0.912324417231402
-0.196190637498955
-0.684547105928806
0.990949761767909
-0.465945472355749
-0.449987113092213
0.988380467458448
-0.697522514745601
-0.178556894798793
0.904827052466094
-0.871947226253821
0.107503593510424
0.747135564508229
-0.974927912181792
0.384755647944791
0.528226641853233
-0.998026728428276
0.630482294044636
0.266036845566788
-0.939351046208969
0.824549628907052
-0.017950993797924
-0.803708526830834
0.951056516295123
-0.300467997289342
-0.602213200286189
0.999637465011016
-0.558365800629520
-0.351374824081520
0.966311937657247
-0.770513242775716
-0.071746136761510
0.853810500668425
-0.919527772551383
0.213761154991931
0.671351092126072
-0.993199708502799
0.481753674101601
0.433883739117691
-0.985492653565754
0.710273137067926
0.160865609613787
-0.897038094387016
0.880595531856677
-0.125333233564160
-0.735083659720287
0.978765291933673
-0.401262750256394
-0.512899277405997
0.996738762088024
-0.644314329694384
-0.248689887165011
0.933043264819508
-0.834573253721192
0.035896202634478
0.792897765908549
-0.956450432738589
0.317541094684693
0.587785252292617
-0.999959716170868
0.573167882188839
0.334511859971958
-0.961536119504186
0.781831482467931
0.053829843412304
-0.844327925502118
0.926434797042849
-0.231262784929837
-0.657938725939815
0.995129582585895
-0.497406623913071
-0.417640539972305
0.982287250728706
-0.722794863827311
-0.143122483211252
0.888960053096262
-0.888960053096114
0.143122483210932
0.722794863827535
-0.982287250728667
0.417640539972011
0.497406623913352
-0.995129582585927
0.657938725939571
0.231262784930152
-0.926434797042928
0.844327925501945
-0.053829843411981
-0.781831482468133
0.961536119504097
-0.334511859971653
-0.573167882189010
0.999959716170871
-0.587785252292355
-0.317541094684999
0.956450432738684
-0.792897765908352
-0.035896202634688
0.834573253721370
-0.933043264819392
0.248689887164698
0.644314329694631
-0.996738762087998
0.512899277405719
0.401262750256586
-0.978765291933739
0.735083659719991
0.125333233564481
-0.880595531856776
0.897038094386873
-0.160865609613580
-0.710273137068234
0.985492653565699
-0.433883739117502
-0.481753674101885
0.993199708502823
-0.671351092125832
-0.213761154992247
0.919527772551555
-0.853810500668256
0.071746136761301
0.770513242775922
-0.966311937657193
0.351374824081111
0.558365800629788
-0.999637465011028
0.602213200285930
0.300467997289542
-0.951056516295223
0.803708526830710
0.017950993798361
-0.824549628907235
0.939351046208897
-0.266036845566477
-0.630482294044799
0.998026728428255
-0.528226641852958
-0.384755647945194
0.974927912181864
-0.747135564508089
-0.107503593510745
0.871947226253924
-0.904827052465908
0.178556894798475
0.697522514745751
-0.988380467458399
0.449987113092026
0.465945472356035
-0.990949761767953
0.684547105928487
