0.000000000000000
0.103040545578642
0.204984153792230
0.304745564927220
0.401262750256474
0.493508218064346
0.580499952001573
0.661311865323651
0.735083659720176
0.801029983781115
0.858448793601865
0.906728826522707
0.945356108439568
0.973919425411303
0.992114701314477
0.999748234942506
0.996738762088014
0.983118320656125
0.959031909598965
0.924735945302240
0.880595531856737
0.827080574274561
0.764760776027598
0.694299574162845
0.616447076559470
0.532032076515336
0.441953229673227
0.347169487214418
0.248689887164855
0.147562812492458
0.044864830350515
-0.058310768718938
-0.160865609613698
-0.261707925628600
-0.359764181061806
-0.453990499739546
-0.543383777794805
-0.626992362396817
-0.703926182748944
-0.773366225503510
-0.834573253721302
-0.886895676556414
-0.929776485888250
-0.962759186055460
-0.985492653565726
-0.997734875046455
-0.999355523643320
-0.990337346439118
-0.970776348122917
-0.940880768954225
-0.900968867902418
-0.851465534561475
-0.792897765908475
-0.725889056058888
-0.651152758743573
-0.569484493168452
-0.481753674101715
-0.388894256356595
-0.291894792201034
-0.191787907539960
-0.089639308903434
0.013463561731185
0.116423103505822
0.218143241396542
0.317541094684844
0.413558504966520
0.505173300974500
0.591410180293908
0.671351092126003
0.744145010569352
0.809016994374946
0.865276436727945
0.912324417231453
0.949660077825425
0.976885954764647
0.993712209893242
0.999959716170870
0.995561964603079
0.980565772275219
0.955130783952422
0.919527772551450
0.874135756577055
0.819437965209731
0.756016693999252
0.684547105928689
0.605790043840820
0.520583930743609
0.429835844221539
0.334511859971846
0.235626767265316
0.134233265817656
0.031410759078128
-0.071746136761379
-0.174139245707389
-0.274678522802389
-0.372293658401944
-0.465945472355823
-0.554636976794309
-0.637423989748688
-0.713425186616682
-0.781831482468029
-0.841914645309169
-0.893035048612885
-0.934648480581910
-0.966311937657223
-0.987688340595137
-0.998550122907320
-0.998781653462334
-0.988380467458430
-0.967457292663056
-0.936234870639736
-0.895045585511174
-0.844327925502014
-0.784621814930591
-0.716562866343793
-0.640875613985024
-0.558365800629663
-0.469911799899906
-0.376455265374392
-0.278991106039230
-0.178556894798637
-0.076221822798885
0.026924682845663
0.129784556752288
0.231262784929950
0.330279061955165
0.425779291565071
0.516746808235993
0.602213200286081
0.681268619282665
0.753071466003610
0.816857349838955
0.871947226253861
0.917754625683980
0.953791896906691
0.979675398423234
0.995129582585910
0.999989928992004
0.994204695916451
0.977835471138026
0.951056516295153
0.914152911751092
0.867517521717717
0.811646811946195
0.747135564508150
0.674670545932075
0.595023196102038
0.509041415750372
0.417640539972132
0.321793593854450
0.222520933956315
0.120879385912326
0.017950993798097
-0.085168498971958
-0.187381314585723
-0.287599327432016
-0.384755647944934
-0.477815980375914
-0.565789633582213
-0.647740067614432
-0.722794863827390
-0.790155012375689
-0.849103418222192
-0.899012535107121
-0.939351046208923
-0.969689520376686
-0.989704983719634
-0.999184357885974
-0.998026728428271
-0.986244419107040
-0.963962860695853
-0.931419255684618
-0.888960053096193
-0.837037260298631
-0.776203631076353
-0.707106781186548
-0.630482294044714
-0.547145889934086
-0.457984742103068
-0.363948032196785
-0.266036845566676
-0.165293514029485
-0.062790519529314
0.040380923169148
0.143122483211119
0.244340406137894
0.342957157654131
0.437922894720366
0.528226641853081
0.612907053652974
0.691062648986862
0.761861407873404
0.824549628907139
0.878459952927508
0.923018467515396
0.957750816684929
0.982287250728687
0.996366562457242
0.999838867929057
0.992667202067973
0.974927912181823
0.946809845192917
0.908612337232874
0.860742027003943
0.803708526830788
0.738118997487340
0.664671684553425
0.584148485111089
0.497406623913224
0.405369527637438
0.309016994374950
0.209374763007087
0.107503593510527
0.004487974438928
-0.098575422202442
-0.200589415783271
-0.300467997289450
-0.397147890634779
-0.489599871965051
-0.576839726452743
-0.657938725939711
-0.732033515886184
-0.798335306372700
-0.856138269310461
-0.904827052466019
-0.943883330308367
-0.972891321940144
-0.991542217370803
-0.999637465011020
-0.997090885390702
-0.983929588598629
-0.960293685676943
-0.926434797042887
-0.882713373816683
-0.829594860571832
-0.767644740358012
-0.697522514745703
-0.619974682979091
-0.535826794978997
-0.445974662797069
-0.351374824081343
-0.253034359076132
-0.152000169561268
-0.049347833863751
0.053829843412128
0.156434465040231
0.257373734365302
0.355573083550939
0.449987113092118
0.539610720810781
0.623489801858731
0.700731405818911
0.770513242775787
0.832092437156152
0.884813436149737
0.928114988519037
0.961536119504147
0.984721038215625
0.997422925272833
0.999506560365731
0.990949761767934
0.971843622476422
0.942391540464034
0.902907053368372
0.853810500668347
0.795624548881780
0.728968627421413
0.654552334343437
0.573167882188924
0.485681664337310
0.393025031653926
0.296184377620480
0.196190637499097
0.094108313318517
-0.008975858480996
-0.111964476103306
-0.213761154992112
-0.313282199597431
-0.409468140058889
-0.501295010989923
-0.587785252292472
-0.668018115955500
-0.741139468049854
-0.806370881570462
-0.863017923326349
-0.910477546658815
-0.948244511287224
-0.975916761938746
-0.993199708502811
-0.999909362145144
-0.995974293995238
-0.981436395555740
-0.956450432738631
-0.921282398275822
-0.876306680043864
-0.822002075447910
-0.758946694294556
-0.687811804415958
-0.609354685562809
-0.524410567641366
-0.433883739117559
-0.338737920245292
-0.239986003602566
-0.138679271154437
-0.035896202634583
0.067269005612039
0.169718089100665
0.270360406986349
0.368124552684674
0.461969759730587
0.550896981452099
0.633959526508159
0.710273137068055
0.779025402343244
0.839484407258075
0.891006524188366
0.933043264819443
0.965147119180891
0.986976319697494
0.998298479539764
0.998993066541314
0.989052686346544
0.968583161128630
0.937802403039828
0.897038094386968
0.846724199228283
0.787396343528011
0.719686113050190
0.644314329694494
0.562083377852130
0.473868662472998
0.380609289778863
0.283298069832748
0.182970947394054
0.080695973575216
-0.022438064295799
-0.125333233564299
-0.226894144495871
-0.326039611452337
-0.421714162855302
-0.512899277405901
-0.598624226943431
-0.677976410513217
-0.750111069630456
-0.814260281314375
-0.869741133155692
-0.915962993388164
-0.952433798569321
-0.978765291933710
-0.994677156652777
-0.999999999999999
-0.994677156652778
-0.978765291933711
-0.952433798569323
-0.915962993388167
-0.869741133155696
-0.814260281314379
-0.750111069630460
-0.677976410513222
-0.598624226943436
-0.512899277405907
-0.421714162855308
-0.326039611452343
-0.226894144495877
-0.125333233564305
-0.022438064295805
0.080695973575217
0.182970947394054
0.283298069832749
0.380609289778864
0.473868662472998
0.562083377852130
0.644314329694494
0.719686113050190
0.787396343528012
0.846724199228280
0.897038094386965
0.937802403039826
0.968583161128629
0.989052686346543
0.998993066541313
0.998298479539764
0.986976319697495
0.965147119180892
0.933043264819445
0.891006524188369
0.839484407258078
0.779025402343248
0.710273137068059
0.633959526508164
0.550896981452105
0.461969759730592
0.368124552684680
0.270360406986355
0.169718089100671
0.067269005612042
-0.035896202634580
-0.138679271154434
-0.239986003602564
-0.338737920245289
-0.433883739117556
-0.524410567641364
-0.609354685562807
-0.687811804415956
-0.758946694294554
-0.822002075447909
-0.876306680043862
-0.921282398275821
-0.956450432738631
-0.981436395555739
-0.995974293995238
-0.999909362145144
-0.993199708502812
-0.975916761938746
-0.948244511287227
-0.910477546658818
-0.863017923326352
-0.806370881570466
-0.741139468049858
-0.668018115955505
-0.587785252292477
-0.501295010989929
-0.409468140058895
-0.313282199597437
-0.213761154992119
-0.111964476103312
-0.008975858481002
0.094108313318510
0.196190637499091
0.296184377620474
0.393025031653920
0.485681664337305
0.573167882188919
0.654552334343432
0.728968627421409
0.795624548881779
0.853810500668345
0.902907053368371
0.942391540464033
0.971843622476422
0.990949761767933
0.999506560365730
0.997422925272833
0.984721038215626
0.961536119504148
0.928114988519038
0.884813436149738
0.832092437156153
0.770513242775789
0.700731405818913
0.623489801858733
0.539610720810784
0.449987113092120
0.355573083550948
0.257373734365308
0.156434465040237
0.053829843412134
-0.049347833863745
-0.152000169561261
-0.253034359076126
-0.351374824081337
-0.445974662797063
-0.535826794978992
-0.619974682979086
-0.697522514745698
-0.767644740358007
-0.829594860571828
-0.882713373816680
-0.926434797042885
-0.960293685676941
-0.983929588598628
-0.997090885390701
-0.999637465011020
-0.991542217370804
-0.972891321940145
-0.943883330308368
-0.904827052466020
-0.856138269310462
-0.798335306372702
-0.732033515886186
-0.657938725939713
-0.576839726452746
-0.489599871965053
-0.397147890634782
-0.300467997289453
-0.200589415783274
-0.098575422202444
0.004487974438925
0.107503593510524
0.209374763007084
0.309016994374947
0.405369527637436
0.497406623913222
0.584148485111081
0.664671684553420
0.738118997487335
0.803708526830784
0.860742027003940
0.908612337232871
0.946809845192915
0.974927912181821
0.992667202067972
0.999838867929057
0.996366562457243
0.982287250728689
0.957750816684931
0.923018467515398
0.878459952927511
0.824549628907142
0.761861407873408
0.691062648986867
0.612907053652979
