0.000000000000000
0.710273137068056
0.999959716170870
0.697522514745702
-0.017950993798097
-0.722794863827391
-0.999637465011020
-0.684547105928688
0.035896202634582
0.735083659720176
0.998993066541314
0.671351092126003
-0.053829843412128
-0.747135564508149
-0.998026728428271
-0.657938725939712
0.071746136761379
0.758946694294555
0.996738762088014
0.644314329694494
-0.089639308903433
-0.770513242775789
-0.995129582585910
-0.630482294044714
0.107503593510525
0.781831482468029
0.993199708502812
0.616447076559469
-0.125333233564303
-0.792897765908475
-0.990949761767934
-0.602213200286081
0.143122483211119
0.803708526830787
0.988380467458430
0.587785252292473
-0.160865609613699
-0.814260281314378
-0.985492653565726
-0.573167882188921
0.178556894798635
0.824549628907138
0.982287250728687
0.558365800629661
-0.196190637499095
-0.834573253721301
-0.978765291933711
-0.543383777794803
0.213761154992116
0.844327925502014
0.974927912181823
0.528226641853086
-0.231262784929955
-0.853810500668347
-0.970776348122917
-0.512899277405907
0.248689887164851
0.863017923326351
0.966311937657223
0.497406623913222
-0.266036845566673
-0.871947226253860
-0.961536119504147
-0.481753674101714
0.283298069832749
0.880595531856736
0.956450432738632
0.465945472355822
-0.300467997289452
-0.888960053096192
-0.951056516295153
-0.449987113092124
0.317541094684846
0.897038094386968
0.945356108439568
0.433883739117560
-0.334511859971842
-0.904827052466019
-0.939351046208923
-0.417640539972132
0.351374824081340
0.912324417231452
0.933043264819445
0.401262750256474
-0.368124552684683
-0.919527772551449
-0.926434797042885
-0.384755647944941
0.384755647944936
0.926434797042889
0.919527772551451
0.368124552684675
-0.401262750256469
-0.933043264819443
-0.912324417231451
-0.351374824081345
0.417640539972133
0.939351046208921
0.904827052466019
0.334511859971840
-0.433883739117555
-0.945356108439569
-0.897038094386970
-0.317541094684844
0.449987113092125
0.951056516295152
0.888960053096191
0.300467997289457
-0.465945472355824
-0.956450432738632
-0.880595531856739
-0.283298069832747
0.481753674101709
0.961536119504148
0.871947226253859
0.266036845566678
-0.497406623913223
-0.966311937657221
-0.863017923326350
-0.248689887164850
0.512899277405902
0.970776348122918
0.853810500668350
0.231262784929953
-0.528226641853088
-0.974927912181822
-0.844327925502013
-0.213761154992121
0.543383777794804
0.978765291933711
0.834573253721304
0.196190637499093
-0.558365800629656
-0.982287250728687
-0.824549628907137
-0.178556894798641
0.573167882188923
0.985492653565724
0.814260281314379
0.160865609613694
-0.587785252292469
-0.988380467458430
-0.803708526830792
-0.143122483211121
0.602213200286085
0.990949761767933
0.792897765908474
0.125333233564311
-0.616447076559468
-0.993199708502812
-0.781831482468032
-0.107503593510524
0.630482294044707
0.995129582585910
0.770513242775786
0.089639308903438
-0.644314329694494
-0.996738762088013
-0.758946694294556
-0.071746136761376
0.657938725939708
0.998026728428271
0.747135564508154
0.053829843412130
-0.671351092125995
-0.998993066541314
-0.735083659720176
-0.035896202634590
0.684547105928697
0.999637465011020
0.722794863827394
0.017950993798111
-0.697522514745706
-0.999959716170870
-0.710273137068064
0.000000000000009
0.710273137068057
0.999959716170870
0.697522514745693
-0.017950993798100
-0.722794863827387
-0.999637465011020
-0.684547105928684
0.035896202634579
0.735083659720168
0.998993066541313
0.671351092126003
-0.053829843412120
-0.747135564508156
-0.998026728428270
-0.657938725939716
0.071746136761365
0.758946694294558
0.996738762088014
0.644314329694503
-0.089639308903442
-0.770513242775788
-0.995129582585911
-0.630482294044705
0.107503593510527
0.781831482468025
0.993199708502814
0.616447076559465
-0.125333233564301
-0.792897765908467
-0.990949761767933
-0.602213200286082
0.143122483211110
0.803708526830794
0.988380467458429
0.587785252292478
-0.160865609613683
-0.814260281314381
-0.985492653565726
-0.573167882188932
0.178556894798644
0.824549628907139
0.982287250728689
0.558365800629653
-0.196190637499097
-0.834573253721298
-0.978765291933714
-0.543383777794801
0.213761154992110
0.844327925502007
0.974927912181821
0.528226641853085
-0.231262784929942
-0.853810500668352
-0.970776348122917
-0.512899277405912
0.248689887164839
0.863017923326352
0.966311937657224
0.497406623913233
-0.266036845566682
-0.871947226253861
-0.961536119504151
-0.481753674101706
0.283298069832750
0.880595531856734
0.956450432738635
0.465945472355821
-0.300467997289447
-0.888960053096186
-0.951056516295151
-0.449987113092122
0.317541094684834
0.897038094386972
0.945356108439568
0.433883739117565
-0.334511859971830
-0.904827052466020
-0.939351046208924
-0.417640539972143
0.351374824081348
0.912324417231453
0.933043264819447
0.401262750256465
-0.368124552684678
-0.919527772551447
-0.926434797042882
-0.384755647944933
0.384755647944931
0.926434797042881
0.919527772551447
0.368124552684680
-0.401262750256464
-0.933043264819446
-0.912324417231453
-0.351374824081350
0.417640539972141
0.939351046208924
0.904827052466021
0.334511859971858
-0.433883739117563
-0.945356108439567
-0.897038094386973
-0.317541094684836
0.449987113092121
0.951056516295150
0.888960053096187
0.300467997289449
-0.465945472355819
-0.956450432738626
-0.880595531856735
-0.283298069832752
0.481753674101705
0.961536119504150
0.871947226253862
0.266036845566683
-0.497406623913231
-0.966311937657224
-0.863017923326353
-0.248689887164869
0.512899277405910
0.970776348122916
0.853810500668353
0.231262784929944
-0.528226641853083
-0.974927912181821
-0.844327925502009
-0.213761154992112
0.543383777794800
0.978765291933707
0.834573253721299
0.196190637499099
-0.558365800629652
-0.982287250728689
-0.824549628907140
-0.178556894798646
0.573167882188930
0.985492653565726
0.814260281314382
0.160865609613713
-0.587785252292476
-0.988380467458429
-0.803708526830795
-0.143122483211112
0.602213200286080
0.990949761767932
0.792897765908468
0.125333233564303
-0.616447076559464
-0.993199708502810
-0.781831482468026
-0.107503593510529
0.630482294044703
0.995129582585908
0.770513242775808
0.089639308903415
-0.644314329694501
-0.996738762088014
-0.758946694294560
-0.071746136761395
0.657938725939693
0.998026728428272
0.747135564508139
0.053829843412122
-0.671351092126002
-0.998993066541313
-0.735083659720189
-0.035896202634610
0.684547105928703
0.999637465011020
0.722794863827388
0.017950993798102
-0.697522514745692
-0.999959716170870
-0.710273137068078
0.000000000000018
0.710273137068063
0.999959716170870
0.697522514745707
-0.017950993798081
-0.722794863827373
-0.999637465011019
-0.684547105928677
0.035896202634588
0.735083659720174
0.998993066541314
0.671351092126018
-0.053829843412100
-0.747135564508162
-0.998026728428270
-0.657938725939710
0.071746136761374
0.758946694294546
0.996738762088015
0.644314329694518
-0.089639308903450
-0.770513242775794
-0.995129582585910
-0.630482294044720
0.107503593510508
0.781831482468013
0.993199708502809
0.616447076559458
-0.125333233564309
-0.792897765908472
-0.990949761767935
-0.602213200286098
0.143122483211091
0.803708526830800
0.988380467458428
0.587785252292471
-0.160865609613692
-0.814260281314369
-0.985492653565730
-0.573167882188901
0.178556894798653
0.824549628907144
0.982287250728688
0.558365800629670
-0.196190637499078
-0.834573253721287
-0.978765291933706
-0.543383777794794
0.213761154992119
0.844327925502012
0.974927912181825
0.528226641853102
-0.231262784929923
-0.853810500668356
-0.970776348122915
-0.512899277405904
0.248689887164848
0.863017923326342
0.966311937657229
0.497406623913200
-0.266036845566690
-0.871947226253865
-0.961536119504148
-0.481753674101723
0.283298069832731
0.880595531856724
0.956450432738624
0.465945472355813
-0.300467997289456
-0.888960053096190
-0.951056516295157
-0.449987113092140
0.317541094684816
0.897038094386976
0.945356108439565
0.433883739117557
-0.334511859971838
-0.904827052466012
-0.939351046208931
-0.417640539972109
0.351374824081357
0.912324417231456
0.933043264819444
0.401262750256483
-0.368124552684660
-0.919527772551439
-0.926434797042879
-0.384755647944924
0.384755647944939
0.926434797042885
0.919527772551455
0.368124552684698
-0.401262750256446
-0.933043264819450
-0.912324417231450
-0.351374824081342
0.417640539972123
0.939351046208917
0.904827052466029
0.334511859971823
-0.433883739117571
-0.945356108439570
-0.897038094386969
-0.317541094684855
0.449987113092103
0.951056516295144
0.888960053096183
0.300467997289441
-0.465945472355827
-0.956450432738629
-0.880595531856744
-0.283298069832771
0.481753674101687
0.961536119504153
0.871947226253857
0.266036845566675
-0.497406623913214
-0.966311937657219
-0.863017923326362
-0.248689887164833
0.512899277405918
0.970776348122918
0.853810500668348
0.231262784929963
-0.528226641853067
-0.974927912181816
-0.844327925502004
-0.213761154992104
0.543383777794807
0.978765291933709
0.834573253721310
0.196190637499118
-0.558365800629635
-0.982287250728691
-0.824549628907135
-0.178556894798637
0.573167882188914
0.985492653565723
0.814260281314393
0.160865609613677
-0.587785252292483
-0.988380467458430
-0.803708526830790
-0.143122483211132
0.602213200286065
0.990949761767930
0.792897765908463
0.125333233564294
-0.616447076559471
-0.993199708502811
-0.781831482468039
-0.107503593510549
0.630482294044688
0.995129582585912
0.770513242775784
0.089639308903435
-0.644314329694486
-0.996738762088012
-0.758946694294572
-0.071746136761358
0.657938725939721
0.998026728428271
