0.000000000000000
0.261707925628600
0.505173300974500
0.713425186616682
0.871947226253861
0.969689520376686
0.999838867929057
0.960293685676942
0.853810500668347
0.687811804415957
0.473868662472998
0.226894144495877
-0.035896202634582
-0.296184377620477
-0.535826794978996
-0.738118997487339
-0.888960053096192
-0.977835471138026
-0.998550122907320
-0.949660077825425
-0.834573253721302
-0.661311865323652
-0.441953229673227
-0.191787907539960
0.071746136761378
0.330279061955166
0.565789633582213
0.761861407873405
0.904827052466018
0.984721038215626
0.995974293995238
0.937802403039829
0.814260281314378
0.633959526508161
0.409468140058892
0.156434465040232
-0.107503593510524
-0.363948032196782
-0.595023196102035
-0.784621814930591
-0.919527772551450
-0.990337346439117
-0.992114701314477
-0.924735945302240
-0.792897765908476
-0.605790043840820
-0.376455265374392
-0.120879385912327
0.143122483211118
0.397147890634779
0.623489801858731
0.806370881570461
0.933043264819443
0.994677156652777
0.986976319697495
0.910477546658816
0.770513242775790
0.576839726452746
0.342957157654133
0.085168498971961
-0.178556894798634
-0.429835844221537
-0.651152758743570
-0.827080574274561
-0.945356108439567
-0.997734875046455
-0.980565772275219
-0.895045585511175
-0.747135564508151
-0.547145889934086
-0.309016994374949
-0.049347833863755
0.213761154992113
0.461969759730587
0.677976410513217
0.846724199228282
0.956450432738630
0.999506560365730
0.972891321940144
0.878459952927510
0.722794863827391
0.516746808235996
0.274678522802393
0.013463561731186
-0.248689887164852
-0.493508218064343
-0.703926182748943
-0.865276436727944
-0.966311937657222
-0.999989928992004
-0.963962860695853
-0.860742027003945
-0.697522514745703
-0.485681664337310
-0.239986003602570
0.022438064295803
0.283298069832746
0.524410567641361
0.728968627421409
0.882713373816681
0.974927912181822
0.999184357885974
0.953791896906692
0.841914645309172
0.671351092126005
0.453990499739550
0.204984153792235
-0.058310768718936
-0.317541094684840
-0.554636976794305
-0.753071466003608
-0.899012535107120
-0.982287250728687
-0.997090885390702
-0.942391540464035
-0.822002075447910
-0.644314329694496
-0.421714162855311
-0.169718089100671
0.094108313318511
0.351374824081338
0.584148485111082
0.776203631076350
0.914152911751092
0.988380467458429
0.993712209893242
0.929776485888251
0.801029983781119
0.616447076559473
0.388894256356596
0.134233265817662
-0.129784556752284
-0.384755647944934
-0.612907053652970
-0.798335306372698
-0.928114988519037
-0.993199708502811
-0.989052686346544
-0.915962993388167
-0.779025402343250
-0.587785252292477
-0.355573083550944
-0.098575422202451
0.165293514029480
0.417640539972128
0.640875613985018
0.819437965209728
0.940880768954224
0.996738762088013
0.983118320656126
0.900968867902420
0.756016693999257
0.558365800629667
0.321793593854452
0.062790519529322
-0.200589415783267
-0.449987113092117
-0.668018115955494
-0.839484407258073
-0.952433798569321
-0.998993066541314
-0.975916761938748
-0.884813436149740
-0.732033515886186
-0.528226641853089
-0.287599327432021
-0.026924682845665
0.235626767265309
0.481753674101711
0.694299574162843
0.858448793601862
0.962759186055459
0.999959716170870
0.967457292663057
0.867517521717719
0.707106781186549
0.497406623913228
0.253034359076137
-0.008975858480995
-0.270360406986345
-0.512899277405901
-0.719686113050187
-0.876306680043859
-0.971843622476421
-0.999637465011020
-0.957750816684932
-0.849103418222196
-0.681268619282668
-0.465945472355832
-0.218143241396548
0.044864830350511
0.304745564927212
0.543383777794800
0.744145010569350
0.893035048612881
0.979675398423233
0.998026728428271
0.946809845192920
0.829594860571834
0.654552334343438
0.433883739117566
0.182970947394061
-0.080695973575213
-0.338737920245282
-0.573167882188916
-0.767644740358007
-0.908612337232870
-0.986244419107039
-0.995129582585911
-0.934648480581914
-0.809016994374951
-0.626992362396821
-0.401262750256483
-0.147562812492465
0.116423103505817
0.372293658401935
0.602213200286075
0.790155012375686
0.923018467515392
0.991542217370803
0.990949761767935
0.921282398275826
0.787396343528016
0.598624226943439
0.368124552684688
0.111964476103316
-0.152000169561261
-0.405369527637432
-0.630482294044706
-0.811646811946190
-0.936234870639735
-0.995561964603078
-0.985492653565727
-0.906728826522709
-0.764760776027604
-0.569484493168457
-0.334511859971849
-0.076221822798894
0.187381314585717
0.437922894720362
0.657938725939705
0.832092437156149
0.948244511287222
0.998298479539764
0.978765291933712
0.891006524188373
0.741139468049856
0.539610720810790
0.300467997289464
0.040380923169152
-0.222520933956306
-0.469911799899894
-0.684547105928686
-0.851465534561471
-0.959031909598961
-0.999748234942506
-0.970776348122919
-0.874135756577062
-0.716562866343794
-0.509041415750378
-0.266036845566688
-0.004487974438929
0.257373734365294
0.501295010989913
0.710273137068054
0.869741133155690
0.968583161128627
0.999909362145144
0.961536119504150
0.856138269310468
0.691062648986867
0.477815980375923
0.231262784929966
-0.031410759078123
-0.291894792201024
-0.532032076515324
-0.735083659720173
-0.886895676556410
-0.976885954764644
-0.998781653462334
-0.951056516295156
-0.837037260298638
-0.664671684553429
-0.445974662797077
-0.196190637499110
0.067269005612034
0.326039611452332
0.562083377852117
0.758946694294551
0.902907053368367
0.983929588598626
0.996366562457243
0.939351046208926
0.816857349838964
0.637423989748694
0.413558504966530
0.160865609613714
-0.103040545578636
-0.359764181061796
-0.591410180293896
-0.781831482468025
-0.917754625683976
-0.989704983719632
-0.992667202067973
-0.926434797042891
-0.795624548881790
-0.609354685562813
-0.380609289778875
-0.125333233564321
0.138679271154429
0.393025031653912
0.619974682979077
0.803708526830784
0.931419255684613
0.994204695916449
0.987688340595138
0.912324417231459
0.773366225503521
0.580499952001579
0.347169487214430
0.089639308903437
-0.174139245707380
-0.425779291565061
-0.647740067614430
-0.824549628907135
-0.943883330308362
-0.997422925272833
-0.981436395555741
-0.897038094386974
-0.750111069630461
-0.550896981452109
-0.313282199597445
-0.053829843412132
0.209374763007076
0.457984742103055
0.674670545932070
0.844327925502009
0.955130783952418
0.999355523643320
0.973919425411305
0.880595531856744
0.725889056058891
0.520583930743616
0.278991106039243
0.017950993798102
-0.244340406137884
-0.489599871965039
-0.700731405818909
-0.863017923326344
-0.965147119180887
-0.999999999999999
-0.965147119180894
-0.863017923326357
-0.700731405818917
-0.489599871965061
-0.244340406137909
0.017950993798091
0.278991106039219
0.520583930743595
0.725889056058884
0.880595531856732
0.973919425411299
0.999355523643321
0.955130783952425
0.844327925502023
0.674670545932078
0.457984742103077
0.209374763007100
-0.053829843412122
-0.313282199597421
-0.550896981452088
-0.750111069630454
-0.897038094386963
-0.981436395555736
-0.997422925272833
-0.943883330308371
-0.824549628907149
-0.647740067614438
-0.425779291565083
-0.174139245707405
0.089639308903426
0.347169487214407
0.580499952001559
0.773366225503505
0.912324417231448
0.987688340595134
0.994204695916451
0.931419255684622
0.803708526830798
0.619974682979096
0.393025031653935
0.138679271154453
-0.125333233564296
-0.380609289778852
-0.609354685562793
-0.795624548881775
-0.926434797042882
-0.992667202067970
-0.989704983719635
-0.917754625683986
-0.781831482468040
-0.591410180293916
-0.359764181061819
-0.103040545578661
0.160865609613689
0.413558504966508
0.637423989748675
0.816857349838950
0.939351046208918
0.996366562457241
0.983929588598630
0.902907053368378
0.758946694294567
0.562083377852138
0.326039611452355
0.067269005612059
-0.196190637499085
-0.445974662797055
-0.664671684553410
-0.837037260298624
-0.951056516295148
-0.998781653462333
-0.976885954764649
-0.886895676556421
-0.735083659720190
-0.532032076515345
-0.291894792201048
-0.031410759078148
0.231262784929941
0.477815980375901
0.691062648986849
0.856138269310455
0.961536119504144
0.999909362145144
0.968583161128633
0.869741133155702
0.710273137068071
0.501295010989934
0.257373734365318
-0.004487974438904
-0.266036845566664
-0.509041415750357
-0.716562866343777
-0.874135756577049
-0.970776348122913
-0.999748234942506
-0.959031909598968
-0.851465534561484
-0.684547105928704
-0.469911799899916
-0.222520933956331
0.040380923169141
0.300467997289440
0.539610720810769
0.741139468049849
0.891006524188361
0.978765291933707
0.998298479539764
0.948244511287229
0.832092437156163
0.657938725939718
0.437922894720378
0.187381314585742
-0.076221822798877
-0.334511859971832
-0.569484493168437
-0.764760776027592
-0.906728826522701
-0.985492653565723
-0.995561964603080
-0.936234870639741
-0.811646811946205
-0.630482294044720
-0.405369527637448
-0.152000169561286
0.111964476103298
0.368124552684664
0.598624226943419
0.787396343528005
0.921282398275816
0.990949761767931
0.991542217370805
0.923018467515402
0.790155012375702
0.602213200286101
0.372293658401972
0.116423103505828
-0.147562812492447
-0.401262750256460
-0.626992362396802
-0.809016994374932
-0.934648480581900
-0.995129582585910
-0.986244419107042
-0.908612337232880
-0.767644740358023
-0.573167882188942
-0.338737920245319
-0.080695973575223
0.182970947394044
0.433883739117543
0.654552334343419
0.829594860571816
0.946809845192907
0.998026728428270
0.979675398423237
0.893035048612892
0.744145010569366
0.543383777794827
0.304745564927249
0.044864830350522
-0.218143241396531
