0.000000000000000
0.545475196165726
-0.914354941881172
0.987215869567932
-0.740469540309784
0.253999108223707
0.314702536658172
-0.781520472418817
0.995324227455864
-0.886895676556414
0.491338136832512
0.063288193199827
-0.597425219474874
0.938148179473167
-0.975149354305563
0.696449759074765
-0.192277292145457
-0.374144192257912
0.819437965209732
-0.999441918203707
0.855880479068559
-0.435231099372326
-0.126322637816035
0.646979917596253
-0.958179992386566
0.959173061326987
-0.649637622251897
0.129784556752293
0.432085748801975
-0.854069991746637
0.999552432283502
-0.821433702192351
0.377379040140647
0.188850602648189
-0.693940605217105
0.974370064785232
-0.939351046208922
0.600220819089580
-0.066771461307960
-0.488294894587942
0.885277697888851
-0.995655326598524
0.783693457325837
-0.318013912008090
-0.250621387183132
0.738118997487337
-0.986653483962203
0.915762783621234
-0.548397482022566
0.003490651415222
0.542546263865758
-0.912935959014693
0.987766226259835
-0.742811060744552
0.257373734365312
0.311387326757159
-0.779337964931464
0.994981000601598
-0.888502848680038
0.494375392276942
0.059804153945039
-0.594622340422394
0.936933881697907
-0.975916761938750
0.698950426911898
-0.195701638804584
-0.370904785546267
0.817432243634106
-0.999319226239543
0.857680537756944
-0.438371146789093
-0.122859179678300
0.644314329694498
-0.957175248325317
0.960154443046352
-0.652287411278132
0.133244894304678
0.428935133403153
-0.852249097851386
0.999650767132350
-0.823419430264546
0.380609289778864
0.185421612065920
-0.691422995912169
0.973578902873161
-0.940542467248624
0.603009105203022
-0.070253915826920
-0.485245702624184
0.883648932391913
-0.995974293995239
0.785856893175398
-0.321321412458862
-0.247240612400049
0.735759460917837
-0.986079076295143
0.917159467080764
-0.551313085829164
0.006981260297958
0.539610720810773
-0.911505852311672
0.988304547331989
-0.745143530260993
0.260745224489189
0.308068322699825
-0.777145961456971
0.994625650217839
-0.890099194676868
0.497406623913239
0.056319385995490
-0.591812216084371
0.935708167678982
-0.976672278334173
0.701442578258659
-0.199123600901023
-0.367660859476881
0.815416561904565
-0.999184357885972
0.859470145878650
-0.441505852791747
-0.119394224540254
0.641640891025931
-0.956158841385733
0.961124125586839
-0.654929252388089
0.136703608310061
0.425779291565043
-0.850417819569831
0.999736921552070
-0.825395125230822
0.383834901812986
0.181990362179823
-0.688896961836217
0.972775878209394
-0.941722428075170
0.605790043840805
-0.073735514324086
-0.482190598094661
0.882009399911610
-0.996281125759490
0.788010753606743
-0.324624997709626
-0.243856825068115
0.733390959351516
-0.985492653565728
0.918544975241649
-0.554221972059796
0.010471784116255
0.536668602769469
-0.910064639197494
0.988830826225132
-0.747466920438634
0.264113537514765
0.304745564927225
-0.774944488704190
0.994258180634410
-0.891684695095884
0.500431794806770
0.052833931812025
-0.588994880701212
0.934471052351306
-0.977415894286098
0.703926182748945
-0.202543136739197
-0.364412453575896
0.813390944581514
-0.999037314786326
0.861249281627847
-0.444635179184915
-0.115927814621204
0.638959634165640
-0.955130783952420
0.962082097133161
-0.657563113391788
0.140160656625174
0.422618261740684
-0.848576179215535
0.999810894492899
-0.827360763018008
0.387055836940012
0.178556894798623
-0.686362533768209
0.971961000578548
-0.942890914311139
0.608563601118124
-0.077216214377252
-0.479129618224895
0.880359120425114
-0.996575818152635
0.790155012375702
-0.327924627507212
-0.240470066417751
0.731013521647800
-0.984894222919322
0.919919291221863
-0.557124105270577
0.013962180339139
0.533719945590554
-0.908612337232862
0.989345056526705
-0.749781202967735
0.267478632400290
0.301419093926089
-0.772733573497335
0.993878596328818
-0.893259330618288
0.503450868096858
0.049347833863775
-0.586170368601354
0.933222550788757
-0.978147600733804
0.706401210120881
-0.205960204653168
-0.361159607424218
0.811355416346494
-0.998878098732276
0.863017923326369
-0.447759087838743
-0.112459992158373
0.636270591783807
-0.954091088551926
0.963028346012759
-0.660188962196466
0.143615997126862
0.419452082446124
-0.846724199228289
0.999872685053500
-0.829316319675331
0.390272055913760
0.175121251757953
-0.683819742589330
0.971134279909628
-0.944047911718838
0.611329743239970
-0.080695973575269
-0.476062800311935
0.878698114040533
-0.996858367583928
0.792289643355193
-0.331220261646752
-0.237080377715516
0.728627176774978
-0.984283791647623
0.921282398275822
-0.560019450099999
0.017452406437261
0.530764785202583
-0.907148964113642
0.989847231970982
-0.752086349649533
0.270840468142981
0.298088950228361
-0.770513242775747
0.993486901926193
-0.894823082057670
0.506463806996899
0.045861134627685
-0.583338714200493
0.931962678203975
-0.978867388761692
0.708867630216917
-0.209374763007099
-0.357902360656646
0.809310002001840
-0.998706711663817
0.864776049423791
-0.450877540689441
-0.108990799405972
0.633573796645694
-0.953039767852593
0.963962860695843
-0.662806766807024
0.147069587713003
0.416280792260414
-0.844861902173856
0.999922292480975
-0.831261771375080
0.393483519545722
0.171683474920207
-0.681268619282645
0.970295726275978
-0.945193406200692
0.614088436501863
-0.084174749518202
-0.472990181723940
0.877026400996732
-0.997128770610609
0.794414620535445
-0.334511859971823
-0.233687800263641
0.726231953809947
-0.983661367188564
0.922634279794520
-0.562907971269059
0.020942419883376
0.527803157613154
-0.905674537670621
0.990337346439123
-0.754382332396428
0.274199003780149
0.294755174410845
-0.768283523593527
0.993083102199179
-0.896375930360135
0.509470574795380
0.042373876588142
-0.580499952001581
0.930691449948027
-0.979575249599336
0.711325412984664
-0.212786770195616
-0.354640752961863
0.807254726470148
-0.998523155669248
0.866523638498014
-0.453990499739593
-0.105520278635189
0.630869281610726
-0.951976834664450
0.964885629795708
-0.665416495326298
0.150521386302518
0.413104429824517
-0.842989310743766
0.999959716170870
-0.833197094412474
0.396690188705069
0.168243606173388
-0.678709194932831
0.969445349895138
-0.946327383799178
0.616839647289862
-0.087652499818489
-0.469911799899847
0.875344001663063
-0.997387023937896
0.796529918024179
-0.337799382375553
-0.230292375399667
0.723827881937821
-0.983026957126150
0.923974919305640
-0.565789633582226
0.024432178152713
0.524835098908912
-0.904189075869124
0.990815393959213
-0.756669123232747
0.277554198388988
0.291417807094658
-0.766044443118956
0.992667202067963
-0.897917856604818
0.512471134855686
0.038886102236399
-0.577654116593857
0.929408881510470
-0.980271174621722
0.713774528476735
-0.216196184644380
-0.351374824081316
0.805189614794368
-0.998327432985148
0.868260669255160
-0.457097927058676
-0.102048472132997
0.628157079632651
-0.950902301939037
0.965796642068673
-0.668018115955484
0.153971350836556
0.409923033841511
-0.841106447755018
0.999984955667193
-0.835122265206151
0.399892024319759
0.164801687431322
-0.676141500725747
0.968583161128620
-0.947449830697097
0.619583342081511
-0.091129182100727
-0.466827692348868
0.873650936538920
-0.997633124419043
0.798635510047301
-0.341082788800412
-0.226894144495886
0.721414990451303
-0.982380569190488
0.925304300474000
-0.568664401927261
0.027921638723556
0.521860645254520
-0.902692596809081
0.991281368706425
-0.758946694294590
0.280906011087401
0.288076888944347
-0.763796028634593
0.992239206600170
-0.899448842003734
0.515465450616940
0.035397854069659
-0.574801242653111
0.928114988518995
-0.980955155349200
0.716214946851350
-0.219602964811082
-0.348104613809425
0.803114692137301
-0.998119545996332
0.869987120530057
-0.460199784783870
-0.098575422202491
0.625437223758795
-0.949816182769127
0.966695886414312
-0.670611596994910
0.157419439278273
0.406736643075805
-0.839213336149641
0.999998010662407
-0.837037260298638
0.403088987376226
0.161357760632702
-0.673565567947770
0.967709170481978
-0.948560733217899
0.622319487445665
-0.094604754002526
-0.463737896649779
0.871947226253823
-0.997867069055412
0.800731370948698
-0.344362039239129
-0.223493148958446
0.718993308750869
-0.981722211257610
0.926622407101467
-0.571532241275924
0.031410759078270
0.518879832892855
-0.901185118724668
0.991735265002974
-0.761215017830471
0.284254401034827
0.284732460668166
-0.761538307536661
0.991799121010763
-0.900968867902409
0.518453485594348
0.031909174591237
-0.571941364940527
0.926809786739365
-0.981627183447680
0.718646638372941
-0.223007069184628
-0.344830161992670
0.801029983781090
-0.997899497235827
0.871702971286441
-0.463296035119917
-0.095101171161460
0.622709747129922
-0.948718490388772
0.967583351875675
-0.673196906843405
0.160865609613801
0.403545296352357
-0.837309998994541
0.999998880997441
-0.838942056356261
0.406281038920694
0.157911867740915
-0.670981427985912
0.966823388604456
-0.949660077825406
0.625048050043256
-0.098079173175367
-0.460642450450666
0.870232891566943
-0.998088854996451
0.802817475191103
-0.347637093735071
-0.220089430227517
0.716562866343789
-0.981051891349445
0.927929223127328
-0.574393116684684
0.034899496702457
0.515892698144174
-0.899666659983931
0.992177077318307
-0.763474066201584
0.287599327432081
0.281384563016698
-0.759271307334926
0.991346950662058
-0.902477915779756
0.521435203379455
0.028420106309593
-0.569074518302905
0.925493292074882
-0.982287250728712
0.721069573412034
-0.226408456287635
-0.341551508529426
0.798935515127317
-0.997667289384867
0.873408200617102
-0.466386640339982
-0.091625761342670
0.619974682979117
-0.947609238173010
0.968459027639246
-0.675774014000208
0.164309819852643
0.400349032556824
-0.835396459481341
0.999987566661691
-0.840836630169680
0.409468140058917
0.154464050742630
-0.668389112327102
0.965925826289054
-0.950747851124632
0.627768996627611
-0.101552397284434
-0.457541391468664
0.868507953367021
-0.998298479539769
0.804893797355927
-0.350907912382521
-0.216683029776336
0.714123692844316
-0.980369617633541
0.929224732628441
-0.577246993294586
0.038387809087517
0.512899277405967
-0.898137239088859
0.992606800269064
-0.765723811881992
0.290940749522291
0.278033236783130
-0.756995055651775
0.990882701063609
-0.903975967248504
0.524410567641358
0.024930691737923
-0.566200737671866
0.924165520566703
-0.982935349149543
0.723483722445931
-0.229807084675052
-0.338268693368624
0.796831311696420
-0.997422925272829
0.875102787744580
-0.469471562786018
-0.088149235092894
0.617232064632452
-0.946488439637800
0.969322903035191
-0.678342887063910
0.167752028027958
0.397147890634672
-0.833472740925918
0.999964067793018
-0.842720958654113
0.412650251957073
0.151014351648631
-0.665788652558059
0.965016494472287
-0.951824039861328
0.630482294044677
-0.105024384009589
-0.454434757489198
0.866772432671659
-0.998495940131158
0.806960312143839
-0.354174455328011
-0.213273989111040
0.711675817973010
-0.979675398423231
0.930508919819349
-0.580093836332041
0.041875653729238
0.509899607151732
-0.896596874674963
0.993024428619207
-0.767964227459547
0.294278626591284
0.274678522802313
-0.754709580222764
0.990406377872183
-0.905463004055369
0.527379542125988
0.021440973393868
-0.563320058063520
0.922826488393304
-0.983571470813382
0.725889056058986
-0.233202912935665
-0.334981756510545
0.794717399127593
-0.997166407877214
0.876786712020756
-0.472550764869017
-0.084671634772507
0.614481925507865
-0.945356108439575
0.970174967537463
-0.680903494733606
0.171192192197975
0.393941909591014
-0.831538866768175
0.999928384677747
-0.844595018849489
0.415827335842134
0.147562812492415
-0.663180080364226
0.964095404234074
-0.952888630922476
0.633187909234135
-0.108495091045768
-0.451322586365623
0.865026350627741
-0.998681234364611
0.809016994375009
-0.357436682769533
-0.209862349769270
0.709219271556452
-0.978969242177358
0.931781769052804
-0.582933611109168
0.045362988129333
0.506893723931697
-0.895045585511200
0.993429957280066
-0.770195285635344
0.297612917967863
0.271320461950379
-0.752414908895689
0.989917986891564
-0.906939008081275
0.530342090657327
0.017950993798092
-0.560432514578228
0.921476211870370
-0.984195607969246
0.728285544942815
-0.236595899692378
-0.331690738005476
0.792593803177917
-0.996897740323606
0.878459952927542
-0.475624209070274
-0.081193002754970
0.611724299114935
-0.944212258375504
0.971015210763869
-0.683455805809098
0.174630270445155
0.390731128489298
-0.829594860571757
0.999880517750668
-0.846458787921221
0.418999353002334
0.144109475329897
-0.660563427530400
0.963162566797672
-0.953941611336370
0.635885809228741
-0.111964476103275
-0.448204916018761
0.863269728510727
-0.998854359982399
0.811063818989412
-0.360694554957876
-0.206448153320997
0.706754083527047
-0.978251157500213
0.933043264819454
-0.585766283024021
0.048849769795733
0.503881664371602
-0.893483390499335
0.993823381310403
-0.772416959224645
0.300943583025174
0.267959095144458
-0.750111069630397
0.989417534072674
-0.908403961341486
0.533298177137658
0.014460795475122
-0.557538142399420
0.920114707450594
-0.984807753012219
0.730673159897267
-0.239986003602718
-0.328395677953440
0.790460549722876
-0.996616925885652
0.880122490077026
-0.478691857940642
-0.077713381426545
0.608959219054469
-0.943056903383039
0.971843622476421
-0.685999789191282
0.178066220877600
0.387515586452090
-0.827640746023895
0.999820467595022
-0.848312243159747
0.422166264787440
0.140654382238900
-0.657938725939670
0.962217993529288
-0.954982968272774
0.638575961155434
-0.115432496909201
-0.445081784436646
0.861502587724502
-0.999015314875030
0.813100761047004
-0.363948032196895
-0.203031441367127
0.704280283922012
-0.977521153141431
0.934293391748373
-0.588591817561757
0.052335956243105
0.500863465172442
-0.891910308674322
0.994204695916446
-0.774629221157057
0.304270581179899
0.264594463341307
-0.747798090498442
0.988905025513372
-0.909857845986197
0.536247765547999
0.010970420951922
-0.554636976794294
0.918741991723569
-0.985407898483508
0.733051871829852
-0.243373183359119
-0.325096616503703
0.788317664755491
-0.996323967984951
0.881774303211718
-0.481753674101786
-0.074232813184865
0.606186719018274
-0.941890057539817
0.972660192581127
-0.688535413882357
0.181500001629338
0.384295322659753
-0.825676546934603
0.999748234942502
-0.850155361981301
0.425328032610043
0.137197575318869
-0.655306007573197
0.961261695938310
-0.956012689043018
0.641258332235563
-0.118899111206581
-0.441953229673244
0.859724949801118
-0.999164097081319
0.815127795728554
-0.367197074843996
-0.199612255539216
0.701797902883975
-0.976779237995933
0.935532134607159
-0.591410180293944
0.055821504993139
0.497839163110022
-0.890326359203668
0.994573896452045
-0.776832044476867
0.307593871893613
0.261226607538122
-0.745475999682896
0.988380467458413
-0.911300644300189
0.539190819948354
0.007479912757605
-0.551729053112639
0.917358081415222
-0.985996037070529
0.735421651756716
-0.246757397690305
-0.321793593854503
0.786165174386279
-0.996018870191100
0.883415372204796
-0.484809620246444
-0.070751340439783
0.603406832788029
-0.940711735063564
0.973464911128287
-0.691062648987033
0.184931570860833
0.381070376350185
-0.823702287237153
0.999663820673247
-0.851988121927943
0.428484617945000
0.133739096689228
-0.652665304509824
0.960293685676923
-0.957030761100412
0.643932889785108
-0.122364276755586
-0.438819289849005
0.857936836400534
-0.999300704788402
0.817144898335152
-0.370441643310410
-0.196190637499188
0.699306970660127
-0.976025421103575
0.936759478302120
-0.594221336879721
0.059306373575978
0.494808795034705
-0.888731561387402
0.994930978418608
-0.779025402343369
0.310913414673070
0.257855568771161
-0.743144825477401
0.987843866299408
-0.912732338703325
0.542127304479109
0.003989313422911
-0.548814406786587
0.915962993388153
-0.986572161606962
0.737782470802684
-0.250138605360692
-0.318486650251484
0.784003104842235
-0.995701636221680
0.885045677060247
-0.487859659138677
-0.067269005612172
0.600619594235768
-0.939521950311534
0.974257768312816
-0.693581463711088
0.188360886759275
0.377840786818550
-0.821717990987408
0.999567225815799
-0.853810500668429
0.431635982329697
0.130278988491351
-0.650016648925857
0.959313974540090
-0.958037172040067
0.646599601215952
-0.125827951334947
-0.435680003150611
0.856138269310464
-0.999425136331749
0.819152044288909
-0.373681698062726
-0.192766628937710
0.696807517601204
-0.975259711649574
0.937975407878382
-0.597025253065851
0.062790519529597
0.491772397869977
-0.887125934657317
0.995275937465133
-0.781209268031046
0.314229169070470
0.254481388115689
-0.740804596286576
0.987295228574565
-0.914152911751141
0.545057183359362
0.000498665479920
-0.545893073330373
0.914556744641162
-0.987136265073024
0.740134300202383
-0.253516765170671
-0.315175825989570
0.781831482468056
-0.995372269942049
0.886665197913638
-0.490903753615319
-0.063785851132503
0.597825037323659
-0.938320717781191
0.975038754473793
-0.696091827363889
0.191787907540202
0.374606593415747
-0.819723682363002
0.999458451547162
-0.855622475997172
0.434782087366167
0.126817292884662
-0.647360073093809
0.958322574465089
-0.959031909598988
0.649258434034362
-0.129290092739979
-0.432535407828872
0.854329270445528
-0.999537390195224
0.821149209133775
-0.376917199621057
-0.189340271576138
0.694299574162904
-0.974482118963762
0.939179908520463
-0.599821894688047
0.066273900400098
0.488730008614171
-0.885509498577888
0.995608769388452
-0.783383614930610
0.317541094685042
0.251104106684372
-0.738455340625835
0.986734560969005
-0.915562346134032
0.547980420889846
-0.002991988539608
-0.542965088338954
0.913139352308670
-0.987688340595144
0.742477111298899
-0.256891835958872
-0.311861161409681
0.779650333723711
-0.995030775365385
0.888273915031196
-0.493941866584246
-0.060301919442821
0.595023196102132
-0.937108052108859
0.975807860095350
-0.698593709357773
0.195212591445554
0.371367835550242
-0.817719385664475
0.999337499192704
-0.857424025836299
0.437922894720520
0.123354052049730
-0.644695609383912
0.957319497532076
-0.960014961656744
0.651909355843992
-0.132750658786483
-0.429385542199278
0.852509861848277
-0.999637465011020
0.823136368534406
-0.380148108562258
-0.185911607162663
0.691783170903073
-0.973692652520755
0.940372965551589
-0.602611227669384
0.069756473744037
0.485681664337445
-0.883882272844457
0.995929470133152
-0.785548416547764
0.320849151161154
0.247723765629199
-0.736097087119811
0.986161870314140
-0.916960624678851
0.550896981452214
-0.006482606102244
-0.540030487489663
0.911710833661524
-0.988228381446530
0.744810875546431
-0.260263776601562
-0.308542696899525
0.777459685186377
-0.994677156652780
0.889871808811422
-0.496973961027804
-0.056817252992827
0.592214104710374
-0.935883968070805
0.976565075805978
-0.701087079207447
0.198634896747084
0.368124552684436
-0.815705125313028
0.999204370226173
-0.859215128234024
0.441058366122192
0.119889308184603
-0.642023290261468
0.956304755962966
-0.960986316235282
0.654552334343507
-0.136209607307652
-0.426230444642768
0.850680065687397
-0.999725359559784
0.825113498278411
-0.383374385519144
