0.000000000000000
0.877265871885022
-0.842183625869912
-0.068761537663809
0.908195359559796
-0.803114692137301
-0.137197575318807
0.934825676396014
-0.760244013297640
-0.204984153792231
0.957030761100412
-0.713774528476697
-0.271800388289465
0.974705500327469
-0.663926212652241
-0.337329987382830
0.987766226259835
-0.610935035347221
-0.401262750256476
0.996151112670950
-0.555051843608772
-0.463296035119861
0.999820467595024
-0.496541174560726
-0.523136191838692
0.998756921218921
-0.435680003150669
-0.580499952001576
0.992965508106536
-0.372756431019471
-0.635115769842179
0.982473643366418
-0.308068322699832
-0.686725107669352
0.967330992875471
-0.241921895599667
-0.735083659720179
0.947609238173047
-0.174630270445116
-0.779962508642707
0.923401737138391
-0.106511989044942
-0.821149209133703
0.894823082057649
-0.037889506392854
-0.858448793601864
0.862008557172516
0.030912335754130
-0.891684695095875
0.825113498278294
0.099567846595821
-0.920699583128426
0.784312557402892
0.167752028028000
-0.945356108439570
0.739798876047576
0.235142113102590
-0.965537553173972
0.691783170903202
0.301419093926067
-0.981148383394172
0.640492736369776
0.366269231763451
-0.992114701314479
0.586170368601368
0.429385542199404
-0.998384595114690
0.529073216169517
0.490469248326064
-0.999928384677748
0.469471562785890
0.549231195078605
-0.996738762088013
0.407647547846443
0.605393218023262
-0.988830826225127
0.343893830853729
0.658689460118691
-0.976242011289668
0.278512206039639
0.708867630216947
-0.959031909598964
0.211812173746604
0.755690197347026
-0.937281989491890
0.144109475329961
0.798935515127372
-0.911095209678025
0.075724598517062
0.838398870984694
-0.880595531856739
0.006981260297947
0.873893455212352
-0.845927333913355
-0.061795125470215
0.905251245281015
-0.807254726470171
-0.130278988491382
0.932323801215512
-0.764760776027585
-0.198146143199406
0.954982968272731
-0.718646638372915
-0.265075323371832
0.973121483594287
-0.669130606358846
-0.330749702924254
0.986653483962203
-0.616447076559459
-0.394858395686158
0.995514912254016
-0.560845439695154
-0.457097927058694
0.999663820673246
-0.502588900079043
-0.517173670587911
0.999080569319848
-0.441953229673220
-0.574801242653075
0.993767919160594
-0.379225462652923
-0.629707848667963
0.983751018959347
-0.314702536658169
-0.681633574422559
0.969077286229081
-0.248689887164826
-0.730332616452255
0.949816182769137
-0.181500001629217
-0.775574445610204
0.926058885850408
-0.113450940249954
-0.817144898335136
0.897917856604811
-0.044864830350520
-0.854847190448096
0.865526307662190
0.023933658491772
-0.888502848680048
0.829037572555040
0.092618851350312
-0.917952555519699
0.788624379875512
0.160865609613715
-0.943056903383062
0.744478035621474
0.228350870110643
-0.963697054534309
0.696807517601262
0.294755174410917
-0.979775303633914
0.645838486185020
0.359764181061791
-0.991215540251545
0.591812216084352
0.423070153602604
-0.997963609153802
0.534984454218209
0.484373417312231
-0.999987566661691
0.475624209070261
0.543383777794810
-0.997277831864002
0.414012477270046
0.599821894687938
-0.989847231970979
0.350440913424458
0.653420603990106
-0.977730941593512
0.285210449497766
0.703926182748964
-0.960986316235231
0.218629870274430
0.751099550122297
-0.939692620785912
0.151014351648599
0.794717399127569
-0.913950654301092
0.082683968660244
0.834573253721298
-0.883882272844545
0.013962180339115
0.870478446205559
-0.849629812651959
-0.054825701469359
0.902263010333652
-0.811355416346510
-0.123354052049858
0.929776485888256
-0.769240265396244
-0.191298475243083
0.952888630922453
-0.723483722445838
-0.258337339056911
0.971490038292869
-0.674302387583722
-0.324153298191760
0.985492653565732
-0.621929073010863
-0.388434796274711
0.994830191844718
-0.566611700966059
-0.450877540689419
0.999458451547165
-0.508612130123411
-0.511185943022062
0.999355523643320
-0.448204916018879
-0.569074518302971
0.994521895368269
-0.385676011372321
-0.624269236421606
0.984980447915483
-0.321321412458861
-0.676508819317031
0.970776348122911
-0.255445757935775
-0.725545977802932
0.951976834664474
-0.188360886759255
-0.771148582173431
0.928670899758819
-0.120384362016237
-0.813100761047028
0.900968867902422
-0.051837967659592
-0.851203923248303
0.869001873620725
0.016953814736635
-0.885277697888853
0.832921240710074
0.085665341992711
-0.915160788198437
0.792897765908466
0.153971350836537
-0.940711735063533
0.749120910386181
0.221548497619497
-0.961809586659771
0.701797902883984
0.288076888944376
-0.978354471007610
0.651152758743545
0.353241595961550
-0.990268068741572
0.597425219474869
0.416734145163354
-0.997493983854520
0.540869617879305
0.478253978621287
-0.999998010662407
0.481753674101663
0.537509876752285
-0.997768295725412
0.420357228309591
0.594221336879668
-0.990815393959209
0.356970915999491
0.648119901063164
-0.979172218670635
0.291894792201010
0.698950426911945
-0.962893885754203
0.225436911090792
0.746472295365139
-0.942057452787286
0.157911867740872
0.790460549722894
-0.916761554258649
0.089639308903444
0.830706960534954
-0.887125934657399
0.020942419883341
0.867021011307375
-0.853290881632157
-0.047853605341218
0.899230800360068
-0.815416561904541
-0.116423103505891
0.927183854566787
-0.773682263079568
-0.184441483668959
0.950747851124646
-0.728285544942793
-0.251586763744516
0.969811243937560
-0.679441304261525
-0.317541094684877
0.984283791647630
-0.627380757516681
-0.381992265099318
0.994096984815365
-0.572350346381982
-0.444635179184904
0.999204370226179
-0.514610571130077
-0.505173300974501
0.999581770788448
-0.454434757489255
-0.563320058063643
0.995227399981823
-0.392107762787058
-0.618800198173400
0.986161870314187
-0.327924627507173
-0.671351092125978
0.972428095747108
-0.262189178640807
-0.720723977066244
0.954091088551912
-0.195212591445522
-0.766685134042655
0.931237651557714
-0.127311916418552
-0.809016994374973
0.903975967248488
-0.058808578459310
-0.847519169570162
0.872435085653919
0.009973144676544
-0.882009399911604
0.836764313458944
0.078707657427197
-0.912324417231458
0.797132507222887
0.147069587712940
-0.938320717781203
0.753727274054642
0.214735327167079
-0.959875241542906
0.706754083527008
0.281384563016738
-0.976885954764642
0.656435295035293
0.346701794364272
-0.989272332962988
0.603009105202985
0.410377825689794
-0.996975742105724
0.546728420318280
0.472111230506241
-0.999959716170871
0.487859659138742
0.531609778236729
-0.998210129767736
0.426681491730812
0.588591817561804
-0.991735265002983
0.363483520315636
0.642787609686519
-0.980565772275215
0.298564908363830
0.693940605217110
-0.964754525183609
0.232232964430261
0.741808658601457
-0.944376370237456
0.164801687431379
0.786165174386234
-0.919527772551455
0.096590280253133
0.826800179863307
-0.890326359203692
0.027921638723509
0.863521319028226
-0.856910362418569
-0.040879176895750
0.896154763145925
-0.819437965209693
-0.109486480663996
0.924546033612330
-0.778086552580964
-0.177575502677184
0.948560733217882
-0.733051871829822
-0.244823926448247
0.968085182350392
-0.684547105928665
-0.310913414673023
0.983026957126159
-0.632801864369436
-0.375531116159731
0.993315326901441
-0.578061096249581
-0.438371146789092
0.998901589093858
-0.520583930743611
-0.499136037492993
0.999759299728271
-0.460642450450611
-0.557538142399459
0.995884398615969
-0.398520403422566
-0.613301000476442
0.987295228574590
-0.334511859971773
-0.666160644229914
0.974032448597797
-0.268919820615276
-0.715866849259743
0.956158841385715
-0.202054781745374
-0.762184318760114
0.933759016147294
-0.134233265817614
-0.804893797355898
0.906939008081206
-0.065776323011823
-0.843793109003307
0.875825776431833
0.002991988539337
-0.878698114040560
0.840566603495643
0.071746136761386
-0.909443580859503
0.801328397423561
0.140160656625179
-0.935883968070861
0.758296902119041
0.207911690817818
-0.957894113460918
0.711675817973042
0.274678522802473
-0.975369826478431
0.661685837596809
0.340145095010553
-0.988228381446559
0.608563601118123
0.404001504980018
-0.996408909165781
0.552560575985461
0.465945472355870
-0.999872685053500
0.493941866584203
0.525683769810571
-0.998603312456593
0.432984959298085
0.582933611109041
-0.992606800269057
0.369978408957800
0.637423989748703
-0.981911534487427
0.305220472894337
0.688896961836262
-0.966568143838552
0.239017699062566
0.737108867130292
-0.946649260115694
0.171683474920141
0.781831482468018
-0.922249174357842
0.103536543928831
0.822853102117270
-0.893483390499302
0.034899496702512
0.859979539938293
-0.860488078602837
-0.033902756056986
0.893035048612912
-0.823419430264541
-0.102544521605608
0.921863151588534
-0.782452919241432
-0.170700866905931
0.946327383799164
-0.737782470802724
-0.238049156779088
0.966311937657230
-0.689619543735615
-0.304270581179863
0.981722211257643
-0.638192129352159
-0.369051664363443
0.992485256199842
-0.583743672234778
-0.432085748802036
0.998550122907320
-0.526531917830698
-0.493074446825193
0.999888101810272
-0.466827692348803
-0.551729053112688
0.996492859249499
-0.404913620735944
-0.607771911354050
0.988380467458419
-0.341082788800352
-0.660937728603863
0.975589328481122
-0.275637355816968
-0.710974831112946
0.958179992386562
-0.208887124180220
-0.757646355689085
0.936234870639763
-0.141148072876788
-0.800731370948743
0.909857845986171
-0.072740861719150
-0.840025923150733
0.879173780697064
-0.003989313423056
-0.875344001663096
0.844327925501951
0.064781119290089
-0.906518419490404
0.805485232008582
0.133244894304751
-0.933401604696252
0.762829571862303
0.201077921145954
-0.955866298971259
0.716562866343734
0.267959095144521
-0.973806160042894
0.666904130524186
0.333571817464884
-0.987136265073001
0.614088436501717
0.397605493806747
-0.995793512661319
0.558365800629622
0.459757004680528
-0.999736921552073
0.500000000000033
0.519732140299005
-0.998947824628821
0.439267323789292
0.577246993294653
-0.993429957280058
0.376455265374379
0.632029302664897
-0.983209439716719
0.311861161409597
0.683819742589300
-0.968334653325760
0.245790784309423
0.732373150012849
-0.948876011644517
0.178556894798656
0.777459685186417
-0.924925627040571
0.110477761379447
0.818865919671908
-0.896596874675026
0.041875653729167
0.856395846658833
-0.864023855812123
-0.026924682845608
0.889871808811464
-0.827360763017965
-0.095597564671905
0.919135339255286
-0.786781150250563
-0.163817911415136
0.944047911718865
-0.742477111298854
-0.231262784930086
0.964491596283460
-0.694658370458994
-0.297612917967947
0.980369617633555
-0.643551289750679
-0.362554225509582
0.991606813167031
-0.589397797376931
-0.425779291565166
0.998149988796547
-0.532454242495031
-0.486988824404381
0.999968170756823
-0.472990181723865
-0.545893073330242
0.997052752226921
-0.411287103130591
-0.602213200286137
0.989417534072661
-0.347637093734999
-0.655682599805278
0.977098659516902
-0.282341456842804
-0.706048161055918
0.960154443046369
-0.215709285751441
-0.753071466003633
0.938665094365388
-0.148056000577796
-0.796529918024164
0.912732338703388
-0.079701855139612
-0.836217795619888
0.882478935272445
-0.010970420952055
-0.871947226253862
0.848048096156400
0.057812944478656
-0.903549075692542
0.809602808379832
0.126322637816042
-0.930873748644223
0.767325062368277
0.194234351220116
-0.953791896906681
0.721414990451318
0.261226607538195
-0.972195031669004
0.672089919484933
0.326982282099323
-0.985996037070507
0.619583342081446
0.391190103902854
-0.995129582585904
0.564143811312490
0.453546129097297
-0.999552432283505
0.506033764121061
0.513755179776153
-0.999243649493386
0.445528279010954
0.571532241276001
-0.994204695916437
0.382913773892422
0.626603811364452
-0.984459424705041
0.318486650251605
0.678709194932977
-0.970053967548109
0.252551890060321
0.727601738061221
-0.951056516295125
0.185421612065802
0.773049995616521
-0.927557000153156
0.117413594299947
0.814838826857000
-0.899666659983889
0.048849769795651
0.852770413853943
-0.867517521717689
-0.019945297363400
0.886665197913580
-0.831261771375094
-0.088645948447656
0.916362729562263
-0.791071034656274
-0.156926971670675
0.941722428075164
-0.747135564508135
-0.224465141658989
0.962624246950042
-0.699663340513412
-0.290940749522169
0.978969242177376
-0.648879084367425
-0.356039116274469
0.990680040617093
-0.595023196102047
-0.419452082446207
0.997701206263487
-0.538350616090575
-0.480879466835306
0.999999502665477
-0.479129618224860
-0.540030487489733
0.997564050259814
-0.417640539972174
-0.596625138196347
0.990406377872169
-0.354174455327928
-0.650395513961981
0.978560368142522
-0.289031796944467
-0.701087079207524
0.962082097133135
-0.222520933956173
-0.748459872677278
0.941049568878652
-0.154956712238436
-0.792289643355254
0.915562346133997
-0.086658964004096
-0.832368912013288
0.885741079069620
-0.017950993797987
-0.868507953367066
0.851726934143059
0.050841951945645
-0.900535694187352
0.813680925852248
0.119394224540181
-0.928300523118950
0.771783154533392
0.187381314585799
-0.951671008370716
0.726231953810032
0.254481388115554
-0.970536519880781
0.677242951731351
0.320376810078852
-0.984807753012198
0.625048050043183
0.384755647944974
-0.994417151298575
0.569894326421696
0.447313148315591
-0.999319226239543
0.512042864870530
0.507753179550835
-0.999490772632189
0.451767519812843
0.565789633582220
-0.994930978418576
0.389353619733126
0.621147780278425
-0.985661428529868
0.325096616503812
0.673565567947842
-0.971726002708567
0.259300686788176
0.722794863827372
-0.953190667792940
0.192277292145390
0.768602628680593
-0.930143165446057
0.124343704647506
0.810772019947105
-0.902692596809083
0.055821504993045
0.849103418222160
-0.870968906043130
-0.012964939775310
0.883415372204744
-0.835122265206096
-0.081690011744940
0.913545457642596
-0.795322363375930
-0.150028383526782
0.939351046208968
-0.751757603384052
-0.217656558273560
0.960709980668827
-0.704634209963530
-0.284254401034934
0.977521153141451
-0.654175253533031
-0.349506654194913
0.989704983719648
-0.600619594235856
-0.413104429824508
0.997203797181180
-0.544220751236782
-0.474746671879636
0.999982096009161
-0.485245702624213
-0.534141581324941
0.998026728428267
-0.423973621602836
-0.591007997439217
0.991346950662073
-0.360694554957783
-0.645076728758733
0.979974383116296
-0.295708050043892
-0.696091827363975
0.963962860695845
-0.229321736804736
-0.743811800472800
0.943388177963551
-0.161849871527532
-0.788010753606742
0.918347730347614
-0.093611849232706
-0.828479459920212
0.888960053096195
-0.024930691738033
-0.865026350627793
0.855364260160437
0.043868481447623
-0.897478421842892
0.817719385664404
0.112459992158481
-0.925682053535903
0.776203631076378
0.180519145250566
-0.949503736732342
0.731013521647722
0.247723765629296
-0.968830705511801
0.682362976111748
0.313755723344426
-0.983571470813404
0.630482294044595
0.378302439539623
-0.993656253522181
0.575617065685620
0.441058366122305
-0.999037314786333
0.518027009373149
0.501726432151682
-0.999689182000813
0.457984742102963
0.560019450100096
-0.995608769388463
0.395774489027910
0.615661475325718
-0.986815392607191
0.331690738005360
0.668389112327183
-0.973350677314609
0.266036845566595
0.717952761591729
-0.955278362122358
0.199123600901022
0.764117801136736
-0.932683996873395
0.131267754658098
0.806665697152786
-0.905674537670618
0.062790519529265
0.845395038487800
-0.874377840572734
-0.005983950294346
0.880122490076978
-0.838942056356200
-0.074730093586525
0.910683660806237
-0.799534929205627
-0.143122483211133
0.936933881697929
-0.756343002654802
-0.210837366614770
0.958748890738513
-0.709570736536506
-0.277554198388997
0.976025421103648
-0.659439539119512
-0.342957157654112
0.988681689997530
-0.606186719018172
-0.406736643075909
0.996657785792660
-0.550064361831353
-0.468590738440747
0.999915951636248
-0.491338136832401
-0.528226641853230
0.998440764181980
-0.430286039357525
-0.585362051785896
0.992239206600155
-0.367197074843893
-0.639726503425792
0.981340635521220
-0.302369890750357
-0.691062648986964
0.965796642068672
-0.236111362835371
-0.739127475930377
0.945680807639503
-0.168735142482002
-0.783693457325817
0.921088355588448
-0.100560171952078
-0.824549628907199
0.892135700463815
-0.031909174591335
-0.861502587724560
0.858959896930631
0.036892872861932
-0.894377407666406
0.821717990987331
0.105520278635196
-0.923018467515423
0.780586276549302
0.173648177667091
-0.947290187621388
0.735759460917829
0.240954069435967
-0.967077671701107
0.687449743083195
0.307119344598687
-0.982287250728694
0.635885809228650
0.371830793207284
-0.992846926341857
0.581311750185837
0.434782087366291
-0.998706711663823
0.523985905969964
0.495675231314057
-0.999838867929057
0.464179642863075
0.554221972059856
-0.996238035791505
0.402176068832454
0.610145163901272
-0.987921260694504
0.338268693368497
0.663180080364316
-0.974927912181830
0.272760038084482
0.713075667351209
-0.957319497532036
0.205960204653045
0.759595731569259
-0.935179370598545
0.138185406863745
0.802520058610559
-0.908612337232807
0.069756473744147
0.841645455391818
-0.877744159160062
0.000997330835685
0.876786712020822
-0.842720958654047
-0.067766533188551
0.907777478532940
-0.803708526830714
-0.136209607307794
0.934471052351311
-0.760891538834793
-0.204007899039956
0.956741072739923
-0.714472679632679
-0.270840468143002
0.974482118963738
-0.664671684553358
-0.336390945865501
0.987610209324662
-0.611724299115003
-0.400349032556940
0.996063198709717
-0.555881163064765
-0.462411966550349
0.999801072770523
-0.497406623913173
-0.522285957360019
0.998806137341426
-0.436577485577698
-0.579687576411994
0.993083102199176
-0.373681698062401
-0.634345098725768
0.982659058768033
-0.309016994374927
-0.685999789191221
0.967583351875642
-0.242889481131065
-0.734407127357530
0.947927346167122
-0.175612189523902
-0.779337964931549
0.923784088282204
-0.107503593510538
-0.820579610508410
0.895267866396112
-0.038886102236258
-0.857936836400716
0.862513669207260
0.029915466169438
-0.891232802796747
0.825676546934520
0.098575422202622
-0.920309894877021
0.784930877348493
0.166768746716193
-0.945030468923190
0.740469540309811
0.234172629481229
-0.965277503888980
0.692503004724176
0.300467997289590
-0.980955155349184
0.641258332235464
0.365341024366449
-0.991989209203015
0.586978102371273
0.428484617944724
-0.998327432985150
0.529919264233150
0.489599871965149
-0.999939823121437
0.470351920162253
0.548397482022588
-0.996818746958184
0.408558047142580
0.604599114862505
-0.988978978893320
0.344830161992532
0.657938725939598
-0.976457630438029
0.279469936662921
0.708163818808661
-0.959313974540046
0.212786770195481
0.755036640377604
-0.937629165000433
0.145096324107386
0.798335306372863
-0.911505852311729
0.076719028126910
0.837854851683724
-0.881067697735384
0.007978563357447
0.873408200617175
-0.846458787921148
-0.060799669945581
0.904827052466119
-0.807842952836068
-0.129290092739908
0.931962678203943
-0.765402990234639
-0.197168488407955
0.954686624531142
-0.719339800338576
-0.264113537514907
0.972891321940190
-0.669871434826841
-0.329808338856766
0.986490593923502
-0.617232064632510
-0.393941909590932
0.995420064911704
