0.000000000000000
0.975479698764712
-0.429385542199408
-0.786473260103449
0.775574445610211
0.445081784436593
-0.971490038292866
-0.017452406437285
0.979172218670631
-0.413558504966521
-0.797132507222923
0.764439383627680
0.460642450450634
-0.967204452544321
-0.034899496702503
0.982566473233288
-0.397605493806785
-0.807548940058699
0.753071466003611
0.476062800311925
-0.962624246950010
-0.052335956242946
0.985661428529863
-0.381531368161946
-0.817719385664433
0.741474155515824
0.491338136832512
-0.957750816684928
-0.069756473744130
0.988456141806990
-0.365341024366387
-0.827640746023868
0.729650984817446
0.506463806996926
-0.952585646243145
-0.087155742747666
0.990949761767934
-0.349039394155668
-0.837309998994528
0.717605555360805
0.521435203379503
-0.947130308985609
-0.104528463267657
0.993141528831897
-0.332631443164268
-0.846724199228290
0.705341536300400
0.536247765547875
-0.941386466660900
-0.121869343405154
0.995030775365401
-0.316122169413021
-0.855880479068558
0.692862663375241
0.550896981452113
-0.935355868899029
-0.139173100960075
0.996616925885648
-0.299516601786613
-0.864776049423810
0.680172737770906
0.565378388799141
-0.929040352678497
-0.156434465040243
0.997899497235826
-0.282819798501818
-0.873408200617133
0.667275624961676
0.579687576411985
-0.922441841766722
-0.173648177666945
0.998878098732276
-0.266036845566677
-0.881774303211659
0.654175253533016
0.593820185573518
-0.915562346134050
-0.190808995376563
0.999552432283503
-0.249172855231192
-0.889871808811474
0.640875613985014
0.607771911354038
-0.908403961341500
-0.207911690817766
0.999922292480974
-0.232232964430239
-0.897698250837944
0.627380757516669
0.621538503922762
-0.900968867902407
-0.224951054343888
0.999987566661691
-0.215222333218601
-0.905251245281022
0.613694794792033
0.635115769842191
-0.893259330618282
-0.241921895599680
0.999748234942505
-0.198146143199388
-0.912528491425410
0.599821894687908
0.648499573345621
-0.885277697888853
-0.258819045102550
0.999204370226177
-0.181009595945443
-0.919527772551460
0.585766283024033
0.661685837596875
-0.877026400996756
-0.275637355817017
0.998356138179169
-0.163817911415122
-0.926246956610313
0.571532241275927
0.674670545932082
-0.868507953366983
-0.292371704722744
0.997203797181177
-0.146576326362016
-0.932683996873438
0.557124105270547
0.687449743083338
-0.859724949801176
-0.309016994374971
0.995747698246435
-0.129290092740012
-0.938836932555992
0.542546263865743
0.700019536383355
-0.850680065687331
-0.325568154457169
0.993988284916783
-0.111964476103297
-0.944703889414172
0.527803157613179
0.712376096951368
-0.841376056184739
-0.342020143325697
0.991926093126561
-0.094604754002510
-0.950283080316094
0.512899277405909
0.724515660859288
-0.831815755384841
-0.358367949545318
0.989561751039369
-0.077216214377224
-0.955572805786152
0.497839163110127
0.736434530278388
-0.822002075447903
-0.374606593415946
0.986895978856719
-0.059804153945001
-0.960571454522710
0.482627402182584
0.748129074605526
-0.811938005715840
-0.390731128489323
0.983929588598624
-0.042373876588150
-0.965277503888972
0.467268628273020
0.759595731569289
-0.801626611801815
-0.406736643075813
0.980663483856302
-0.024930691738062
-0.969689520376695
0.451767519812801
0.770831008314845
-0.791071034656338
-0.422618261740727
0.977098659516896
-0.007479912757705
-0.973806160042918
0.436128798589627
0.781831482468061
-0.780274489610393
-0.438371146789121
0.973236201460446
0.009973144676538
-0.977626168919307
0.420357228309527
0.792593803177911
-0.769240265396223
-0.453990499739554
0.969077286229068
0.027423164194243
-0.981148383394178
0.404457613145592
0.803114692137318
-0.757971723145416
-0.469471562785913
0.964623180668642
0.044864830350538
-0.984371730566869
0.388434796274676
0.813390944581554
-0.746472295365139
-0.484809620246374
0.959875241542884
0.062292830244892
-0.987295228574596
0.372293658401911
0.823419430264542
-0.734745484892416
-0.500000000000052
0.954834915120017
0.079701855139709
-0.989917986891566
0.356039116274306
0.833197094412461
-0.722794863827356
-0.515038074910071
0.949503736732310
0.097086602077305
-0.992239206600177
0.339676121182909
0.842720958654060
-0.710624072444942
-0.529919264233236
0.943883330308345
0.114441775495466
-0.994258180634419
0.323209657454430
0.851988121928032
-0.698236818086052
-0.544639035015073
0.937975407878384
0.131762088840189
-0.995974293995240
0.306644740933288
0.860995761366640
-0.685636874028401
-0.559192903470759
0.931781769052792
0.149042266176242
-0.997387023937895
0.289986417453523
0.869741133155712
-0.672828078337006
-0.573576436351072
0.925304300473973
0.166277043794158
-0.998495940131154
0.273239761301895
0.878221573370253
-0.659814332695160
-0.587785252292513
0.918544975241628
0.183461171813828
-0.999300704788398
0.256409873671986
0.886434498786021
-0.646599601215769
-0.601815023152101
0.911505852311657
0.200589415783335
-0.999801072770523
0.239501881110659
0.894377407666349
-0.633187909234095
-0.615661475325679
0.904189075869116
0.217656558273585
-0.999996891660591
0.222520933956294
0.902047880524300
-0.619583342081484
-0.629320391049871
0.896596874674988
0.234657400467755
-0.999888101810271
0.205472204769782
0.909443580859508
-0.605790043840792
-0.642787609686586
0.888731561387331
0.251586763744565
-0.999474736358008
0.188360886759243
0.916562255869985
-0.591812216084325
-0.656059028990523
0.880595531856741
0.268439491255962
-0.998756921218919
0.171192192197960
0.923401737138432
-0.577654116593826
-0.669130606358886
0.872191264396600
0.285210449497890
-0.997734875046451
0.153971350836501
0.929959941292487
-0.563320058063550
-0.681998360062539
0.863521319028217
0.301894529873898
-0.996408909165768
0.136703608310024
0.936234870639743
-0.548814406786584
-0.694658370459049
0.854588336700938
0.318486650251697
-0.994779427478923
0.119394224540178
0.942224613775891
-0.534141581324923
-0.707106781186611
0.845395038487717
0.334981756510579
-0.992846926341836
0.102048472132939
0.947927346167148
-0.519306051163148
-0.719339800338725
0.835944224756246
0.351374824081387
-0.990611994413049
0.084671634772522
0.953341330705983
-0.504312335347558
-0.731353701619177
0.826238774315941
0.367660859476935
-0.988075312474490
0.067269005612035
0.958464918240260
-0.489165001109238
-0.743144825477412
0.816281643541023
0.383834901813076
-0.985237653224049
0.049845885660675
0.963296548075582
-0.473868662472932
-0.754709580222801
0.806075865470052
0.399892024319831
-0.982099881040225
0.032407582169676
0.967834748450668
-0.458427978851567
-0.766044443119017
0.795624548881760
0.415827335842138
-0.978662951718820
0.014959407015207
0.972078136985780
-0.442847653626953
-0.777145961457020
0.784930877348491
0.431635982329635
-0.974927912181800
-0.002493324919552
0.976025421103633
-0.427132432717184
-0.788010753606781
0.773998108266184
0.447313148315665
-0.970895900158417
-0.019945297363388
0.979675398423247
-0.411287103130583
-0.798635510047361
0.762829571862211
0.462854058383499
-0.966568143838540
-0.037391194276433
0.983026957126171
-0.395316491508141
-0.809016994374957
0.751428670180953
0.478253978621380
-0.961945961498694
-0.054825701469371
0.986079076295159
-0.379225462652868
-0.819152044289011
0.739798876047504
0.493508218064423
-0.957030761100394
-0.072243508222646
0.988830826225144
-0.363018918048031
-0.829037572555070
0.727943732009895
0.508612130123522
-0.951824039861298
-0.089639308903479
0.991281368706426
-0.346701794364114
-0.838670567945461
0.715866849259691
0.523561114000748
-0.946327383799133
-0.107007804582463
0.993429957280058
-0.330279061955057
-0.848048096156471
0.703571906532443
0.538350616090704
-0.940542467248583
-0.124343704647564
0.995275937465130
-0.313755723344351
-0.857167300702165
0.691062648986811
0.552976131367975
-0.934471052351310
-0.141641728415685
0.996818746958195
-0.297136811700788
-0.866025403784498
0.678342887063823
0.567433204758831
-0.928114988519027
-0.158896606741216
0.998057915804536
-0.280427389305951
-0.874619707139407
0.665416495326180
0.581717432498668
-0.921476211870388
-0.176103083620955
0.998993066541318
-0.263632546011770
-0.882947592858945
0.652287411278026
0.595824463473343
-0.914556744641073
-0.193255917795587
0.999623914312568
-0.246757397690208
-0.891006524188393
0.638959634165633
0.609750000544562
-0.907358694567829
-0.210349884345546
0.999950266955942
-0.229807084674917
-0.898794046299199
0.625437223758847
0.623489801858834
-0.899884254246439
-0.227379776283028
0.999972025061268
-0.212786770195442
-0.906307787036688
0.611724299114956
0.637039682139490
-0.892135700463830
-0.244340406137977
0.999689182000814
-0.195701638804566
-0.913545457642645
0.597825037323649
0.650395513961913
-0.884115393504547
-0.261226607538238
0.999101823931315
-0.178556894798594
-0.920504853452489
0.583743672234711
0.663553229010261
-0.875825776431838
-0.278033236783283
0.998210129767729
-0.161357760632747
-0.927183854566798
0.569484493168358
0.676508819317067
-0.867269374343260
-0.294755174411036
0.997014371128736
-0.144109475329903
-0.933580426497218
0.555051843608665
0.689258338484020
-0.858448793601829
-0.311387326757197
0.995514912254002
-0.126817292884854
-0.939692620785930
0.540450119880597
0.701797902884075
-0.849366721041886
-0.327924627507259
0.993712209893238
-0.109486480663886
-0.945518575599342
0.525683769810460
0.714123692844443
-0.840025923150713
-0.344362039239106
0.991606813167023
-0.092122317800287
-0.951056516295183
0.510757291371626
0.726231953810019
-0.830429245225835
-0.360694554957890
0.989199363399606
-0.074730093586392
-0.956304755963069
0.495675231314022
0.738118997487378
-0.820579610508311
-0.376917199621107
0.986490593923507
-0.057315105861949
-0.961261695938355
0.480442183779246
0.749781202967782
-0.810480019292359
-0.393025031654040
0.983481329856150
-0.039882659401038
-0.965925826289077
0.465062788901143
0.761215017830468
-0.800133548011169
-0.409013144455012
0.980172487848520
-0.022438064295721
-0.970295726276009
0.449541731392376
0.772416959224667
-0.789543348300187
-0.424876667889881
0.976565075805947
-0.004986634338657
-0.974370064785250
0.433883739117520
0.783383614930515
-0.778712646036834
-0.440610769775942
0.972660192581111
0.012466314595534
-0.978147600733823
0.418093581652502
0.794111644398447
-0.767644740357939
-0.456210657353236
0.968459027639219
0.029915466169534
-0.981627183447683
0.402176068832348
0.804597779766695
-0.756343002654788
-0.471671578744888
0.963962860695834
0.047355505202628
-0.984807753012228
0.386136049285660
0.814838826856981
-0.744810875546170
-0.486988824404468
0.959173061326962
0.064781119290208
-0.987688340595159
0.369978408957776
0.824831666147084
-0.733051871829792
-0.502157728550569
0.954091088551892
0.082187000421417
-0.990268068741575
0.353708069622462
0.834573253721293
-0.721069573411945
-0.517173670588041
0.948718490388797
0.099567846595907
-0.992546151641342
0.337329987382801
0.844060622197850
-0.708867630216799
-0.532032076515382
0.943056903383014
0.116918363439789
-0.994521895368281
0.320849151160980
0.853290881632164
-0.696449759074693
-0.546728420318498
0.937108052108938
0.134233265817779
-0.996194698091763
0.304270581179794
0.862261220398037
-0.683819742589316
-0.561258225348317
0.930873748644140
0.151507279442429
-0.997564050259831
0.287599327431829
0.870968906043149
-0.670981427985869
-0.575617065685667
0.924355892018012
0.168735142482302
-0.998629534754574
0.270840468142909
0.879411286122326
-0.657938725939682
-0.589800567488866
0.917556467632651
0.185911607162976
-0.999390827019100
0.253999108223703
0.887585789004593
-0.644695609383808
-0.603804410325498
0.910477546658770
0.203031441367366
-0.999847695156391
0.237080377715367
0.895489924657397
-0.631256112300181
-0.617624328489741
0.903121285404185
0.220089430227682
-0.999999999999999
0.220089430227551
0.903121285404243
-0.617624328489456
-0.631256112300285
0.895489924657236
0.237080377715498
-0.999847695156389
0.203031441367012
0.910477546658825
-0.603804410325391
-0.644695609384084
0.887585789004531
0.253999108223833
-0.999390827019087
0.185911607162844
0.917556467632795
-0.589800567488757
-0.657938725939784
0.879411286122154
0.270840468143038
-0.998629534754567
0.168735142481945
0.924355892018063
-0.575617065685557
-0.670981427985968
0.870968906043083
0.287599327432176
-0.997564050259822
0.151507279442297
0.930873748644273
-0.561258225348206
-0.683819742589414
0.862261220397854
0.304270581179922
-0.996194698091731
0.134233265817646
0.937108052108985
-0.546728420318195
-0.696449759074790
0.853290881632094
0.320849151161322
-0.994521895368266
0.116918363439656
0.943056903383134
-0.532032076515268
-0.708867630217054
0.844060622197778
0.337329987382927
-0.992546151641298
0.099567846595773
0.948718490388839
-0.517173670587732
-0.721069573412038
0.834573253721219
0.353708069622588
-0.990268068741557
0.082187000421056
0.954091088551932
-0.502157728550354
-0.733051871829960
0.824831666147008
0.369978408958007
-0.987688340595102
0.064781119290074
0.959173061327033
-0.486988824404351
-0.744810875546335
0.814838826856837
0.386136049285784
-0.984807753012185
0.047355505202380
0.963962860695870
-0.471671578744669
-0.756343002655025
0.804597779766615
0.402176068832575
-0.981627183447658
0.029915466169286
0.968459027639281
-0.456210657353116
-0.767644740358097
0.794111644398227
0.418093581652624
-0.978147600733771
0.012466314595399
0.972660192581142
-0.440610769775719
-0.778712646036918
0.783383614930361
0.433883739117744
-0.974370064785220
-0.004986634338905
0.976565075806025
-0.424876667889760
-0.789543348300339
0.772416959224582
0.449541731392598
-0.970295726275949
-0.022438064295855
0.980172487848569
-0.409013144454682
-0.800133548011250
0.761215017830307
0.465062788901262
-0.965925826289042
-0.039882659401286
0.983481329856174
-0.393025031653812
-0.810480019292504
0.749781202967693
0.480442183779464
-0.961261695938255
-0.057315105862084
0.986490593923548
-0.376917199620982
-0.820579610508453
0.738118997487211
0.495675231314139
-0.956304755962996
-0.074730093586639
0.989199363399626
-0.360694554957659
-0.830429245226036
0.726231953809927
0.510757291371839
-0.951056516295142
-0.092122317800534
0.991606813167055
-0.344362039238980
-0.840025923150848
0.714123692844189
0.525683769810574
-0.945518575599262
-0.109486480664019
0.993712209893253
-0.327924627507025
-0.849366721041957
0.701797902883899
0.540450119880805
-0.939692620785884
-0.126817292885100
0.995514912254037
-0.311387326757069
-0.858448793601956
0.689258338483923
0.555051843608871
-0.933580426497129
-0.144109475330036
0.997014371128755
-0.294755174410690
-0.867269374343326
0.676508819316884
0.569484493168468
-0.927183854566748
-0.161357760632991
0.998210129767737
-0.278033236783045
-0.875825776431957
0.663553229010160
0.583743672234912
-0.920504853452348
-0.178556894798726
0.999101823931325
-0.261226607538108
-0.884115393504662
0.650395513961725
0.597825037323756
-0.913545457642544
-0.195701638804809
0.999689182000817
-0.244340406137737
-0.892135700463993
0.637039682139387
0.611724299115152
-0.906307787036632
-0.212786770195684
0.999972025061270
-0.227379776282898
-0.899884254246547
0.623489801858551
0.625437223758951
-0.898794046299091
-0.229807084675047
0.999950266955941
-0.210349884345304
-0.907358694567886
0.609750000544366
0.638959634165824
-0.891006524188332
-0.246757397690448
0.999623914312558
-0.193255917795455
-0.914556744641173
0.595824463473235
0.652287411278214
-0.882947592858829
-0.263632546011899
0.998993066541307
-0.176103083620711
-0.921476211870440
0.581717432498467
0.665416495326280
-0.874619707139341
-0.280427389306189
0.998057915804528
-0.158896606740971
-0.928114988519119
0.567433204758720
0.678342887064005
-0.866025403784317
-0.297136811700916
0.996818746958176
-0.141641728415552
-0.934471052351358
0.552976131367768
0.691062648986908
-0.857167300702037
-0.313755723344587
0.995275937465117
-0.124343704647318
-0.940542467248706
0.538350616090591
0.703571906532619
-0.848048096156400
-0.330279061955291
0.993429957280030
-0.107007804582330
-0.946327383799213
0.523561114000440
0.715866849259784
-0.838670567945326
-0.346701794364240
0.991281368706408
-0.089639308903232
-0.951824039861339
0.508612130123308
0.727943732010065
-0.829037572554995
-0.363018918048262
0.988830826225090
-0.072243508222513
-0.957030761100466
0.493508218064306
0.739798876047670
-0.819152044288869
-0.379225462652992
0.986079076295118
-0.054825701469123
-0.961945961498730
0.478253978621162
0.751428670181191
-0.809016994374878
-0.395316491508369
0.983026957126147
-0.037391194276185
-0.966568143838604
0.462854058383380
0.762829571862372
-0.798635510047143
-0.411287103130706
0.979675398423197
-0.019945297363254
-0.970895900158449
0.447313148315443
0.773998108266269
-0.788010753606628
-0.427132432717409
0.976025421103604
-0.002493324919304
-0.974927912181880
0.431635982329514
0.784930877348645
-0.777145961456936
-0.442847653627175
0.972078136985722
0.014959407015342
-0.978662951718871
0.415827335841809
0.795624548881842
-0.766044443118858
-0.458427978851687
0.967834748450634
0.032407582169923
-0.982099881040250
0.399892024319604
0.806075865470199
-0.754709580222713
-0.473868662473150
0.963296548075485
0.049845885660809
-0.985237653224092
0.383834901812952
0.816281643541167
-0.743144825477246
-0.489165001109355
0.958464918240189
0.067269005612282
-0.988075312474510
0.367660859476704
0.826238774316144
-0.731353701619086
-0.504312335347772
0.953341330705943
0.084671634772769
-0.990611994413083
0.351374824081261
0.835944224756382
-0.719339800338474
-0.519306051163263
0.947927346167069
0.102048472133072
-0.992846926341852
0.334981756510345
0.845395038487789
-0.707106781186435
-0.534141581325132
0.942224613775846
0.119394224540424
-0.994779427478960
0.318486650251569
0.854588336701067
-0.694658370458953
-0.548814406786792
0.936234870639656
0.136703608310157
-0.996408909165789
0.301894529873662
0.863521319028285
-0.681998360062357
-0.563320058063849
0.929959941292437
0.153971350836746
-0.997734875046460
0.285210449497653
0.872191264396721
-0.669130606358787
-0.577654116594028
0.923401737138293
0.171192192198092
-0.998756921218931
0.268439491255832
0.880595531856805
-0.656059028990336
-0.591812216084434
0.916562255869909
0.188360886759542
-0.999474736358012
0.251586763744325
0.888731561387471
-0.642787609686439
-0.605790043840989
0.909443580859452
0.205472204769969
-0.999888101810276
0.234657400467624
0.896596874675098
-0.629320391049634
-0.619583342081589
0.902047880524193
0.222520933956370
-0.999996891660591
0.217656558273343
0.904189075869173
-0.615661475325528
-0.633187909234331
0.894377407666289
0.239501881110900
-0.999801072770517
0.200589415783148
0.911505852311759
-0.601815023151994
-0.646599601215914
0.886434498785880
0.256409873672116
-0.999300704788391
0.183461171813528
0.918544975241681
-0.587785252292312
-0.659814332695389
0.878221573370161
0.273239761302133
-0.998495940131147
0.166277043793969
0.925304300474089
-0.573576436350962
-0.672828078337189
0.869741133155562
0.289986417453706
-0.997387023937878
0.149042266176110
0.931781769052861
-0.559192903470553
-0.685636874028498
