0.000000000000000
0.995030775365400
0.198146143199397
-0.955572805786140
-0.388434796274694
0.878221573370227
0.563320058063621
-0.766044443118977
-0.715866849259718
0.623489801858732
0.840025923150771
-0.456210657353163
-0.930873748644203
0.270840468143004
0.984807753012207
-0.074730093586423
-0.999689182000815
-0.124343704647484
0.974927912181822
0.318486650251684
-0.911505852311671
-0.500000000000000
0.811938005715856
0.661685837596860
-0.680172737770921
-0.797132507222921
0.521435203379497
0.900968867902420
-0.342020143325670
-0.969077286229077
0.149042266176171
0.998756921218921
0.049845885660697
-0.988830826225127
-0.246757397690291
0.939692620785908
0.433883739117560
-0.853290881632156
-0.603804410325476
0.733051871829824
0.749781202967736
-0.583743672234790
-0.866025403784438
0.411287103130608
0.947927346167130
-0.222520933956320
-0.992239206600172
0.024930691738075
0.997203797181180
0.173648177666933
-0.962624246950012
-0.365341024366401
0.889871808811467
0.542546263865757
-0.781831482468025
-0.698236818086073
0.642787609686541
0.826238774315998
-0.478253978621317
-0.921476211870405
0.294755174410898
0.980172487848543
-0.099567846595820
-0.999999999999999
-0.099567846595817
0.980172487848544
0.294755174410909
-0.921476211870407
-0.478253978621314
0.826238774315992
0.642787609686538
-0.698236818086076
-0.781831482468032
0.542546263865759
0.889871808811465
-0.365341024366391
-0.962624246950011
0.173648177666936
0.997203797181179
0.024930691738071
-0.992239206600170
-0.222520933956317
0.947927346167131
0.411287103130618
-0.866025403784436
-0.583743672234787
0.749781202967729
0.733051871829827
-0.603804410325479
-0.853290881632151
0.433883739117569
0.939692620785911
-0.246757397690288
-0.988830826225128
0.049845885660701
0.998756921218922
0.149042266176161
-0.969077286229074
-0.342020143325673
0.900968867902418
0.521435203379494
-0.797132507222927
-0.680172737770929
0.661685837596852
0.811938005715858
-0.500000000000000
-0.911505852311670
0.318486650251694
0.974927912181826
-0.124343704647477
-0.999689182000815
-0.074730093586423
0.984807753012208
0.270840468142994
-0.930873748644199
-0.456210657353169
0.840025923150769
0.623489801858731
-0.715866849259723
-0.766044443118970
0.563320058063612
0.878221573370231
-0.388434796274693
-0.955572805786139
0.198146143199405
0.995030775365399
0.000000000000011
-0.995030775365400
-0.198146143199398
0.955572805786141
0.388434796274686
-0.878221573370221
-0.563320058063630
0.766044443118974
0.715866849259718
-0.623489801858736
-0.840025923150765
0.456210657353150
0.930873748644207
-0.270840468143001
-0.984807753012207
0.074730093586430
0.999689182000816
0.124343704647498
-0.974927912181821
-0.318486650251687
0.911505852311673
0.499999999999994
-0.811938005715862
-0.661685837596868
0.680172737770913
0.797132507222923
-0.521435203379500
-0.900968867902415
0.342020143325680
0.969077286229080
-0.149042266176168
-0.998756921218921
-0.049845885660694
0.988830826225129
0.246757397690308
-0.939692620785904
-0.433883739117563
0.853290881632154
0.603804410325474
-0.733051871829832
-0.749781202967743
0.583743672234781
0.866025403784440
-0.411287103130611
-0.947927346167129
0.222520933956324
0.992239206600173
-0.024930691738064
-0.997203797181179
-0.173648177666929
0.962624246950013
0.365341024366385
-0.889871808811475
-0.542546263865742
0.781831482468045
0.698236818086091
-0.642787609686522
-0.826238774316004
0.478253978621307
0.921476211870410
-0.294755174410902
-0.980172487848542
0.099567846595824
0.999999999999999
0.099567846595800
-0.980172487848547
-0.294755174410878
0.921476211870397
0.478253978621335
-0.826238774315985
-0.642787609686547
0.698236818086068
0.781831482468029
-0.542546263865762
-0.889871808811464
0.365341024366408
0.962624246950006
-0.173648177666954
-0.997203797181181
-0.024930691738096
0.992239206600169
0.222520933956327
-0.947927346167128
-0.411287103130615
0.866025403784438
0.583743672234785
-0.749781202967741
-0.733051871829815
0.603804410325493
0.853290881632142
-0.433883739117534
-0.939692620785915
0.246757397690277
0.988830826225129
-0.049845885660690
-0.998756921218921
-0.149042266176172
0.969077286229079
0.342020143325657
-0.900968867902426
-0.521435203379479
0.797132507222904
0.680172737770937
-0.661685837596844
-0.811938005715865
0.499999999999991
0.911505852311674
-0.318486650251684
-0.974927912181822
0.124343704647494
0.999689182000815
0.074730093586405
-0.984807753012211
-0.270840468143032
0.930873748644195
0.456210657353179
-0.840025923150763
-0.623489801858740
0.715866849259715
0.766044443118977
-0.563320058063627
-0.878221573370222
0.388434796274709
0.955572805786134
-0.198146143199422
-0.995030775365403
-0.000000000000022
0.995030775365399
0.198146143199409
-0.955572805786138
-0.388434796274696
0.878221573370229
0.563320058063615
-0.766044443118985
-0.715866849259706
0.623489801858750
0.840025923150787
-0.456210657353140
-0.930873748644211
0.270840468142990
0.984807753012209
-0.074730093586419
-0.999689182000815
-0.124343704647481
0.974927912181825
0.318486650251671
-0.911505852311680
-0.499999999999979
0.811938005715839
0.661685837596876
-0.680172737770905
-0.797132507222930
0.521435203379490
0.900968867902420
-0.342020143325670
-0.969077286229075
0.149042266176185
0.998756921218921
0.049845885660676
-0.988830826225131
-0.246757397690319
0.939692620785900
0.433883739117573
-0.853290881632149
-0.603804410325482
0.733051871829824
0.749781202967731
-0.583743672234796
-0.866025403784431
0.411287103130627
0.947927346167124
-0.222520933956285
-0.992239206600174
0.024930691738053
0.997203797181178
0.173648177666940
-0.962624246950010
-0.365341024366395
0.889871808811470
0.542546263865751
-0.781831482468038
-0.698236818086058
0.642787609686557
0.826238774316010
-0.478253978621298
-0.921476211870414
0.294755174410891
0.980172487848544
-0.099567846595813
-0.999999999999999
-0.099567846595810
0.980172487848545
0.294755174410889
-0.921476211870415
-0.478253978621345
0.826238774315979
0.642787609686555
-0.698236818086060
-0.781831482468036
0.542546263865753
0.889871808811469
-0.365341024366398
-0.962624246950009
0.173648177666943
0.997203797181178
0.024930691738050
-0.992239206600167
-0.222520933956338
0.947927346167124
0.411287103130624
-0.866025403784433
-0.583743672234793
0.749781202967733
0.733051871829822
-0.603804410325485
-0.853290881632147
0.433883739117575
0.939692620785899
-0.246757397690267
-0.988830826225131
0.049845885660679
0.998756921218921
0.149042266176182
-0.969077286229076
-0.342020143325667
0.900968867902421
0.521435203379488
-0.797132507222931
-0.680172737770903
0.661685837596878
0.811938005715838
-0.500000000000030
-0.911505852311656
0.318486650251727
0.974927912181811
-0.124343704647427
-0.999689182000817
-0.074730093586473
0.984807753012199
0.270840468143042
-0.930873748644191
-0.456210657353188
0.840025923150757
0.623489801858748
-0.715866849259708
-0.766044443118983
0.563320058063618
0.878221573370228
-0.388434796274699
-0.955572805786137
0.198146143199412
0.995030775365398
-0.000000000000025
-0.995030775365403
-0.198146143199364
0.955572805786151
0.388434796274654
-0.878221573370251
-0.563320058063577
0.766044443118942
0.715866849259753
-0.623489801858698
-0.840025923150792
0.456210657353131
0.930873748644215
-0.270840468142980
-0.984807753012211
0.074730093586408
0.999689182000815
0.124343704647491
-0.974927912181822
-0.318486650251681
0.911505852311676
0.499999999999988
-0.811938005715866
-0.661685837596842
0.680172737770939
0.797132507222902
-0.521435203379530
-0.900968867902400
0.342020143325713
0.969077286229064
-0.149042266176118
-0.998756921218924
-0.049845885660744
0.988830826225121
0.246757397690329
-0.939692620785896
-0.433883739117582
0.853290881632143
0.603804410325491
-0.733051871829817
-0.749781202967739
0.583743672234787
0.866025403784437
-0.411287103130617
-0.947927346167127
0.222520933956330
0.992239206600168
-0.024930691738099
-0.997203797181181
-0.173648177666895
0.962624246950022
0.365341024366352
-0.889871808811491
-0.542546263865808
0.781831482467996
0.698236818086107
-0.642787609686505
-0.826238774316016
0.478253978621288
0.921476211870418
-0.294755174410881
-0.980172487848547
0.099567846595802
0.999999999999999
0.099567846595821
-0.980172487848543
-0.294755174410899
0.921476211870411
0.478253978621304
-0.826238774316005
-0.642787609686520
0.698236818086093
0.781831482468007
-0.542546263865792
-0.889871808811447
0.365341024366440
0.962624246950027
-0.173648177666876
-0.997203797181183
-0.024930691738118
0.992239206600166
0.222520933956349
-0.947927346167121
-0.411287103130634
0.866025403784427
0.583743672234802
-0.749781202967726
-0.733051871829830
0.603804410325476
0.853290881632153
-0.433883739117566
-0.939692620785903
0.246757397690311
0.988830826225124
-0.049845885660725
-0.998756921218923
-0.149042266176137
0.969077286229088
0.342020143325624
-0.900968867902441
-0.521435203379546
0.797132507222891
0.680172737770953
-0.661685837596828
-0.811938005715877
0.499999999999972
0.911505852311683
-0.318486650251663
-0.974927912181826
0.124343704647473
0.999689182000815
0.074730093586427
-0.984807753012207
-0.270840468142998
0.930873748644208
0.456210657353147
-0.840025923150782
-0.623489801858712
0.715866849259740
0.766044443118954
-0.563320058063656
-0.878221573370206
0.388434796274741
0.955572805786157
-0.198146143199346
-0.995030775365405
-0.000000000000043
0.995030775365397
0.198146143199430
-0.955572805786131
-0.388434796274716
0.878221573370219
0.563320058063633
-0.766044443118971
-0.715866849259721
0.623489801858733
0.840025923150768
-0.456210657353172
-0.930873748644198
0.270840468143024
0.984807753012203
-0.074730093586454
-0.999689182000816
-0.124343704647446
0.974927912181833
0.318486650251637
-0.911505852311648
-0.500000000000047
0.811938005715827
0.661685837596892
-0.680172737770890
-0.797132507222943
0.521435203379472
0.900968867902429
-0.342020143325649
-0.969077286229081
0.149042266176164
0.998756921218922
0.049845885660698
-0.988830826225128
-0.246757397690285
0.939692620785912
0.433883739117541
-0.853290881632167
-0.603804410325454
0.733051871829848
0.749781202967708
-0.583743672234824
-0.866025403784414
0.411287103130556
0.947927346167149
-0.222520933956264
-0.992239206600177
0.024930691738032
0.997203797181176
0.173648177666961
-0.962624246950004
-0.365341024366415
0.889871808811460
0.542546263865769
-0.781831482468025
-0.698236818086074
0.642787609686541
0.826238774315990
-0.478253978621329
-0.921476211870400
0.294755174410925
0.980172487848537
-0.099567846595848
-0.999999999999999
-0.099567846595775
0.980172487848552
0.294755174410855
-0.921476211870384
-0.478253978621364
0.826238774315967
0.642787609686571
-0.698236818086045
-0.781831482468050
0.542546263865735
0.889871808811478
-0.365341024366377
-0.962624246950015
0.173648177666922
0.997203797181179
0.024930691738072
-0.992239206600172
-0.222520933956304
0.947927346167136
0.411287103130592
-0.866025403784450
-0.583743672234765
0.749781202967757
0.733051871829798
-0.603804410325513
-0.853290881632129
0.433883739117505
0.939692620785926
-0.246757397690246
-0.988830826225134
0.049845885660658
0.998756921218920
0.149042266176204
-0.969077286229071
-0.342020143325687
0.900968867902412
0.521435203379506
-0.797132507222919
-0.680172737770919
0.661685837596862
0.811938005715850
-0.500000000000012
-0.911505852311664
0.318486650251707
0.974927912181816
-0.124343704647519
-0.999689182000814
-0.074730093586381
0.984807753012215
0.270840468143063
-0.930873748644183
-0.456210657353208
0.840025923150746
0.623489801858765
-0.715866849259693
-0.766044443118997
0.563320058063600
0.878221573370238
-0.388434796274679
-0.955572805786143
0.198146143199391
0.995030775365401
-0.000000000000003
-0.995030775365401
-0.198146143199385
0.955572805786145
0.388434796274674
-0.878221573370241
-0.563320058063595
0.766044443119001
0.715866849259688
-0.623489801858769
-0.840025923150804
0.456210657353112
0.930873748644222
-0.270840468142959
-0.984807753012214
0.074730093586387
0.999689182000814
0.124343704647513
-0.974927912181818
-0.318486650251701
0.911505852311667
0.500000000000007
-0.811938005715854
-0.661685837596858
0.680172737770923
0.797132507222915
-0.521435203379511
-0.900968867902409
0.342020143325693
0.969077286229069
-0.149042266176209
-0.998756921218919
-0.049845885660652
0.988830826225135
0.246757397690350
-0.939692620785889
-0.433883739117602
0.853290881632132
0.603804410325508
-0.733051871829802
-0.749781202967753
0.583743672234769
0.866025403784448
-0.411287103130598
-0.947927346167134
0.222520933956309
0.992239206600171
-0.024930691738078
-0.997203797181180
-0.173648177666916
0.962624246950016
0.365341024366372
-0.889871808811481
-0.542546263865730
0.781831482468053
0.698236818086041
-0.642787609686576
-0.826238774316028
0.478253978621269
0.921476211870426
-0.294755174410860
-0.980172487848551
0.099567846595781
0.999999999999999
0.099567846595842
-0.980172487848539
-0.294755174410919
0.921476211870446
0.478253978621323
-0.826238774315929
-0.642787609686536
0.698236818085997
0.781831482468021
-0.542546263865678
-0.889871808811457
0.365341024366315
0.962624246950002
-0.173648177666855
-0.997203797181176
-0.024930691738139
0.992239206600178
0.222520933956370
-0.947927346167150
-0.411287103130654
0.866025403784474
0.583743672234820
-0.749781202967787
-0.733051871829844
0.603804410325549
0.853290881632164
-0.433883739117648
-0.939692620785910
0.246757397690180
0.988830826225127
-0.049845885660590
-0.998756921218922
-0.149042266176271
0.969077286229082
0.342020143325751
-0.900968867902432
-0.521435203379564
0.797132507222946
0.680172737770969
-0.661685837596897
-0.811938005715890
0.500000000000052
0.911505852311692
-0.318486650251750
-0.974927912181831
0.124343704647564
0.999689182000816
0.074730093586335
-0.984807753012204
-0.270840468142909
0.930873748644200
0.456210657353268
-0.840025923150771
-0.623489801858818
0.715866849259725
0.766044443119041
-0.563320058063638
-0.878221573370270
0.388434796274721
0.955572805786163
-0.198146143199436
-0.995030775365407
0.000000000000049
0.995030775365394
0.198146143199340
-0.955572805786125
-0.388434796274631
0.878221573370208
0.563320058063557
-0.766044443118958
-0.715866849259656
0.623489801858717
0.840025923150717
-0.456210657353153
-0.930873748644164
0.270840468143004
0.984807753012226
-0.074730093586433
-0.999689182000813
-0.124343704647467
0.974927912181802
0.318486650251658
-0.911505852311639
-0.499999999999967
0.811938005715814
0.661685837596823
-0.680172737770874
-0.797132507222887
0.521435203379453
0.900968867902389
-0.342020143325629
-0.969077286229058
0.149042266176143
0.998756921218917
0.049845885660719
-0.988830826225142
-0.246757397690306
0.939692620785944
0.433883739117560
-0.853290881632097
-0.603804410325471
0.733051871829756
0.749781202967722
-0.583743672234715
-0.866025403784424
0.411287103130536
0.947927346167119
-0.222520933956243
-0.992239206600165
0.024930691738010
0.997203797181183
0.173648177666982
-0.962624246950029
-0.365341024366435
0.889871808811502
0.542546263865787
-0.781831482468082
-0.698236818086089
0.642787609686611
0.826238774316002
-0.478253978621410
-0.921476211870408
0.294755174410796
0.980172487848542
-0.099567846595714
-0.999999999999999
-0.099567846595910
0.980172487848548
0.294755174410984
-0.921476211870420
-0.478253978621383
0.826238774316019
0.642787609686588
-0.698236818086111
-0.781831482468063
0.542546263865813
0.889871808811488
-0.365341024366463
-0.962624246950021
0.173648177667012
0.997203797181181
0.024930691737980
-0.992239206600169
-0.222520933956214
0.947927346167129
0.411287103130716
-0.866025403784440
-0.583743672234874
0.749781202967742
0.733051871829890
-0.603804410325495
-0.853290881632199
0.433883739117588
0.939692620785933
-0.246757397690335
-0.988830826225137
0.049845885660750
0.998756921218919
0.149042266176113
-0.969077286229066
-0.342020143325601
0.900968867902402
0.521435203379428
-0.797132507222906
-0.680172737770852
0.661685837596846
0.811938005715796
-0.499999999999993
-0.911505852311720
0.318486650251686
0.974927912181846
-0.124343704647497
-0.999689182000818
-0.074730093586402
0.984807753012192
0.270840468142974
-0.930873748644175
-0.456210657353126
0.840025923150734
0.623489801858693
-0.715866849259678
-0.766044443118938
0.563320058063582
0.878221573370194
-0.388434796274659
-0.955572805786116
0.198146143199370
0.995030775365391
0.000000000000019
-0.995030775365410
-0.198146143199406
0.955572805786105
0.388434796274694
-0.878221573370176
-0.563320058063613
0.766044443118914
0.715866849259704
-0.623489801858664
-0.840025923150754
0.456210657353093
0.930873748644189
-0.270840468142939
-0.984807753012198
0.074730093586365
0.999689182000817
0.124343704647534
-0.974927912181838
-0.318486650251722
0.911505852311705
0.500000000000025
-0.811938005715907
-0.661685837596874
0.680172737770991
0.797132507222928
-0.521435203379396
-0.900968867902418
0.342020143325566
0.969077286229075
-0.149042266176076
-0.998756921218920
-0.049845885660787
0.988830826225132
0.246757397690371
-0.939692620785921
-0.433883739117621
0.853290881632180
0.603804410325525
-0.733051871829865
-0.749781202967767
0.583743672234844
0.866025403784458
-0.411287103130682
-0.947927346167141
0.222520933956399
0.992239206600174
-0.024930691738170
-0.997203797181178
-0.173648177667049
0.962624246950010
0.365341024366498
-0.889871808811471
-0.542546263865844
0.781831482468040
0.698236818086138
-0.642787609686559
-0.826238774316040
0.478253978621350
0.921476211870435
-0.294755174410949
-0.980172487848555
0.099567846595873
0.999999999999999
0.099567846595751
-0.980172487848534
-0.294755174410831
0.921476211870394
0.478253978621242
-0.826238774315981
-0.642787609686466
0.698236818086063
0.781831482467963
-0.542546263865756
-0.889871808811519
0.365341024366400
0.962624246950039
-0.173648177666946
-0.997203797181186
-0.024930691738047
0.992239206600161
0.222520933956280
-0.947927346167107
-0.411287103130570
0.866025403784406
0.583743672234745
-0.749781202967698
-0.733051871829782
0.603804410325442
0.853290881632116
-0.433883739117527
-0.939692620785879
0.246757397690269
0.988830826225114
-0.049845885660682
-0.998756921218927
-0.149042266176179
0.969077286229049
0.342020143325664
-0.900968867902373
-0.521435203379485
0.797132507222865
0.680172737770901
-0.661685837596795
-0.811938005715836
0.499999999999935
0.911505852311654
-0.318486650251622
-0.974927912181811
0.124343704647430
0.999689182000814
0.074730093586470
-0.984807753012220
-0.270840468143039
0.930873748644234
0.456210657353186
-0.840025923150821
-0.623489801858746
0.715866849259789
0.766044443118982
-0.563320058063526
-0.878221573370226
0.388434796274597
0.955572805786136
-0.198146143199303
-0.995030775365398
-0.000000000000086
0.995030775365404
0.198146143199472
-0.955572805786152
-0.388434796274756
0.878221573370252
0.563320058063669
-0.766044443119017
-0.715866849259751
0.623489801858789
0.840025923150791
-0.456210657353235
-0.930873748644213
0.270840468143092
0.984807753012210
-0.074730093586525
