0.000000000000000
0.764760776027598
0.985492653565726
0.505173300974501
-0.334511859971845
-0.936234870639736
-0.871947226253862
-0.187381314585724
0.630482294044713
0.999838867929057
0.657938725939712
-0.152000169561266
-0.853810500668346
-0.948244511287226
-0.368124552684678
0.473868662472998
0.978765291933710
0.787396343528012
0.035896202634584
-0.741139468049854
-0.990949761767934
-0.535826794978997
0.300467997289450
0.923018467515396
0.888960053096193
0.222520933956317
-0.602213200286079
-0.998550122907320
-0.684547105928688
0.116423103505822
0.834573253721301
0.959031909598965
0.401262750256475
-0.441953229673224
-0.970776348122917
-0.809016994374948
-0.071746136761383
0.716562866343791
0.995129582585910
0.565789633582215
-0.266036845566674
-0.908612337232873
-0.904827052466020
-0.257373734365305
0.573167882188919
0.995974293995238
0.710273137068059
-0.080695973575213
-0.814260281314375
-0.968583161128631
-0.433883739117562
0.409468140058885
0.961536119504146
0.829594860571834
0.107503593510525
-0.691062648986864
-0.998026728428271
-0.595023196102037
0.231262784929951
0.893035048612884
0.919527772551451
0.291894792201035
-0.543383777794803
-0.992114701314476
-0.735083659720178
0.044864830350511
0.792897765908472
0.976885954764648
0.465945472355829
-0.376455265374386
-0.951056516295151
-0.849103418222196
-0.143122483211126
0.664671684553420
0.999637465011020
0.623489801858733
-0.196190637499094
-0.876306680043862
-0.933043264819444
-0.326039611452344
0.512899277405903
0.986976319697494
0.758946694294557
-0.008975858480994
-0.770513242775786
-0.983929588598629
-0.497406623913226
0.342957157654126
0.939351046208921
0.867517521717720
0.178556894798643
-0.637423989748684
-0.999959716170870
-0.651152758743579
0.160865609613690
0.858448793601861
0.945356108439571
0.359764181061815
-0.481753674101706
-0.980565772275217
-0.781831482468036
-0.026924682845674
0.747135564508141
0.989704983719636
0.528226641853094
-0.309016994374935
-0.926434797042882
-0.884813436149737
-0.213761154992114
0.609354685562808
0.998993066541314
0.677976410513221
-0.125333233564303
-0.839484407258076
-0.956450432738631
-0.393025031653925
0.449987113092118
0.972891321940143
0.803708526830790
0.062790519529317
-0.722794863827388
-0.994204695916451
-0.558365800629666
0.274678522802385
0.912324417231451
0.900968867902421
0.248689887164861
-0.580499952001567
-0.996738762088013
-0.703926182748950
0.089639308903425
0.819437965209726
0.966311937657225
0.425779291565080
-0.417640539972122
-0.963962860695850
-0.824549628907146
-0.098575422202454
0.697522514745694
0.997422925272834
0.587785252292482
-0.239986003602554
-0.897038094386962
-0.915962993388171
-0.283298069832762
0.550896981452090
0.993199708502810
0.728968627421421
-0.053829843412127
-0.798335306372700
-0.974927912181823
-0.457984742103069
0.384755647944933
0.953791896906690
0.844327925502016
0.134233265817659
-0.671351092126000
-0.999355523643320
-0.616447076559473
0.204984153792225
0.880595531856735
0.929776485888253
0.317541094684850
-0.520583930743602
-0.988380467458429
-0.753071466003615
0.017950993798089
0.776203631076347
0.982287250728689
0.489599871965060
-0.351374824081334
-0.942391540464031
-0.863017923326355
-0.169718089100679
0.644314329694485
0.999999999999999
0.644314329694503
-0.169718089100657
-0.863017923326343
-0.942391540464038
-0.351374824081355
0.489599871965040
0.982287250728685
0.776203631076361
0.017950993798112
-0.753071466003600
-0.988380467458432
-0.520583930743622
0.317541094684828
0.929776485888244
0.880595531856745
0.204984153792247
-0.616447076559455
-0.999355523643320
-0.671351092126017
0.134233265817636
0.844327925502004
0.953791896906697
0.384755647944954
-0.457984742103049
-0.974927912181818
-0.798335306372714
-0.053829843412150
0.728968627421396
0.993199708502814
0.550896981452121
-0.283298069832727
-0.915962993388156
-0.897038094386978
-0.239986003602589
0.587785252292452
0.997422925272831
0.697522514745720
-0.098575422202417
-0.824549628907141
-0.963962860695852
-0.417640539972130
0.425779291565073
0.966311937657223
0.819437965209731
0.089639308903434
-0.703926182748944
-0.996738762088014
-0.580499952001574
0.248689887164853
0.900968867902417
0.912324417231455
0.274678522802393
-0.558365800629659
-0.994204695916450
-0.722794863827394
0.062790519529309
0.803708526830785
0.972891321940145
0.449987113092126
-0.393025031653918
-0.956450432738629
-0.839484407258080
-0.125333233564311
0.677976410513214
0.998993066541314
0.609354685562814
-0.213761154992106
-0.884813436149733
-0.926434797042890
-0.309016994374957
0.528226641853075
0.989704983719632
0.747135564508156
-0.026924682845651
-0.781831482468021
-0.980565772275221
-0.481753674101726
0.359764181061794
0.945356108439564
0.858448793601872
0.160865609613712
-0.651152758743562
-0.999959716170870
-0.637423989748701
0.178556894798621
0.867517521717709
0.939351046208928
0.342957157654147
-0.497406623913206
-0.983929588598625
-0.770513242775800
-0.008975858481017
0.758946694294542
0.986976319697498
0.512899277405923
-0.326039611452322
-0.933043264819436
-0.876306680043873
-0.196190637499116
0.623489801858716
0.999637465011020
0.664671684553442
-0.143122483211097
-0.849103418222180
-0.951056516295160
-0.376455265374414
0.465945472355803
0.976885954764641
0.792897765908490
0.044864830350541
-0.735083659720158
-0.992114701314480
-0.543383777794828
0.291894792201007
0.919527772551439
0.893035048612897
0.231262784929980
-0.595023196102013
-0.998026728428269
-0.691062648986865
0.107503593510523
0.829594860571829
0.961536119504148
0.409468140058893
-0.433883739117555
-0.968583161128629
-0.814260281314380
-0.080695973575221
0.710273137068053
0.995974293995239
0.573167882188926
-0.257373734365296
-0.904827052466016
-0.908612337232876
-0.266036845566682
0.565789633582208
0.995129582585910
0.716562866343797
-0.071746136761371
-0.809016994374941
-0.970776348122919
-0.441953229673235
0.401262750256465
0.959031909598962
0.834573253721308
0.116423103505834
-0.684547105928680
-0.998550122907321
-0.602213200286091
0.222520933956302
0.888960053096186
0.923018467515402
0.300467997289465
-0.535826794978984
-0.990949761767932
-0.741139468049864
0.035896202634567
0.787396343528001
0.978765291933714
0.473868662473013
-0.368124552684662
-0.948244511287220
-0.853810500668356
-0.152000169561285
0.657938725939698
0.999838867929058
0.630482294044728
-0.187381314585705
-0.871947226253852
-0.936234870639744
-0.334511859971865
0.505173300974482
0.985492653565722
0.764760776027612
0.000000000000023
-0.764760776027583
-0.985492653565730
-0.505173300974521
0.334511859971822
0.936234870639728
0.871947226253874
0.187381314585749
-0.630482294044693
-0.999838867929057
-0.657938725939732
0.152000169561240
0.853810500668332
0.948244511287234
0.368124552684704
-0.473868662472973
-0.978765291933705
-0.787396343528029
-0.035896202634612
0.741139468049834
0.990949761767938
0.535826794979022
-0.300467997289422
-0.923018467515384
-0.888960053096207
-0.222520933956346
0.602213200286056
0.998550122907318
0.684547105928712
-0.116423103505789
-0.834573253721283
-0.959031909598974
-0.401262750256506
0.441953229673195
0.970776348122909
0.809016994374968
0.071746136761416
-0.716562866343766
-0.995129582585914
-0.565789633582245
0.266036845566638
0.908612337232858
0.904827052466035
0.257373734365340
-0.573167882188889
-0.995974293995234
-0.710273137068085
0.080695973575177
0.814260281314354
0.968583161128641
0.433883739117596
-0.409468140058851
-0.961536119504136
-0.829594860571854
-0.107503593510568
0.691062648986832
0.998026728428273
0.595023196102073
-0.231262784929908
-0.893035048612864
-0.919527772551468
-0.291894792201077
0.543383777794766
0.992114701314471
0.735083659720208
-0.044864830350467
-0.792897765908445
-0.976885954764657
-0.465945472355868
0.376455265374346
0.951056516295137
0.849103418222219
0.143122483211169
-0.664671684553387
-0.999637465011021
-0.623489801858773
0.196190637499044
0.876306680043865
0.933043264819442
0.326039611452338
-0.512899277405908
-0.986976319697495
-0.758946694294553
0.008975858481000
0.770513242775789
0.983929588598628
0.497406623913221
-0.342957157654132
-0.939351046208923
-0.867517521717717
-0.178556894798637
0.637423989748688
0.999959716170870
0.651152758743574
-0.160865609613696
-0.858448793601864
-0.945356108439569
-0.359764181061810
0.481753674101711
0.980565772275218
0.781831482468032
0.026924682845668
-0.747135564508145
-0.989704983719635
-0.528226641853089
0.309016994374941
0.926434797042884
0.884813436149741
0.213761154992122
-0.609354685562801
-0.998993066541313
-0.677976410513227
0.125333233564295
0.839484407258071
0.956450432738634
0.393025031653933
-0.449987113092111
-0.972891321940141
-0.803708526830795
-0.062790519529325
0.722794863827382
0.994204695916452
0.558365800629673
-0.274678522802377
-0.912324417231448
-0.900968867902424
-0.248689887164869
0.580499952001561
0.996738762088012
0.703926182748956
-0.089639308903417
-0.819437965209722
-0.966311937657227
-0.425779291565088
0.417640539972114
0.963962860695847
0.824549628907150
0.098575422202462
-0.697522514745688
-0.997422925272834
-0.587785252292489
0.239986003602546
0.897038094386958
0.915962993388174
0.283298069832770
-0.550896981452084
-0.993199708502809
-0.728968627421426
0.053829843412105
0.798335306372686
0.974927912181828
0.457984742103089
-0.384755647944913
-0.953791896906684
-0.844327925502028
-0.134233265817681
0.671351092125984
0.999355523643321
0.616447076559491
-0.204984153792203
-0.880595531856724
-0.929776485888261
