0.000000000000000
0.927557000153157
-0.693222149733984
-0.409468140058891
0.999243649493385
-0.337329987382829
-0.747135564508150
0.895711760239411
0.077713381426519
-0.953791896906692
0.635115769842177
0.479129618224898
-0.993199708502811
0.263151488952126
0.796529918024198
-0.858448793601862
-0.154956712238498
0.974257768312792
-0.573167882188916
-0.545893073330306
0.981148383394171
-0.187381314585715
-0.841106447755021
0.815993485882548
0.231262784929958
-0.988830826225128
0.507753179550744
0.609354685562815
-0.963162566797655
0.110477761379559
0.880595531856743
-0.768602628680514
-0.306170061015467
0.997422925272834
-0.439267323789370
-0.669130606358868
0.939351046208918
-0.032905981689407
-0.914758319980696
0.716562866343785
0.379225462652935
-0.999982096009160
0.368124552684659
0.724859280117754
-0.909857845986191
-0.044864830350531
0.943388177963536
-0.660188962196480
-0.449987113092132
0.996492859249502
-0.294755174410895
-0.776203631076367
0.874861356216676
0.122364276755743
-0.966311937657228
0.599821894687899
0.518027009373144
-0.986976319697492
0.219602964810934
0.822853102117272
-0.834573253721288
-0.199123600901042
0.983390944339331
-0.535826794978977
-0.582933611109065
0.971490038292862
-0.143122483211087
-0.864525533178369
0.789237221724060
0.274678522802404
-0.994521895368275
0.468590738440707
0.644314329694513
-0.950127684053197
0.065776323011868
0.900968867902434
-0.739127475930329
-0.348572047321846
0.999637465011021
-0.398520403422583
-0.701797902884002
0.923018467515385
0.011967686315600
-0.931962678203982
0.684547105928660
0.420357228309586
-0.998706711663816
0.326039611452321
0.755036640377542
-0.890326359203689
-0.089639308903465
0.957319497532071
-0.625826241948791
-0.489599871965089
0.991735265002979
-0.251586763744470
-0.803708526830802
0.852249097851370
0.166768746716124
-0.976885954764654
0.563320058063605
0.555881163064911
-0.978765291933701
0.175612189523945
0.847519169570147
-0.809016994374930
-0.242889481131260
0.990543701876220
-0.497406623913189
-0.618800198173376
0.959875241542878
-0.098575422202395
-0.886203579231229
0.760891538834788
0.317541094684873
-0.998210129767737
0.428484617944725
0.677976410513251
-0.935179370598542
0.020942419883318
0.919527772551470
-0.708163818808643
-0.390272055913796
0.999838867929057
-0.356970915999445
-0.733051871829847
0.904827052466000
0.056817252993073
-0.947290187621407
0.651152758743531
0.460642450450667
-0.995420064911696
0.283298069832686
0.783693457325852
-0.869001873620717
-0.134233265817702
0.969322903035182
-0.590203190936442
-0.528226641853109
0.984980447915475
-0.207911690817705
-0.829594860571869
0.827920523222558
0.210837366614656
-0.985492653565734
0.525683769810450
0.592615846072368
-0.968583161128622
0.131267754658187
0.870478446205578
-0.781831482467984
-0.286166214270823
0.995701636221691
-0.457984742103019
-0.653420603990155
0.946327383799156
-0.053829843412092
-0.906096929213819
0.731013521647747
0.359764181061877
-0.999888101810273
0.387515586452062
0.710273137068097
-0.918347730347618
-0.023933658491776
0.936234870639750
-0.675774014000179
-0.431186108523567
0.998026728428266
-0.314702536658139
-0.762829571862296
0.884813436149709
0.101552397284436
-0.960709980668823
0.616447076559436
0.500000000000047
-0.990128774621961
0.239986003602487
0.810772019947112
-0.845927333913326
-0.178556894798699
0.979374221211612
-0.553391549243316
-0.565789633582252
0.976242011289656
-0.163817911415067
-0.853810500668390
0.801924626841799
0.254481388115617
-0.992114701314485
0.486988824404297
0.628157079632734
-0.956450432738616
0.086658964004005
0.891684695095911
-0.753071466003552
-0.328866646738624
0.998854359982402
-0.417640539972067
-0.686725107669408
0.930873748644189
-0.008975858480946
-0.924165520566732
0.699663340513309
0.401262750256557
-0.999552432283501
0.345766150139877
0.741139468049903
-0.899666659983913
-0.068761537663851
0.951056516295170
-0.642023290261299
-0.471231809694151
0.994204695916440
-0.271800388289418
-0.791071034656379
0.863017923326311
0.146083028562500
-0.972195031668990
0.580499952001525
0.538350616090742
-0.982843496749078
0.196190637499000
0.836217795619869
-0.821149209133665
-0.222520933956391
0.987453210044216
-0.515465450616816
-0.602213200286131
0.965537553173952
-0.119394224540157
-0.876306680043911
0.774313760984817
0.297612917967965
-0.996738762088020
0.447313148315547
0.662433288431514
-0.942391540464012
0.041875653729122
0.911095209678062
-0.722794863827319
-0.370904785546331
0.999995523992272
-0.376455265374312
-0.718646638372995
0.913545457642578
0.035896202634650
-0.940372965551600
0.666904130524113
0.441953229673322
-0.997203797181174
0.303320386816777
0.770513242775845
-0.879173780697004
-0.113450940250037
0.963962860695871
-0.606979617057980
-0.510328512712779
0.988380467458413
-0.228350870110591
-0.817719385664476
0.839484407258026
0.190319468062151
-0.981722211257645
0.543383777794695
0.575617065685744
-0.973578902873149
0.152000169561155
0.859979539938310
-0.794717399127470
-0.266036845566767
0.993543599524654
-0.476501273172220
-0.637423989748749
0.952888630922447
-0.074730093586321
-0.897038094386994
0.745143530260884
0.340145095010634
-0.999355523643322
0.406736643075698
0.695375444745755
-0.926434797042835
-0.002991988539450
0.928670899758845
-0.691062648986778
-0.412195971476931
0.999122830098851
-0.334511859971749
-0.749120910386246
0.894377407666279
0.080695973575301
-0.954686624531136
0.632801864369395
0.481753674101772
-0.992846926341820
0.260263776601303
0.798335306372730
-0.856910362418528
-0.157911867740909
0.974927912181855
-0.570713567684349
-0.548397482022616
0.980565772275194
-0.184441483668896
-0.842720958654120
0.814260281314315
0.234172629481286
-0.989272332963007
0.505173300974423
0.611724299115042
-0.962353650653248
0.107503593510453
0.882009399911678
-0.766685134042581
-0.309016994374999
0.997633124419054
-0.436577485577597
-0.671351092126114
0.938320717781153
-0.029915466169336
-0.915962993388219
0.714472679632741
0.381992265099408
-0.999959716170869
0.365341024366329
0.726917207456710
-0.908612337232833
-0.047853605341228
0.944376370237520
-0.657938725939653
-0.452657049577151
0.996238035791508
-0.291894792200975
-0.778086552581032
0.873408200617087
0.125333233564459
-0.967077671701104
0.597425219474819
0.520583930743726
-0.986490593923505
0.216683029776286
0.824549628907208
-0.832921240710056
-0.202054781745532
0.983929588598647
-0.533298177137511
-0.585362051785931
0.970776348122897
-0.140160656624993
-0.866025403784493
0.787396343527970
0.277554198389064
-0.994830191844727
0.465945472355680
0.646599601215890
-0.949190346253514
0.062790519529169
0.902263010333700
-0.737108867130129
-0.351374824081461
0.999713548968504
-0.395774489027798
-0.703926182749022
0.921863151588474
0.014959407015399
-0.933043264819476
0.682362976111640
0.423070153602701
-0.998550122907316
0.323209657454324
0.756995055651820
-0.888960053096115
-0.092618851350446
0.958179992386589
-0.623489801858615
-0.492206536620210
0.991346950662046
-0.248689887164725
-0.805485232008653
0.850680065687255
0.169718089100782
-0.977521153141476
0.560845439695047
0.558365800629743
-0.978147600733770
0.172665912166157
0.849103418222235
-0.807254726470079
-0.245790784309590
0.990949761767957
-0.494808795034545
-0.621147780278378
0.959031909598920
-0.095597564671707
-0.887585789004638
0.758946694294464
0.320376810078820
-0.998384595114699
0.425779291564962
0.680172737770976
-0.934115498817135
0.017950993797993
0.920699583128491
-0.706048161055739
-0.393025031654002
0.999780683474841
-0.354174455327910
-0.735083659720299
0.903549075692423
0.059804153945128
-0.948244511287277
0.648879084367390
0.463296035120029
-0.995129582585896
0.280427389305904
0.785548416547814
-0.867517521717653
-0.137197575318891
0.970053967548134
-0.587785252292383
-0.530764785202755
0.984459424705024
-0.204984153792140
-0.831261771375167
0.826238774315928
0.213761154992298
-0.985996037070528
0.523136191838608
0.595023196102173
-0.967834748450634
0.128301068387647
0.871947226253936
-0.779962508642637
-0.289031796944642
0.995974293995250
-0.455322933868933
-0.655682599805413
0.945356108439530
-0.050841951945436
-0.907358694567924
0.728968627421343
0.362554225509772
-0.999928384677749
0.384755647944756
0.712376096951450
-0.917159467080725
-0.026924682845839
0.937281989491937
-0.673565567947647
-0.433883739117701
0.997834392738103
-0.311861161409352
-0.764760776027688
0.883415372204661
0.104528463267819
-0.961536119504182
0.614088436501672
0.502588900079179
-0.989704983719619
0.237080377715327
0.812519787475657
-0.844327925501907
-0.181500001629370
0.979974383116342
-0.550896981451949
-0.568254144143377
0.975589328481073
-0.160865609613535
-0.855364260160568
0.800133548011091
0.257373734365444
-0.992485256199845
0.484373417312048
0.630482294044813
-0.955572805786081
0.083677843332161
0.893035048612935
-0.751099550122179
-0.331690738005650
0.998993066541323
-0.414920112909980
-0.688896961836317
0.929776485888181
-0.005983950294240
-0.925304300474077
0.697522514745579
0.404001504980111
-0.999458451547157
0.342957157653987
0.743144825477467
-0.898356398235561
-0.071746136761514
0.951976834664536
-0.639726503425669
-0.473868662473102
0.993878596328805
-0.268919820615127
-0.792897765908605
0.861502587724465
0.149042266176299
-0.972891321940189
0.578061096249433
0.540869617879519
-0.982287250728654
0.193255917795422
0.837854851683860
-0.819437965209640
-0.225436911090954
0.987921260694541
-0.512899277405784
-0.604599114862543
