0.000000000000000
0.955572805786140
-0.563320058063622
-0.623489801858733
0.930873748644203
0.074730093586424
-0.974927912181823
0.500000000000000
0.680172737770919
-0.900968867902419
-0.149042266176174
0.988830826225128
-0.433883739117557
-0.733051871829827
0.866025403784438
0.222520933956314
-0.997203797181179
0.365341024366394
0.781831482468028
-0.826238774315995
-0.294755174410903
0.999999999999999
-0.294755174410904
-0.826238774315995
0.781831482468028
0.365341024366397
-0.997203797181179
0.222520933956317
0.866025403784436
-0.733051871829827
-0.433883739117556
0.988830826225128
-0.149042266176174
-0.900968867902418
0.680172737770918
0.500000000000001
-0.974927912181824
0.074730093586421
0.930873748644202
-0.623489801858729
-0.563320058063620
0.955572805786138
-0.000000000000000
-0.955572805786138
0.563320058063621
0.623489801858728
-0.930873748644203
-0.074730093586420
0.974927912181823
-0.500000000000002
-0.680172737770922
0.900968867902419
0.149042266176180
-0.988830826225128
0.433883739117564
0.733051871829826
-0.866025403784440
-0.222520933956317
0.997203797181179
-0.365341024366391
-0.781831482468027
0.826238774315991
0.294755174410903
-0.999999999999999
0.294755174410904
0.826238774315990
-0.781831482468028
-0.365341024366390
0.997203797181179
-0.222520933956318
-0.866025403784440
0.733051871829818
0.433883739117550
-0.988830826225128
0.149042266176168
0.900968867902412
-0.680172737770923
-0.500000000000001
0.974927912181821
-0.074730093586436
-0.930873748644202
0.623489801858730
0.563320058063631
-0.955572805786142
0.000000000000001
0.955572805786142
-0.563320058063633
-0.623489801858728
0.930873748644203
0.074730093586434
-0.974927912181820
0.500000000000002
0.680172737770922
-0.900968867902413
-0.149042266176166
0.988830826225127
-0.433883739117551
-0.733051871829816
0.866025403784441
0.222520933956316
-0.997203797181180
0.365341024366405
0.781831482468027
-0.826238774315992
-0.294755174410916
0.999999999999999
-0.294755174410904
-0.826238774315998
0.781831482468037
0.365341024366389
-0.997203797181179
0.222520933956305
0.866025403784432
-0.733051871829828
-0.433883739117562
0.988830826225126
-0.149042266176182
-0.900968867902418
0.680172737770913
0.499999999999988
-0.974927912181824
0.074730093586422
0.930873748644207
-0.623489801858741
-0.563320058063619
0.955572805786138
0.000000000000013
-0.955572805786137
0.563320058063622
0.623489801858739
-0.930873748644208
-0.074730093586419
0.974927912181823
-0.499999999999991
-0.680172737770911
0.900968867902419
0.149042266176179
-0.988830826225130
0.433883739117565
0.733051871829806
-0.866025403784434
-0.222520933956302
0.997203797181181
-0.365341024366392
-0.781831482468018
0.826238774315984
0.294755174410902
-0.999999999999999
0.294755174410891
0.826238774315990
-0.781831482468047
-0.365341024366402
0.997203797181180
-0.222520933956291
-0.866025403784439
0.733051871829838
0.433883739117574
-0.988830826225128
0.149042266176197
0.900968867902424
-0.680172737770924
-0.499999999999975
0.974927912181821
-0.074730093586437
-0.930873748644212
0.623489801858730
0.563320058063607
-0.955572805786134
0.000000000000002
0.955572805786133
-0.563320058063610
-0.623489801858727
0.930873748644213
0.074730093586433
-0.974927912181820
0.499999999999979
0.680172737770921
-0.900968867902426
-0.149042266176193
0.988830826225127
-0.433883739117578
-0.733051871829835
0.866025403784441
0.222520933956287
-0.997203797181180
0.365341024366406
0.781831482468044
-0.826238774315992
-0.294755174410888
0.999999999999999
-0.294755174410905
-0.826238774315982
0.781831482468020
0.365341024366388
-0.997203797181181
0.222520933956306
0.866025403784432
-0.733051871829809
-0.433883739117561
0.988830826225130
-0.149042266176155
-0.900968867902418
0.680172737770935
0.500000000000012
-0.974927912181824
0.074730093586451
0.930873748644207
-0.623489801858742
-0.563320058063642
0.955572805786139
-0.000000000000017
-0.955572805786145
0.563320058063622
0.623489801858716
-0.930873748644198
-0.074730093586418
0.974927912181817
-0.499999999999991
-0.680172737770910
0.900968867902407
0.149042266176178
-0.988830826225125
0.433883739117540
0.733051871829825
-0.866025403784449
-0.222520933956328
0.997203797181179
-0.365341024366419
-0.781831482468035
0.826238774316000
0.294755174410928
-0.999999999999999
0.294755174410919
0.826238774316005
-0.781831482468029
-0.365341024366375
0.997203797181178
-0.222520933956320
-0.866025403784424
0.733051871829819
0.433883739117548
-0.988830826225124
0.149042266176170
0.900968867902411
-0.680172737770904
-0.499999999999999
0.974927912181827
-0.074730093586409
-0.930873748644201
0.623489801858753
0.563320058063630
-0.955572805786143
-0.000000000000025
0.955572805786141
-0.563320058063634
-0.623489801858749
0.930873748644203
0.074730093586403
-0.974927912181826
0.500000000000004
0.680172737770900
-0.900968867902414
-0.149042266176164
0.988830826225131
-0.433883739117553
-0.733051871829815
0.866025403784427
0.222520933956314
-0.997203797181178
0.365341024366380
0.781831482468026
-0.826238774316009
-0.294755174410914
0.999999999999999
-0.294755174410879
-0.826238774315965
0.781831482468039
0.365341024366414
-0.997203797181183
0.222520933956334
0.866025403784446
-0.733051871829790
-0.433883739117535
0.988830826225126
-0.149042266176128
-0.900968867902405
0.680172737770915
0.500000000000036
-0.974927912181831
0.074730093586424
0.930873748644217
-0.623489801858765
-0.563320058063618
0.955572805786130
-0.000000000000046
-0.955572805786137
0.563320058063600
0.623489801858693
-0.930873748644209
-0.074730093586445
0.974927912181810
-0.500000000000017
-0.680172737770931
0.900968867902395
0.149042266176149
-0.988830826225129
0.433883739117515
0.733051871829805
-0.866025403784435
-0.222520933956355
0.997203797181176
-0.365341024366394
-0.781831482468052
0.826238774316017
0.294755174410900
-0.999999999999999
0.294755174410948
0.826238774315989
-0.781831482468012
-0.365341024366347
0.997203797181180
-0.222520933956293
-0.866025403784410
0.733051871829839
0.433883739117573
-0.988830826225120
0.149042266176199
0.900968867902423
-0.680172737770884
-0.499999999999974
0.974927912181821
-0.074730093586382
-0.930873748644191
0.623489801858732
0.563320058063652
-0.955572805786152
0.000000000000004
0.955572805786149
-0.563320058063659
-0.623489801858726
0.930873748644193
0.074730093586374
-0.974927912181820
0.499999999999980
0.680172737770878
-0.900968867902427
-0.149042266176191
0.988830826225136
-0.433883739117580
-0.733051871829834
0.866025403784414
0.222520933956285
-0.997203797181180
0.365341024366355
0.781831482468007
-0.826238774315993
-0.294755174410940
0.999999999999999
-0.294755174410907
-0.826238774316013
0.781831482468057
0.365341024366387
-0.997203797181177
0.222520933956363
0.866025403784431
-0.733051871829810
-0.433883739117508
0.988830826225130
-0.149042266176157
-0.900968867902441
0.680172737770936
0.500000000000010
-0.974927912181812
0.074730093586453
0.930873748644206
-0.623489801858699
-0.563320058063593
0.955572805786139
0.000000000000038
-0.955572805786128
0.563320058063624
0.623489801858759
-0.930873748644220
-0.074730093586416
0.974927912181829
-0.500000000000042
-0.680172737770909
0.900968867902408
0.149042266176120
-0.988830826225125
0.433883739117542
0.733051871829862
-0.866025403784449
-0.222520933956327
0.997203797181183
-0.365341024366421
-0.781831482468034
0.826238774315969
0.294755174410872
-0.999999999999999
0.294755174410867
0.826238774315972
-0.781831482468031
-0.365341024366426
0.997203797181182
-0.222520933956322
-0.866025403784452
0.733051871829859
0.433883739117546
-0.988830826225124
0.149042266176228
0.900968867902410
-0.680172737770905
-0.500000000000047
0.974927912181828
-0.074730093586411
-0.930873748644221
0.623489801858755
0.563320058063628
-0.955572805786127
0.000000000000033
0.955572805786141
-0.563320058063589
-0.623489801858703
0.930873748644204
0.074730093586458
-0.974927912181813
0.500000000000006
0.680172737770940
-0.900968867902439
-0.149042266176162
0.988830826225131
-0.433883739117606
-0.733051871829814
0.866025403784428
0.222520933956368
-0.997203797181177
0.365341024366382
0.781831482468060
-0.826238774316010
-0.294755174410912
0.999999999999999
-0.294755174410935
-0.826238774315996
0.781831482468004
0.365341024366359
-0.997203797181179
0.222520933956281
0.866025403784416
-0.733051871829830
-0.433883739117584
0.988830826225135
-0.149042266176186
-0.900968867902429
0.680172737770958
0.499999999999985
-0.974927912181818
0.074730093586369
0.930873748644195
-0.623489801858722
-0.563320058063663
0.955572805786148
0.000000000000009
-0.955572805786153
0.563320058063648
0.623489801858736
-0.930873748644189
-0.074730093586387
0.974927912181822
-0.499999999999969
-0.680172737770887
0.900968867902421
0.149042266176204
-0.988830826225120
0.433883739117568
0.733051871829842
-0.866025403784464
-0.222520933956298
0.997203797181181
-0.365341024366343
-0.781831482468015
0.826238774315986
0.294755174410952
-0.999999999999999
0.294755174410895
0.826238774316020
-0.781831482468049
-0.365341024366398
0.997203797181176
-0.222520933956350
-0.866025403784437
0.733051871829802
0.433883739117520
-0.988830826225128
0.149042266176145
0.900968867902398
-0.680172737770927
-0.500000000000021
0.974927912181834
-0.074730093586440
-0.930873748644211
0.623489801858689
0.563320058063604
-0.955572805786135
-0.000000000000051
0.955572805786132
-0.563320058063614
-0.623489801858769
0.930873748644215
0.074730093586429
-0.974927912181832
0.500000000000031
