0.000000000000000
0.997633124419045
0.137197575318808
-0.978765291933710
-0.271800388289466
0.941386466660902
0.401262750256475
-0.886203579231214
-0.523136191838693
0.814260281314378
0.635115769842178
-0.726917207456614
-0.735083659720177
0.625826241948813
0.821149209133704
-0.512899277405905
-0.891684695095877
0.390272055913751
0.945356108439568
-0.260263776601393
-0.981148383394171
0.125333233564302
0.998384595114689
0.011967686315588
-0.996738762088013
-0.149042266176175
0.976242011289668
0.283298069832749
-0.937281989491890
-0.412195971476861
0.880595531856736
0.533298177137559
-0.807254726470166
-0.644314329694497
0.718646638372927
0.743144825477396
-0.616447076559470
-0.827920523222573
0.502588900079052
0.897038094386968
-0.379225462652930
-0.949190346253537
0.248689887164851
0.983390944339327
-0.113450940249983
-0.998993066541314
-0.023933658491752
0.995701636221687
0.160865609613707
-0.973578902873158
-0.294755174410904
0.933043264819445
0.423070153602601
-0.874861356216685
-0.543383777794804
0.800133548011209
0.653420603990109
-0.710273137068056
-0.751099550122297
0.606979617058041
0.834573253721304
-0.492206536620117
-0.902263010333654
0.368124552684672
0.952888630922458
-0.237080377715499
-0.985492653565727
0.101552397284359
0.999458451547163
0.035896202634578
-0.994521895368272
-0.172665912166281
0.970776348122918
0.306170061015466
-0.928670899758825
-0.433883739117558
0.869001873620736
0.553391549243349
-0.792897765908472
-0.662433288431474
0.701797902883994
0.758946694294558
-0.597425219474872
-0.841106447755015
0.481753674101708
0.907358694567866
-0.356970915999489
-0.956450432738634
0.225436911090849
0.987453210044202
-0.089639308903421
-0.999780683474844
-0.047853605341180
0.993199708502810
0.184441483668973
-0.967834748450664
-0.317541094684860
0.924165520566708
0.444635179184935
-0.863017923326354
-0.563320058063622
0.785548416547701
0.671351092125998
-0.693222149733982
-0.766685134042652
0.587785252292476
0.847519169570128
-0.471231809694066
-0.912324417231453
0.345766150139925
0.959875241542885
-0.213761154992114
-0.989272332962989
0.077713381426524
0.999959716170870
0.059804153945047
-0.991735265002983
-0.196190637499100
0.964754525183617
0.328866646738580
-0.919527772551447
-0.455322933869029
0.856910362418590
0.573167882188929
-0.778086552580956
-0.680172737770920
0.684547105928680
0.774313760984849
-0.578061096249553
-0.853810500668354
0.460642450450636
0.917159467080770
-0.334511859971830
-0.963162566797657
0.202054781745380
0.990949761767932
-0.065776323011891
-0.999995523992272
-0.071746136761372
0.990128774621971
0.207911690817772
-0.961536119504149
-0.340145095010559
0.914758319980685
0.465945472355822
-0.850680065687335
-0.582933611109062
0.770513242775789
0.688896961836237
-0.675774014000223
-0.781831482468030
0.568254144143253
0.859979539938271
-0.449987113092117
-0.921863151588505
0.323209657454463
0.966311937657225
-0.190319468062032
-0.992485256199832
0.053829843412120
0.999888101810273
0.083677843332316
-0.988380467458428
-0.219602964810941
0.958179992386564
0.351374824081355
-0.909857845986200
-0.476501273172332
0.844327925502006
0.592615846072350
-0.762829571862261
-0.697522514745694
0.666904130524183
0.789237221724085
-0.558365800629645
-0.866025403784453
0.439267323789398
0.926434797042884
-0.311861161409524
-0.969322903035171
0.178556894798612
0.993878596328824
-0.041875653729211
-0.999637465011020
-0.095597564671829
0.986490593923517
0.231262784929981
-0.954686624531129
-0.362554225509609
0.904827052466017
0.486988824404379
-0.837854851683736
-0.602213200286109
0.755036640377528
0.706048161055829
-0.657938725939706
-0.796529918024206
0.548397482022545
0.871947226253853
-0.428484617944758
-0.930873748644204
0.300467997289440
0.972195031668985
-0.166768746716070
-0.995129582585909
0.029915466169402
0.999243649493385
0.107503593510542
-0.984459424705043
-0.242889481131202
0.951056516295155
0.373681698062503
-0.899666659983946
-0.497406623913240
0.831261771375059
0.611724299114994
-0.747135564508152
-0.714472679632807
0.648879084367469
0.803708526830804
-0.538350616090699
-0.877744159160092
0.417640539972130
0.935179370598555
-0.289031796944452
-0.974927912181830
0.154956712238508
0.996238035791516
-0.017950993798092
-0.998706711663818
-0.119394224540269
0.982287250728692
0.254481388115554
-0.947290187621394
-0.384755647944944
0.894377407666327
0.507753179550779
-0.824549628907149
-0.621147780278305
0.739127475930340
0.722794863827400
-0.639726503425774
-0.810772019947110
0.528226641853094
0.883415372204706
-0.406736643075792
-0.939351046208929
0.277554198388905
0.977521153141457
-0.143122483211127
-0.997203797181179
0.005983950294372
0.998026728428269
0.131267754658266
-0.979974383116322
-0.266036845566672
0.943388177963529
0.395774489027955
-0.888960053096180
-0.518027009373114
0.817719385664435
0.630482294044714
-0.731013521647781
-0.731013521647805
0.630482294044688
0.817719385664422
-0.518027009373133
-0.888960053096195
0.395774489027923
0.943388177963540
-0.266036845566694
-0.979974383116317
0.131267754658232
0.998026728428271
0.005983950294406
-0.997203797181177
-0.143122483211104
0.977521153141462
0.277554198388938
-0.939351046208917
-0.406736643075823
0.883415372204690
0.528226641853075
-0.810772019947090
-0.639726503425801
0.722794863827377
0.739127475930363
-0.621147780278322
-0.824549628907137
0.507753179550750
0.894377407666342
-0.384755647944913
-0.947290187621405
0.254481388115576
0.982287250728687
-0.119394224540235
-0.998706711663819
-0.017950993798127
0.996238035791518
0.154956712238486
-0.974927912181822
-0.289031796944484
0.935179370598543
0.417640539972162
-0.877744159160103
-0.538350616090680
0.803708526830783
0.648879084367495
-0.714472679632783
-0.747135564508137
0.611724299115012
0.831261771375078
-0.497406623913211
-0.899666659983961
0.373681698062471
0.951056516295148
-0.242889481131224
-0.984459424705049
0.107503593510508
0.999243649493386
0.029915466169379
-0.995129582585911
-0.166768746716103
0.972195031668976
0.300467997289472
-0.930873748644192
-0.428484617944738
0.871947226253864
0.548397482022574
-0.796529918024186
-0.657938725939732
0.706048161055805
0.755036640377513
-0.602213200286081
-0.837854851683754
0.486988824404349
0.904827052466032
-0.362554225509630
-0.954686624531122
0.231262784929947
0.986490593923523
-0.095597564671795
-0.999637465011020
-0.041875653729245
0.993878596328826
0.178556894798702
-0.969322903035163
-0.311861161409502
0.926434797042871
0.439267323789378
-0.866025403784407
-0.558365800629674
0.789237221724099
0.666904130524209
-0.697522514745710
-0.762829571862301
0.592615846072346
0.844327925501994
-0.476501273172301
-0.909857845986191
0.351374824081296
0.958179992386566
-0.219602964810990
-0.988380467458433
0.083677843332339
0.999888101810273
0.053829843412125
-0.992485256199825
-0.190319468062066
0.966311937657230
0.323209657454496
-0.921863151588503
-0.449987113092173
0.859979539938268
0.568254144143234
-0.781831482468009
-0.675774014000207
0.688896961836192
0.770513242775793
-0.582933611109080
-0.850680065687353
0.465945472355842
0.914758319980711
-0.340145095010553
-0.961536119504167
0.207911690817738
0.990128774621968
-0.071746136761337
-0.999995523992272
-0.065776323011954
0.990949761767932
0.202054781745358
-0.963162566797647
-0.334511859971835
0.917159467080745
0.460642450450641
-0.853810500668365
-0.578061096249581
0.774313760984863
0.684547105928725
-0.680172737770915
-0.778086552580924
0.573167882188901
0.856910362418578
-0.455322933868973
-0.919527772551449
0.328866646738521
0.964754525183626
-0.196190637499122
-0.991735265002988
0.059804153945041
0.999959716170870
0.077713381426530
-0.989272332962992
-0.213761154992148
0.959875241542891
0.345766150139984
-0.912324417231450
-0.471231809694046
0.847519169570109
0.587785252292458
-0.766685134042612
-0.693222149733986
0.671351092126036
0.785548416547722
-0.563320058063641
-0.863017923326371
0.444635179184930
0.924165520566732
-0.317541094684828
-0.967834748450658
0.184441483668939
0.993199708502811
-0.047853605341117
-0.999780683474844
-0.089639308903399
0.987453210044197
0.225436911090827
-0.956450432738615
-0.356970915999495
0.907358694567881
0.481753674101738
-0.841106447755028
-0.597425219474911
0.758946694294555
0.701797902884039
-0.662433288431459
-0.792897765908459
0.553391549243309
0.869001873620732
-0.433883739117502
-0.928670899758833
0.306170061015487
0.970776348122926
-0.172665912166290
-0.994521895368278
0.035896202634573
0.999458451547165
0.101552397284393
-0.985492653565728
-0.237080377715546
0.952888630922456
0.368124552684638
-0.902263010333646
-0.492206536620098
0.834573253721277
0.606979617058046
-0.751099550122256
-0.710273137068070
0.653420603990126
0.800133548011229
-0.543383777794811
-0.874861356216715
0.423070153602583
0.933043264819431
-0.294755174410872
-0.973578902873156
0.160865609613645
0.995701636221688
-0.023933658491789
-0.998993066541312
-0.113450940249961
0.983390944339318
0.248689887164856
-0.949190346253516
-0.379225462652949
0.897038094386978
0.502588900079087
-0.827920523222574
-0.616447076559519
0.743144825477382
0.718646638372906
-0.644314329694465
-0.807254726470161
0.533298177137512
0.880595531856742
-0.412195971476895
-0.937281989491902
0.283298069832763
0.976242011289680
-0.149042266176169
-0.996738762088010
0.011967686315561
0.998384595114691
0.125333233564350
-0.981148383394172
-0.260263776601457
0.945356108439561
0.390272055913727
-0.891684695095858
-0.512899277405901
0.821149209133668
