0.000000000000000
0.999915951636247
-0.025927700186608
-0.999243649493385
0.051837967659630
0.997899497235825
-0.077713381426516
-0.995884398615969
0.103536543928906
0.993199708502812
-0.129290092740031
-0.989847231970983
0.154956712238492
0.985829223087088
-0.180519145250558
-0.981148383394172
0.205960204653191
0.975807860095307
-0.231262784929948
-0.969811243937547
0.256409873672023
0.963162566797658
-0.281384563016690
-0.955866298971249
0.306170061015457
0.947927346167132
-0.330749702924248
-0.939351046208925
0.355106962408134
0.930143165446118
-0.379225462652924
-0.920309894877024
0.403088987376270
0.909857845986199
-0.426681491730820
-0.898794046299168
0.449987113092114
0.887125934657387
-0.472990181723954
-0.874861356216689
0.495675231314088
0.862008557172521
-0.518027009373126
-0.848576179215538
0.540030487489649
0.834573253721307
-0.561670871434764
-0.820009195677944
0.582933611109047
0.804893797355921
-0.603804410325469
-0.789237221724083
0.624269236421595
0.773049995616558
-0.644314329694485
-0.756343002654879
0.663926212652237
0.739127475930345
-0.683091699075611
-0.721414990451335
0.701797902883985
0.703217455360716
-0.720032246799331
-0.684547105928698
0.737782470802749
0.665416495326266
-0.755036640377516
-0.645838486185027
0.771783154533402
0.625826241948822
-0.788010753606717
-0.605393218023264
0.803708526830779
0.584553152728781
-0.818865919671937
-0.563320058063627
0.833472740925935
0.541708210282752
-0.847519169570118
-0.519732140299006
0.860995761366620
0.497406623913237
-0.873893455212342
-0.474746671879556
0.886203579231210
0.451767519812813
-0.897917856604812
-0.428484617944777
0.909028411137377
0.404913620735945
-0.919527772551442
-0.381070376350289
0.929408881510493
0.356970915999499
-0.938665094365414
-0.332631443164286
0.947290187621393
0.308068322699861
-0.955278362122335
-0.283298069832770
0.962624246950006
0.258337339056905
-0.969322903035164
-0.233202912935602
0.975369826478425
0.207911690817763
-0.980760951578478
-0.182480677475466
0.985492653565722
0.156926971670542
-0.989561751039373
-0.131267754658248
0.992965508106535
0.105520278635182
-0.995701636221687
-0.079701855139684
0.997768295725412
0.053829843412154
-0.999164097081315
-0.027921638723589
0.999888101810272
0.001994660679608
-0.999939823121439
0.023933658491742
0.999319226239545
-0.049845885660667
-0.998026728428272
0.075724598517054
0.996063198709710
-0.101552397284345
-0.993429957280056
0.127311916418537
0.990128774621972
-0.152985836284003
-0.986161870314190
0.178556894798607
0.981531911539140
-0.204007899039851
-0.976242011289673
0.229321736804791
0.970295726275999
-0.254481388115553
-0.963697054534310
0.279469936662832
0.956450432738640
-0.304270581179829
-0.948560733217867
0.328866646738561
0.940033260679739
-0.353241595961510
-0.930873748644208
0.377379040140608
0.921088355588466
-0.401262750256443
-0.910683660806189
0.424876667889813
0.899666659983962
-0.448204916018854
-0.888044760497623
0.471231809694066
0.875825776431876
-0.493941866584197
-0.863017923326367
0.516319817386026
0.849629812651979
-0.538350616090659
-0.835670446020777
0.560019450099943
0.821149209133713
-0.581311750185820
-0.806075865470068
0.602213200286074
0.790460549722892
-0.622709747129860
-0.774313760984889
0.642787609686497
0.757646355689124
-0.662433288431439
-0.740469540309814
0.681633574422533
0.722794863827418
-0.700375558181343
-0.704634209963618
0.718646638372906
0.685999789191192
-0.736434530278344
-0.666904130524199
0.753727274054610
0.647360073093989
-0.770513242775780
-0.627380757516700
0.786781150250529
0.606979617058050
-0.802520058610457
-0.586170368601416
0.817719385664400
0.564967003424978
-0.832368912013252
-0.543383777794842
0.846458787921202
0.521435203379530
-0.859979539938257
-0.499136037492982
0.872922077269795
0.476501273172350
-0.885277697888843
-0.453546129097293
0.897038094386960
0.430286039357573
-0.908195359559791
-0.406736643075807
0.918741991723524
0.382913773892424
-0.928670899758806
-0.358833449319566
0.937975407878375
0.334511859971890
-0.946649260115681
-0.309965358680461
0.954686624531112
0.285210449497836
-0.962082097133153
-0.260263776601421
0.968830705511802
0.235142113102613
-0.974927912181818
-0.209862349769257
0.980369617633533
0.184441483668988
-0.985152163089187
-0.158896606741165
0.989272332962979
0.133244894304731
-0.992727357023028
-0.107503593510576
0.995514912254010
0.081690011745041
-0.997633124419043
-0.055821504993203
0.999080569319847
0.029915466169432
-0.999856273754320
-0.003989313423108
0.999959716170870
-0.021939521572617
-0.999390827019095
0.047853605341159
0.998149988796542
-0.073735514323992
-0.996238035791522
0.099567846595756
0.993656253522186
-0.125333233564249
-0.990406377872182
0.151014351648584
0.986490593923528
-0.176593933926784
-0.981911534487447
0.202054781745352
0.976672278334174
-0.227379776282930
-0.970776348122924
0.252551890060293
0.964227708033394
-0.277554198388914
-0.957030761100416
0.302369890750377
0.949190346253559
-0.326982282099288
-0.940711735063556
0.351374824081287
0.931600628198028
-0.375531116159690
-0.921863151588519
0.399434916642482
0.911505852311691
-0.423070153602558
-0.900535694187338
0.446420935683818
0.888960053096207
-0.469471562785864
-0.876786712020756
0.492206536620096
0.864023855812197
-0.514610571130070
-0.850680065687377
0.536668602769408
0.836764313458997
-0.558365800629609
-0.822285955503518
0.579687576411935
0.807254726470199
-0.600619594235930
-0.791680732735953
0.621147780278274
0.775574445610238
-0.641258332235442
-0.758946694294579
0.660937728603798
0.741808658601460
-0.680172737770898
-0.724171861437484
0.698950426911838
0.706048161055885
-0.717258170684914
-0.687449743083368
0.735083659720130
0.668389112327239
-0.752414908895683
-0.648879084367526
0.769240265396212
0.628932776940359
-0.785548416547677
-0.608563601118143
0.801328397423527
0.587785252292506
-0.816569598217069
-0.566611700966086
0.831261771375059
0.545057183359343
-0.845395038487705
-0.523136191838761
0.858959896930624
0.500863465172587
-0.871947226253827
-0.478253978621378
0.884348294314056
0.455322933869069
-0.896154763145890
-0.432085748802033
0.907358694567841
0.408558047142733
-0.917952555519666
-0.384755647944977
0.927929223127278
0.360694554957839
-0.937281989491878
-0.336390945865403
0.946004566200068
0.311861161409553
-0.954091088551916
-0.287121694403137
0.961536119504143
0.262189178640879
-0.968334653325762
-0.237080377715506
0.974482118963727
0.211812173746600
-0.979974383116296
-0.186401556029869
0.984807753012188
0.160865609613802
-0.988978978893302
-0.135221503813061
0.992485256199821
0.109486480664090
-0.995324227455855
-0.083677843332403
0.997493983854515
0.057812944478645
-0.998993066541310
-0.031909174591381
0.999820467595023
0.005983950294455
-0.999975630705394
0.019945297363234
0.999458451547166
-0.045861134627643
-0.998269277850219
0.071746136761327
0.996408909165779
-0.097582899759103
-0.993878596328831
0.123354052049792
0.990680040617106
-0.149042266176140
-0.986815392607216
0.174630270445086
0.982287250728693
-0.200100860540534
-0.977098659516913
0.225436911090824
0.971253107566077
-0.250621387183122
-0.964754525183623
0.275637355816884
0.957607281747686
-0.300467997289343
-0.949816182769174
0.325096616503723
0.941386466660938
-0.349506654194771
-0.932323801215547
0.373681698062413
0.922634279794539
-0.397605493806705
-0.912324417231489
0.421261956056555
0.901401145451708
-0.444635179184857
-0.889871808811502
0.467709448002781
0.877744159160130
-0.490469248326013
-0.865026350627781
0.512899277405854
0.851726934143077
-0.534984454218154
-0.837854851683777
0.556709929603168
0.823419430264564
-0.578061096249522
-0.808430375665948
0.599023598515556
0.792897765908495
-0.619583342081473
-0.776832044476788
0.639726503425773
0.760244013297655
-0.659439539119618
-0.743144825477404
0.678709194932787
0.725545977803014
-0.697522514745615
-0.707459303011855
0.715866849259637
0.688896961836312
-0.733729864502801
-0.669871434827103
0.751099550122231
0.650395513961952
-0.767964227459490
-0.630482294044787
0.784312557402834
0.610145163901338
-0.800133548011154
-0.589397797377044
0.815416561904508
0.568254144143326
-0.830151323416252
-0.546728420318403
0.844327925501978
0.524835098908960
-0.857936836400594
-0.502588900079102
0.870968906043095
0.480004781253119
-0.883415372204683
-0.457097927058736
0.895267866396128
0.433883739117596
-0.906518419490395
-0.410377825689843
0.917159467080754
0.386595991179781
-0.927183854566776
-0.362554225509638
0.936584841964789
0.338268693368716
-0.945356108439526
-0.313755723344490
0.953491756554148
0.289031796944587
-0.960986316235204
-0.264113537514869
0.967834748450637
0.239017699062695
-0.974032448597786
-0.213761154992215
0.979575249599323
0.188360886759392
-0.984459424705031
-0.162833972454374
0.988681689997513
0.137197575318892
-0.992239206600161
-0.111468932206404
0.995129582585903
0.085665341992750
-0.997350874585432
-0.059804153945102
0.998901589093852
0.033902756057032
-0.999780683474843
-0.007978563357551
0.999987566661691
-0.017950993798047
-0.999522099554695
0.043868481447626
0.998384595114692
-0.069756473744087
-0.996575818152636
0.095597564671788
0.994096984815369
-0.121374379749516
-0.990949761767952
0.147069587712817
0.987136265073008
-0.172665912166153
-0.982659058768052
0.198146143199277
0.977521153141486
-0.223493148958363
-0.971726002708619
0.248689887164747
0.965277503888995
-0.273719416573457
-0.958179992386595
0.298564908363800
0.950438240274696
-0.323209657454372
-0.942057452787326
