0.000000000000000
0.836491158543390
-0.916761554258672
0.168243606173410
0.732373150012772
-0.970895900158418
0.331690738005518
0.607375839723288
-0.997350874585437
0.485681664337306
0.465062788901252
-0.995372269942038
0.625826241948810
0.309491215007858
-0.965016494472312
0.748129074605525
0.145096324107612
-0.907148964113674
0.849103418222190
-0.023435132879321
-0.823419430264541
0.925870584809991
-0.191298475243084
-0.716214946851370
0.976242011289666
-0.353708069622574
-0.588591817561763
0.998781653462333
-0.506033764121154
-0.444188463367049
0.992846926341837
-0.643932889785155
-0.287121694403126
0.958607023676480
-0.763474066201486
-0.121869343405153
0.897038094386972
-0.861249281627841
0.046857393288222
0.809895413436061
-0.934471052351311
0.214248267717843
0.699663340513376
-0.981051891349428
0.375531116159732
0.569484493168461
-0.999663820673245
0.526107909233512
0.423070153602615
-0.989776230907790
0.661685837596848
0.264594463341302
-0.951671008370685
0.778399696090181
0.098575422202457
-0.886434498785997
0.872922077269799
-0.070253915826881
-0.795926536541826
0.942558232810246
-0.237080377715491
-0.682727422479691
0.985322898362552
-0.397147890634752
-0.550064361831358
0.999996891660591
-0.545893073330279
-0.401719459491702
0.986161870314190
-0.679075334029088
-0.241921895599679
0.944212258375520
-0.792897765908463
-0.075227355405078
0.875344001663074
-0.884115393504602
0.093611849232801
0.781520472418831
-0.950127684053197
0.259782263994504
0.665416495326274
-0.989052686346538
0.418546519366764
0.530342090657277
-0.999780683474845
0.565378388799111
0.380148108562414
-0.982005829860201
0.696091827363977
0.219116444786271
-0.936234870639745
0.806960312143777
0.051837967659661
-0.863772694816220
0.894823082057635
-0.116918363439768
-0.766685134042672
0.957175248325310
-0.282341456842855
-0.647740067614463
0.992239206600167
-0.439715248498112
-0.510328512712727
0.999015314875030
-0.584553152728736
-0.358367949545330
0.977310392379385
-0.712725970767041
-0.196190637499123
0.927743226989933
-0.820579610508371
-0.028420106309727
0.851726934143069
-0.905039261400327
0.140160656625097
0.751428670181045
-0.963697054534293
0.304745564927177
0.629707848667994
-0.994880708828785
0.460642450450621
0.490034621073399
-0.997701206263485
0.603406832787988
0.336390945865397
-0.972078136985777
0.728968627421369
0.173157066445902
-0.918741991723564
0.833748180182030
0.004986634338776
-0.839213336149635
0.914758319980670
-0.163325962241580
-0.735759460917870
0.969689520376681
-0.326982282099286
-0.611329743240008
0.996975742105718
-0.481316630312351
-0.469471562785912
0.995839079454946
-0.621929073010838
-0.314229169070573
0.966311937657233
-0.744810875546249
-0.150028383526770
0.909236109047094
-0.846458787921197
0.018449576695046
0.826238774316011
-0.923974919305644
0.186401556029695
0.719686113050227
-0.975149354305553
0.349039394155648
0.592615846072370
-0.998523155669248
0.501726432151612
0.448650632745123
-0.993429957280059
0.640109699484936
0.291894792201101
-0.960014961656790
0.760244013297608
0.126817292884986
-0.899230800360091
0.858704452032075
-0.041875653729137
-0.812810375321005
0.932683996873412
-0.209374763007054
-0.703217455360766
0.980073557338529
-0.370904785546225
-0.573576436351082
0.999522099554692
-0.521860645254480
-0.427583267489770
0.990475163023584
-0.657938725939677
-0.269400083103117
0.953190667792971
-0.775259563547992
-0.103536543928968
0.888731561387369
-0.870478446205530
0.065278729267278
0.798935515127411
-0.940880768954203
0.232232964430191
0.686362533768241
-0.984459424705032
0.392566446029637
0.554221972059834
-0.999972025061268
0.541708210282702
0.406281038920736
-0.986976319697508
0.675406359231756
0.246757397690350
-0.945842804519899
0.789849278542774
0.080198924328942
-0.877744159160131
0.881774303211618
-0.088645948447591
-0.784621814930616
0.948560733217832
-0.254963604726157
-0.669130606358905
0.988304547331983
-0.414012477269993
-0.534563084235812
0.999872685053501
-0.561258225348188
-0.384755647944988
0.982935349149562
-0.692503004724180
-0.223979173156924
0.937975407878417
-0.804005144430385
-0.056817252993093
0.866274628848347
-0.892585818452087
0.111964476103235
0.769877136972536
-0.955719671206783
0.277554198388839
0.651531138300978
-0.991606813167019
0.435231099372268
0.514610571130181
-0.999224134096958
0.580499952001500
0.363018918048181
-0.978354471007626
0.709219271556501
0.201077921146010
-0.929592799279042
0.817719385664416
0.033404373026610
-0.854329270445725
0.902907053368326
-0.135221503812867
-0.754709580222827
0.962353650653259
-0.299992336837114
-0.633573796645726
0.994364408338673
-0.456210657353135
-0.494375392277052
0.998026728428278
-0.599422821130080
-0.341082788800452
0.973236201460471
-0.725545977802874
-0.178066220877587
0.920699583128446
-0.830984469274301
-0.009973144676529
0.841914645309183
-0.912732338703333
0.158404256935831
0.739127475930415
-0.968459027639208
0.322265695230430
0.615268445017669
-0.996575818152627
0.476939627542413
0.473868662473035
-0.996281125759493
0.618016438763712
0.318959309298187
-0.967583351875700
0.741474155515758
0.154956712238583
-0.911300644300206
0.843793109003269
-0.013463561731127
-0.829037572555068
0.922056277615774
-0.181500001629078
-0.723139383047265
0.974032448597783
-0.344362039238934
-0.596625138196426
0.998239827923759
-0.497406623913156
-0.453101645672980
0.993988284916790
-0.636270591783820
-0.296660631545685
0.961399027255509
-0.756995055651674
-0.131762088840250
0.901401145451718
-0.856138269310413
0.036892872861741
0.815705125313180
-0.930873748644182
0.204496051841742
0.706754083527032
-0.979070852155413
0.366269231763333
0.577654116593979
-0.999355523643316
0.517600404335579
0.432085748802060
-0.991149465313799
0.654175253532984
0.274199003780186
-0.954686624531137
0.772100152876933
0.108495091045750
-0.891006524188424
0.868013169235210
-0.060301919442667
-0.801924626841878
0.939179908520354
-0.227379776282892
-0.689980577501622
0.983571470813376
-0.387975239601631
-0.558365800629779
0.999922292480972
-0.537509876752191
-0.410832515490612
0.987766226259850
-0.671720589322925
-0.251586763744583
0.947449830697127
-0.786781150250499
-0.085168498972117
0.880122490077044
-0.879411286122174
0.083677843332190
0.787703646505497
-0.946970194829480
0.250138605360330
0.672828078337113
-0.987531832467850
0.409468140058834
0.538770785006905
-0.999939823121440
0.557124105270454
0.389353619733340
-0.983840426103470
0.688896961836150
0.228836331909882
-0.939692620785938
0.801029983781069
0.061795125470269
-0.868755021509361
0.890326359203626
-0.107007804582254
-0.773049995616636
0.954240328516238
-0.272760038084383
-0.655306007573350
0.990949761767921
-0.430736127495448
-0.518879832892979
0.999408105935471
-0.576432316169658
-0.367660859477018
0.979374221211626
-0.705694936419645
-0.205960204653313
0.931419255684658
-0.814838826856886
-0.038387809087609
0.856910362418630
-0.900752393038663
0.130278988491202
0.757971723145556
-0.960986316235195
0.295231648934568
0.637423989748787
-0.993823381310375
0.451767519812714
0.498703870007599
-0.998327432985154
0.595423903818813
0.345766150140098
-0.974370064785271
0.722105286267139
0.182970947394196
-0.922634279794554
0.828200094544469
0.014959407015375
-0.844595018849568
0.910683660806139
-0.153478612642762
-0.742477111298961
0.967204452544278
-0.317541094684692
-0.619191847113920
0.996151112670938
-0.472550764868941
-0.478253978621421
0.996698397863477
-0.614088436501749
-0.323681518067695
0.968830705511827
-0.738118997487220
-0.159881187691999
0.913342518534919
-0.841106447754939
0.008477211973115
0.831815755384936
-0.920114707450604
0.176593933926727
0.726574670971037
-0.972891321940125
0.339676121182751
0.600619594236108
-0.997931677271280
0.493074446824987
0.457541391468790
-0.994521895368286
0.632415662147614
0.301419093926171
-0.962759186055486
0.753727274054566
0.136703608310260
-0.903549075692558
0.853550797275240
-0.031909174591149
-0.818579591429821
0.929040352678452
-0.199612255539184
-0.710273137068136
0.978043800734055
-0.361624570082007
-0.581717432498671
0.999164097081309
-0.513327292414758
-0.436577485577815
0.991799121010788
-0.650395513961769
-0.278991106039353
0.956158841385774
-0.768921542641128
-0.113450940250076
0.893259330618327
-0.865526307662111
0.055323610109669
0.804893797356013
-0.937455693803415
0.222520933956172
0.693581463711151
-0.982659058768005
0.383374385518912
0.562495744497833
-0.999847695156389
0.533298177137396
0.415373776021181
-0.988531570358880
0.668018115955380
0.256409873672175
-0.949033296945823
0.783693457325758
0.090135955757657
-0.882478935272559
0.877026400996719
-0.078707657426919
-0.790765890508531
0.945356108439509
-0.245307385878639
-0.676508819317121
0.986734560968981
-0.404913620735800
-0.542965088339212
0.999982096009160
-0.552976131367853
-0.393941909591036
0.984721038215660
-0.685273788370190
-0.233687800263832
0.941386466660919
-0.798034904178151
-0.066771461308213
0.871213811120253
-0.888044760497506
0.102048472132914
0.776203631076486
-0.952737257040064
0.267959095144212
0.659064581563103
-0.990268068741546
0.426230444642690
0.523136191838819
-0.999567225815813
0.572350346381912
0.372293658402157
-0.980369617633556
0.702153052995014
0.210837366614700
-0.933222550788847
0.811938005715820
0.043370290571487
-0.859470145878779
0.898575333990481
-0.125333233564061
-0.761215017830488
0.959595085281172
-0.290463619602190
-0.641258332235628
0.993257641197451
-0.447313148315471
-0.503019946630283
