0.000000000000000
0.979974383116319
-0.390272055913750
-0.824549628907140
0.718646638372926
0.538350616090683
-0.933043264819443
-0.166768746716105
0.999458451547164
-0.231262784929950
-0.907358694567865
0.592615846072350
0.671351092126005
-0.859979539938273
-0.328866646738588
0.990949761767933
-0.065776323011887
-0.964754525183622
0.449987113092118
0.785548416547712
-0.762829571862262
-0.481753674101720
0.954686624531122
0.101552397284368
-0.995129582585911
0.294755174410900
0.877744159160098
-0.644314329694486
-0.621147780278318
0.891684695095872
0.266036845566684
-0.997633124419045
0.131267754658225
0.945356108439571
-0.507753179550747
-0.743144825477398
0.803708526830784
0.423070153602601
-0.972195031668976
-0.035896202634588
0.986490593923522
-0.356970915999484
-0.844327925502020
0.693222149733971
0.568254144143271
-0.919527772551443
-0.202054781745398
0.999995523992272
-0.196190637499086
-0.921863151588506
0.563320058063615
0.697522514745712
-0.841106447755013
-0.362554225509629
0.985492653565722
-0.029915466169385
-0.973578902873164
0.417640539972119
0.807254726470178
-0.739127475930335
-0.512899277405921
0.943388177963528
0.137197575318825
-0.998026728428271
0.260263776601376
0.894377407666346
-0.616447076559457
-0.648879084367499
0.874861356216679
0.300467997289472
-0.994521895368271
0.095597564671800
0.956450432738635
-0.476501273172309
-0.766685134042652
0.781831482468008
0.455322933869036
-0.963162566797652
-0.071746136761390
0.991735265002987
-0.323209657454437
-0.863017923326358
0.666904130524176
0.597425219474898
-0.904827052466009
-0.237080377715512
0.999243649493384
-0.160865609613670
-0.935179370598559
0.533298177137549
0.722794863827415
-0.821149209133688
-0.395774489027956
0.978765291933708
0.005983950294418
-0.981148383394177
0.384755647944919
0.827920523222593
-0.714472679632781
-0.543383777794825
0.930873748644197
0.172665912166316
-0.999637465011021
0.225436911090819
0.909857845986204
-0.587785252292444
-0.675774014000238
0.856910362418579
0.334511859971884
-0.990128774621966
0.059804153945008
0.966311937657228
-0.444635179184891
-0.789237221724099
0.758946694294539
0.486988824404382
-0.952888630922445
-0.107503593510555
0.995701636221689
-0.289031796944429
-0.880595531856755
0.639726503425770
0.625826241948831
-0.888960053096173
-0.271800388289500
0.997203797181177
-0.125333233564284
-0.947290187621407
0.502588900079021
0.747135564508166
-0.800133548011177
-0.428484617944786
0.970776348122910
0.041875653729224
-0.987453210044209
0.351374824081307
0.847519169570141
-0.688896961836214
-0.573167882188957
0.917159467080753
0.207911690817787
-0.999959716170870
0.190319468062007
0.924165520566721
-0.558365800629640
-0.701797902884005
0.837854851683726
0.368124552684735
-0.984459424705043
0.023933658491704
0.974927912181838
-0.412195971476834
-0.810772019947121
0.735083659720165
0.518027009373161
-0.941386466660883
-0.143122483211141
0.998384595114692
-0.254481388115503
-0.897038094386980
0.611724299114967
0.653420603990158
-0.871947226253845
-0.306170061015509
0.993878596328824
-0.089639308903394
-0.958179992386583
0.471231809694058
0.770513242775818
-0.778086552580909
-0.460642450450659
0.961536119504134
0.077713381426589
-0.992485256199837
0.317541094684789
0.866025403784449
-0.662433288431443
-0.602213200286132
0.902263010333645
0.242889481131268
-0.998993066541311
0.154956712238460
0.937281989491910
-0.528226641853020
-0.726917207456640
0.817719385664396
0.401262750256496
-0.977521153141451
-0.011967686315653
0.982287250728693
-0.379225462652881
-0.831261771375116
0.710273137068031
0.548397482022616
-0.928670899758798
-0.178556894798678
0.999780683474846
-0.219602964810922
-0.912324417231473
0.582933611108992
0.680172737770943
-0.853810500668318
-0.340145095010624
0.989272332962982
-0.053829843412069
-0.967834748450686
0.439267323789343
0.792897765908514
-0.755036640377500
-0.492206536620161
0.951056516295131
0.113450940250015
-0.996238035791522
0.283298069832675
0.883415372204726
-0.635115769842130
-0.630482294044778
0.886203579231192
0.277554198388998
-0.996738762088011
0.119394224540192
0.949190346253561
-0.497406623913189
-0.751099550122338
0.796529918024147
0.433883739117597
-0.969322903035152
-0.047853605341261
0.988380467458437
-0.345766150139866
-0.850680065687357
0.684547105928647
0.578061096249619
-0.914758319980675
-0.213761154992174
0.999888101810271
-0.184441483668931
-0.926434797042912
0.553391549243270
0.706048161055868
-0.834573253721261
-0.373681698062536
0.983390944339316
-0.017950993798018
-0.976242011289678
0.406736643075741
0.814260281314427
-0.731013521647756
-0.523136191838753
0.939351046208891
0.149042266176229
-0.998706711663822
0.248689887164816
0.899666659983977
-0.606979617057982
-0.657938725939747
0.869001873620701
0.311861161409611
-0.993199708502806
0.083677843332243
0.959875241542914
-0.465945472355773
-0.774313760984903
0.774313760984826
0.465945472355881
-0.959875241542864
-0.083677843332364
0.993199708502820
-0.311861161409442
-0.869001873620761
0.657938725939655
0.606979617058124
-0.899666659983924
-0.248689887164933
0.998706711663816
-0.149042266176109
-0.939351046208953
0.523136191838649
0.731013521647839
-0.814260281314324
-0.406736643075852
0.976242011289652
0.017950993798196
-0.983390944339338
0.373681698062424
0.834573253721328
-0.706048161055782
-0.553391549243418
0.926434797042866
0.184441483669050
-0.999888101810273
0.213761154992000
0.914758319980724
-0.578061096249520
-0.684547105928777
0.850680065687293
0.345766150139980
-0.988380467458410
0.047853605341083
0.969322903035182
-0.433883739117437
-0.796529918024255
0.751099550122258
0.497406623913245
-0.949190346253504
-0.119394224540312
0.996738762088016
-0.277554198388827
-0.886203579231248
0.630482294044683
0.635115769842268
-0.883415372204669
-0.283298069832792
0.996238035791506
-0.113450940249894
-0.951056516295168
0.492206536620005
0.755036640377580
-0.792897765908440
-0.439267323789504
0.967834748450641
0.053829843412190
-0.989272332963008
0.340145095010456
0.853810500668382
-0.680172737770895
-0.582933611109137
0.912324417231423
0.219602964810985
-0.999780683474842
0.178556894798558
0.928670899758843
-0.548397482022467
-0.710273137068117
0.831261771375049
0.379225462653046
-0.982287250728671
0.011967686315532
0.977521153141489
-0.401262750256385
-0.817719385664466
0.726917207456518
0.528226641853171
-0.937281989491867
-0.154956712238636
0.998993066541319
-0.242889481131150
-0.902263010333672
0.602213200285990
0.662433288431534
-0.866025403784416
-0.317541094684959
0.992485256199822
-0.077713381426468
-0.961536119504183
0.460642450450551
0.778086552580985
-0.770513242775704
-0.471231809694165
0.958179992386548
0.089639308903571
-0.993878596328837
0.306170061015394
0.871947226253932
-0.653420603990023
-0.611724299115063
0.897038094386901
0.254481388115675
-0.998384595114685
0.143122483211077
0.941386466660943
-0.518027009373057
-0.735083659720209
0.810772019947016
0.412195971476945
-0.974927912181811
-0.023933658491882
0.984459424705065
-0.368124552684622
-0.837854851683824
0.701797902883918
0.558365800629717
-0.924165520566652
-0.190319468062154
0.999959716170871
-0.207911690817613
-0.917159467080813
0.573167882188858
0.688896961836343
-0.847519169570061
-0.351374824081421
0.987453210044194
-0.041875653729074
-0.970776348122939
0.428484617944702
0.800133548011284
-0.747135564508085
-0.502588900079102
0.947290187621350
0.125333233564405
-0.997203797181184
0.271800388289328
0.888960053096241
-0.625826241948758
-0.639726503425908
0.880595531856683
0.289031796944545
-0.995701636221673
0.107503593510406
0.952888630922482
-0.486988824404226
-0.758946694294636
0.789237221724024
0.444635179184975
-0.966311937657189
-0.059804153945129
0.990128774621979
-0.334511859971716
-0.856910362418641
0.675774014000169
0.587785252292588
-0.909857845986154
-0.225436911090910
0.999637465011016
-0.172665912166168
-0.930873748644231
0.543383777794675
0.714472679632886
-0.827920523222525
-0.384755647945084
0.981148383394148
-0.005983950294296
-0.978765291933745
0.395774489027819
0.821149209133757
-0.722794863827350
-0.533298177137676
0.935179370598516
0.160865609613762
-0.999243649493391
0.237080377715394
0.904827052466049
-0.597425219474755
-0.666904130524266
0.863017923326311
0.323209657454605
-0.991735265002967
0.071746136761297
0.963162566797700
-0.455322933868903
-0.781831482468084
0.766685134042537
0.476501273172441
-0.956450432738603
-0.095597564671991
0.994521895368287
-0.300467997289357
-0.874861356216717
0.648879084367374
0.616447076559552
-0.894377407666305
-0.260263776601534
0.998026728428264
-0.137197575318733
-0.943388177963582
0.512899277405805
0.739127475930398
-0.807254726470073
-0.417640539972243
0.973578902873139
0.029915466169563
-0.985492653565748
0.362554225509529
0.841106447755109
-0.697522514745605
-0.563320058063703
0.921863151588431
0.196190637499233
-0.999995523992272
0.202054781745321
0.919527772551507
-0.568254144143171
-0.693222149734038
0.844327925501932
0.356970915999598
-0.986490593923507
0.035896202634424
0.972195031669008
-0.423070153602517
-0.803708526830886
0.743144825477307
0.507753179550833
-0.945356108439512
-0.131267754658366
0.997633124419052
-0.266036845566505
-0.891684695095940
0.621147780278228
0.644314329694633
-0.877744159160026
-0.294755174411009
0.995129582585903
-0.101552397284212
-0.954686624531158
0.481753674101644
0.762829571862368
-0.785548416547632
-0.449987113092198
0.964754525183578
0.065776323012019
-0.990949761767946
0.328866646738423
0.859979539938343
-0.671351092125931
-0.592615846072494
0.907358694567805
0.231262784930053
-0.999458451547158
0.166768746715958
0.933043264819483
-0.538350616090524
-0.718646638373032
0.824549628907075
0.390272055913929
-0.979974383116288
-0.000000000000122
0.979974383116336
-0.390272055913600
-0.824549628907212
0.718646638372863
0.538350616090824
-0.933043264819395
-0.166768746716198
0.999458451547169
-0.231262784929817
-0.907358694567907
0.592615846072207
0.671351092126111
-0.859979539938219
-0.328866646738759
0.990949761767913
-0.065776323011777
-0.964754525183672
0.449987113091981
0.785548416547782
-0.762829571862137
-0.481753674101857
0.954686624531086
0.101552397284454
-0.995129582585927
0.294755174410777
0.877744159160143
-0.644314329694360
-0.621147780278418
0.891684695095830
0.266036845566849
-0.997633124419036
0.131267754658125
0.945356108439629
-0.507753179550624
-0.743144825477470
0.803708526830674
0.423070153602737
-0.972195031668951
-0.035896202634780
0.986490593923547
-0.356970915999371
-0.844327925502124
0.693222149733863
0.568254144143371
-0.919527772551412
-0.202054781745559
0.999995523992271
-0.196190637498995
-0.921863151588569
0.563320058063503
0.697522514745779
-0.841106447754916
-0.362554225509755
0.985492653565706
-0.029915466169321
-0.973578902873169
0.417640539971919
0.807254726470283
-0.739127475930234
-0.512899277406013
0.943388177963501
0.137197575318861
-0.998026728428286
0.260263776601190
0.894377407666413
-0.616447076559361
-0.648879084367559
0.874861356216655
0.300467997289697
-0.994521895368249
0.095597564671636
0.956450432738674
-0.476501273172227
-0.766685134042693
0.781831482467861
0.455322933869221
-0.963162566797604
-0.071746136761540
0.991735265002999
-0.323209657454375
-0.863017923326376
0.666904130524000
0.597425219475041
-0.904827052465945
-0.237080377715630
0.999243649493381
-0.160865609613634
-0.935179370598642
0.533298177137374
0.722794863827518
-0.821149209133618
-0.395774489028042
0.978765291933695
0.005983950294653
-0.981148383394217
0.384755647944754
0.827920523222662
-0.714472679632716
-0.543383777794879
0.930873748644184
0.172665912166519
-0.999637465011026
0.225436911090673
0.909857845986255
-0.587785252292391
-0.675774014000265
0.856910362418457
0.334511859972052
-0.990128774621945
0.059804153944886
0.966311937657252
-0.444635179184859
-0.789237221724243
0.758946694294404
0.486988824404538
-0.952888630922409
-0.107503593510648
0.995701636221695
-0.289031796944204
-0.880595531856852
0.639726503425633
0.625826241948948
-0.888960053096130
-0.271800388289562
0.997203797181174
-0.125333233564051
-0.947290187621464
0.502588900078892
0.747135564508247
-0.800133548011139
-0.428484617944819
0.970776348122853
0.041875653729431
-0.987453210044233
0.351374824081193
0.847519169570190
-0.688896961836167
-0.573167882189150
0.917159467080671
0.207911690817962
-0.999959716170869
0.190319468061916
0.924165520566745
-0.558365800629609
-0.701797902884172
0.837854851683629
0.368124552684848
-0.984459424705022
0.023933658491639
0.974927912181839
-0.412195971476620
-0.810772019947225
0.735083659720044
0.518027009373265
-0.941386466660861
-0.143122483211205
0.998384595114705
-0.254481388115330
-0.897038094387059
0.611724299114871
0.653420603990207
-0.871947226253813
-0.306170061015733
0.993878596328798
-0.089639308903216
-0.958179992386618
0.471231809693951
0.770513242775859
-0.778086552580904
-0.460642450450868
0.961536119504085
0.077713381426710
-0.992485256199852
0.317541094684728
0.866025403784481
-0.662433288431267
-0.602213200286275
0.902263010333568
0.242889481131386
-0.998993066541308
0.154956712238396
0.937281989491991
-0.528226641852868
-0.726917207456763
0.817719385664326
0.401262750256607
-0.977521153141437
-0.011967686315661
0.982287250728737
-0.379225462652716
-0.831261771375184
0.710273137067945
0.548397482022670
-0.928670899758795
-0.178556894798909
0.999780683474849
-0.219602964810748
-0.912324417231523
0.582933611108939
0.680172737770990
-0.853810500668196
-0.340145095010792
0.989272332962956
-0.053829843411947
-0.967834748450702
0.439267323789285
0.792897765908658
-0.755036640377346
-0.492206536620316
0.951056516295093
0.113450940250135
-0.996238035791527
0.283298069832668
0.883415372204836
-0.635115769841992
-0.630482294044872
0.886203579231136
0.277554198389060
-0.996738762088006
0.119394224539958
0.949190346253617
-0.497406623913034
-0.751099550122418
0.796529918024108
0.433883739117656
-0.969322903035094
-0.047853605341439
0.988380467458464
-0.345766150139752
-0.850680065687421
0.684547105928600
0.578061096249625
-0.914758319980580
-0.213761154992349
0.999888101810269
-0.184441483668811
-0.926434797042936
0.553391549243263
0.706048161056035
-0.834573253721163
-0.373681698062702
0.983390944339294
-0.017950993797953
-0.976242011289692
0.406736643075526
0.814260281314531
-0.731013521647634
-0.523136191838857
0.939351046208869
0.149042266176293
-0.998706711663834
0.248689887164588
0.899666659984055
-0.606979617057885
-0.657938725939838
0.869001873620669
0.311861161409619
-0.993199708502778
0.083677843332065
0.959875241542948
-0.465945472355666
-0.774313760984944
0.774313760984785
0.465945472356089
-0.959875241542814
-0.083677843332542
0.993199708502834
-0.311861161409380
-0.869001873620793
0.657938725939478
0.606979617058266
-0.899666659983847
-0.248689887165051
0.998706711663810
-0.149042266176045
-0.939351046209033
0.523136191838449
0.731013521647961
-0.814260281314253
-0.406736643075963
0.976242011289638
0.017950993798204
-0.983390944339381
0.373681698062258
0.834573253721427
-0.706048161055696
-0.553391549243472
0.926434797042842
0.184441483669281
-0.999888101810277
0.213761154991882
0.914758319980773
-0.578061096249421
-0.684547105928783
0.850680065687169
0.345766150140201
-0.988380467458392
0.047853605340962
0.969322903035211
-0.433883739117430
-0.796529918024260
0.751099550122102
0.497406623913449
-0.949190346253466
-0.119394224540433
0.996738762088026
-0.277554198388819
-0.886203579231357
0.630482294044501
0.635115769842362
-0.883415372204612
-0.283298069832908
0.996238035791506
-0.113450940249660
-0.951056516295241
0.492206536619900
0.755036640377659
-0.792897765908366
-0.439267323789511
0.967834748450582
0.053829843412425
-0.989272332963026
0.340145095010342
0.853810500668445
-0.680172737770806
-0.582933611109143
0.912324417231327
0.219602964811214
-0.999780683474840
0.178556894798439
0.928670899758888
-0.548397482022461
-0.710273137068282
0.831261771374918
0.379225462653158
-0.982287250728648
0.011967686315410
0.977521153141490
-0.401262750256169
-0.817719385664601
0.726917207456434
0.528226641853275
-0.937281989491825
-0.154956712238644
0.998993066541319
-0.242889481130922
-0.902263010333774
0.602213200285893
0.662433288431625
-0.866025403784355
-0.317541094684966
0.992485256199793
-0.077713381426233
-0.961536119504216
0.460642450450443
0.778086552581061
-0.770513242775699
-0.471231809694372
0.958179992386481
0.089639308903692
-0.993878596328851
0.306170061015278
0.871947226253936
-0.653420603989845
-0.611724299115249
0.897038094386848
0.254481388115793
-0.998384595114678
0.143122483210957
0.941386466660945
-0.518027009372856
-0.735083659720368
0.810772019946945
0.412195971477056
-0.974927912181783
-0.023933658491890
0.984459424705106
-0.368124552684403
-0.837854851683890
0.701797902883831
0.558365800629818
-0.924165520566649
-0.190319468062385
0.999959716170873
-0.207911690817494
-0.917159467080861
0.573167882188758
0.688896961836349
-0.847519169570057
-0.351374824081641
0.987453210044157
-0.041875653728953
-0.970776348122968
0.428484617944593
0.800133548011289
-0.747135564507929
-0.502588900079305
0.947290187621311
0.125333233564525
-0.997203797181193
0.271800388289321
0.888960053096349
-0.625826241948575
-0.639726503426001
0.880595531856626
0.289031796944662
-0.995701636221672
0.107503593510173
0.952888630922554
-0.486988824404120
-0.758946694294715
0.789237221723950
0.444635179185083
-0.966311937657187
-0.059804153945364
0.990128774622012
-0.334511859971602
-0.856910362418704
0.675774014000080
0.587785252292594
-0.909857845986056
-0.225436911091139
0.999637465011013
-0.172665912166048
-0.930873748644276
0.543383777794669
0.714472679633050
-0.827920523222393
-0.384755647945196
0.981148383394124
-0.005983950294175
-0.978765291933746
0.395774489027811
0.821149209133891
-0.722794863827188
-0.533298177137779
0.935179370598473
0.160865609613882
-0.999243649493391
0.237080377715166
0.904827052466149
-0.597425219474658
-0.666904130524357
0.863017923326249
0.323209657454613
-0.991735265002937
0.071746136761063
0.963162566797733
-0.455322933868795
-0.781831482468160
0.766685134042532
0.476501273172648
-0.956450432738535
-0.095597564672112
0.994521895368299
-0.300467997289241
-0.874861356216776
0.648879084367368
0.616447076559738
-0.894377407666200
-0.260263776601652
0.998026728428256
-0.137197575318613
-0.943388177963585
0.512899277405603
0.739127475930556
-0.807254726470001
-0.417640539972353
0.973578902873112
0.029915466169571
-0.985492653565788
0.362554225509309
0.841106447755175
-0.697522514745518
-0.563320058063804
0.921863151588428
0.196190637499241
-0.999995523992273
0.202054781745090
0.919527772551555
-0.568254144143072
-0.693222149734126
0.844327925501928
0.356970915999818
-0.986490593923469
0.035896202634302
0.972195031669036
-0.423070153602407
-0.803708526830890
0.743144825477150
0.507753179551036
-0.945356108439473
-0.131267754658487
0.997633124419060
-0.266036845566497
-0.891684695096047
0.621147780278044
0.644314329694726
