0.000000000000000
0.949347159528718
-0.596625138196348
-0.574393116684665
0.957607281747652
-0.027423164194237
-0.940372965551573
0.618408395357553
0.551729053112690
-0.965147119180891
0.054825701469358
0.930691449948041
-0.639726503425790
-0.528649994740283
0.971961000578545
-0.082187000421227
-0.920309894877023
0.660563427530407
0.505173300974503
-0.978043800734074
0.109486480663993
0.909236109047071
-0.680903494733551
-0.481316630312385
0.983390944339325
-0.136703608310068
-0.897478421842897
0.700731405818908
0.457097927058698
-0.987998409425939
0.163817911415131
0.885045677060250
-0.720032246799337
-0.432535407828766
0.991862730390567
-0.190808995376530
-0.871947226253864
0.738791500134742
0.407647547846454
-0.994981000601598
0.217656558273554
0.858192921703501
-0.756995055651744
-0.382453067047604
0.997350874585437
-0.244340406137878
-0.843793109003310
0.774629221156978
0.356970915999504
-0.998970569790713
0.270840468142995
0.828758619280224
-0.791680732735912
-0.331220261646715
0.999838867929057
-0.297136811700805
-0.813100761047032
0.808136764729656
0.305220472894352
-0.999955115891464
0.323209657454448
0.796831311696505
-0.823984939381983
-0.278991106039240
0.999319226239544
-0.349039394155659
-0.779962508642712
0.839213336149592
0.252551890060337
-0.997931677271291
0.374606593415885
0.762507040116457
-0.853810500668341
-0.225922711779062
0.995793512661320
-0.399892024319733
-0.744478035621491
0.867765453368919
0.199123600901026
-0.992906340675847
0.424876667889823
0.725889056058893
-0.881067697735373
-0.172174714950359
0.989272332962992
-0.449541731392477
-0.706754083527016
0.893707228200269
0.145096324107631
-0.984894222919329
0.473868662472969
0.687087510804439
-0.905674537670613
-0.117908795963310
0.979775303633918
-0.497839163110127
-0.666904130524206
0.916960624678761
0.090632580197792
-0.973919425411310
0.521435203379479
0.646219124047212
-0.927557000153146
-0.063288193199847
0.967330992875480
-0.544639035015002
-0.625048050043195
0.937455693803456
0.035896202634611
-0.960014961656779
0.567433204758750
0.603406832788039
-0.946649260115690
-0.008477211973286
0.951976834664481
-0.589800567488753
-0.581311750185861
0.955130783952414
-0.018948155004253
-0.943222657947612
0.611724299114986
0.558779421525319
-0.962893885754195
0.046359269721962
0.933759016147307
-0.633187909234113
-0.535826794979016
0.969932726338076
-0.073735514324027
-0.923593027544021
0.654175253533002
0.512471134855666
-0.976242011289664
0.101056297182905
0.912732338703399
-0.674670545932058
-0.488730008614232
0.981816994945409
-0.128301068387821
-0.901185118724675
0.694658370458955
0.464621273650279
-0.986653483962198
0.155449335201703
0.888960053096201
-0.714123692844341
-0.440163063864132
0.990747840471436
-0.182480677475403
-0.876066337162387
0.733051871829814
0.415373776021072
-0.994096984815360
0.209374763007040
0.862513669207275
-0.751428670181003
-0.390272055913766
0.996698397863463
-0.236111362835323
-0.848312243159752
0.769240265396226
0.364876784337642
-0.998550122907319
0.262670366455201
0.833472740925974
-0.786473260103423
-0.339207062888985
0.999650767132349
-0.289031796944405
-0.818006324354739
0.803114692137271
0.313282199597471
-0.999999502665477
0.315175825989574
0.801924626841864
-0.819152044288957
-0.287121694403163
0.999596067197818
-0.341082788800329
-0.785239744579841
0.834573253721265
0.260745224489222
-0.998440764181983
0.366733198900889
0.767964227459570
-0.849366721041893
-0.234172629481287
0.996534462603828
-0.392107762787022
-0.750111069630482
0.863521319028217
0.207423896524678
-0.993878596328833
0.417187394438122
0.731693699726847
-0.877026400996749
-0.180519145250584
0.990475163023586
-0.441953229673171
-0.712725970767105
0.889871808811448
0.153478612642872
-0.986326722653195
0.466386640339829
0.693222149734028
-0.902047880524258
-0.126322637816076
0.981436395555745
-0.490469248326002
-0.673196906843496
0.913545457642576
0.099071646717117
-0.975807860095315
0.514182939383381
0.652665304509987
-0.924355892018015
-0.071746136761436
0.969445349895150
-0.537509876752260
-0.631642786017012
0.934471052351288
0.044366661415426
-0.962353650653294
0.560432514578137
0.610145163901296
-0.943883330308339
-0.016953814736701
0.954538096542918
-0.582933611109004
-0.588188608058779
0.952585646243135
-0.010471784116164
-0.946004566200101
0.604996241664146
0.565789633582257
-0.960571454522697
0.037889506392830
0.936759478302094
-0.626603811364405
-0.542965088339158
0.967834748450653
-0.065278729267322
-0.926809786739372
0.647740067614373
0.519732140299057
-0.974370064785221
0.092618851350272
0.916162975385094
-0.668389112327126
-0.496108264620424
0.980172487848530
-0.119889308184463
-0.904827052466039
0.688535413882355
0.472111230506309
-0.985237653224045
0.147069587712885
0.892810544538913
-0.708163818808636
-0.447759087838853
0.989561751039364
-0.174139245707316
-0.880122490077004
0.727259563181692
0.423070153602636
-0.993141528831886
0.201077921145884
0.866772432671682
-0.745808283729224
-0.398062998107369
0.995974293995234
-0.227865351528104
-0.852770413853980
0.763796028634632
0.372756431019531
-0.998057915804524
0.254481388115525
0.838126965541643
-0.781209268031026
-0.347169487214483
0.999390827019091
-0.280906011087368
-0.822853102117320
0.798034904178225
0.321321412458924
-0.999972025061268
0.307119344598643
0.806960312143863
-0.814260281314356
-0.295231648934782
0.999801072770523
-0.333101671730243
-0.790460549722957
0.829873195175190
0.268919820615356
-0.998878098732277
0.358833449319447
0.773366225503587
-0.844861902173842
-0.242405718504728
0.997203797181182
-0.384295322659727
-0.755690197347104
0.859215128233964
0.215709285751537
-0.994779427478937
0.409468140058808
0.737445760655831
-0.872922077269774
-0.188850602648310
0.991606813167036
-0.434332967244015
-0.718646638372949
0.885972439306572
0.161849871527644
-0.987688340595146
0.458871101604100
0.699306970660038
-0.898356398235601
-0.134727401566590
0.983026957126170
-0.483064086256805
-0.679441304261551
0.910064639197448
0.107503593510553
-0.977626168919320
0.506893723931600
0.659064581563096
-0.921088355588411
-0.080198924328896
0.971490038292886
-0.530342090657154
-0.638192129352199
0.931419255684577
0.052833931812063
-0.964623180668680
0.553391549243227
0.616839647289938
-0.941049568878615
-0.025429199124099
0.957030761100440
-0.576024762546960
-0.595023196102102
0.949972051524612
-0.001994660679532
-0.948718490388833
0.598224706512994
0.572759185498775
-0.958179992386526
0.029417020156497
0.939692620785947
-0.619974682979051
-0.550064361831423
0.965667217686197
-0.056817252992967
-0.929959941292532
0.641258332235427
0.526955795496767
-0.972428095747102
0.084174749518136
0.919527772551502
-0.662059645330401
-0.503450868096917
0.978457541230239
-0.111468932206232
-0.908403961341563
0.682362976111703
0.479567259365432
-0.983751018959339
0.138679271154335
0.896596874675086
-0.702153052995103
-0.455322933869129
0.988304547331981
-0.165785299524387
-0.884115393504629
0.721414990451264
0.430736127495648
-0.992114701314468
0.192766628937764
0.870968906043149
-0.740134300202207
-0.405825333736944
0.995178615018040
-0.219602964810824
-0.857167300702142
0.758296902118980
0.380609289779007
-0.997493983854515
0.246274121619917
0.842720958654075
-0.775889134812328
-0.355106962408182
0.999059066269732
-0.272760038084357
-0.827640746023907
0.792897765908399
0.329337533745324
-0.999872685053498
0.299040792255942
0.811938005715905
-0.809310002001757
-0.303320386816912
0.999934228225055
-0.325096616503674
-0.795624548881837
0.825113498278215
0.277075090976123
-0.999243649493390
0.350907912382512
0.778712646036957
-0.840296367800251
-0.250621387183212
0.997801468292058
-0.376455265374334
-0.761215017830480
0.854847190448022
0.223979173156933
-0.995608769388475
0.401719459491623
0.743144825477472
-0.868755021509252
-0.197168488408038
0.992667202067990
-0.426681491730755
-0.724515660859358
0.882009399911584
0.170209499166137
-0.988978978893340
0.451322586365621
0.705341536300503
-0.894600356090881
-0.143122483211232
0.984546874040420
-0.475624209070191
-0.685636874028537
0.906518419490379
0.115927814621356
-0.979374221211608
0.499568080859505
0.665416495326372
-0.917754625683947
-0.088645948447771
0.973464911128337
-0.523136191838598
-0.644695609384059
0.928300523118923
0.061297405329266
-0.966823388604477
0.546310814749033
0.623489801858863
-0.938148179473133
-0.033902756057118
0.959454649203156
-0.569074518302833
-0.601815023152096
0.947290187621359
0.006482606102334
-0.951364235479220
0.591410180293799
0.579687576412038
-0.955719671206764
0.020942419883194
0.942558232810284
-0.613301000476342
-0.557124105270636
0.963430289813088
-0.048351693579965
-0.933043264819481
0.634730513202150
0.534141581325000
-0.970416243733734
0.075724598517013
0.922826488393368
-0.655682599805171
-0.510757291371765
0.976672278334137
-0.103040545578569
-0.911915588298716
0.676141500725620
0.486988824404456
-0.982193688004149
0.130278988491290
0.900318771402249
-0.696091827363862
-0.462854058383548
0.986976319697469
-0.157419439278121
-0.888044760497677
0.715518573655362
0.438371146789183
-0.991016576055440
0.184441483668880
0.875102787744658
-0.734407127357490
-0.413558504966635
0.994311418112883
-0.211324796455284
-0.861502587724630
0.752743281040920
0.388434796274818
-0.996858367583917
0.238049156778995
0.847254390118740
-0.770513242775728
-0.363018918048240
0.998655508726062
-0.264594463341166
-0.832368912013372
0.787703646505363
0.337329987382971
-0.999701489781180
