0.000000000000000
0.062790519529313
0.125333233564304
0.187381314585725
0.248689887164855
0.309016994374947
0.368124552684678
0.425779291565073
0.481753674101715
0.535826794978997
0.587785252292473
0.637423989748690
0.684547105928689
0.728968627421412
0.770513242775789
0.809016994374947
0.844327925502015
0.876306680043864
0.904827052466020
0.929776485888251
0.951056516295154
0.968583161128631
0.982287250728689
0.992114701314478
0.998026728428272
1.000000000000000
0.998026728428272
0.992114701314478
0.982287250728689
0.968583161128631
0.951056516295154
0.929776485888251
0.904827052466019
0.876306680043863
0.844327925502015
0.809016994374947
0.770513242775789
0.728968627421411
0.684547105928689
0.637423989748690
0.587785252292473
0.535826794978997
0.481753674101715
0.425779291565072
0.368124552684678
0.309016994374947
0.248689887164855
0.187381314585725
0.125333233564304
0.062790519529313
-0.000000000000000
-0.062790519529313
-0.125333233564304
-0.187381314585725
-0.248689887164855
-0.309016994374948
-0.368124552684678
-0.425779291565073
-0.481753674101715
-0.535826794978997
-0.587785252292473
-0.637423989748690
-0.684547105928689
-0.728968627421412
-0.770513242775789
-0.809016994374947
-0.844327925502015
-0.876306680043864
-0.904827052466020
-0.929776485888251
-0.951056516295154
-0.968583161128631
-0.982287250728689
-0.992114701314478
-0.998026728428272
-1.000000000000000
-0.998026728428272
-0.992114701314478
-0.982287250728689
-0.968583161128631
-0.951056516295154
-0.929776485888251
-0.904827052466020
-0.876306680043863
-0.844327925502015
-0.809016994374947
-0.770513242775789
-0.728968627421412
-0.684547105928688
-0.637423989748690
-0.587785252292473
-0.535826794978996
-0.481753674101715
-0.425779291565072
-0.368124552684678
-0.309016994374947
-0.248689887164854
-0.187381314585725
-0.125333233564304
-0.062790519529313
0.000000000000001
0.062790519529314
0.125333233564304
0.187381314585725
0.248689887164855
0.309016994374948
0.368124552684678
0.425779291565073
0.481753674101716
0.535826794978997
0.587785252292474
0.637423989748690
0.684547105928689
0.728968627421412
0.770513242775789
0.809016994374948
0.844327925502015
0.876306680043864
0.904827052466020
0.929776485888251
0.951056516295154
0.968583161128631
0.982287250728689
0.992114701314478
0.998026728428272
1.000000000000000
0.998026728428272
0.992114701314478
0.982287250728689
0.968583161128631
0.951056516295154
0.929776485888251
0.904827052466019
0.876306680043863
0.844327925502015
0.809016994374948
0.770513242775789
0.728968627421411
0.684547105928688
0.637423989748690
0.587785252292473
0.535826794978996
0.481753674101715
0.425779291565072
0.368124552684678
0.309016994374948
0.248689887164854
0.187381314585724
0.125333233564304
0.062790519529313
0.000000000000000
-0.062790519529314
-0.125333233564305
-0.187381314585725
-0.248689887164855
-0.309016994374947
-0.368124552684679
-0.425779291565073
-0.481753674101716
-0.535826794978997
-0.587785252292473
-0.637423989748691
-0.684547105928689
-0.728968627421412
-0.770513242775789
-0.809016994374948
-0.844327925502016
-0.876306680043864
-0.904827052466020
-0.929776485888251
-0.951056516295154
-0.968583161128631
-0.982287250728689
-0.992114701314478
-0.998026728428272
-1.000000000000000
-0.998026728428271
-0.992114701314478
-0.982287250728689
-0.968583161128631
-0.951056516295153
-0.929776485888251
-0.904827052466019
-0.876306680043863
-0.844327925502015
-0.809016994374947
-0.770513242775789
-0.728968627421411
-0.684547105928689
-0.637423989748690
-0.587785252292472
-0.535826794978996
-0.481753674101715
-0.425779291565072
-0.368124552684678
-0.309016994374946
-0.248689887164854
-0.187381314585724
-0.125333233564304
-0.062790519529314
0.000000000000001
0.062790519529314
0.125333233564305
0.187381314585725
0.248689887164855
0.309016994374949
0.368124552684679
0.425779291565073
0.481753674101715
0.535826794978996
0.587785252292474
0.637423989748690
0.684547105928689
0.728968627421412
0.770513242775789
0.809016994374948
0.844327925502016
0.876306680043864
0.904827052466020
0.929776485888251
0.951056516295154
0.968583161128631
0.982287250728689
0.992114701314478
0.998026728428272
1.000000000000000
0.998026728428272
0.992114701314478
0.982287250728689
0.968583161128631
0.951056516295153
0.929776485888251
0.904827052466019
0.876306680043863
0.844327925502014
0.809016994374947
0.770513242775789
0.728968627421411
0.684547105928689
0.637423989748689
0.587785252292472
0.535826794978996
0.481753674101715
0.425779291565073
0.368124552684677
0.309016994374946
0.248689887164854
0.187381314585724
0.125333233564304
0.062790519529312
-0.000000000000001
-0.062790519529314
-0.125333233564305
-0.187381314585725
-0.248689887164856
-0.309016994374949
-0.368124552684679
-0.425779291565073
-0.481753674101715
-0.535826794978996
-0.587785252292473
-0.637423989748692
-0.684547105928690
-0.728968627421413
-0.770513242775790
-0.809016994374948
-0.844327925502016
-0.876306680043864
-0.904827052466020
-0.929776485888251
-0.951056516295153
-0.968583161128632
-0.982287250728689
-0.992114701314478
-0.998026728428272
-1.000000000000000
-0.998026728428272
-0.992114701314478
-0.982287250728689
-0.968583161128631
-0.951056516295154
-0.929776485888250
-0.904827052466019
-0.876306680043863
-0.844327925502014
-0.809016994374947
-0.770513242775789
-0.728968627421411
-0.684547105928689
-0.637423989748690
-0.587785252292474
-0.535826794978995
-0.481753674101713
-0.425779291565071
-0.368124552684677
-0.309016994374946
-0.248689887164854
-0.187381314585724
-0.125333233564304
-0.062790519529314
-0.000000000000001
0.062790519529316
0.125333233564306
0.187381314585726
0.248689887164856
0.309016994374948
0.368124552684679
0.425779291565073
0.481753674101715
0.535826794978996
0.587785252292472
0.637423989748692
0.684547105928690
0.728968627421413
0.770513242775790
0.809016994374948
0.844327925502015
0.876306680043864
0.904827052466019
0.929776485888251
0.951056516295153
0.968583161128632
0.982287250728689
0.992114701314478
0.998026728428272
1.000000000000000
0.998026728428272
0.992114701314478
0.982287250728689
0.968583161128631
0.951056516295153
0.929776485888251
0.904827052466019
0.876306680043863
0.844327925502014
0.809016994374947
0.770513242775789
0.728968627421411
0.684547105928689
0.637423989748690
0.587785252292471
0.535826794978995
0.481753674101713
0.425779291565071
0.368124552684677
0.309016994374947
0.248689887164854
0.187381314585724
0.125333233564304
0.062790519529314
-0.000000000000003
-0.062790519529316
-0.125333233564306
-0.187381314585726
-0.248689887164856
-0.309016994374948
-0.368124552684678
-0.425779291565073
-0.481753674101715
-0.535826794978996
-0.587785252292475
-0.637423989748692
-0.684547105928690
-0.728968627421413
-0.770513242775790
-0.809016994374948
-0.844327925502015
-0.876306680043864
-0.904827052466019
-0.929776485888251
-0.951056516295154
-0.968583161128632
-0.982287250728689
-0.992114701314478
-0.998026728428272
-1.000000000000000
-0.998026728428272
-0.992114701314478
-0.982287250728689
-0.968583161128631
-0.951056516295153
-0.929776485888251
-0.904827052466019
-0.876306680043863
-0.844327925502014
-0.809016994374947
-0.770513242775789
-0.728968627421411
-0.684547105928689
-0.637423989748687
-0.587785252292471
-0.535826794978995
-0.481753674101714
-0.425779291565071
-0.368124552684677
-0.309016994374947
-0.248689887164854
-0.187381314585725
-0.125333233564305
-0.062790519529310
0.000000000000003
0.062790519529316
0.125333233564306
0.187381314585726
0.248689887164856
0.309016994374948
0.368124552684678
0.425779291565073
0.481753674101715
0.535826794978999
0.587785252292475
0.637423989748691
0.684547105928690
0.728968627421413
0.770513242775790
0.809016994374948
0.844327925502015
0.876306680043864
0.904827052466019
0.929776485888252
0.951056516295154
0.968583161128632
0.982287250728689
0.992114701314478
0.998026728428272
1.000000000000000
0.998026728428272
0.992114701314478
0.982287250728689
0.968583161128630
0.951056516295153
0.929776485888251
0.904827052466019
0.876306680043863
0.844327925502015
0.809016994374947
0.770513242775789
0.728968627421412
0.684547105928689
0.637423989748688
0.587785252292471
0.535826794978995
0.481753674101714
0.425779291565071
0.368124552684677
0.309016994374947
0.248689887164854
0.187381314585725
0.125333233564301
0.062790519529311
-0.000000000000002
-0.062790519529315
-0.125333233564306
-0.187381314585726
-0.248689887164856
-0.309016994374948
-0.368124552684678
-0.425779291565073
-0.481753674101718
-0.535826794978999
-0.587785252292475
-0.637423989748691
-0.684547105928690
-0.728968627421412
-0.770513242775790
-0.809016994374948
-0.844327925502015
-0.876306680043864
-0.904827052466021
-0.929776485888252
-0.951056516295154
-0.968583161128632
-0.982287250728689
-0.992114701314478
-0.998026728428272
-1.000000000000000
-0.998026728428272
-0.992114701314478
-0.982287250728688
-0.968583161128630
-0.951056516295153
-0.929776485888251
-0.904827052466019
-0.876306680043863
-0.844327925502015
-0.809016994374947
-0.770513242775789
-0.728968627421412
-0.684547105928686
-0.637423989748688
-0.587785252292471
-0.535826794978995
-0.481753674101714
-0.425779291565071
-0.368124552684677
-0.309016994374947
-0.248689887164855
-0.187381314585725
-0.125333233564301
-0.062790519529311
0.000000000000002
0.062790519529315
0.125333233564306
0.187381314585726
0.248689887164856
0.309016994374948
0.368124552684678
0.425779291565072
0.481753674101718
0.535826794978999
0.587785252292475
0.637423989748689
0.684547105928690
0.728968627421415
0.770513242775790
0.809016994374950
0.844327925502015
0.876306680043865
0.904827052466019
0.929776485888252
0.951056516295153
0.968583161128632
0.982287250728690
0.992114701314478
0.998026728428272
1.000000000000000
0.998026728428271
0.992114701314478
0.982287250728688
0.968583161128631
0.951056516295153
0.929776485888252
0.904827052466019
0.876306680043861
0.844327925502015
0.809016994374945
0.770513242775789
0.728968627421409
0.684547105928689
0.637423989748688
0.587785252292474
0.535826794978995
0.481753674101711
0.425779291565072
0.368124552684674
0.309016994374947
0.248689887164851
0.187381314585725
0.125333233564301
0.062790519529314
-0.000000000000002
-0.062790519529312
-0.125333233564306
-0.187381314585729
-0.248689887164856
-0.309016994374951
-0.368124552684678
-0.425779291565076
-0.481753674101715
-0.535826794978999
-0.587785252292472
-0.637423989748691
-0.684547105928692
-0.728968627421412
-0.770513242775792
-0.809016994374948
-0.844327925502017
-0.876306680043863
-0.904827052466021
-0.929776485888251
-0.951056516295154
-0.968583161128631
-0.982287250728689
-0.992114701314478
-0.998026728428272
-1.000000000000000
-0.998026728428272
-0.992114701314477
-0.982287250728689
-0.968583161128631
-0.951056516295154
-0.929776485888251
-0.904827052466017
-0.876306680043863
-0.844327925502013
-0.809016994374947
-0.770513242775787
-0.728968627421412
-0.684547105928687
-0.637423989748691
-0.587785252292471
-0.535826794978992
-0.481753674101714
-0.425779291565068
-0.368124552684677
-0.309016994374944
-0.248689887164855
-0.187381314585722
-0.125333233564305
-0.062790519529311
-0.000000000000001
0.062790519529315
0.125333233564309
0.187381314585726
0.248689887164859
0.309016994374948
0.368124552684681
0.425779291565072
0.481753674101718
0.535826794978996
0.587785252292475
0.637423989748694
0.684547105928690
0.728968627421415
0.770513242775790
0.809016994374950
0.844327925502015
0.876306680043865
0.904827052466019
0.929776485888252
0.951056516295153
0.968583161128632
0.982287250728690
0.992114701314478
0.998026728428272
1.000000000000000
0.998026728428271
0.992114701314478
0.982287250728688
0.968583161128631
0.951056516295153
0.929776485888249
0.904827052466019
0.876306680043861
0.844327925502015
0.809016994374945
0.770513242775789
0.728968627421409
0.684547105928689
0.637423989748688
0.587785252292474
0.535826794978995
0.481753674101711
0.425779291565072
0.368124552684674
0.309016994374947
0.248689887164851
0.187381314585725
0.125333233564302
0.062790519529315
-0.000000000000002
-0.062790519529319
-0.125333233564305
-0.187381314585729
-0.248689887164855
-0.309016994374951
-0.368124552684678
-0.425779291565075
-0.481753674101714
-0.535826794978999
-0.587785252292478
-0.637423989748691
-0.684547105928692
-0.728968627421412
-0.770513242775792
-0.809016994374948
-0.844327925502017
-0.876306680043863
-0.904827052466021
-0.929776485888251
-0.951056516295154
-0.968583161128632
-0.982287250728689
-0.992114701314478
-0.998026728428272
-1.000000000000000
-0.998026728428272
-0.992114701314477
-0.982287250728689
-0.968583161128631
-0.951056516295152
-0.929776485888251
-0.904827052466017
-0.876306680043863
-0.844327925502013
-0.809016994374947
-0.770513242775787
-0.728968627421412
-0.684547105928687
-0.637423989748691
-0.587785252292472
-0.535826794978992
-0.481753674101714
-0.425779291565069
-0.368124552684678
-0.309016994374944
-0.248689887164855
-0.187381314585722
-0.125333233564305
-0.062790519529311
0.000000000000005
0.062790519529315
0.125333233564309
0.187381314585725
0.248689887164859
0.309016994374947
0.368124552684681
0.425779291565072
0.481753674101717
0.535826794979001
0.587785252292475
0.637423989748694
0.684547105928690
0.728968627421414
0.770513242775789
0.809016994374950
0.844327925502015
0.876306680043865
0.904827052466019
0.929776485888252
0.951056516295155
0.968583161128632
0.982287250728689
0.992114701314478
0.998026728428272
1.000000000000000
0.998026728428271
0.992114701314478
0.982287250728688
0.968583161128630
0.951056516295153
0.929776485888250
0.904827052466019
0.876306680043862
0.844327925502015
0.809016994374945
0.770513242775789
0.728968627421410
0.684547105928690
0.637423989748688
0.587785252292469
0.535826794978995
0.481753674101711
0.425779291565072
0.368124552684674
0.309016994374947
0.248689887164852
0.187381314585725
0.125333233564302
0.062790519529308
-0.000000000000002
-0.062790519529318
-0.125333233564305
-0.187381314585729
-0.248689887164855
-0.309016994374951
-0.368124552684678
-0.425779291565075
-0.481753674101714
-0.535826794978998
-0.587785252292477
-0.637423989748691
-0.684547105928692
-0.728968627421412
-0.770513242775792
-0.809016994374947
-0.844327925502017
-0.876306680043863
-0.904827052466021
-0.929776485888253
-0.951056516295154
-0.968583161128632
-0.982287250728689
-0.992114701314478
-0.998026728428272
-1.000000000000000
-0.998026728428272
-0.992114701314478
-0.982287250728688
-0.968583161128631
-0.951056516295152
-0.929776485888251
-0.904827052466018
-0.876306680043863
-0.844327925502013
-0.809016994374948
-0.770513242775787
-0.728968627421412
-0.684547105928687
-0.637423989748685
-0.587785252292472
-0.535826794978993
-0.481753674101714
-0.425779291565069
-0.368124552684678
-0.309016994374944
-0.248689887164855
-0.187381314585722
-0.125333233564298
-0.062790519529311
0.000000000000005
0.062790519529315
0.125333233564309
0.187381314585725
0.248689887164858
0.309016994374947
0.368124552684681
0.425779291565072
0.481753674101717
0.535826794979001
0.587785252292474
0.637423989748693
0.684547105928689
0.728968627421414
0.770513242775789
0.809016994374949
0.844327925502015
0.876306680043865
0.904827052466022
0.929776485888252
0.951056516295155
0.968583161128631
0.982287250728689
0.992114701314478
0.998026728428272
1.000000000000000
0.998026728428271
0.992114701314478
0.982287250728688
0.968583161128630
0.951056516295153
0.929776485888250
0.904827052466019
0.876306680043862
0.844327925502015
0.809016994374945
0.770513242775790
0.728968627421410
0.684547105928685
0.637423989748688
0.587785252292469
0.535826794978996
0.481753674101711
0.425779291565072
0.368124552684675
0.309016994374948
0.248689887164852
0.187381314585719
0.125333233564302
0.062790519529308
-0.000000000000001
-0.062790519529318
-0.125333233564305
-0.187381314585729
-0.248689887164855
-0.309016994374951
-0.368124552684677
-0.425779291565075
-0.481753674101720
-0.535826794978998
-0.587785252292477
-0.637423989748691
-0.684547105928692
-0.728968627421412
-0.770513242775791
-0.809016994374947
-0.844327925502017
-0.876306680043866
-0.904827052466020
-0.929776485888253
-0.951056516295154
-0.968583161128632
-0.982287250728689
-0.992114701314478
-0.998026728428272
-1.000000000000000
-0.998026728428272
-0.992114701314478
-0.982287250728688
-0.968583161128631
-0.951056516295152
-0.929776485888251
-0.904827052466018
-0.876306680043863
-0.844327925502013
-0.809016994374948
-0.770513242775787
-0.728968627421407
-0.684547105928687
-0.637423989748686
-0.587785252292472
-0.535826794978993
-0.481753674101715
-0.425779291565069
-0.368124552684678
-0.309016994374944
-0.248689887164849
-0.187381314585722
-0.125333233564299
-0.062790519529312
0.000000000000005
0.062790519529314
0.125333233564308
0.187381314585725
0.248689887164858
0.309016994374947
0.368124552684681
0.425779291565078
0.481753674101717
0.535826794979001
0.587785252292474
0.637423989748693
0.684547105928689
0.728968627421414
0.770513242775789
0.809016994374949
0.844327925502018
0.876306680043865
0.904827052466022
0.929776485888252
0.951056516295155
0.968583161128631
0.982287250728689
0.992114701314478
0.998026728428272
1.000000000000000
0.998026728428271
0.992114701314477
0.982287250728688
0.968583161128630
0.951056516295153
0.929776485888250
0.904827052466019
0.876306680043862
0.844327925502015
0.809016994374946
0.770513242775785
0.728968627421410
0.684547105928685
0.637423989748689
0.587785252292469
0.535826794978996
0.481753674101712
0.425779291565072
0.368124552684675
0.309016994374948
0.248689887164852
0.187381314585719
0.125333233564302
0.062790519529308
-0.000000000000001
-0.062790519529318
-0.125333233564305
-0.187381314585728
-0.248689887164855
-0.309016994374950
-0.368124552684684
-0.425779291565075
-0.481753674101720
-0.535826794978998
-0.587785252292477
-0.637423989748690
-0.684547105928692
-0.728968627421412
-0.770513242775791
-0.809016994374951
-0.844327925502017
-0.876306680043866
-0.904827052466020
-0.929776485888253
-0.951056516295154
-0.968583161128632
-0.982287250728689
-0.992114701314478
-0.998026728428272
-1.000000000000000
-0.998026728428271
-0.992114701314478
-0.982287250728688
-0.968583161128631
-0.951056516295152
-0.929776485888251
-0.904827052466018
-0.876306680043864
-0.844327925502013
-0.809016994374944
-0.770513242775788
-0.728968627421408
-0.684547105928687
-0.637423989748686
-0.587785252292472
-0.535826794978993
-0.481753674101715
-0.425779291565069
-0.368124552684678
-0.309016994374945
-0.248689887164849
-0.187381314585722
-0.125333233564299
-0.062790519529312
0.000000000000005
0.062790519529314
0.125333233564308
0.187381314585725
0.248689887164858
0.309016994374954
0.368124552684680
0.425779291565078
0.481753674101717
0.535826794979001
0.587785252292474
0.637423989748693
0.684547105928689
0.728968627421414
0.770513242775789
0.809016994374949
0.844327925502018
0.876306680043865
0.904827052466022
0.929776485888252
0.951056516295155
0.968583161128633
0.982287250728688
0.992114701314478
