0.000000000000000
0.413558504966520
0.753071466003610
0.957750816684929
0.990949761767934
0.846724199228284
0.550896981452102
0.156434465040231
-0.266036845566674
-0.640875613985023
-0.900968867902418
-0.999748234942506
-0.919527772551450
-0.674670545932075
-0.309016994374948
0.111964476103307
0.512899277405905
0.822002075447908
0.983929588598628
0.969689520376686
0.781831482468030
0.453990499739547
0.044864830350517
-0.372293658401944
-0.722794863827389
-0.943883330308366
-0.995974293995238
-0.869741133155695
-0.587785252292474
-0.200589415783274
0.222520933956312
0.605790043840818
0.880595531856736
0.997734875046455
0.936234870639737
0.707106781186549
0.351374824081345
-0.067269005612036
-0.473868662472996
-0.795624548881779
-0.974927912181822
-0.979675398423235
-0.809016994374948
-0.493508218064348
-0.089639308903438
0.330279061955164
0.691062648986862
0.928114988519037
0.998993066541314
0.891006524188369
0.623489801858735
0.244340406137899
-0.178556894798632
-0.569484493168449
-0.858448793601864
-0.993712209893241
-0.951056516295154
-0.738118997487342
-0.393025031653926
0.022438064295799
0.433883739117554
0.767644740358008
0.963962860695852
0.987688340595138
0.834573253721304
0.532032076515339
0.134233265817662
-0.287599327432012
-0.657938725939708
-0.910477546658813
-0.999999999999999
-0.910477546658817
-0.657938725939715
-0.287599327432021
0.134233265817649
0.532032076515331
0.834573253721299
0.987688340595136
0.963962860695853
0.767644740358014
0.433883739117565
0.022438064295809
-0.393025031653917
-0.738118997487334
-0.951056516295151
-0.993712209893242
-0.858448793601867
-0.569484493168456
-0.178556894798645
0.244340406137890
0.623489801858727
0.891006524188363
0.998993066541313
0.928114988519041
0.691062648986866
0.330279061955172
-0.089639308903425
-0.493508218064343
-0.809016994374943
-0.979675398423233
-0.974927912181824
-0.795624548881785
-0.473868662473007
-0.067269005612046
0.351374824081334
0.707106781186544
0.936234870639734
0.997734875046456
0.880595531856740
0.605790043840826
0.222520933956325
-0.200589415783266
-0.587785252292465
-0.869741133155689
-0.995974293995237
-0.943883330308370
-0.722794863827395
-0.372293658401952
0.044864830350504
0.453990499739541
0.781831482468023
0.969689520376683
0.983929588598630
0.822002075447915
0.512899277405910
0.111964476103316
-0.309016994374937
-0.674670545932069
-0.919527772551446
-0.999748234942506
-0.900968867902421
-0.640875613985031
-0.266036845566687
0.156434465040222
0.550896981452093
0.846724199228280
0.990949761767932
0.957750816684933
0.753071466003615
0.413558504966530
0.000000000000013
-0.413558504966512
-0.753071466003603
-0.957750816684928
-0.990949761767935
-0.846724199228290
-0.550896981452108
-0.156434465040241
0.266036845566662
0.640875613985017
0.900968867902413
0.999748234942505
0.919527772551454
0.674670545932083
0.309016994374961
-0.111964476103290
-0.512899277405900
-0.822002075447904
-0.983929588598627
-0.969689520376689
-0.781831482468040
-0.453990499739551
-0.044864830350523
0.372293658401935
0.722794863827381
0.943883330308361
0.995974293995240
0.869741133155698
0.587785252292481
0.200589415783285
-0.222520933956299
-0.605790043840805
-0.880595531856734
-0.997734875046455
-0.936234870639740
-0.707106781186557
-0.351374824081358
0.067269005612020
0.473868662472991
0.795624548881774
0.974927912181820
0.979675398423238
0.809016994374958
0.493508218064353
0.089639308903444
-0.330279061955155
-0.691062648986853
-0.928114988519031
-0.998993066541314
-0.891006524188371
-0.623489801858742
-0.244340406137908
0.178556894798619
0.569484493168435
0.858448793601861
0.993712209893240
0.951056516295157
0.738118997487351
0.393025031653941
-0.022438064295797
-0.433883739117548
-0.767644740358002
-0.963962860695848
-0.987688340595140
-0.834573253721313
-0.532032076515344
-0.134233265817668
0.287599327432003
0.657938725939699
0.910477546658807
0.999999999999999
0.910477546658820
0.657938725939723
0.287599327432033
-0.134233265817636
-0.532032076515317
-0.834573253721296
-0.987688340595135
-0.963962860695857
-0.767644740358022
-0.433883739117577
-0.022438064295815
0.393025031653912
0.738118997487330
0.951056516295147
0.993712209893244
0.858448793601877
0.569484493168461
0.178556894798651
-0.244340406137877
-0.623489801858717
-0.891006524188357
-0.998993066541313
-0.928114988519043
-0.691062648986876
-0.330279061955185
0.089639308903412
0.493508218064338
0.809016994374939
0.979675398423231
0.974927912181827
0.795624548881793
0.473868662473019
0.067269005612052
-0.351374824081329
-0.707106781186535
-0.936234870639729
-0.997734875046457
-0.880595531856742
-0.605790043840830
-0.222520933956330
0.200589415783254
0.587785252292455
0.869741133155682
0.995974293995237
0.943883330308372
0.722794863827404
0.372293658401964
-0.044864830350491
-0.453990499739535
-0.781831482468020
-0.969689520376682
-0.983929588598632
-0.822002075447922
-0.512899277405928
-0.111964476103322
0.309016994374931
0.674670545932059
0.919527772551441
0.999748234942506
0.900968867902424
0.640875613985036
0.266036845566693
-0.156434465040210
-0.550896981452082
-0.846724199228269
-0.990949761767932
-0.957750816684935
-0.753071466003624
-0.413558504966541
-0.000000000000026
0.413558504966507
0.753071466003599
0.957750816684924
0.990949761767937
0.846724199228297
0.550896981452113
0.156434465040247
-0.266036845566657
-0.640875613985007
-0.900968867902408
-0.999748234942505
-0.919527772551456
-0.674670545932087
-0.309016994374967
0.111964476103284
0.512899277405883
0.822002075447901
0.983929588598626
0.969689520376691
0.781831482468043
0.453990499739569
0.044864830350529
-0.372293658401916
-0.722794863827377
-0.943883330308355
-0.995974293995240
-0.869741133155701
-0.587785252292497
-0.200589415783291
0.222520933956280
0.605790043840800
0.880595531856731
0.997734875046453
0.936234870639743
0.707106781186571
0.351374824081364
-0.067269005612028
-0.473868662472973
-0.795624548881770
-0.974927912181815
-0.979675398423239
-0.809016994374953
-0.493508218064370
-0.089639308903449
0.330279061955136
0.691062648986849
0.928114988519034
0.998993066541315
0.891006524188374
0.623489801858758
0.244340406137914
-0.178556894798600
-0.569484493168430
-0.858448793601858
-0.993712209893238
-0.951056516295159
-0.738118997487365
-0.393025031653946
0.022438064295791
0.433883739117530
0.767644740357998
0.963962860695843
0.987688340595141
0.834573253721309
0.532032076515361
0.134233265817673
-0.287599327431983
-0.657938725939694
-0.910477546658810
-0.999999999999999
-0.910477546658822
-0.657938725939738
-0.287599327432039
0.134233265817616
0.532032076515312
0.834573253721293
0.987688340595131
0.963962860695858
0.767644740358035
0.433883739117582
0.022438064295821
-0.393025031653893
-0.738118997487326
-0.951056516295141
-0.993712209893245
-0.858448793601873
-0.569484493168478
-0.178556894798656
0.244340406137858
0.623489801858713
0.891006524188361
0.998993066541312
0.928114988519045
0.691062648986890
0.330279061955190
-0.089639308903420
-0.493508218064320
-0.809016994374936
-0.979675398423227
-0.974927912181828
-0.795624548881805
-0.473868662473024
-0.067269005612057
0.351374824081310
0.707106781186530
0.936234870639722
0.997734875046457
0.880595531856745
0.605790043840846
0.222520933956336
-0.200589415783234
-0.587785252292450
-0.869741133155686
-0.995974293995235
-0.943883330308374
-0.722794863827417
-0.372293658401970
0.044864830350499
0.453990499739517
0.781831482468016
0.969689520376677
0.983929588598633
0.822002075447934
0.512899277405933
0.111964476103328
-0.309016994374912
-0.674670545932055
-0.919527772551433
-0.999748234942506
-0.900968867902427
-0.640875613985051
-0.266036845566699
0.156434465040190
0.550896981452077
0.846724199228273
0.990949761767929
0.957750816684936
0.753071466003637
0.413558504966547
0.000000000000018
-0.413558504966489
-0.753071466003595
-0.957750816684918
-0.990949761767938
-0.846724199228292
-0.550896981452130
-0.156434465040253
0.266036845566637
0.640875613985002
0.900968867902399
0.999748234942505
0.919527772551458
0.674670545932102
0.309016994374973
-0.111964476103264
-0.512899277405878
-0.822002075447897
-0.983929588598622
-0.969689520376692
-0.781831482468056
-0.453990499739574
-0.044864830350535
0.372293658401911
0.722794863827373
0.943883330308353
0.995974293995241
0.869741133155704
0.587785252292502
0.200589415783296
-0.222520933956274
-0.605790043840796
-0.880595531856715
-0.997734875046453
-0.936234870639745
-0.707106781186575
-0.351374824081369
0.067269005611994
0.473868662472968
0.795624548881766
0.974927912181814
0.979675398423240
0.809016994374973
0.493508218064375
0.089639308903455
-0.330279061955130
-0.691062648986844
-0.928114988519022
-0.998993066541315
-0.891006524188377
-0.623489801858763
-0.244340406137919
0.178556894798594
0.569484493168425
0.858448793601855
0.993712209893237
0.951056516295161
0.738118997487369
0.393025031653952
-0.022438064295757
-0.433883739117525
-0.767644740357994
-0.963962860695841
-0.987688340595141
-0.834573253721328
-0.532032076515366
-0.134233265817679
0.287599327431978
0.657938725939690
0.910477546658796
0.999999999999999
0.910477546658825
0.657938725939742
0.287599327432044
-0.134233265817610
-0.532032076515307
-0.834573253721289
-0.987688340595131
-0.963962860695860
-0.767644740358039
-0.433883739117588
-0.022438064295855
0.393025031653888
0.738118997487322
0.951056516295139
0.993712209893245
0.858448793601891
0.569484493168482
0.178556894798662
-0.244340406137852
-0.623489801858708
-0.891006524188345
