0.000000000000000
0.891006524188367
-0.809016994374947
-0.156434465040231
0.951056516295153
-0.707106781186547
-0.309016994374948
0.987688340595137
-0.587785252292472
-0.453990499739546
0.999999999999999
-0.453990499739545
-0.587785252292473
0.987688340595137
-0.309016994374944
-0.707106781186548
0.951056516295152
-0.156434465040227
-0.809016994374946
0.891006524188366
-0.000000000000002
-0.891006524188367
0.809016994374945
0.156434465040230
-0.951056516295153
0.707106781186544
0.309016994374947
-0.987688340595137
0.587785252292468
0.453990499739548
-0.999999999999999
0.453990499739547
0.587785252292475
-0.987688340595137
0.309016994374939
0.707106781186549
-0.951056516295153
0.156434465040222
0.809016994374949
-0.891006524188367
0.000000000000004
0.891006524188370
-0.809016994374946
-0.156434465040228
0.951056516295155
-0.707106781186545
-0.309016994374946
0.987688340595138
-0.587785252292469
-0.453990499739546
0.999999999999999
-0.453990499739542
-0.587785252292473
0.987688340595135
-0.309016994374941
-0.707106781186548
0.951056516295149
-0.156434465040224
-0.809016994374948
0.891006524188368
0.000000000000008
-0.891006524188369
0.809016994374947
0.156434465040240
-0.951056516295154
0.707106781186546
0.309016994374944
-0.987688340595135
0.587785252292460
0.453990499739557
-0.999999999999999
0.453990499739544
0.587785252292471
-0.987688340595138
0.309016994374930
0.707106781186557
-0.951056516295150
0.156434465040226
0.809016994374947
-0.891006524188369
0.000000000000008
0.891006524188374
-0.809016994374940
-0.156434465040238
0.951056516295154
-0.707106781186548
-0.309016994374942
0.987688340595140
-0.587785252292461
-0.453990499739555
0.999999999999999
-0.453990499739545
-0.587785252292470
0.987688340595133
-0.309016994374932
-0.707106781186555
0.951056516295150
-0.156434465040227
-0.809016994374946
0.891006524188369
0.000000000000019
-0.891006524188373
0.809016994374941
0.156434465040236
-0.951056516295153
0.707106781186549
0.309016994374967
-0.987688340595139
0.587785252292463
0.453990499739553
-0.999999999999999
0.453990499739547
0.587785252292491
-0.987688340595134
0.309016994374933
0.707106781186554
-0.951056516295151
0.156434465040229
0.809016994374945
-0.891006524188357
-0.000000000000017
0.891006524188373
-0.809016994374942
-0.156434465040234
0.951056516295152
-0.707106781186530
-0.309016994374965
0.987688340595135
-0.587785252292464
-0.453990499739577
0.999999999999999
-0.453990499739524
-0.587785252292467
0.987688340595134
-0.309016994374962
-0.707106781186553
0.951056516295143
-0.156434465040231
-0.809016994374960
0.891006524188371
0.000000000000015
-0.891006524188385
0.809016994374943
0.156434465040260
-0.951056516295152
0.707106781186532
0.309016994374936
-0.987688340595139
0.587785252292443
0.453990499739550
-0.999999999999999
0.453990499739551
0.587785252292488
-0.987688340595139
0.309016994374937
0.707106781186571
-0.951056516295152
0.156434465040205
0.809016994374943
-0.891006524188359
0.000000000000016
0.891006524188371
-0.809016994374928
-0.156434465040230
0.951056516295160
-0.707106781186553
-0.309016994374961
0.987688340595143
-0.587785252292467
-0.453990499739573
0.999999999999999
-0.453990499739527
-0.587785252292463
0.987688340595135
-0.309016994374912
-0.707106781186550
0.951056516295144
-0.156434465040235
-0.809016994374958
0.891006524188373
0.000000000000011
-0.891006524188383
0.809016994374945
0.156434465040256
-0.951056516295151
0.707106781186535
0.309016994374987
-0.987688340595138
0.587785252292446
0.453990499739546
-0.999999999999999
0.453990499739554
0.587785252292485
-0.987688340595131
0.309016994374941
0.707106781186569
-0.951056516295153
0.156434465040209
0.809016994374940
-0.891006524188361
-0.000000000000037
0.891006524188369
-0.809016994374930
-0.156434465040226
0.951056516295159
-0.707106781186516
-0.309016994374958
0.987688340595142
-0.587785252292471
-0.453990499739570
0.999999999999999
-0.453990499739531
-0.587785252292506
0.987688340595135
-0.309016994374916
-0.707106781186547
0.951056516295145
-0.156434465040239
-0.809016994374956
0.891006524188349
0.000000000000007
-0.891006524188381
0.809016994374948
0.156434465040253
-0.951056516295167
0.707106781186537
0.309016994374983
-0.987688340595137
0.587785252292449
0.453990499739543
-0.999999999999999
0.453990499739507
0.587785252292482
-0.987688340595131
0.309016994374945
0.707106781186566
-0.951056516295154
0.156434465040213
0.809016994374971
-0.891006524188363
-0.000000000000033
0.891006524188367
-0.809016994374932
-0.156434465040223
0.951056516295158
-0.707106781186519
-0.309016994374954
0.987688340595142
-0.587785252292474
-0.453990499739566
0.999999999999999
-0.453990499739483
-0.587785252292503
0.987688340595136
-0.309016994374973
-0.707106781186584
0.951056516295146
-0.156434465040243
-0.809016994374987
0.891006524188351
0.000000000000003
-0.891006524188353
0.809016994374917
0.156434465040249
-0.951056516295148
0.707106781186500
0.309016994374979
-0.987688340595137
0.587785252292498
0.453990499739590
-0.999999999999999
0.453990499739561
0.587785252292525
-0.987688340595132
0.309016994374948
0.707106781186523
-0.951056516295138
0.156434465040217
0.809016994374936
-0.891006524188339
-0.000000000000029
0.891006524188365
-0.809016994374901
-0.156434465040275
0.951056516295156
-0.707106781186562
-0.309016994375004
0.987688340595141
-0.587785252292477
-0.453990499739614
0.999999999999999
-0.453990499739538
-0.587785252292454
0.987688340595128
-0.309016994374923
-0.707106781186541
0.951056516295130
-0.156434465040191
-0.809016994374951
0.891006524188378
0.000000000000056
-0.891006524188377
0.809016994374952
0.156434465040301
-0.951056516295164
0.707106781186543
0.309016994374921
-0.987688340595145
0.587785252292456
0.453990499739536
-0.999999999999999
0.453990499739514
0.587785252292475
-0.987688340595141
0.309016994374898
0.707106781186560
-0.951056516295157
0.156434465040165
0.809016994374967
-0.891006524188366
0.000000000000031
0.891006524188389
-0.809016994374937
-0.156434465040215
0.951056516295173
-0.707106781186524
-0.309016994374946
0.987688340595149
-0.587785252292434
-0.453990499739559
0.999999999999999
-0.453990499739490
-0.587785252292497
0.987688340595137
-0.309016994374873
-0.707106781186579
0.951056516295149
-0.156434465040251
-0.809016994374982
0.891006524188354
-0.000000000000005
-0.891006524188401
0.809016994374921
0.156434465040241
-0.951056516295146
0.707106781186505
0.309016994374972
-0.987688340595136
0.587785252292413
0.453990499739583
-0.999999999999999
0.453990499739568
0.587785252292518
-0.987688340595133
0.309016994374956
0.707106781186598
-0.951056516295141
0.156434465040225
0.809016994374931
-0.891006524188342
-0.000000000000022
0.891006524188362
-0.809016994374906
-0.156434465040267
0.951056516295154
-0.707106781186487
-0.309016994374997
0.987688340595140
-0.587785252292483
-0.453990499739607
0.999999999999999
-0.453990499739545
-0.587785252292540
0.987688340595129
-0.309016994374931
-0.707106781186536
0.951056516295132
-0.156434465040198
-0.809016994374947
0.891006524188330
0.000000000000048
-0.891006524188374
0.809016994374957
0.156434465040293
-0.951056516295162
0.707106781186548
0.309016994375022
-0.987688340595144
0.587785252292462
0.453990499739529
-0.999999999999999
0.453990499739521
0.587785252292469
-0.987688340595125
0.309016994374905
0.707106781186555
-0.951056516295159
0.156434465040172
0.809016994374962
-0.891006524188370
-0.000000000000074
0.891006524188386
-0.809016994374941
-0.156434465040207
0.951056516295170
-0.707106781186530
-0.309016994374939
0.987688340595148
-0.587785252292440
-0.453990499739552
0.999999999999999
-0.453990499739497
-0.587785252292490
0.987688340595138
-0.309016994374880
-0.707106781186573
0.951056516295151
-0.156434465040146
-0.809016994374978
0.891006524188358
-0.000000000000013
-0.891006524188398
0.809016994374926
0.156434465040233
-0.951056516295178
0.707106781186511
0.309016994374964
-0.987688340595134
0.587785252292419
0.453990499739576
-0.999999999999999
0.453990499739474
0.587785252292512
-0.987688340595134
0.309016994374963
0.707106781186592
-0.951056516295143
0.156434465040232
0.809016994374993
-0.891006524188346
-0.000000000000014
0.891006524188358
-0.809016994374910
-0.156434465040259
0.951056516295151
-0.707106781186492
-0.309016994374989
0.987688340595139
-0.587785252292398
-0.453990499739600
0.999999999999999
-0.453990499739552
-0.587785252292533
0.987688340595130
-0.309016994374938
-0.707106781186611
0.951056516295135
-0.156434465040206
-0.809016994374942
0.891006524188334
0.000000000000040
-0.891006524188370
0.809016994374895
0.156434465040286
-0.951056516295160
0.707106781186554
0.309016994375014
-0.987688340595143
0.587785252292468
0.453990499739623
-0.999999999999999
0.453990499739528
0.587785252292463
-0.987688340595126
0.309016994374913
0.707106781186549
-0.951056516295127
0.156434465040180
0.809016994374958
-0.891006524188373
-0.000000000000067
0.891006524188382
-0.809016994374946
-0.156434465040312
0.951056516295168
-0.707106781186535
-0.309016994374932
0.987688340595147
-0.587785252292447
-0.453990499739545
0.999999999999999
-0.453990499739504
-0.587785252292484
0.987688340595122
-0.309016994374888
-0.707106781186568
0.951056516295154
-0.156434465040154
-0.809016994374973
0.891006524188361
0.000000000000093
-0.891006524188394
0.809016994374864
0.156434465040338
-0.951056516295176
0.707106781186517
0.309016994374957
-0.987688340595133
0.587785252292517
0.453990499739670
-0.999999999999999
0.453990499739481
