0.000000000000000
0.995514912254014
-0.188360886759297
-0.959875241542888
0.369978408957878
0.889871808811468
-0.538350616090681
-0.788010753606722
0.687449743083317
0.657938725939712
-0.811938005715854
-0.504312335347594
0.907358694567863
0.332631443164282
-0.970295726275995
-0.149042266176174
0.998495940131151
-0.039882659401102
-0.990949761767934
0.227379776282958
0.947927346167132
-0.406736643075797
-0.870968906043123
0.571532241275938
0.762829571862268
-0.715866849259716
-0.627380757516692
0.834573253721299
0.469471562785893
-0.923401737138393
-0.294755174410904
0.979172218670630
0.109486480664000
-0.999888101810272
0.079701855139646
0.984807753012208
-0.266036845566673
-0.934471052351315
0.442847653627046
0.850680065687337
-0.603804410325470
-0.736434530278366
0.743144825477390
0.595824463473269
-0.855880479068557
-0.433883739117557
0.937975407878394
0.256409873672037
-0.986490593923519
-0.069756473744131
0.999689182000815
-0.119394224540242
-0.977098659516908
0.304270581179858
0.919527772551454
-0.478253978621310
-0.829037572555045
0.635115769842174
0.708867630216940
-0.769240265396247
-0.563320058063621
0.875825776431850
0.397605493806797
-0.951056516295150
-0.217656558273568
0.992239206600171
0.029915466169400
-0.997899497235825
0.158896606741091
0.967834748450668
-0.342020143325660
-0.903121285404194
0.512899277405902
0.806075865470063
-0.665416495326260
-0.680172737770928
0.794111644398354
0.529919264233212
-0.894377407666339
-0.360694554957808
0.962624246950006
0.178556894798638
-0.996408909165774
0.009973144676495
0.994521895368273
-0.198146143199403
-0.957030761100413
0.379225462652911
0.885277697888855
-0.546728420318330
-0.781831482468028
0.694658370458989
0.650395513961872
-0.817719385664426
-0.495675231314114
0.911505852311671
0.323209657454475
-0.972660192581119
-0.139173100960077
0.998993066541314
-0.049845885660689
-0.989561751039379
0.237080377715493
0.944703889414175
-0.415827335842032
-0.866025403784444
0.579687576411985
0.756343002654879
-0.722794863827376
-0.619583342081501
0.840025923150761
0.460642450450633
-0.927183854566781
-0.285210449497799
0.981148383394170
0.099567846595839
-0.999987566661691
0.089639308903415
0.983026957126158
-0.275637355816985
-0.930873748644203
0.451767519812798
0.845395038487762
-0.611724299115000
-0.729650984817463
0.749781202967731
0.587785252292485
-0.860995761366631
-0.424876667889848
0.941386466660894
0.246757397690301
-0.988075312474492
-0.059804153945038
0.999390827019095
-0.129290092740033
-0.974927912181825
0.313755723344347
0.915562346134062
-0.486988824404349
-0.823419430264541
0.642787609686526
0.701797902883991
-0.775574445610203
-0.555051843608795
0.880595531856733
0.388434796274714
-0.954091088551922
-0.207911690817777
0.993429957280054
0.019945297363312
-0.997203797181181
0.168735142482135
0.965277503888972
-0.351374824081336
-0.898794046299174
0.521435203379495
0.800133548011197
-0.672828078337032
-0.672828078337060
0.800133548011209
0.521435203379528
-0.898794046299157
-0.351374824081346
0.965277503888970
0.168735142482172
-0.997203797181178
0.019945297363302
0.993429957280059
-0.207911690817739
-0.954091088551924
0.388434796274705
0.880595531856751
-0.555051843608764
-0.775574445610209
0.701797902883964
0.642787609686555
-0.823419430264536
-0.486988824404357
0.915562346134046
0.313755723344383
-0.974927912181823
-0.129290092740071
0.999390827019094
-0.059804153945028
-0.988075312474494
0.246757397690264
0.941386466660907
-0.424876667889839
-0.860995761366650
0.587785252292454
0.749781202967738
-0.729650984817456
-0.611724299115031
0.845395038487741
0.451767519812807
-0.930873748644189
-0.275637355817022
0.983026957126156
0.089639308903425
-0.999987566661691
0.099567846595800
0.981148383394172
-0.285210449497763
-0.927183854566796
0.460642450450624
0.840025923150766
-0.619583342081471
-0.722794863827403
0.756343002654872
0.579687576412016
-0.866025403784425
-0.415827335842041
0.944703889414172
0.237080377715530
-0.989561751039373
-0.049845885660699
0.998993066541316
-0.139173100960039
-0.972660192581121
0.323209657454465
0.911505852311687
-0.495675231314081
-0.817719385664432
0.650395513961843
0.694658370459016
-0.781831482468022
-0.546728420318339
0.885277697888838
0.379225462652946
-0.957030761100410
-0.198146143199441
0.994521895368269
0.009973144676504
-0.996408909165775
0.178556894798601
0.962624246950017
-0.360694554957799
-0.894377407666356
0.529919264233180
0.794111644398368
-0.680172737770921
-0.665416495326288
0.806075865470049
0.512899277405910
-0.903121285404171
-0.342020143325696
0.967834748450662
0.158896606741101
-0.997899497235823
0.029915466169376
0.992239206600172
-0.217656558273517
-0.951056516295162
0.397605493806775
0.875825776431855
-0.563320058063589
-0.769240265396263
0.708867630216934
0.635115769842215
-0.829037572555023
-0.478253978621331
0.919527772551450
0.304270581179894
-0.977098659516903
-0.119394224540252
0.999689182000814
-0.069756473744093
-0.986490593923523
0.256409873672028
0.937975407878407
-0.433883739117535
-0.855880479068562
0.595824463473227
0.743144825477416
-0.736434530278350
-0.603804410325477
0.850680065687317
0.442847653627074
-0.934471052351311
-0.266036845566723
0.984807753012201
0.079701855139670
-0.999888101810272
0.109486480663955
0.979172218670636
-0.294755174410894
-0.923401737138413
0.469471562785860
0.834573253721312
-0.627380757516690
-0.715866849259748
0.762829571862248
0.571532241275946
-0.870968906043098
-0.406736643075832
0.947927346167124
0.227379776282965
-0.990949761767928
-0.039882659401133
0.998495940131151
-0.149042266176122
-0.970295726276004
0.332631443164262
0.907358694567866
-0.504312335347555
-0.811938005715873
0.657938725939702
0.687449743083356
-0.788010753606698
-0.538350616090748
0.889871808811465
0.369978408957921
-0.959875241542896
-0.188360886759310
0.995514912254009
-0.000000000000019
-0.995514912254016
0.188360886759235
0.959875241542885
-0.369978408957850
-0.889871808811500
0.538350616090683
0.788010753606745
-0.687449743083259
-0.657938725939717
0.811938005715828
0.504312335347572
-0.907358694567858
-0.332631443164335
0.970295726276000
0.149042266176198
-0.998495940131147
0.039882659401113
0.990949761767938
-0.227379776282890
-0.947927346167131
0.406736643075763
0.870968906043163
-0.571532241275930
-0.762829571862298
0.715866849259734
0.627380757516705
-0.834573253721270
-0.469471562785877
0.923401737138384
0.294755174410967
-0.979172218670632
-0.109486480664031
0.999888101810271
-0.079701855139651
-0.984807753012214
0.266036845566595
0.934471052351318
-0.442847653627005
-0.850680065687327
0.603804410325462
0.736434530278401
-0.743144825477402
-0.595824463473289
0.855880479068522
0.433883739117553
-0.937975407878380
-0.256409873672102
0.986490593923520
0.069756473744169
-0.999689182000817
0.119394224540232
0.977098659516919
-0.304270581179875
-0.919527772551458
0.478253978621264
0.829037572555034
-0.635115769842156
-0.708867630216988
0.769240265396250
0.563320058063652
-0.875825776431818
-0.397605493806793
0.951056516295138
0.217656558273647
-0.992239206600169
-0.029915466169453
0.997899497235824
-0.158896606741081
-0.967834748450681
0.342020143325678
0.903121285404204
-0.512899277405844
-0.806075865470060
0.665416495326231
0.680172737770977
-0.794111644398356
-0.529919264233245
0.894377407666296
0.360694554957818
-0.962624246949996
-0.178556894798620
0.996408909165773
-0.009973144676428
-0.994521895368271
0.198146143199366
0.957030761100433
-0.379225462652928
-0.885277697888873
0.546728420318275
0.781831482468034
-0.694658370458961
-0.650395513961944
0.817719385664421
0.495675231314147
-0.911505852311679
-0.323209657454484
0.972660192581104
0.139173100960059
-0.998993066541312
0.049845885660623
0.989561751039376
-0.237080377715456
-0.944703889414197
0.415827335842023
0.866025403784463
-0.579687576411907
-0.756343002654885
0.722794863827350
0.619583342081487
-0.840025923150756
-0.460642450450692
0.927183854566788
0.285210449497836
-0.981148383394157
-0.099567846595820
0.999987566661691
-0.089639308903349
-0.983026957126160
0.275637355816948
0.930873748644237
-0.451767519812790
-0.845395038487782
0.611724299115015
0.729650984817470
-0.749781202967687
-0.587785252292470
0.860995761366612
0.424876667889909
-0.941386466660901
-0.246757397690338
0.988075312474482
0.059804153945048
-0.999390827019097
0.129290092739939
0.974927912181828
-0.313755723344310
-0.915562346134054
0.486988824404340
0.823419430264579
-0.642787609686540
-0.701797902884019
0.775574445610161
0.555051843608780
-0.880595531856715
-0.388434796274776
0.954091088551919
0.207911690817814
-0.993429957280044
-0.019945297363322
0.997203797181184
-0.168735142482153
-0.965277503888975
0.351374824081274
0.898794046299166
-0.521435203379463
-0.800133548011254
0.672828078337046
0.672828078337089
-0.800133548011152
-0.521435203379512
0.898794046299141
0.351374824081435
-0.965277503888960
-0.168735142482210
0.997203797181180
-0.019945297363264
-0.993429957280063
0.207911690817757
0.954091088551936
-0.388434796274618
-0.880595531856742
0.555051843608732
0.775574445610269
-0.701797902883977
-0.642787609686584
0.823419430264482
0.486988824404391
-0.915562346134031
-0.313755723344365
0.974927912181815
0.129290092740109
-0.999390827019095
0.059804153944990
0.988075312474508
-0.246757397690282
-0.941386466660920
0.424876667889753
0.860995761366641
-0.587785252292423
-0.749781202967801
0.729650984817430
0.611724299115061
-0.845395038487751
-0.451767519812841
0.930873748644175
0.275637355817004
