0.000000000000000
0.998550122907320
0.107503593510525
-0.986976319697495
-0.213761154992115
0.963962860695852
0.317541094684845
-0.929776485888250
-0.417640539972131
0.884813436149737
0.512899277405906
-0.829594860571831
-0.602213200286083
0.764760776027597
0.684547105928688
-0.691062648986862
-0.758946694294556
0.609354685562807
0.824549628907142
-0.520583930743606
-0.880595531856738
0.425779291565069
0.926434797042886
-0.326039611452337
-0.961536119504149
0.222520933956311
0.985492653565726
-0.116423103505822
-0.998026728428271
0.008975858480992
0.998993066541313
0.098575422202448
-0.988380467458429
-0.204984153792232
0.966311937657223
0.309016994374947
-0.933043264819441
-0.409468140058895
0.888960053096190
0.505173300974503
-0.834573253721300
-0.595023196102038
0.770513242775784
0.677976410513225
-0.697522514745703
-0.753071466003613
0.616447076559461
0.819437965209732
-0.528226641853077
-0.876306680043863
0.433883739117552
0.923018467515396
-0.334511859971841
-0.959031909598968
0.231262784929950
0.983929588598630
-0.125333233564304
-0.997422925272833
0.017950993798085
0.999355523643320
0.089639308903444
-0.989704983719634
-0.196190637499103
0.968583161128630
0.300467997289458
-0.936234870639732
-0.401262750256478
0.893035048612880
0.497406623913224
-0.839484407258072
-0.587785252292473
0.776203631076348
0.671351092126013
-0.703926182748941
-0.747135564508156
0.623489801858731
0.814260281314383
-0.535826794978984
-0.871947226253865
0.441953229673215
0.919527772551452
-0.342957157654121
-0.956450432738631
0.239986003602557
0.982287250728690
-0.134233265817635
-0.996738762088015
0.026924682845658
0.999637465011020
0.080695973575234
-0.990949761767933
-0.187381314585725
0.970776348122912
0.291894792201045
-0.939351046208921
-0.393025031653920
0.897038094386960
0.489599871965060
-0.844327925502014
-0.580499952001590
0.781831482468021
0.664671684553429
-0.710273137068059
-0.741139468049866
0.630482294044706
0.809016994374947
-0.543383777794787
-0.867517521717723
0.449987113092116
0.915962993388176
-0.351374824081326
-0.953791896906694
0.248689887164854
0.980565772275223
-0.143122483211106
-0.995974293995239
0.035896202634557
0.999838867929057
0.071746136761388
-0.992114701314477
-0.178556894798657
0.972891321940141
0.283298069832754
-0.942391540464025
-0.384755647944952
0.900968867902414
0.481753674101716
-0.849103418222181
-0.573167882188933
0.787396343528008
0.657938725939731
-0.716562866343779
-0.735083659720182
0.637423989748688
0.803708526830801
-0.550896981452091
-0.863017923326352
0.457984742103044
0.912324417231461
-0.359764181061798
-0.951056516295153
0.257373734365281
0.978765291933713
-0.152000169561262
-0.995129582585913
0.044864830350497
0.999959716170870
0.062790519529315
-0.993199708502809
-0.169718089100682
0.974927912181821
0.274678522802415
-0.945356108439562
-0.376455265374400
0.904827052466006
0.473868662473017
-0.853810500668339
-0.565789633582218
0.792897765908459
0.651152758743586
-0.722794863827384
-0.728968627421431
0.644314329694477
0.798335306372709
-0.558365800629657
-0.858448793601878
0.465945472355809
0.908612337232877
-0.368124552684650
-0.948244511287223
0.266036845566634
0.976885954764654
-0.160865609613673
-0.994204695916452
0.053829843412119
0.999999999999999
0.053829843412122
-0.994204695916446
-0.160865609613732
0.976885954764641
0.266036845566692
-0.948244511287222
-0.368124552684679
0.908612337232876
0.465945472355862
-0.858448793601848
-0.558365800629683
0.798335306372690
0.644314329694501
-0.728968627421410
-0.722794863827386
0.651152758743541
0.792897765908495
-0.565789633582192
-0.853810500668356
0.473868662472990
0.904827052466019
-0.376455265374398
-0.945356108439582
0.274678522802357
0.974927912181828
-0.169718089100651
-0.993199708502813
0.062790519529312
0.999959716170870
0.044864830350557
-0.995129582585907
-0.152000169561293
0.978765291933707
0.257373734365312
-0.951056516295152
-0.359764181061801
0.912324417231436
0.457984742103098
-0.863017923326336
-0.550896981452117
0.803708526830782
0.637423989748690
-0.735083659720142
-0.716562866343821
0.657938725939686
0.787396343528027
-0.573167882188907
-0.849103418222198
0.481753674101713
0.900968867902440
-0.384755647944896
-0.942391540464045
0.283298069832724
0.972891321940148
-0.178556894798627
-0.992114701314477
0.071746136761329
0.999838867929058
0.035896202634617
-0.995974293995236
-0.143122483211137
0.980565772275217
0.248689887164856
-0.953791896906676
-0.351374824081382
0.915962993388152
0.449987113092144
-0.867517521717708
-0.543383777794814
0.809016994374945
0.630482294044752
-0.741139468049825
-0.710273137068081
0.664671684553405
0.781831482468040
-0.580499952001565
-0.844327925502015
0.489599871965008
0.897038094386987
-0.393025031653891
-0.939351046208932
0.291894792201015
0.970776348122920
-0.187381314585722
-0.990949761767941
0.080695973575175
0.999637465011021
0.026924682845689
-0.996738762088012
-0.134233265817666
0.982287250728687
0.239986003602615
-0.956450432738618
-0.342957157654164
0.919527772551439
0.441953229673243
-0.871947226253856
-0.535826794978998
0.814260281314348
0.623489801858766
-0.747135564508126
-0.703926182748963
0.671351092125990
0.776203631076359
-0.587785252292471
-0.839484407258104
0.497406623913184
0.893035048612900
-0.401262750256449
-0.936234870639743
0.300467997289442
0.968583161128631
-0.196190637499045
-0.989704983719640
0.089639308903399
0.999355523643321
0.017950993798116
-0.997422925272832
-0.125333233564307
0.983929588598620
0.231262784929994
-0.959031909598955
-0.334511859971870
0.923018467515389
0.433883739117567
-0.876306680043834
-0.528226641853127
0.819437965209706
0.616447076559497
-0.753071466003592
-0.697522514745715
0.677976410513212
0.770513242775826
-0.595023196101995
-0.834573253721326
0.505173300974470
0.888960053096205
-0.409468140058873
-0.933043264819447
0.309016994374890
0.966311937657236
-0.204984153792188
-0.988380467458435
0.098575422202417
0.998993066541314
0.008975858481009
-0.998026728428267
-0.116423103505874
0.985492653565718
0.222520933956349
-0.961536119504140
-0.326039611452359
0.926434797042882
0.425779291565126
-0.880595531856713
-0.520583930743645
0.824549628907120
0.609354685562829
-0.758946694294542
-0.691062648986872
0.684547105928645
0.764760776027631
-0.602213200286092
-0.829594860571818
0.512899277405833
0.884813436149773
-0.417640539972069
-0.929776485888273
0.317541094684795
0.963962860695864
-0.213761154992080
-0.986976319697499
0.107503593510506
0.998550122907321
0.000000000000003
-0.998550122907320
-0.107503593510512
0.986976319697480
0.213761154992196
-0.963962860695832
-0.317541094684908
0.929776485888228
0.417640539972178
-0.884813436149717
-0.512899277405936
0.829594860571815
0.602213200286097
-0.764760776027590
-0.684547105928690
0.691062648986868
0.758946694294546
-0.609354685562734
-0.824549628907188
0.520583930743543
0.880595531856769
-0.425779291565018
-0.926434797042906
0.326039611452300
0.961536119504158
-0.222520933956287
-0.985492653565729
0.116423103505812
0.998026728428271
-0.008975858481003
-0.998993066541314
-0.098575422202535
0.988380467458417
0.204984153792305
-0.966311937657205
-0.309016994375004
0.933043264819425
0.409468140058930
-0.888960053096176
-0.505173300974524
0.834573253721291
0.595023196102046
-0.770513242775786
-0.677976410513217
0.697522514745711
0.753071466003671
-0.616447076559403
-0.819437965209775
0.528226641853026
0.876306680043892
-0.433883739117511
-0.923018467515413
0.334511859971811
0.959031909598973
-0.231262784929933
-0.983929588598631
0.125333233564301
0.997422925272833
-0.017950993798110
-0.999355523643317
-0.089639308903518
0.989704983719623
0.196190637499162
-0.968583161128615
-0.300467997289501
0.936234870639721
0.401262750256507
-0.893035048612872
-0.497406623913239
0.839484407258070
0.587785252292475
-0.776203631076355
-0.671351092125994
0.703926182748878
0.747135564508205
-0.623489801858673
-0.814260281314418
0.535826794978945
0.871947226253887
-0.441953229673187
-0.919527772551464
0.342957157654105
0.956450432738636
-0.239986003602554
-0.982287250728688
0.134233265817660
0.996738762088022
-0.026924682845570
-0.999637465011018
-0.080695973575294
0.990949761767924
0.187381314585784
-0.970776348122905
-0.291894792201075
0.939351046208910
0.393025031653949
-0.897038094386959
-0.489599871965062
0.844327925502012
0.580499952001569
-0.781831482467966
-0.664671684553495
0.710273137067997
0.741139468049906
-0.630482294044660
-0.809016994374982
0.543383777794761
0.867517521717739
-0.449987113092088
-0.915962993388177
0.351374824081324
0.953791896906695
-0.248689887164851
-0.980565772275218
0.143122483211019
0.995974293995246
-0.035896202634497
-0.999838867929056
-0.071746136761448
0.992114701314469
0.178556894798688
-0.972891321940134
-0.283298069832784
0.942391540464024
0.384755647944954
-0.900968867902413
-0.481753674101718
0.849103418222195
0.573167882189005
-0.787396343527954
-0.657938725939776
0.716562866343738
0.735083659720223
-0.637423989748642
-0.803708526830819
0.550896981452065
0.863017923326368
-0.457984742103042
-0.912324417231462
0.359764181061795
0.951056516295154
-0.257373734365306
-0.978765291933731
0.152000169561175
0.995129582585919
-0.044864830350438
-0.999959716170870
-0.062790519529374
0.993199708502806
0.169718089100713
-0.974927912181814
-0.274678522802417
0.945356108439561
0.376455265374403
-0.904827052466017
-0.473868662472995
0.853810500668293
0.565789633582291
-0.792897765908422
-0.651152758743632
0.722794863827343
0.728968627421453
