0.000000000000000
0.294755174410904
0.563320058063621
0.781831482468029
0.930873748644203
0.997203797181179
0.974927912181823
0.866025403784438
0.680172737770919
0.433883739117558
0.149042266176175
-0.149042266176174
-0.433883739117557
-0.680172737770918
-0.866025403784437
-0.974927912181822
-0.997203797181179
-0.930873748644204
-0.781831482468030
-0.563320058063622
-0.294755174410905
-0.000000000000001
0.294755174410903
0.563320058063620
0.781831482468028
0.930873748644203
0.997203797181179
0.974927912181823
0.866025403784438
0.680172737770920
0.433883739117560
0.149042266176175
-0.149042266176173
-0.433883739117556
-0.680172737770918
-0.866025403784437
-0.974927912181822
-0.997203797181179
-0.930873748644204
-0.781831482468030
-0.563320058063624
-0.294755174410906
-0.000000000000002
0.294755174410901
0.563320058063620
0.781831482468028
0.930873748644202
0.997203797181179
0.974927912181823
0.866025403784439
0.680172737770920
0.433883739117560
0.149042266176177
-0.149042266176173
-0.433883739117554
-0.680172737770916
-0.866025403784437
-0.974927912181822
-0.997203797181179
-0.930873748644204
-0.781831482468032
-0.563320058063624
-0.294755174410906
-0.000000000000004
0.294755174410901
0.563320058063620
0.781831482468026
0.930873748644202
0.997203797181179
0.974927912181824
0.866025403784439
0.680172737770920
0.433883739117562
0.149042266176177
-0.149042266176172
-0.433883739117554
-0.680172737770916
-0.866025403784437
-0.974927912181822
-0.997203797181179
-0.930873748644205
-0.781831482468032
-0.563320058063624
-0.294755174410909
-0.000000000000005
0.294755174410901
0.563320058063617
0.781831482468026
0.930873748644202
0.997203797181179
0.974927912181824
0.866025403784439
0.680172737770923
0.433883739117562
0.149042266176178
-0.149042266176169
-0.433883739117553
-0.680172737770916
-0.866025403784435
-0.974927912181822
-0.997203797181179
-0.930873748644206
-0.781831482468032
-0.563320058063624
-0.294755174410910
-0.000000000000005
0.294755174410900
0.563320058063617
0.781831482468024
0.930873748644202
0.997203797181179
0.974927912181825
0.866025403784440
0.680172737770923
0.433883739117565
0.149042266176178
-0.149042266176168
-0.433883739117550
-0.680172737770916
-0.866025403784435
-0.974927912181821
-0.997203797181179
-0.930873748644206
-0.781831482468034
-0.563320058063625
-0.294755174410910
-0.000000000000009
0.294755174410900
0.563320058063616
0.781831482468024
0.930873748644202
0.997203797181179
0.974927912181825
0.866025403784440
0.680172737770923
0.433883739117566
0.149042266176178
-0.149042266176168
-0.433883739117550
-0.680172737770916
-0.866025403784435
-0.974927912181821
-0.997203797181179
-0.930873748644206
-0.781831482468034
-0.563320058063625
-0.294755174410910
-0.000000000000009
0.294755174410900
0.563320058063616
0.781831482468023
0.930873748644202
0.997203797181179
0.974927912181825
0.866025403784440
0.680172737770924
0.433883739117566
0.149042266176178
-0.149042266176168
-0.433883739117550
-0.680172737770910
-0.866025403784434
-0.974927912181821
-0.997203797181180
-0.930873748644206
-0.781831482468035
-0.563320058063631
-0.294755174410910
-0.000000000000009
0.294755174410893
0.563320058063616
0.781831482468023
0.930873748644199
0.997203797181179
0.974927912181825
0.866025403784443
0.680172737770924
0.433883739117566
0.149042266176186
-0.149042266176168
-0.433883739117549
-0.680172737770910
-0.866025403784434
-0.974927912181821
-0.997203797181180
-0.930873748644206
-0.781831482468035
-0.563320058063631
-0.294755174410911
-0.000000000000009
0.294755174410893
0.563320058063616
0.781831482468023
0.930873748644199
0.997203797181179
0.974927912181825
0.866025403784444
0.680172737770924
0.433883739117566
0.149042266176186
-0.149042266176167
-0.433883739117549
-0.680172737770910
-0.866025403784434
-0.974927912181821
-0.997203797181180
-0.930873748644206
-0.781831482468035
-0.563320058063631
-0.294755174410911
-0.000000000000010
0.294755174410893
0.563320058063616
0.781831482468023
0.930873748644199
0.997203797181178
0.974927912181826
0.866025403784440
0.680172737770924
0.433883739117566
0.149042266176186
-0.149042266176160
-0.433883739117543
-0.680172737770915
-0.866025403784434
-0.974927912181820
-0.997203797181180
-0.930873748644209
-0.781831482468040
-0.563320058063626
-0.294755174410911
-0.000000000000010
0.294755174410892
0.563320058063609
0.781831482468018
0.930873748644201
0.997203797181179
0.974927912181825
0.866025403784444
0.680172737770929
0.433883739117573
0.149042266176179
-0.149042266176167
-0.433883739117549
-0.680172737770910
-0.866025403784430
-0.974927912181819
-0.997203797181180
-0.930873748644206
-0.781831482468035
-0.563320058063632
-0.294755174410918
-0.000000000000017
0.294755174410899
0.563320058063615
0.781831482468023
0.930873748644199
0.997203797181178
0.974927912181826
0.866025403784448
0.680172737770924
0.433883739117567
0.149042266176187
-0.149042266176160
-0.433883739117542
-0.680172737770904
-0.866025403784434
-0.974927912181820
-0.997203797181180
-0.930873748644209
-0.781831482468040
-0.563320058063638
-0.294755174410911
-0.000000000000010
0.294755174410892
0.563320058063609
0.781831482468018
0.930873748644196
0.997203797181179
0.974927912181825
0.866025403784444
0.680172737770930
0.433883739117573
0.149042266176194
-0.149042266176166
-0.433883739117548
-0.680172737770909
-0.866025403784430
-0.974927912181819
-0.997203797181181
-0.930873748644206
-0.781831482468036
-0.563320058063632
-0.294755174410919
-0.000000000000018
0.294755174410885
0.563320058063615
0.781831482468022
0.930873748644199
0.997203797181178
0.974927912181827
0.866025403784448
0.680172737770925
0.433883739117567
0.149042266176187
-0.149042266176159
-0.433883739117542
-0.680172737770904
-0.866025403784434
-0.974927912181820
-0.997203797181180
-0.930873748644209
-0.781831482468040
-0.563320058063638
-0.294755174410912
-0.000000000000011
0.294755174410891
0.563320058063609
0.781831482468018
0.930873748644196
0.997203797181177
0.974927912181825
0.866025403784444
0.680172737770930
0.433883739117574
0.149042266176194
-0.149042266176152
-0.433883739117548
-0.680172737770909
-0.866025403784430
-0.974927912181819
-0.997203797181181
-0.930873748644212
-0.781831482468036
-0.563320058063633
-0.294755174410919
-0.000000000000018
0.294755174410884
0.563320058063603
0.781831482468022
0.930873748644198
0.997203797181178
0.974927912181827
0.866025403784448
0.680172737770936
0.433883739117568
0.149042266176188
-0.149042266176159
-0.433883739117541
-0.680172737770904
-0.866025403784426
-0.974927912181820
-0.997203797181180
-0.930873748644209
-0.781831482468040
-0.563320058063639
-0.294755174410926
-0.000000000000011
0.294755174410891
0.563320058063608
0.781831482468018
0.930873748644196
0.997203797181177
0.974927912181825
0.866025403784445
0.680172737770931
0.433883739117574
0.149042266176195
-0.149042266176151
-0.433883739117547
-0.680172737770909
-0.866025403784430
-0.974927912181819
-0.997203797181181
-0.930873748644212
-0.781831482468036
-0.563320058063633
-0.294755174410919
-0.000000000000019
0.294755174410884
0.563320058063602
0.781831482468022
0.930873748644198
0.997203797181178
0.974927912181827
0.866025403784448
0.680172737770936
0.433883739117581
0.149042266176188
-0.149042266176158
-0.433883739117541
-0.680172737770903
-0.866025403784426
-0.974927912181817
-0.997203797181180
-0.930873748644209
-0.781831482468041
-0.563320058063639
-0.294755174410926
-0.000000000000026
0.294755174410890
0.563320058063608
0.781831482468017
0.930873748644196
0.997203797181177
0.974927912181828
0.866025403784445
0.680172737770931
0.433883739117575
0.149042266176195
-0.149042266176151
-0.433883739117534
-0.680172737770908
-0.866025403784429
-0.974927912181818
-0.997203797181181
-0.930873748644212
-0.781831482468045
-0.563320058063633
-0.294755174410920
-0.000000000000019
0.294755174410883
0.563320058063602
0.781831482468013
0.930873748644198
0.997203797181178
0.974927912181827
0.866025403784449
0.680172737770936
0.433883739117581
0.149042266176203
-0.149042266176144
-0.433883739117528
-0.680172737770913
-0.866025403784433
-0.974927912181820
-0.997203797181180
-0.930873748644210
-0.781831482468041
-0.563320058063639
-0.294755174410927
-0.000000000000026
0.294755174410876
0.563320058063596
0.781831482468008
0.930873748644201
0.997203797181178
0.974927912181825
0.866025403784445
0.680172737770931
0.433883739117575
0.149042266176196
-0.149042266176150
-0.433883739117534
-0.680172737770897
-0.866025403784422
-0.974927912181815
-0.997203797181182
-0.930873748644207
-0.781831482468037
-0.563320058063634
-0.294755174410920
-0.000000000000020
0.294755174410883
0.563320058063601
0.781831482468012
0.930873748644193
0.997203797181177
0.974927912181830
0.866025403784456
0.680172737770926
0.433883739117569
0.149042266176189
-0.149042266176157
-0.433883739117540
-0.680172737770902
-0.866025403784425
-0.974927912181817
-0.997203797181181
-0.930873748644215
-0.781831482468050
-0.563320058063652
-0.294755174410914
-0.000000000000013
0.294755174410889
0.563320058063607
0.781831482468017
0.930873748644195
0.997203797181177
0.974927912181829
0.866025403784452
0.680172737770942
0.433883739117588
0.149042266176210
-0.149042266176164
-0.433883739117546
-0.680172737770908
-0.866025403784429
-0.974927912181818
-0.997203797181181
-0.930873748644212
-0.781831482468046
-0.563320058063646
-0.294755174410934
-0.000000000000034
0.294755174410869
0.563320058063613
0.781831482468021
0.930873748644198
0.997203797181178
0.974927912181827
0.866025403784449
