0.000000000000000
0.824267386628730
0.933401604696208
0.232717967617589
-0.669871434827024
-0.991281368706424
-0.452657049577019
0.478691857940606
0.994728415744058
0.647740067614433
-0.261226607538138
-0.943553463389693
-0.807254726470168
0.029417020156565
0.840566603495683
0.922441841766729
0.204007899039875
-0.691422995912172
-0.986976319697495
-0.426230444642732
0.504312335347593
0.997314477224457
0.625048050043181
-0.289509143194751
-0.952888630922456
-0.789543348300237
0.058808578459331
0.856138269310460
0.910683660806177
0.175121251758008
-0.712376096951343
-0.981816994945415
-0.399434916642528
0.529496306035561
0.999037314786326
0.601815023152051
-0.317541094684843
-0.961399027255470
-0.771148582173412
0.088149235092964
0.870968906043122
0.898137239088900
0.146083028562415
-0.732712602022122
-0.975807860095307
-0.372293658401946
0.554221972059774
0.999895437230425
0.578061096249561
-0.345298198998532
-0.969077286229075
-0.752086349649506
0.117413594299988
0.885045677060243
0.884813436149738
0.116918363439800
-0.752414908895722
-0.968954116344035
-0.344830161992776
0.578467932160347
0.999888101810272
0.553806829508385
-0.372756431019471
-0.975916761938745
-0.732373150012775
0.146576326362047
0.898356398235637
0.870723784384597
0.087652499818468
-0.771465964272579
-0.961261695938320
-0.317068198399529
0.602213200286080
0.999015314875029
0.529073216169527
-0.399892024319742
-0.981911534487438
-0.712026045991001
0.175612189523964
0.910889548496312
0.855880479068560
0.058310768718947
-0.789849278542789
-0.952737257040091
-0.289031796944477
0.625437223758874
0.997277831864002
0.503881664371650
-0.426681491730819
-0.987056415109554
-0.691062648986865
0.204496051841785
0.922634279794499
0.840296367800339
0.028918566828689
-0.807548940058694
-0.943388177963535
-0.260745224489168
0.648119901063126
0.994677156652778
0.478253978621329
-0.453101645672920
-0.991346950662069
-0.669501103834457
0.233202912935578
0.933580426497199
0.823984939382000
-0.000498665479891
-0.824549628907139
-0.933222550788783
-0.232232964430252
0.670241599244484
0.991215540251541
0.452212340920126
-0.479129618224884
-0.994779427478931
-0.647360073093981
0.261707925628591
0.943718514184982
0.806960312143803
-0.029915466169392
-0.840836630169622
-0.922249174357859
-0.203519695507874
0.691783170903202
0.986895978856722
0.425779291565087
-0.504742880917560
-0.997350874585437
-0.624658720898491
0.289986417453582
0.953039767852601
0.789237221724086
-0.059306373575960
-0.856395846658782
-0.910477546658819
-0.174630270445114
0.712725970767056
0.981722211257634
0.398977709638916
-0.529919264233192
-0.999059066269736
-0.601416696366330
0.318013912008079
0.961536119504147
0.770831008314837
-0.088645948447631
-0.871213811120188
-0.897917856604822
-0.145589694436714
0.733051871829827
0.975698715600387
0.371830793207170
-0.554636976794289
-0.999902524009303
-0.577654116593885
0.345766150139912
0.969200215136308
0.751757603384020
-0.117908795963258
-0.885277697888850
-0.884580975215083
-0.116423103505840
0.752743281040973
0.968830705511815
0.344362039239049
-0.578874624225100
-0.999880517750669
-0.553391549243354
0.373219110944676
0.976025421103619
0.732033515886191
-0.147069587712950
-0.898575333990535
-0.870478446205553
-0.087155742747684
0.771783154533401
0.961124125586838
0.316595223269729
-0.602611227669388
-0.998993066541314
-0.528649994740297
0.400349032556884
0.982005829860196
0.711675817973083
-0.176103083620929
-0.911095209678013
-0.855622475997196
-0.057812944478569
0.790155012375674
0.952585646243150
0.288554378821443
-0.625826241948797
-0.997240938513185
-0.503450868096820
0.427132432717178
0.987136265072985
0.690702130216909
-0.204984153792213
-0.922826488393321
-0.840025923150785
-0.028420106309718
0.807842952836231
0.943222657947608
0.260263776601405
-0.648499573345615
-0.994625650217839
-0.477815980375924
0.453546129097249
0.991412286102167
0.669130606358864
-0.233687800263636
-0.933759016147286
-0.823702287237172
0.000997330835780
0.824831666147031
0.933043264819445
0.231747903494179
-0.670611596994803
-0.991149465313793
-0.451767519812825
0.479567259365317
0.994830191844714
0.646979917596268
-0.262189178640858
-0.943883330308358
-0.806665697152822
0.030413904743228
0.841106447755004
0.922056277615793
0.203031441367206
-0.692143173870391
-0.986815392607212
-0.425328032610063
0.505173300974485
0.997387023937892
0.624269236421619
-0.290463619602270
-0.953190667792944
-0.788930898890467
0.059804153945020
0.856653211049485
0.910271206105491
0.174139245707400
-0.713075667351147
-0.981627183447667
-0.398520403422620
0.530342090657242
0.999080569319848
0.601018220027928
-0.318486650251660
-0.961672972650252
-0.770513242775809
0.089142639758943
0.871458499554882
0.897698250837956
0.145096324107627
-0.733390959351510
-0.975589328481125
-0.371367835550251
0.555051843608768
0.999909362145144
0.577246993294545
-0.346234015300573
-0.969322903035162
-0.751428670181047
0.118403968306498
0.885509498577860
0.884348294314105
0.115927814621236
-0.753071466003598
-0.968707053763101
-0.343893830853725
0.579281172342665
0.999872685053500
0.552976131367936
-0.373681698062488
-0.976133837562910
-0.731693699726813
0.147562812492446
0.898794046299153
0.870232891567026
0.086658964004077
-0.772100152877008
-0.960986316235249
-0.316122169413031
0.603009105203004
0.998970569790716
0.528226641853088
-0.400805941240324
-0.982099881040230
-0.711325412984659
0.176593933926806
0.911300644300157
0.855364260160506
0.057315105862018
-0.790460549722865
-0.952433798569321
-0.288076888944392
0.626215104516212
0.997203797181179
0.503019946630247
-0.427583267489679
-0.987215869567924
-0.690341439691905
0.205472204769790
0.923018467515378
0.839755269614256
0.027921638723597
-0.808136764729637
-0.943056903383062
-0.259782263994556
0.648879084367448
0.994573896452046
0.477377863313334
-0.453990499739510
-0.991477375010475
-0.668759942492396
0.234172629481186
0.933937373602071
0.823419430264549
-0.001495995943665
-0.825113498278295
-0.932863746832784
-0.231262784929985
0.670981427985931
0.991083143909600
0.451322586365727
-0.480004781253028
-0.994880708828786
-0.646599601215822
0.262670366455214
0.944047911718847
0.806370881570479
-0.030912335754078
-0.841376056184753
-0.921863151588509
-0.202543136739250
0.692503004724243
0.986734560969009
0.424876667889875
-0.505603595411364
-0.997422925272832
-0.623879596709416
0.290940749522188
0.953341330705956
0.788624379875551
-0.060301919442716
-0.856910362418581
-0.910064639197502
-0.173648177666981
0.713425186616673
0.981531911539141
0.398062998107366
-0.530764785202593
-0.999101823931317
-0.600619594236009
0.318959309298061
0.961809586659758
0.770195285635353
-0.089639308903427
-0.871702971286365
-0.897478421842911
-0.144602917697804
0.733729864502860
0.975479698764721
0.370904785546278
-0.555466572399992
-0.999915951636246
-0.576839726452790
0.346701794364190
0.969445349895129
0.751099550122335
-0.118899111206516
-0.885741079069634
-0.884115393504633
-0.115432496909206
0.753399463701992
0.968583161128642
0.343425536953285
-0.579687576411958
-0.999864603720715
-0.552560575985473
0.374144192257891
0.976242011289659
0.731353701619174
-0.148056000577898
-0.899012535107103
-0.869987120530014
-0.086162163711249
0.772416959224573
0.960848267917803
0.315649036947121
-0.603406832787987
-0.998947824628826
-0.527803157613223
0.401262750256441
0.982193688004167
0.710974831112901
-0.177084740319550
-0.911505852311651
-0.855105831622730
-0.056817252993075
0.790765890508384
0.952281714056383
0.287599327432044
-0.626603811364423
-0.997166407877222
-0.502588900079073
0.428033995936213
0.987295228574594
0.689980577501595
-0.205960204653153
-0.923210217112957
-0.839484407258088
-0.027423164194277
0.808430375665890
0.942890914311134
0.259300686788360
-0.649258434034309
-0.994521895368274
-0.476939627542490
0.454434757489189
0.991542217370802
0.668389112327215
-0.234657400467665
-0.934115498817184
-0.823136368534458
0.001994660679545
0.825395125230818
0.932683996873437
0.230777608858305
-0.671351092125998
-0.991016576055466
-0.450877540689470
0.480442183779282
0.994930978418579
0.646219124047213
-0.263151488952073
-0.944212258375503
-0.806075865470085
0.031410759078071
0.841645455391794
0.921669796324027
0.202054781745443
-0.692862663375239
-0.986653483962210
-0.424425197516763
0.506033764121151
0.997458578581329
0.623489801858773
-0.291417807094635
-0.953491756554176
-0.788317664755558
0.060799669945383
0.857167300702097
0.909857845986217
0.173157066445916
-0.713774528476681
-0.981436395555748
-0.397605493806845
0.531187347764086
0.999122830098856
0.600220819089628
-0.319431889029693
-0.961945961498694
-0.769877136972532
0.090135955757519
0.871947226253843
0.897258369674352
0.144109475329996
-0.734068587199604
-0.975369826478438
-0.370441643310447
0.555881163064857
0.999922292480973
0.576432316169802
-0.347169487214390
-0.969567555685762
-0.750770243289743
0.119394224540217
0.885972439306587
0.883882272844594
0.114937150492892
-0.753727274054593
-0.968459027639247
-0.342957157654153
0.580093836331921
0.999856273754321
0.552144883199277
-0.374606593415876
-0.976349942256966
-0.731013521647802
0.148549151846669
0.899230800360055
0.869741133155702
0.085665341992711
-0.772733573497317
-0.960709980668819
-0.315175825989624
0.603804410325437
0.998924831061301
0.527379542125985
-0.401719459491644
-0.982287250728675
-0.710624072444969
0.177575502677115
0.911710833661468
0.854847190448116
0.056319385995541
-0.791071034656303
-0.952129392742145
