0.000000000000000
0.725202719127427
0.998655508726066
0.650016648925820
-0.103536543928907
-0.792593803177903
-0.987921260694513
-0.567843745053101
0.205960204653193
0.851465534561475
0.966568143838546
0.479567259365326
-0.306170061015456
-0.901185118724669
-0.934825676396014
-0.386136049285748
0.403088987376273
0.941218134794853
0.893035048612886
0.288554378821442
-0.495675231314096
-0.971134279909635
-0.841645455391805
-0.187871124031213
0.582933611109046
0.990611994413051
0.781209268031042
0.085168498971963
-0.663926212652238
-0.999441918203707
-0.712376096951347
0.018449576695082
0.737782470802753
0.997529141083600
0.635885809228717
-0.121869343405142
-0.803708526830785
-0.984894222919328
-0.552560575985471
0.223979173156839
0.860995761366629
0.961672972650257
0.463296035119864
-0.323681518067611
-0.909028411137386
-0.928114988519040
-0.369051664363415
0.419904707586147
0.947290187621392
0.884580975215085
0.270840468143010
-0.511614467557194
-0.975369826478425
-0.831538866768228
-0.169718089100675
0.597825037323707
0.992965508106535
0.769558796866421
0.066771461307966
-0.677609765371998
-0.999888101810272
-0.699306970660015
0.036892872861814
0.750111069630453
0.996063198709709
0.621538503922748
-0.140160656625136
-0.814549655361578
-0.981531911539137
-0.537089306539155
0.241921895599657
0.870232891566997
0.956450432738634
0.446867097560363
-0.341082788800346
-0.916562255869971
-0.921088355588456
-0.351841648404713
0.436577485577658
0.953039767852602
0.875825776431858
0.253034359076137
-0.527379542125955
-0.979273341697730
-0.821149209133707
-0.151507279442408
0.612512954419562
0.994981000601598
0.757646355689096
0.048351693580144
-0.691062648986858
-0.999993907657789
-0.685999789191178
0.055323610109839
0.762184318760069
0.994258180634414
0.606979617058055
-0.158404256935937
-0.825113498278289
-0.977835471138028
-0.521435203379507
0.259782263994521
0.879173780697047
0.950902301939041
0.430286039357570
-0.358367949545289
-0.923784088282263
-0.913748169581488
-0.334511859971857
0.453101645672911
0.958464918240231
0.866772432671653
0.235142113102603
-0.542965088339095
-0.982843496749091
-0.810480019292393
-0.133244894304689
0.626992362396806
0.996657785792645
0.745475999682872
0.029915466169414
-0.704280283921988
-0.999759299728271
-0.672459082520346
0.073735514324043
0.773998108266216
0.992114701314479
0.592214104710508
-0.176593933926809
-0.835396459481336
-0.973806160042909
-0.505603595411382
0.277554198388915
0.887815385136392
0.945030468923151
0.413558504966538
-0.375531116159721
-0.930691449948032
-0.906096929213806
-0.317068198399537
0.469471562785872
0.963563791977097
0.857424025836186
0.217169821026539
-0.558365800629644
-0.986079076295140
-0.799534929205621
-0.114937150492889
0.641258332235455
0.997995292875421
0.733051871829841
0.011469055059811
-0.717258170684948
-0.999184357885974
-0.658689460118698
0.092122317800392
0.785548416547692
0.989633490424241
0.577246993294541
-0.194723495543389
-0.845395038487743
-0.969445349895144
-0.489599871965062
0.295231648934675
0.896154763145911
0.938836932555995
0.396690188705100
-0.392566446029683
-0.937281989491886
-0.898137239088909
-0.299516601786632
0.485681664337283
0.968334653325761
0.847783738271327
0.199123600901033
-0.573576436351022
-0.988978978893315
-0.788317664755547
-0.096590280253182
0.655306007573248
0.998993066541313
0.720378201500060
-0.006981260297945
-0.729991891397373
-0.998269277850216
-0.644695609383962
0.110477761379548
0.796831311696475
0.986815392607214
0.562083377852157
-0.212786770195544
-0.855105831622706
-0.964754525183626
-0.473429480961719
0.312808597947444
0.904189075869124
0.932323801215519
0.379686832815531
-0.409468140058871
-0.943553463389682
-0.889871808811477
-0.281863044974878
0.501726432151643
0.972775878209387
0.837854851683761
0.181009595945506
-0.588591817561736
-0.991542217370799
-0.776832044476785
-0.078210529151055
0.669130606358840
0.999650767132349
0.707459303011788
-0.025429199124007
-0.742477111298899
-0.997014371128748
-0.630482294044733
0.128795596577523
0.807842952836219
0.983661367188571
0.546728420318365
-0.230777608858220
-0.864525533178347
-0.959735282739453
-0.457097927058718
0.330279061955127
0.911915588298654
0.925493292074887
0.362554225509642
-0.426230444642692
-0.949503736732316
-0.881303452065012
-0.264113537514787
0.517600404335625
0.976885954764640
0.827640746023889
0.162833972454314
-0.603406832787982
-0.993767919160592
-0.765081978256563
-0.059804153945065
0.682727422479640
0.999968170756824
0.694299574162878
-0.043868481447638
-0.754709580222741
-0.995420064911704
-0.616054352538880
0.147069587712917
0.818579591429710
0.980172487848549
0.531187347764147
-0.248689887164821
-0.873650936538915
-0.954389331192295
-0.440610769775928
0.347637093734906
0.919331670207185
0.918347730347660
0.345298198998555
-0.442847653627019
-0.955130783952415
-0.872435085653939
-0.246274121620070
0.533298177137529
0.980663483856305
0.817144898335149
0.144602917697824
-0.618016438763788
-0.995655326598521
-0.753071466003636
-0.041377420457119
0.696091827363961
0.999945169365511
0.680903494733584
-0.062292830244826
-0.766685134042618
-0.993486901926195
-0.601416696366344
0.165293514029458
0.829037572555018
0.976349942256984
0.515465450616893
-0.266517507491857
-0.882478935272488
-0.948718490388808
-0.423973621602974
0.364876784337593
0.926434797042870
0.910889548496324
0.327924627507245
-0.459314110250487
-0.960432689513904
-0.863269728510771
-0.228350870110699
0.548814406786645
0.984107179553597
0.806370881570481
0.126322637816081
-0.632415662147681
-0.997203797181176
-0.740804596286771
-0.022936601439405
0.709219271556519
0.999581770788451
0.667275624961705
-0.080695973575170
-0.778399696090167
-0.991215540251547
-0.586574308417329
0.183461171813734
0.839213336149581
0.972195031668991
0.499568080859625
-0.284254401034754
-0.891006524188351
-0.942724690773087
-0.407192146088835
0.381992265099215
0.933222550788757
0.903121285404201
0.310439425274784
-0.475624209070229
-0.965407648564097
-0.853810500668359
-0.210349884345533
0.564143811312429
0.987215869567921
0.795322363375968
0.107999355706062
-0.646599601215758
-0.998412803784627
-0.728285544942862
-0.004487974438966
0.722105286267208
0.998878098732279
0.653420603990125
-0.099071646717027
-0.789849278542762
-0.988606753095275
-0.571532241275960
0.201566376507116
0.849103418222163
0.967709170481988
0.483500650208995
-0.301894529873861
-0.899230800360053
-0.936409972729550
-0.390272055913778
0.398977709638878
0.939692620785887
0.895045585511206
0.292848544541194
-0.491772397870126
-0.970053967548082
-0.844060622197828
-0.192277292145487
0.579281172342641
0.989988495651923
0.784003104842370
0.089639308903466
-0.660563427530375
-0.999281934843865
-0.715518573655464
0.013962180339112
0.734745484892406
0.997834392738114
0.639343148287643
-0.117413594299961
-0.801029983781086
-0.985661428529873
-0.556295615500369
0.219602964810913
0.858704452032087
0.962893885754222
0.467268628273131
-0.319431889029678
-0.907148964113649
-0.929776485888275
-0.373219110944752
0.415827335841998
0.945842804519866
0.886665197913542
0.275157973521164
-0.507753179550720
-0.974370064785222
-0.834023412112296
-0.174139245707413
0.594221336879621
0.992424113959732
0.772416959224642
0.071248747459250
-0.674302387583693
-0.999810894492898
-0.702508028503895
0.032407582169687
0.747135564508121
0.996451008100023
0.625048050043234
-0.135715572434276
-0.811938005715831
-0.982380569190514
-0.540869617879393
0.237564796784569
0.868013169235245
0.957750816684946
0.450877540689495
-0.336860508507165
-0.914758319980673
-0.922826488393347
-0.356039116274425
0.432535407828732
0.951671008370664
0.877982975428008
0.257373734365374
-0.523561114000617
-0.978354471007603
-0.823702287237203
-0.155941919509882
0.608959219054546
0.994521895368267
0.760567870630440
0.052833931812094
-0.687811804415932
-0.999999502665477
-0.689258338483992
0.050841951945544
0.759271307334857
0.994728415744063
0.610540175534976
-0.153971350836456
-0.822569631083429
-0.978765291933721
-0.525259499667184
0.255445757935713
0.877026400996748
0.952281714056396
0.434332967244163
-0.354174455327939
-0.922056277615773
-0.915562346134079
-0.338737920245354
0.449096237906487
0.957175248325308
0.869001873620761
0.239501881110784
-0.539190819948310
-0.982005829860188
-0.813100761047059
-0.137691508211063
0.623489801858668
0.996281125759487
0.748459872677339
0.034401130657024
-0.701087079207427
-0.999847695156391
-0.675774014000259
0.069259014315122
0.771148582173356
0.992667202067978
0.595824463473313
-0.172174714950272
-0.832921240710051
-0.974816827457178
-0.509470574795418
0.273239761301850
0.885741079069609
0.946488439637795
0.417640539972185
-0.371367835550166
-0.929040352678469
-0.907986531939640
-0.321321412458908
0.465504188506300
0.962353650653255
0.859724949801213
0.221548497619527
-0.554636976794246
-0.985322898362539
-0.802222442469421
-0.119394224540306
0.637808138851366
0.997701206263476
0.736097087119767
0.015956618811786
-0.714123692844293
-0.999355523643324
-0.662059645330489
0.087652499818404
0.782763345811071
0.990268068741582
0.580905923319891
-0.190319468061984
-0.842989310743761
-0.970536519880795
-0.493508218064392
0.290940749522124
0.894154236839331
0.940372965551605
0.400805941240394
-0.388434796274632
-0.935708167678948
-0.900101624737289
-0.303795521770407
0.481753674101655
0.967204452544300
0.850155361981313
0.203519695507923
-0.569894326421750
-0.988304547331978
-0.791071034656401
-0.101056297183002
