0.000000000000000
0.985829223087088
0.330749702924250
-0.874861356216686
-0.624269236421599
0.665416495326260
0.847519169570125
-0.381070376350272
-0.975369826478427
0.053829843412127
0.993429957280054
0.279469936662867
-0.899666659983949
-0.581311750185835
0.704634209963592
0.817719385664432
-0.430286039357557
-0.962082097133163
0.107503593510522
0.998149988796538
0.227379776282964
-0.921863151588498
-0.536668602769469
0.741808658601435
0.785548416547712
-0.478253978621312
-0.946004566200080
0.160865609613692
0.999975630705394
0.174630270445121
-0.941386466660900
-0.490469248326076
0.776832044476766
0.751099550122303
-0.524835098908899
-0.927183854566789
0.213761154992108
0.998901589093856
0.121374379749661
-0.958179992386564
-0.442847653627057
0.809602808379805
0.714472679632807
-0.569894326421802
-0.905674537670621
0.266036845566669
0.994930978418582
0.067766533188533
-0.972195031668976
-0.393941909590963
0.840025923150764
0.675774014000227
-0.613301000476446
-0.881538987243275
0.317541094684832
0.988075312474497
0.013962180339158
-0.983390944339324
-0.343893830853738
0.868013169235260
0.635115769842188
-0.654929252388080
-0.854847190448110
0.368124552684666
0.978354471007615
-0.039882659401092
-0.991735265002981
-0.292848544541176
0.893483390499321
0.592615846072363
-0.694658370458988
-0.825676546934602
0.417640539972119
0.965796642068664
-0.093611849232821
-0.997203797181178
-0.240954069435905
0.916362729562234
0.548397482022579
-0.732373150012763
-0.794111644398368
0.465945472355814
0.950438240274670
-0.147069587712938
-0.999780683474844
-0.188360886759309
0.936584841964792
0.502588900079061
-0.767964227459545
-0.760244013297648
0.512899277405895
0.932323801215516
-0.200100860540531
-0.999458451547164
-0.135221503812988
0.954091088551915
0.455322933869036
-0.801328397423538
-0.724171861437485
0.558365800629640
0.911505852311683
-0.252551890060293
-0.996238035791519
-0.081690011745021
0.968830705511803
0.406736643075823
-0.832368912013264
-0.685999789191190
0.602213200286061
0.888044760497626
-0.304270581179832
-0.990128774621975
-0.027921638723595
0.980760951578479
0.356970915999513
-0.860995761366618
-0.645838486185034
0.644314329694474
0.862008557172530
-0.355106962408113
-0.981148383394177
0.025927700186583
0.989847231970979
0.306170061015481
-0.887125934657373
-0.603804410325497
0.684547105928670
0.833472740925959
-0.404913620735901
-0.969322903035174
0.079701855139627
0.996063198709706
0.254481388115589
-0.910683660806166
-0.560019450099981
0.722794863827373
0.802520058610507
-0.453546129097253
-0.954686624531131
0.133244894304650
0.999390827019094
0.202054781745413
-0.931600628197999
-0.514610571130156
0.758946694294539
0.769240265396264
-0.500863465172501
-0.937281989491899
0.186401556029735
0.999820467595024
0.149042266176199
-0.949816182769132
-0.467709448002866
0.792897765908459
0.733729864502892
-0.546728420318322
-0.917159467080777
0.239017699062565
0.997350874585439
0.095597564671845
-0.965277503888960
-0.419452082446199
0.824549628907126
0.696091827364006
-0.591007997439072
-0.894377407666347
0.290940749522165
0.991989209203005
0.041875653729224
-0.977939757526854
-0.369978408957901
0.853810500668334
0.656435295035328
-0.633573796645666
-0.869001873620746
0.342020143325646
0.983751018959354
-0.011967686315563
-0.987766226259831
-0.319431889029735
0.880595531856726
0.614875261712454
-0.674302387583705
-0.841106447755045
0.392107762787015
0.972660192581131
-0.065776323011839
-0.994728415744053
-0.267959095144446
0.904827052465996
0.571532241275980
-0.713075667351131
-0.810772019947121
0.441058366122159
0.958748890738536
-0.119394224540192
-0.998806137341431
-0.215709285751480
0.926434797042867
0.526531917830776
-0.749781202967699
-0.778086552580983
0.488730008614152
0.942057452787313
-0.172665912166228
-0.999987566661691
-0.162833972454336
0.945356108439551
0.480004781253117
-0.784312557402859
-0.743144825477428
0.534984454218156
0.922634279794523
-0.225436911090791
-0.998269277850218
-0.109486480664048
0.961536119504134
0.432085748802028
-0.816569598217061
-0.706048161055868
0.579687576411940
0.900535694187344
-0.277554198388883
-0.993656253522185
-0.055821504993215
0.974927912181811
0.382913773892417
-0.846458787921197
-0.666904130524221
0.622709747129823
0.875825776431880
-0.328866646738535
-0.986161870314193
-0.001994660679645
0.985492653565717
0.332631443164330
-0.873893455212325
-0.625826241948854
0.663926212652203
0.848576179215564
-0.379225462652881
-0.975807860095317
0.051837967659580
0.993199708502806
0.281384563016745
-0.898794046299144
-0.582933611109089
0.703217455360676
0.818865919671972
-0.428484617944705
-0.962624246950025
0.105520278635123
0.998026728428267
0.229321736804858
-0.921088355588432
-0.538350616090724
0.740469540309749
0.786781150250565
-0.476501273172283
-0.946649260115712
0.158896606741053
0.999959716170870
0.176593933926877
-0.940711735063518
-0.492206536620161
0.775574445610180
0.752414908895757
-0.523136191838650
-0.927929223127312
0.211812173746547
0.998993066541316
0.123354052049882
-0.957607281747638
-0.444635179184972
0.808430375665895
0.715866849259753
-0.568254144143221
-0.906518419490432
0.264113537514710
0.995129582585915
0.069756473744175
-0.971726002708581
-0.395774489027984
0.838942056356203
0.677242951731449
-0.611724299114966
-0.882478935272531
0.315649036947055
0.988380467458437
0.015956618811773
-0.983026957126148
-0.345766150139980
0.867021011307318
0.636655216119357
-0.653420603990067
-0.855880479068583
0.366269231763408
0.978765291933721
-0.037889506392813
-0.991477375010469
-0.294755174410951
0.892585818452102
0.594221336879693
-0.693222149733949
-0.826800179863290
0.415827335841987
0.966311937657236
-0.091625761342656
-0.997052752226915
-0.242889481131269
0.915562346134038
0.550064361831383
-0.731013521647756
-0.795322363375983
0.464179642863073
0.951056516295168
-0.145096324107558
-0.999736921552069
-0.190319468062097
0.935883968070816
0.504312335347636
-0.766685134042612
-0.761538307536768
0.511185943022008
0.933043264819461
-0.198146143199349
-0.999522099554695
-0.137197575318856
0.953491756554171
0.457097927058737
-0.800133548011176
-0.725545977802962
0.556709929603168
0.912324417231473
-0.250621387183086
-0.996408909165779
-0.083677843332364
0.968334653325753
0.408558047142731
-0.831261771375050
-0.687449743083353
0.600619594235932
0.888960053096215
-0.302369890750398
-0.990406377872182
-0.029915466169447
0.980369617633526
0.358833449319561
-0.859979539938250
-0.647360073094014
0.642787609686502
0.863017923326374
-0.353241595961480
-0.981531911539144
0.023933658491702
0.989561751039369
0.308068322699880
-0.886203579231192
-0.605393218023287
0.683091699075587
0.834573253721328
-0.403088987376231
-0.969811243937558
0.077713381426469
0.995884398615965
0.256409873672074
-0.909857845986155
-0.561670871434857
0.721414990451254
0.803708526830850
-0.451767519812714
-0.955278362122374
0.131267754658129
0.999319226239539
0.204007899039976
-0.930873748644165
-0.516319817386144
0.757646355689022
0.770513242775855
-0.499136037492864
-0.937975407878429
0.184441483668874
0.999856273754322
0.151014351648736
-0.949190346253504
-0.469471562785982
0.791680732735860
0.735083659720247
-0.545057183359231
-0.917952555519726
0.237080377715396
0.997493983854529
0.097582899759253
-0.964754525183594
-0.421261956056726
0.823419430264479
0.697522514745776
-0.589397797376893
-0.895267866396194
0.289031796944372
0.992239206600184
0.043868481447774
-0.977521153141439
-0.371830793207261
0.852770413853884
0.657938725939790
-0.632029302664770
-0.869987120530063
0.340145095010456
0.984107179553624
-0.009973144676389
-0.987453210044186
-0.321321412458949
0.879648572866566
0.616447076559551
-0.672828078336976
-0.842183625869968
0.390272055913655
0.973121483594312
-0.063785851132535
-0.994521895368262
-0.269880278600014
0.903975967248435
0.573167882189006
-0.711675817972997
-0.811938005715916
0.439267323789291
0.959313974540086
-0.117413594299893
-0.998706711663813
-0.217656558273663
0.925682053535811
0.528226641853171
-0.748459872677234
-0.779337964931538
0.486988824404277
0.942724690773114
-0.170700866905762
-0.999995523992272
-0.164801687431487
0.944703889414136
0.481753674101805
-0.783073577733101
-0.744478035621541
0.533298177137474
0.923401737138433
-0.223493148958377
-0.998384595114695
-0.111468932206428
0.960986316235208
0.433883739117650
-0.815416561904495
-0.707459303011844
0.578061096249473
0.901401145451718
-0.275637355816900
-0.993878596328837
-0.057812944478665
0.974482118963705
0.384755647945030
-0.845395038487694
-0.668389112327267
0.621147780278229
0.876786712020792
-0.326982282099253
-0.986490593923537
-0.003989313423183
0.985152163089181
0.334511859971941
-0.872922077269759
-0.627380757516771
0.662433288431398
0.849629812652017
-0.377379040140550
-0.976242011289691
0.049845885660595
0.992965508106524
0.283298069832847
-0.897917856604769
-0.584553152728854
0.701797902883918
0.820009195678000
-0.426681491730734
-0.963162566797685
0.103536543928806
0.997899497235819
0.231262784930051
-0.920309894876981
-0.540030487489746
0.739127475930274
0.788010753606784
-0.474746671879456
-0.947290187621426
0.156926971670421
0.999939823121437
0.178556894798737
-0.940033260679698
-0.493941866584319
0.774313760984789
0.753727274054689
-0.521435203379411
-0.928670899758865
0.209862349769140
0.999080569319853
0.125333233564405
-0.957030761100382
-0.446420935683940
0.807254726470107
0.717258170685035
-0.566611700965973
-0.907358694567907
0.262189178640767
