0.000000000000000
0.977626168919304
0.411287103130611
-0.804597779766667
-0.749781202967733
0.489165001109289
0.955572805786140
-0.087155742747658
-0.992239206600171
-0.330279061955166
0.853290881632155
0.689258338483947
-0.563320058063620
-0.926246956610308
0.173648177666929
0.999300704788398
0.246757397690293
-0.895489924657299
-0.623489801858732
0.633187909234139
0.889871808811467
-0.258819045102521
-0.998756921218921
-0.161357760632805
0.930873748644202
0.552976131367940
-0.698236818086073
-0.846724199228282
0.342020143325667
0.990611994413052
0.074730093586422
-0.959173061326986
-0.478253978621318
0.757971723145454
0.797132507222923
-0.422618261740698
-0.974927912181822
0.012466314595412
0.980172487848543
0.399892024319739
-0.811938005715858
-0.741474155515827
0.500000000000000
0.951824039861320
-0.099567846595815
-0.993712209893242
-0.318486650251682
0.859724949801188
0.680172737770924
-0.573576436351047
-0.921476211870408
0.185911607162921
0.999689182000815
0.234657400467718
-0.900968867902421
-0.613694794792046
0.642787609686536
0.884115393504606
-0.270840468143005
-0.998057915804531
-0.149042266176169
0.935355868899033
0.542546263865763
-0.707106781186550
-0.840025923150771
0.353708069622576
0.988830826225127
0.062292830244853
-0.962624246950010
-0.467268628273058
0.766044443118977
0.789543348300238
-0.433883739117561
-0.972078136985774
0.024930691738066
0.982566473233288
0.388434796274696
-0.819152044288987
-0.733051871829824
0.510757291371683
0.947927346167129
-0.111964476103310
-0.995030775365400
-0.306644740933328
0.866025403784438
0.670981427985972
-0.583743672234794
-0.916562255869975
0.198146143199394
0.999922292480974
0.222520933956314
-0.906307787036647
-0.603804410325473
0.652287411278121
0.878221573370230
-0.282819798501832
-0.997203797181180
-0.136703608310078
0.939692620785909
0.532032076515325
-0.715866849259714
-0.833197094412446
0.365341024366407
0.986895978856721
0.049845885660694
-0.965925826289071
-0.456210657353168
0.773998108266228
0.781831482468021
-0.445081784436586
-0.969077286229076
0.037391194276337
0.984807753012206
0.376917199621003
-0.826238774316000
-0.724515660859277
0.521435203379499
0.943883330308363
-0.124343704647477
-0.996194698091745
-0.294755174410894
0.872191264396600
0.661685837596858
-0.593820185573509
-0.911505852311676
0.210349884345495
0.999999999999999
0.210349884345505
-0.911505852311672
-0.593820185573494
0.661685837596851
0.872191264396605
-0.294755174410912
-0.996194698091745
-0.124343704647486
0.943883330308369
0.521435203379507
-0.724515660859271
-0.826238774315990
0.376917199620994
0.984807753012207
0.037391194276319
-0.969077286229074
-0.445081784436594
0.781831482468033
0.773998108266235
-0.456210657353160
-0.965925826289066
0.049845885660684
0.986895978856720
0.365341024366389
-0.833197094412441
-0.715866849259721
0.532032076515340
0.939692620785912
-0.136703608310069
-0.997203797181179
-0.282819798501841
0.878221573370225
0.652287411278117
-0.603804410325488
-0.906307787036651
0.222520933956318
0.999922292480974
0.198146143199403
-0.916562255869977
-0.583743672234779
0.670981427985965
0.866025403784436
-0.306644740933346
-0.995030775365401
-0.111964476103305
0.947927346167134
0.510757291371691
-0.733051871829827
-0.819152044288984
0.388434796274687
0.982566473233287
0.024930691738062
-0.972078136985772
-0.433883739117557
0.789543348300241
0.766044443118983
-0.467268628273062
-0.962624246950008
0.062292830244843
0.988830826225128
0.353708069622572
-0.840025923150765
-0.707106781186547
0.542546263865766
0.935355868899027
-0.149042266176146
-0.998057915804530
-0.270840468143015
0.884115393504608
0.642787609686532
-0.613694794792061
-0.900968867902407
0.234657400467695
0.999689182000816
0.185911607162916
-0.921476211870410
-0.573576436351032
0.680172737770938
0.859724949801200
-0.318486650251672
-0.993712209893242
-0.099567846595810
0.951824039861326
0.499999999999978
-0.741474155515811
-0.811938005715863
0.399892024319737
0.980172487848542
0.012466314595400
-0.974927912181828
-0.422618261740720
0.797132507222913
0.757971723145455
-0.478253978621322
-0.959173061326983
0.074730093586447
0.990611994413048
0.342020143325683
-0.846724199228280
-0.698236818086070
0.552976131367950
0.930873748644195
-0.161357760632782
-0.998756921218921
-0.258819045102527
0.889871808811469
0.633187909234130
-0.623489801858750
-0.895489924657312
0.246757397690277
0.999300704788398
0.173648177666928
-0.926246956610312
-0.563320058063605
0.689258338483927
0.853290881632164
-0.330279061955159
-0.992239206600171
-0.087155742747648
0.955572805786145
0.489165001109313
-0.749781202967721
-0.804597779766673
0.411287103130611
0.977626168919302
-0.000000000000019
-0.977626168919297
-0.411287103130629
0.804597779766661
0.749781202967734
-0.489165001109296
-0.955572805786134
0.087155742747685
0.992239206600169
0.330279061955177
-0.853290881632154
-0.689258338483941
0.563320058063635
0.926246956610298
-0.173648177666909
-0.999300704788397
-0.246757397690296
0.895489924657303
0.623489801858720
-0.633187909234159
-0.889871808811478
0.258819045102508
0.998756921218922
0.161357760632801
-0.930873748644209
-0.552976131367919
0.698236818086056
0.846724199228291
-0.342020143325664
-0.990611994413051
-0.074730093586410
0.959173061326994
0.478253978621339
-0.757971723145443
-0.797132507222925
0.422618261740702
0.974927912181820
-0.012466314595438
-0.980172487848538
-0.399892024319755
0.811938005715852
0.741474155515824
-0.500000000000010
-0.951824039861315
0.099567846595791
0.993712209893240
0.318486650251691
-0.859724949801190
-0.680172737770910
0.573576436351062
0.921476211870417
-0.185911607162897
-0.999689182000815
-0.234657400467714
0.900968867902423
0.613694794792031
-0.642787609686517
-0.884115393504618
0.270840468142996
0.998057915804531
0.149042266176165
-0.935355868899040
-0.542546263865783
0.707106781186533
0.840025923150776
-0.353708069622580
-0.988830826225126
-0.062292830244834
0.962624246950018
0.467268628273079
-0.766044443118970
-0.789543348300236
0.433883739117565
0.972078136985770
-0.024930691738099
-0.982566473233283
-0.388434796274705
0.819152044288990
0.733051871829821
-0.510757291371699
-0.947927346167123
0.111964476103286
0.995030775365399
0.306644740933337
-0.866025403784441
-0.670981427985958
0.583743672234809
0.916562255869985
-0.198146143199384
-0.999922292480974
-0.222520933956309
0.906307787036655
0.603804410325458
-0.652287411278102
-0.878221573370235
0.282819798501822
0.997203797181179
0.136703608310060
-0.939692620785915
-0.532032076515357
0.715866849259707
0.833197094412452
-0.365341024366398
-0.986895978856718
-0.049845885660675
0.965925826289061
0.456210657353177
-0.773998108266222
-0.781831482468028
0.445081784436602
0.969077286229072
-0.037391194276299
-0.984807753012204
-0.376917199621012
0.826238774315995
0.724515660859265
-0.521435203379515
-0.943883330308376
0.124343704647467
0.996194698091744
0.294755174410904
-0.872191264396609
-0.661685837596844
0.593820185573478
0.911505852311680
-0.210349884345486
-0.999999999999999
-0.210349884345487
0.911505852311680
0.593820185573479
-0.661685837596886
-0.872191264396582
0.294755174410848
0.996194698091749
0.124343704647524
-0.943883330308357
-0.521435203379515
0.724515660859264
0.826238774315995
-0.376917199621011
-0.984807753012204
-0.037391194276300
0.969077286229086
0.445081784436552
-0.781831482468062
-0.773998108266259
0.456210657353126
0.965925826289076
-0.049845885660674
-0.986895978856718
-0.365341024366398
0.833197094412451
0.715866849259708
-0.532032076515356
-0.939692620785896
0.136703608310115
0.997203797181183
0.282819798501878
-0.878221573370207
-0.652287411278146
0.603804410325457
0.906307787036655
-0.222520933956308
-0.999922292480974
-0.198146143199385
0.916562255869984
0.583743672234764
-0.670981427986000
-0.866025403784413
0.306644740933282
0.995030775365405
0.111964476103343
-0.947927346167122
-0.510757291371700
0.733051871829820
0.819152044288990
-0.388434796274704
-0.982566473233283
-0.024930691738043
0.972078136985783
0.433883739117514
-0.789543348300200
-0.766044443119007
0.467268628273028
0.962624246950019
-0.062292830244833
-0.988830826225126
-0.353708069622581
0.840025923150776
0.707106781186534
-0.542546263865782
-0.935355868899020
0.149042266176220
0.998057915804527
0.270840468143052
-0.884115393504590
-0.642787609686562
0.613694794792030
0.900968867902423
-0.234657400467713
-0.999689182000815
-0.185911607162898
0.921476211870417
0.573576436351017
-0.680172737770951
-0.859724949801162
0.318486650251636
0.993712209893246
0.099567846595848
-0.951824039861314
-0.500000000000011
0.741474155515823
0.811938005715853
-0.399892024319754
-0.980172487848538
-0.012466314595382
0.974927912181832
0.422618261740652
-0.797132507222890
-0.757971723145480
0.478253978621288
0.959173061326994
-0.074730093586409
-0.990611994413051
-0.342020143325665
0.846724199228290
0.698236818086056
-0.552976131367965
-0.930873748644188
0.161357760632856
0.998756921218919
0.258819045102564
-0.889871808811452
-0.633187909234159
0.623489801858720
0.895489924657303
-0.246757397690295
-0.999300704788397
-0.173648177666910
0.926246956610319
0.563320058063589
-0.689258338483982
-0.853290881632184
0.330279061955123
0.992239206600176
0.087155742747686
-0.955572805786134
-0.489165001109297
0.749781202967733
0.804597779766662
-0.411287103130628
-0.977626168919298
0.000000000000037
0.977626168919313
0.411287103130664
-0.804597779766639
-0.749781202967759
0.489165001109263
0.955572805786146
-0.087155742747647
