0.000000000000000
0.671351092126003
-0.995129582585910
0.803708526830787
-0.196190637499094
-0.512899277405906
0.956450432738631
-0.904827052466019
0.384755647944934
0.334511859971848
-0.880595531856738
0.970776348122917
-0.558365800629659
-0.143122483211121
0.770513242775788
-0.998993066541314
0.710273137068054
-0.053829843412124
-0.630482294044718
0.988380467458430
-0.834573253721301
0.248689887164851
0.465945472355829
-0.939351046208925
0.926434797042884
-0.433883739117556
-0.283298069832753
0.853810500668345
-0.982287250728688
0.602213200286080
0.089639308903436
-0.735083659720179
0.999959716170870
-0.747135564508144
0.107503593510516
0.587785252292481
-0.978765291933713
0.863017923326343
-0.300467997289451
-0.417640539972133
0.919527772551451
-0.945356108439566
0.481753674101709
0.231262784929960
-0.824549628907145
0.990949761767932
-0.644314329694484
-0.035896202634596
0.697522514745713
-0.998026728428271
0.781831482468026
-0.160865609613692
-0.543383777794812
0.966311937657225
-0.888960053096194
0.351374824081331
0.368124552684677
-0.897038094386975
0.961536119504147
-0.528226641853068
-0.178556894798642
0.792897765908487
-0.996738762088013
0.684547105928670
-0.017950993798086
-0.657938725939711
0.993199708502814
-0.814260281314377
0.213761154992097
0.497406623913226
-0.951056516295159
0.912324417231450
-0.401262750256452
-0.317541094684855
0.871947226253875
-0.974927912181820
0.573167882188920
0.125333233564321
-0.758946694294558
0.999637465011020
-0.722794863827386
0.071746136761356
0.616447076559478
-0.985492653565730
0.844327925502007
-0.266036845566647
-0.449987113092136
0.933043264819445
-0.933043264819436
0.449987113092115
0.266036845566697
-0.844327925502020
0.985492653565721
-0.616447076559459
-0.071746136761408
0.722794863827402
-0.999637465011021
0.758946694294542
-0.125333233564298
-0.573167882188940
0.974927912181825
-0.871947226253849
0.317541094684832
0.401262750256500
-0.912324417231460
0.951056516295143
-0.497406623913206
-0.213761154992148
0.814260281314374
-0.993199708502811
0.657938725939693
0.017950993798137
-0.684547105928687
0.996738762088015
-0.792897765908456
0.178556894798591
0.528226641853088
-0.961536119504154
0.897038094386952
-0.368124552684682
-0.351374824081353
0.888960053096205
-0.966311937657212
0.543383777794804
0.160865609613715
-0.781831482468050
0.998026728428267
-0.697522514745696
0.035896202634559
0.644314329694524
-0.990949761767933
0.824549628907132
-0.231262784929923
-0.481753674101754
0.945356108439569
-0.919527772551442
0.417640539972098
0.300467997289500
-0.863017923326355
0.978765291933705
-0.587785252292439
-0.107503593510525
0.747135564508160
-0.999959716170870
0.735083659720144
-0.089639308903427
-0.602213200286099
0.982287250728695
-0.853810500668318
0.283298069832737
0.433883739117583
-0.926434797042903
0.939351046208922
-0.465945472355808
-0.248689887164888
0.834573253721329
-0.988380467458428
0.630482294044694
0.053829843412168
-0.710273137068096
0.998993066541314
-0.770513242775769
0.143122483211073
0.558365800629666
-0.970776348122922
0.880595531856720
-0.334511859971796
-0.384755647944946
0.904827052466030
-0.956450432738618
0.512899277405855
0.196190637499112
-0.803708526830808
0.995129582585905
-0.671351092125998
-0.000000000000024
0.671351092126032
-0.995129582585916
0.803708526830780
-0.196190637499066
-0.512899277405944
0.956450432738648
-0.904827052466010
0.384755647944903
0.334511859971893
-0.880595531856742
0.970776348122911
-0.558365800629627
-0.143122483211176
0.770513242775799
-0.998993066541312
0.710273137068023
-0.053829843412065
-0.630482294044730
0.988380467458436
-0.834573253721272
0.248689887164842
0.465945472355850
-0.939351046208938
0.926434797042864
-0.433883739117541
-0.283298069832782
0.853810500668372
-0.982287250728686
0.602213200286062
0.089639308903474
-0.735083659720214
0.999959716170870
-0.747135564508128
0.107503593510478
0.587785252292523
-0.978765291933715
0.863017923326331
-0.300467997289456
-0.417640539972193
0.919527772551460
-0.945356108439572
0.481753674101663
0.231262784929969
-0.824549628907191
0.990949761767927
-0.644314329694488
-0.035896202634663
0.697522514745730
-0.998026728428270
0.781831482467985
-0.160865609613669
-0.543383777794796
0.966311937657239
-0.888960053096183
0.351374824081256
0.368124552684725
-0.897038094386972
0.961536119504125
-0.528226641853048
-0.178556894798637
0.792897765908519
-0.996738762088011
0.684547105928694
-0.017950993798034
-0.657938725939729
0.993199708502823
-0.814260281314346
0.213761154992102
0.497406623913296
-0.951056516295166
0.912324417231452
-0.401262750256404
-0.317541094684877
0.871947226253858
-0.974927912181808
0.573167882188901
0.125333233564401
-0.758946694294591
0.999637465011020
-0.722794863827330
0.071746136761333
0.616447076559474
-0.985492653565739
0.844327925501994
-0.266036845566679
-0.449987113092182
0.933043264819453
-0.933043264819407
0.449987113092068
0.266036845566692
-0.844327925502063
0.985492653565717
-0.616447076559463
-0.071746136761460
0.722794863827418
-0.999637465011020
0.758946694294509
-0.125333233564274
-0.573167882189006
0.974927912181836
-0.871947226253852
0.317541094684756
0.401262750256521
-0.912324417231458
0.951056516295127
-0.497406623913185
-0.213761154992115
0.814260281314420
-0.993199708502808
0.657938725939633
0.017950993798161
-0.684547105928704
0.996738762088021
-0.792897765908442
0.178556894798624
0.528226641853156
-0.961536119504160
0.897038094386966
-0.368124552684607
-0.351374824081375
0.888960053096241
-0.966311937657206
0.543383777794784
0.160865609613795
-0.781831482468064
0.998026728428270
-0.697522514745639
0.035896202634535
0.644314329694498
-0.990949761767944
0.824549628907119
-0.231262784929845
-0.481753674101775
0.945356108439577
-0.919527772551410
0.417640539972077
0.300467997289469
-0.863017923326395
0.978765291933700
-0.587785252292466
-0.107503593510605
0.747135564508175
-0.999959716170869
0.735083659720128
-0.089639308903404
-0.602213200286163
0.982287250728699
-0.853810500668336
0.283298069832660
0.433883739117604
-0.926434797042891
0.939351046208894
-0.465945472355787
-0.248689887164966
0.834573253721342
-0.988380467458425
0.630482294044632
0.053829843412192
-0.710273137068072
0.998993066541318
-0.770513242775754
0.143122483211106
0.558365800629733
-0.970776348122928
0.880595531856682
-0.334511859971773
-0.384755647944968
0.904827052466064
-0.956450432738611
0.512899277405884
0.196190637499191
-0.803708526830822
0.995129582585909
-0.671351092125938
-0.000000000000047
0.671351092126092
-0.995129582585918
0.803708526830766
-0.196190637498987
-0.512899277405965
0.956450432738639
-0.904827052465976
0.384755647944881
0.334511859971862
-0.880595531856780
0.970776348122905
-0.558365800629561
-0.143122483211199
0.770513242775814
-0.998993066541309
0.710273137068006
-0.053829843412098
-0.630482294044793
0.988380467458439
-0.834573253721290
0.248689887164764
0.465945472355870
-0.939351046208965
0.926434797042855
-0.433883739117520
-0.283298069832859
0.853810500668385
-0.982287250728682
0.602213200285998
0.089639308903497
-0.735083659720192
0.999959716170871
-0.747135564508113
0.107503593510399
0.587785252292542
-0.978765291933720
0.863017923326290
-0.300467997289379
-0.417640539972163
0.919527772551492
-0.945356108439546
0.481753674101693
0.231262784930047
-0.824549628907172
0.990949761767932
-0.644314329694426
-0.035896202634629
0.697522514745788
-0.998026728428275
0.781831482468006
-0.160865609613590
-0.543383777794863
0.966311937657230
-0.888960053096146
0.351374824081287
0.368124552684694
-0.897038094387008
0.961536119504134
-0.528226641852980
-0.178556894798716
0.792897765908499
-0.996738762088005
0.684547105928636
-0.017950993798067
-0.657938725939789
0.993199708502819
-0.814260281314366
0.213761154992023
0.497406623913267
-0.951056516295191
0.912324417231419
-0.401262750256435
-0.317541094684953
0.871947226253898
-0.974927912181815
0.573167882188929
0.125333233564481
-0.758946694294644
0.999637465011018
-0.722794863827353
0.071746136761366
0.616447076559448
-0.985492653565753
0.844327925501951
-0.266036845566601
-0.449987113092152
0.933043264819441
-0.933043264819378
0.449987113091996
0.266036845566769
-0.844327925502045
0.985492653565723
-0.616447076559489
-0.071746136761540
0.722794863827474
-0.999637465011022
0.758946694294530
-0.125333233564308
-0.573167882189071
0.974927912181854
-0.871947226253812
0.317541094684788
0.401262750256491
-0.912324417231444
0.951056516295102
-0.497406623913115
-0.213761154992194
0.814260281314401
-0.993199708502812
0.657938725939572
0.017950993798241
-0.684547105928763
0.996738762088019
-0.792897765908462
0.178556894798656
0.528226641853225
-0.961536119504182
0.897038094386931
-0.368124552684638
-0.351374824081344
0.888960053096278
-0.966311937657185
0.543383777794717
0.160865609613762
-0.781831482468043
0.998026728428272
-0.697522514745581
0.035896202634455
0.644314329694559
-0.990949761767940
0.824549628907138
-0.231262784929767
-0.481753674101845
0.945356108439603
-0.919527772551423
0.417640539972107
0.300467997289437
-0.863017923326436
0.978765291933684
-0.587785252292401
-0.107503593510572
0.747135564508153
-0.999959716170868
0.735083659720073
-0.089639308903324
-0.602213200286137
0.982287250728693
-0.853810500668353
0.283298069832583
0.433883739117677
-0.926434797042921
0.939351046208906
-0.465945472355817
-0.248689887165043
0.834573253721387
-0.988380467458413
0.630482294044657
0.053829843412159
-0.710273137068049
0.998993066541322
-0.770513242775703
