0.000000000000000
0.894823082057651
-0.798935515127366
-0.181500001629216
0.960986316235236
-0.676508819317005
-0.356970915999489
0.995227399981830
-0.531609778236698
-0.520583930743608
0.996408909165775
-0.369051664363410
-0.666904130524183
0.964491596283471
-0.194234351219969
-0.791071034656342
0.900535694187321
-0.012964939775275
-0.888960053096192
0.806665697152811
0.168735142482142
-0.957319497532066
0.685999789191169
0.344830161992772
-0.993878596328826
0.542546263865755
0.509470574795368
-0.997422925272833
0.381070376350269
0.657187337329462
-0.967834748450665
0.206936050651919
0.783073577733167
-0.906096929213799
0.025927700186601
0.882947592858927
-0.814260281314379
-0.155941919509816
0.953491756554186
-0.695375444745707
-0.332631443164277
0.992362724936244
-0.553391549243343
-0.498271578510742
0.998269277850215
-0.393025031653922
-0.647360073093975
0.971015210763879
-0.219602964810945
-0.774944488704178
0.911505852311669
-0.038886102236381
-0.876786712020742
0.821717990987312
0.143122483211124
-0.949503736732326
0.704634209963587
0.320376810078735
-0.990680040617101
0.564143811312474
0.486988824404373
-0.998947824628823
0.404913620735926
0.637423989748684
-0.974032448597809
0.232232964430229
0.766685134042640
-0.916761554258670
0.051837967659616
0.870478446205547
-0.829037572555038
-0.130278988491387
0.945356108439567
-0.713774528476694
-0.308068322699851
0.988830826225127
-0.574801242653071
-0.475624209070290
0.999458451547164
-0.416734145163350
-0.627380757516684
0.976885954764647
-0.244823926448188
-0.758296902119044
0.921863151588499
-0.064781119290141
-0.864023855812183
0.836217795619839
0.117413594300008
-0.941049568878654
0.722794863827388
0.295708050044059
-0.986815392607210
0.585362051785823
0.464179642863129
-0.999801072770523
0.428484617944746
0.617232064632469
-0.979575249599344
0.257373734365296
0.749781202967744
-0.926809786739339
0.077713381426509
0.857424025836185
-0.843257453209715
-0.104528463267662
0.936584841964803
-0.731693699726817
-0.283298069832759
0.984634078551149
-0.595824463473266
-0.452657049577028
0.999975630705394
-0.440163063864079
-0.606979617058057
0.982099881040239
-0.269880278599911
-0.741139468049863
0.931600628198010
-0.090632580197776
-0.850680065687346
0.850155361981264
0.091625761342710
-0.931962678203978
0.740469540309786
0.270840468143011
-0.982287250728685
0.606186719018232
0.441058366122212
-0.999982096009160
0.451767519812784
0.596625138196332
-0.984459424705049
0.282341456842876
0.732373150012778
-0.936234870639729
0.103536543928878
0.843793109003297
-0.856910362418593
-0.078707657427122
0.927183854566791
-0.749120910386193
-0.258337339056920
0.979775303633910
-0.616447076559474
-0.429385542199412
0.999820467595024
-0.463296035119840
-0.586170368601399
0.986653483962206
-0.294755174410907
-0.723483722445864
0.940711735063530
-0.116423103505797
-0.836764313458980
0.863521319028236
0.065776323011890
-0.922249174357857
0.757646355689079
0.245790784309515
-0.977098659516904
0.626603811364467
0.417640539972131
-0.999490772632194
0.474746671879527
0.575617065685698
-0.988681689997528
0.307119344598705
0.714472679632805
-0.945030468923141
0.129290092740011
0.829594860571849
-0.869987120530019
-0.052833931812013
0.917159467080769
-0.766044443118968
-0.233202912935616
0.974257768312798
-0.636655216119328
-0.405825333736808
0.998993066541314
-0.486117505277278
-0.564967003424960
0.990543701876211
-0.319431889029722
-0.705341536300408
0.949190346253534
-0.142135348732736
-0.822285955503500
0.876306680043844
0.039882659401097
-0.911915588298666
0.774313760984846
0.220575840915209
-0.971253107566081
0.646599601215811
0.393941909590945
-0.998327432985149
0.497406623913210
0.554221972059798
-0.992239206600167
0.331690738005533
0.696091827363986
-0.953190667792944
0.154956712238477
0.814838826856959
-0.882478935272491
-0.026924682845651
0.906518419490410
-0.782452919241441
-0.207911690817777
0.968085182350403
-0.656435295035282
-0.381992265099253
0.997493983854521
-0.508612130123422
-0.543383777794822
0.993767919160592
-0.343893830853689
-0.686725107669342
0.957030761100411
-0.167752028027986
-0.807254726470180
0.888502848680028
0.013962180339187
-0.900968867902416
0.790460549722885
0.195212591445508
-0.964754525183627
0.666160644229882
0.369978408957866
-0.996492859249503
0.519732140298992
0.532454242495020
-0.995129582585908
0.356039116274323
0.677242951731404
-0.960709980668815
0.180519145250551
0.799534929205619
-0.894377407666323
-0.000997330835842
0.895267866396144
-0.798335306372700
-0.182480677475450
0.961261695938324
-0.675774014000195
-0.357902360656740
0.995324227455864
-0.530764785202599
-0.521435203379509
0.996323967984948
-0.368124552684700
-0.667646953469554
0.964227708033389
-0.193255917795548
-0.791680732735933
0.900101624737236
-0.011967686315552
-0.889416373291317
0.806075865470029
0.169718089100732
-0.957607281747641
0.685273788370263
0.345766150139914
-0.993988284916783
0.541708210282739
0.510328512712704
-0.997350874585436
0.380148108562351
0.657938725939741
-0.967583351875659
0.205960204653137
0.783693457325882
-0.905674537670634
0.024930691738098
0.883415372204699
-0.813680925852320
-0.156926971670526
0.953791896906695
-0.694658370458979
-0.333571817464875
0.992485256199838
-0.552560575985421
-0.499136037493010
0.998210129767730
-0.392107762787092
-0.648119901063114
0.970776348122920
-0.218629870274438
-0.775574445610217
0.911095209678017
-0.037889506392835
-0.877265871885041
0.821149209133676
0.144109475330037
-0.949816182769161
0.703926182748970
0.321321412458826
-0.990815393959215
0.563320058063627
0.487859659138735
-0.998901589093855
0.404001504979974
0.638192129352174
-0.973806160042896
0.231262784929901
0.767325062368381
-0.916362729562210
0.050841951945654
0.870968906043112
-0.828479459920249
-0.131267754658230
0.945680807639537
-0.713075667351156
-0.309016994374973
0.988978978893323
-0.573984847883441
-0.476501273172376
0.999425136331749
-0.415827335842067
-0.628157079632684
0.976672278334171
-0.243856825068135
-0.758946694294556
0.921476211870402
-0.063785851132617
-0.864525533178376
0.835670446020742
0.118403968306551
-0.941386466660923
0.722105286267197
0.296660631545514
-0.986976319697491
0.584553152728782
0.465062788901246
-0.999780683474844
0.427583267489694
0.618016438763838
-0.979374221211589
0.256409873671984
0.750440749765144
-0.926434797042862
0.076719028126744
0.857936836400612
-0.842720958654049
-0.105520278635163
0.936933881697907
-0.731013521647783
-0.284254401034821
0.984807753012212
-0.595023196102005
-0.453546129097319
0.999968170756823
-0.439267323789321
-0.607771911354002
0.981911534487444
-0.268919820615280
-0.741808658601436
0.931237651557736
-0.089639308903419
-0.851203923248301
0.849629812651946
0.092618851350365
-0.932323801215531
0.739798876047541
0.271800388289536
-0.982473643366412
0.605393218023265
0.441953229673217
-0.999987566661691
0.450877540689422
0.597425219474889
-0.984283791647630
0.281384563016660
0.733051871829858
-0.935883968070813
0.102544521605498
0.844327925502056
-0.856395846658806
-0.079701855139636
0.927557000153154
-0.748459872677300
-0.259300686788337
0.979974383116324
-0.615661475325632
-0.430286039357598
0.999838867929058
-0.462411966550327
-0.586978102371454
0.986490593923526
-0.293802005593935
-0.724171861437458
0.940372965551573
-0.115432496909186
-0.837309998994532
0.863017923326336
0.066771461307995
-0.922634279794521
0.756995055651719
0.246757397690358
-0.977310392379397
0.625826241948836
0.418546519366771
-0.999522099554693
0.473868662472996
0.576432316169802
-0.988531570358850
0.306170061015427
0.715170120125079
-0.944703889414153
0.128301068387782
0.830151323416333
-0.869494929505178
-0.053829843412105
0.917556467632728
-0.765402990234620
-0.234172629481230
0.974482118963732
-0.635885809228693
-0.406736643075832
0.999037314786328
-0.485245702624137
-0.565789633582268
0.990406377872165
-0.318486650251711
-0.706048161055818
0.948876011644498
-0.141148072876759
-0.822853102117271
0.875825776431846
0.040879176895808
-0.912324417231470
0.773682263079568
0.221548497619525
-0.971490038292883
0.645838486184954
0.394858395686133
-0.998384595114689
0.496541174560731
0.555051843608778
-0.992114701314475
0.330749702924227
0.696807517601303
-0.952888630922444
0.153971350836480
0.815416561904591
-0.882009399911577
-0.027921638723652
0.906939008081207
-0.781831482468036
-0.208887124180277
0.968334653325767
-0.655682599805277
-0.382913773892396
0.997564050259826
-0.507753179550712
-0.544220751236878
0.993656253522171
-0.342957157654058
-0.687449743083299
0.956741072739889
-0.166768746716108
-0.807842952836236
0.888044760497608
0.014959407015287
-0.901401145451687
0.789849278542770
0.196190637499147
-0.965016494472327
0.665416495326206
0.370904785546352
-0.996575818152631
0.518879832892927
0.533298177137559
-0.995030775365400
0.355106962408120
0.677976410513240
-0.960432689513906
0.179538109315051
0.800133548011240
-0.893930843665470
-0.001994660679670
0.895711760239400
-0.797734303538630
-0.183461171813775
0.961536119504148
-0.675038536511929
-0.358833449319537
0.995420064911704
-0.529919264233169
-0.522285957359976
0.996238035791512
-0.367197074843781
-0.668389112327251
0.963962860695858
-0.192277292145468
-0.792289643355188
0.899666659983948
-0.010970420951993
-0.889871808811480
0.805485232008579
0.170700866905909
-0.957894113460936
0.684547105928723
0.346701794364171
-0.994096984815363
0.540869617879348
0.511185943022042
-0.997277831864002
0.379225462652918
0.658689460118695
