0.000000000000000
0.218629870274437
0.426681491730826
0.614088436501824
0.771783154533411
0.892135700463882
0.969322903035168
0.999610115040353
0.981531911539135
0.915962993388166
0.806075865470061
0.657187337329461
0.476501273172327
0.272760038084495
0.055821504993164
-0.163817911415137
-0.375531116159739
-0.569074518302938
-0.735083659720176
-0.865526307662206
-0.954091088551923
-0.996492859249503
-0.990680040617101
-0.936933881697907
-0.837854851683749
-0.698236818086073
-0.524835098908904
-0.326039611452342
-0.111468932206326
0.108495091045614
0.323209657454459
0.522285957359931
0.696091827363988
0.836217795619840
0.935883968070833
0.990268068741569
0.996738762088014
0.954982968272731
0.867021011307343
0.737108867130245
0.571532241275938
0.378302439539649
0.166768746716103
-0.052833931812016
-0.269880278599913
-0.473868662472998
-0.654929252388089
-0.804301562100282
-0.914758319980691
-0.980955155349190
-0.999689182000815
-0.970053967548097
-0.893483390499327
-0.773682263079600
-0.616447076559471
-0.429385542199410
-0.221548497619468
-0.002991988539358
0.215709285751427
0.423973621602934
0.611724299115005
0.769877136972495
0.890780024015859
0.968583161128630
0.999522099554693
0.982099881040238
0.917159467080768
0.807842952836235
0.659439539119634
0.479129618224896
0.275637355817000
0.058808578459336
-0.160865609613696
-0.372756431019472
-0.566611700966054
-0.733051871829826
-0.864023855812186
-0.953190667792946
-0.996238035791517
-0.991083143909599
-0.937975407878394
-0.839484407258078
-0.700375558181369
-0.527379542125961
-0.328866646738584
-0.114441775495434
0.105520278635171
0.320376810078727
0.519732140298995
0.693940605217109
0.834573253721301
0.934825676396013
0.989847231970982
0.996975742105722
0.955866298971249
0.868507953366990
0.739127475930343
0.573984847883480
0.381070376350275
0.169718089100671
-0.049845885660695
-0.266998103142906
-0.471231809694077
-0.652665304509926
-0.802520058610491
-0.913545457642599
-0.980369617633535
-0.999759299728270
-0.970776348122918
-0.894823082057653
-0.775574445610214
-0.618800198173359
-0.432085748801983
-0.224465141658925
-0.005983950294387
0.212786770195559
0.421261956056628
0.609354685562804
0.767964227459552
0.889416373291296
0.967834748450665
0.999425136331751
0.982659058768029
0.918347730347647
0.809602808379811
0.661685837596860
0.481753674101716
0.278512206039636
0.061795125470205
-0.157911867740832
-0.369978408957875
-0.564143811312468
-0.731013521647789
-0.862513669207256
-0.952281714056379
-0.995974293995238
-0.991477375010476
-0.939008537288533
-0.841106447755019
-0.702508028503847
-0.529919264233206
-0.331690738005523
-0.117413594299999
0.102544521605562
0.317541094684840
0.517173670587908
0.691783170903204
0.832921240710096
0.933759016147290
0.989417534072677
0.997203797181179
0.956741072739885
0.869987120530013
0.741139468049855
0.576432316169795
0.383834901813002
0.172665912166282
-0.046857393288234
-0.264113537514754
-0.468590738440714
-0.650395513961872
-0.800731370948729
-0.912324417231451
-0.979775303633912
-0.999820467595024
-0.971490038292867
-0.896154763145917
-0.777459685186402
-0.621147780278312
-0.434782087366257
-0.227379776282965
-0.008975858481002
0.209862349769235
0.418546519366782
0.606979617058043
0.766044443118973
0.888044760497611
0.967077671701074
0.999319226239543
0.983209439716739
0.919527772551450
0.811355416346532
0.663926212652243
0.484373417312202
0.281384563016700
0.064781119290156
-0.154956712238488
-0.367197074843843
-0.561670871434765
-0.728968627421406
-0.860995761366627
-0.951364235479190
-0.995701636221687
-0.991862730390569
-0.940033260679733
-0.842720958654040
-0.704634209963596
-0.532454242495009
-0.334511859971849
-0.120384362016253
0.099567846595812
0.314702536658166
0.514610571130129
0.689619543735664
0.831261771375073
0.932683996873424
0.988978978893316
0.997422925272833
0.957607281747653
0.871458499554890
0.743144825477395
0.578874624225106
0.386595991179757
0.175612189523980
-0.043868481447665
-0.261226607538133
-0.465945472355819
-0.648119901063125
-0.798935515127362
-0.911095209678021
-0.979172218670629
-0.999872685053500
-0.972195031668980
-0.897478421842894
-0.779337964931475
-0.623489801858736
-0.437474533754565
-0.230292375399733
-0.011967686315592
0.206936050651913
0.415827335842027
0.604599114862369
0.764117801136703
0.886665197913508
0.966311937657221
0.999204370226178
0.983751018959350
0.920699583128424
0.813100761047029
0.666160644229910
0.486988824404371
0.284254401034807
0.067766533188526
-0.152000169561261
-0.364412453575922
-0.559192903470740
-0.726917207456608
-0.859470145878639
-0.950438240274664
-0.995420064911701
-0.992239206600171
-0.941049568878657
-0.844327925502016
-0.706754083527008
-0.534984454218204
-0.337329987382834
-0.123354052049838
0.096590280253160
0.311861161409521
0.512042864870565
0.687449743083312
0.829594860571826
0.931600628198005
0.988531570358852
0.997633124419046
0.958464918240236
0.872922077269811
0.745143530260973
0.581311750185836
0.389353619733224
0.178556894798642
-0.040879176895772
-0.258337339056883
-0.463296035119855
-0.645838486185008
-0.797132507222917
-0.909857845986195
-0.978560368142512
-0.999915951636247
-0.972891321940145
-0.898794046299168
-0.781209268031043
-0.625826241948818
-0.440163063864086
-0.233202912935598
-0.014959407015270
0.204007899039867
0.413104429824534
0.602213200286075
0.762184318760069
0.885277697888850
0.965537553173968
0.999080569319849
0.984283791647637
0.921863151588504
0.814838826856951
0.668389112327200
0.489599871965063
0.287121694403130
0.070751340439836
-0.149042266176174
-0.361624570082091
-0.556709929603208
-0.724859280117740
-0.857936836400625
-0.949503736732324
-0.995129582585910
-0.992606800269062
-0.942057452787297
-0.845927333913355
-0.708867630216942
-0.537509876752297
-0.340145095010560
-0.126322637816043
0.093611849232826
0.309016994374939
0.509470574795361
0.685273788370235
0.827920523222566
0.930508919819364
0.988075312474493
0.997834392738111
0.959313974540060
0.874377840572809
0.747135564508157
0.583743672234800
0.392107762787076
0.181500001629230
-0.037889506392862
-0.255445757935789
-0.460642450450630
-0.643551289750787
-0.795322363375952
-0.908612337232872
-0.977939757526858
-0.999950266955942
-0.973578902873160
-0.900101624737249
-0.783073577733169
-0.628157079632711
-0.442847653627057
-0.236111362835382
-0.017950993798105
0.201077921145956
0.410377825689802
0.599821894687906
0.760244013297634
0.883882272844559
0.964754525183618
0.998947824628822
0.984807753012209
0.923018467515401
0.816569598217098
0.670611596994822
0.492206536620129
0.289986417453600
0.073735514324060
-0.146083028562410
-0.358833449319514
-0.554221972059776
-0.722794863827389
-0.856395846658790
-0.948560733217858
-0.994830191844717
-0.992965508106537
-0.943056903383061
-0.847519169570128
-0.710974831112896
-0.540030487489666
-0.342957157654138
-0.129290092740041
0.090632580197771
0.306170061015448
0.506893723931698
0.683091699075614
0.826238774315988
0.929408881510494
0.987610209324667
0.998026728428271
0.960154443046356
0.875825776431862
0.749120910386217
0.586170368601383
0.394858395686170
0.184441483668978
-0.034899496702499
-0.252551890060315
-0.457984742103064
-0.641258332235470
-0.793505099790894
-0.907358694567862
-0.977310392379380
-0.999975630705394
-0.974257768312792
-0.901401145451676
-0.784930877348526
-0.630482294044719
-0.445528279010989
-0.239017699062598
-0.020942419883366
0.198146143199388
0.407647547846432
0.597425219474865
0.758296902119042
0.882478935272502
0.963962860695849
0.998806137341432
0.985322898362557
0.924165520566713
0.818293059633583
0.672828078337063
0.494808795034673
0.292848544541180
0.076719028126821
-0.143122483211117
-0.356039116274353
-0.551729053112685
-0.720723977066246
-0.854847190448101
-0.947609238173048
-0.994521895368272
-0.993315326901437
-0.944047911718852
-0.849103418222197
-0.713075667351173
-0.542546263865766
-0.345766150139941
-0.132256390257132
0.087652499818458
0.303320386816839
0.504312335347584
0.680903494733547
0.824549628907133
0.928300523118952
0.987136265072985
0.998210129767735
0.960986316235240
0.877265871885029
0.751099550122309
0.588591817561768
0.397605493806803
0.187381314585727
-0.031909174591302
-0.249655761336419
-0.455322933869009
-0.638959634165651
-0.791680732735920
-0.906096929213795
-0.976672278334165
-0.999992042657546
-0.974927912181824
-0.902692596809118
-0.786781150250539
-0.632801864369487
-0.448204916018882
-0.241921895599677
-0.023933658491761
0.195212591445483
0.404913620735914
0.595023196102027
0.756343002654865
0.881067697735379
0.963162566797653
0.998655508726065
0.985829223087091
0.925304300474002
0.820009195677951
0.675038536511950
0.497406623913236
0.295708050044063
0.079701855139656
-0.140160656625142
-0.353241595961521
-0.549231195078585
-0.718646638372923
-0.853290881632151
-0.946649260115693
-0.994204695916450
-0.993656253522180
-0.945030468923148
-0.850680065687343
-0.715170120125056
-0.545057183359327
-0.348572047321825
-0.135221503812973
0.084671634772612
0.300467997289440
0.501726432151651
0.678709194932871
0.822853102117257
0.927183854566781
0.986653483962202
0.998384595114690
0.961809586659770
0.878698114040554
0.753071466003621
0.591007997439105
0.400349032556911
0.190319468062052
-0.028918566828681
-0.246757397690288
-0.452657049577014
-0.636655216119314
-0.789849278542792
-0.904827052466016
-0.976025421103622
-0.999999502665477
-0.975589328481120
-0.903975967248483
-0.788624379875535
-0.635115769842186
-0.450877540689440
