0.000000000000000
0.999441918203707
-0.066771461307959
-0.994981000601598
0.133244894304675
0.986079076295144
-0.199123600901018
-0.972775878209395
0.264113537514759
0.955130783952422
-0.327924627507203
-0.933222550788780
0.390272055913751
0.907148964113671
-0.450877540689432
-0.877026400996765
0.509470574795368
0.842989310743805
-0.565789633582213
-0.805189614794410
0.619583342081495
0.763796028634639
-0.670611596994813
-0.718993308750842
0.718646638372927
0.670981427985970
-0.763474066201496
-0.619974682979092
0.804893797355916
0.566200737671930
-0.842720958654040
-0.509899607151704
0.876786712020743
0.451322586365699
-0.906939008081215
-0.390731128489275
0.933043264819442
0.328395677953520
-0.954982968272732
-0.264594463341283
0.972660192581118
0.199612255539306
-0.985996037070505
-0.133739096689435
0.994930978418581
0.067269005612043
-0.999425136331751
-0.000498665479908
0.999458451547163
-0.066273900400007
-0.995030775365401
0.132750658786276
0.986161870314185
-0.198634896747211
-0.972891321940145
0.263632546011840
0.955278362122340
-0.327453495516761
-0.933401604696206
0.389812886290338
0.907358694567862
-0.450432382894669
-0.877265871885021
0.509041415750366
0.843257453209714
-0.565378388799134
-0.805485232008600
0.619191847113807
0.764117801136710
-0.670241599244497
-0.719339800338653
0.718299789291110
0.671351092126008
-0.763151913917335
-0.620365869709262
0.804597779766667
0.566611700966053
-0.842452397007145
-0.510328512712693
0.876546805016554
0.451767519812819
-0.906728826522710
-0.391190103902751
0.932863746832776
0.328866646738572
-0.954834915120027
-0.265075323371830
0.972544265084079
0.200100860540549
-0.985912752660916
-0.134233265817663
0.994880708828789
0.067766533188515
-0.999408105935469
-0.000997330835815
0.999474736358009
-0.065776323011893
-0.995080302697610
0.132256390257136
0.986244419107039
-0.198146143199396
-0.973006523744659
0.263151488952142
0.955425702745794
-0.326982282099345
-0.933580426497195
0.389353619733225
0.907568199391642
-0.449987113092113
-0.877505124625959
0.508612130123434
0.843525385985093
-0.564967003424951
-0.805780648924965
0.618800198173358
0.764439383627688
-0.669871434827033
-0.719686113050186
0.717952761591637
0.671720589322998
-0.762829571862272
-0.620756902174751
0.804301562100279
0.567022523362381
-0.842183625869915
-0.510757291371687
0.876306680043858
0.452212340920110
-0.906518419490412
-0.391648982040055
0.932683996873432
0.329337533745263
-0.954686624531123
-0.265556117486818
0.972428095747114
0.200589415783270
-0.985829223087087
-0.134727401566441
0.994830191844718
0.068264043913682
-0.999390827019094
-0.001495995943689
0.999490772632194
-0.065278729267360
-0.995129582585911
0.131762088840146
0.986326722653181
-0.197657340379119
-0.973121483594285
0.262670366455265
0.955572805786141
-0.326510987372134
-0.933759016147288
0.388894256356596
0.907777478532910
-0.449541731392512
-0.877744159160094
0.508182718021297
0.843793109003312
-0.564555477561950
-0.806075865470077
0.618408395357572
0.764760776027588
-0.669501103834454
-0.720032246799344
0.717605555360805
0.672089919485059
-0.762507040116428
-0.621147780278291
0.804005144430430
0.567433204758775
-0.841914645309169
-0.511185943022057
0.876066337162366
0.452657049577040
-0.906307787036660
-0.392107762787048
0.932504014986089
0.329808338856488
-0.954538096542897
-0.266036845566689
0.972311684599089
0.201077921145939
-0.985745448369796
-0.135221503812952
0.994779427478933
0.068761537663815
-0.999373299586925
-0.001994660679615
0.999506560365730
-0.064781119290171
-0.995178615018047
0.131267754658236
0.986408780932144
-0.197168488407929
-0.973236201460455
0.262189178640892
0.955719671206792
-0.326039611452353
-0.933937373602070
0.388434796274691
0.907986531939625
-0.449096237906542
-0.877982975427966
0.507753179550771
0.844060622197781
-0.564143811312476
-0.806370881570464
0.618016438763809
0.765081978256545
-0.669130606358880
-0.720378201500024
0.717258170684974
0.672459082520329
-0.762184318760073
-0.621538503922748
0.803708526830777
0.567843745053075
-0.841645455391817
-0.511614467557185
0.875825776431859
0.453101645672923
-0.906096929213794
-0.392566446029723
0.932323801215523
0.330279061955144
-0.954389331192290
-0.266517507491875
0.972195031668979
0.201566376507165
-0.985661428529859
-0.135715572434328
0.994728415744061
0.069259014315175
-0.999355523643321
-0.002493324919478
0.999522099554694
-0.064283493203981
-0.995227399981832
0.130773387834359
0.986490593923517
-0.196679587407417
-0.973350677314617
0.261707925628594
0.955866298971252
-0.325568154457136
-0.934115498817178
0.387975239601789
0.908195359559791
-0.448650632745085
-0.878221573370230
0.507323514818597
0.844327925502025
-0.563732004778921
-0.806665697152801
0.617624328489627
0.765402990234615
-0.668759942492378
-0.720723977066257
0.716910607650468
0.672828078337031
-0.761861407873419
-0.621929073010874
0.803411709375148
0.568254144143265
-0.841376056184751
-0.512042864870587
0.875584997912141
0.453546129097255
-0.905885846074297
-0.393025031653918
0.932143355606516
0.330749702924259
-0.954240328516271
-0.266998103142879
0.972078136985779
0.202054781745374
-0.985577163588189
-0.136209607307626
0.994677156652776
0.069756473744142
-0.999337499192700
-0.002991988539332
0.999537390195218
-0.063785851132647
-0.995275937465125
0.130278988491364
0.986572161606971
-0.196190637499072
-0.973464911128317
0.261226607538155
0.956012689043027
-0.325096616503826
-0.934293391748350
0.387515586452089
0.908403961341513
-0.448204916018897
-0.878459952927500
0.506893723931715
0.844595018849513
-0.563320058063617
-0.806960312143809
0.617232064632440
0.765723811882007
-0.668389112327205
-0.721069573411984
0.716562866343794
0.673196906843449
-0.761538307536728
-0.622319487445636
0.803114692137318
0.568664401927198
-0.841106447755023
-0.512471134855635
0.875344001663060
0.453990499739557
-0.905674537670611
-0.393483519545648
0.931962678203980
0.331220261646693
-0.954091088551908
-0.267478632400192
0.971961000578556
0.202543136739170
-0.985492653565731
-0.136703608310051
0.994625650217839
0.070253915826899
-0.999319226239543
-0.003490651415233
0.999552432283503
-0.063288193199802
-0.995324227455867
0.129784556752247
0.986653483962212
-0.195701638804646
-0.973578902873148
0.260745224489206
0.956158841385730
-0.324624997709626
-0.934471052351309
0.387055836939996
0.908612337232873
-0.447759087838762
-0.878698114040554
0.506463806996902
0.844861902173889
-0.562907971269048
-0.807254726470195
0.616839647289926
0.766044443118945
-0.668018115955532
-0.721414990451303
0.716214946851383
0.673565567947784
-0.761215017830416
-0.622709747129861
0.802817475191110
0.569074518302949
-0.840836630169616
-0.512899277405931
0.875102787744569
0.454434757489277
-0.905463004055351
-0.393941909590903
0.931781769052823
0.331690738005486
-0.953941611336347
-0.267959095144376
0.971843622476425
0.203031441367172
-0.985407898483489
-0.137197575318819
0.994573896452044
0.070751340439864
-0.999300704788396
-0.003989313423124
0.999567225815804
-0.062790519529367
-0.995372269942034
0.129290092740071
0.986734560969000
-0.195212591445516
-0.973692652520779
0.260263776601398
0.956304755963035
-0.324153298191759
-0.934648480581916
0.386595991179730
0.908820487182102
-0.447313148315595
-0.878936056650141
0.506033764121212
0.845128575408695
-0.562495744497781
-0.807548940058679
0.616447076559488
0.766364883865734
-0.667646953469571
-0.721760228098361
0.715866849259712
0.673934061558445
-0.760891538834802
-0.623099851966594
0.802520058610468
0.569484493168490
-0.840566603495715
-0.513327292414863
0.874861356216707
0.454878902235843
-0.905251245281025
-0.394400201675748
0.931600628198012
0.332161131883701
-0.953791896906689
-0.268439491255902
0.971726002708588
0.203519695507898
-0.985322898362548
-0.137691508211040
0.994521895368279
0.071248747459172
-0.999281934843869
-0.004487974438889
0.999581770788449
-0.062292830244872
-0.995420064911700
0.128795596577567
0.986815392607211
-0.194723495543402
-0.973806160042910
0.259782263994505
0.956450432738641
-0.323681518067573
-0.934825676395991
0.386136049285796
0.909028411137368
-0.446867097560387
-0.879173780697038
0.505603595411386
0.845395038487742
-0.562083377852135
-0.807842952836235
0.616054352538835
0.766685134042655
-0.667275624961661
-0.722105286267269
0.715518573655382
0.674302387583675
-0.760567870630436
-0.623489801858695
0.802222442469416
0.569894326421780
-0.840296367800345
-0.513755179776193
0.874619707139399
0.455322933869013
-0.905039261400337
-0.394858395686170
0.931419255684609
0.332631443164311
-0.953641945300199
-0.268919820615311
0.971608141304318
0.204007899039825
-0.985237653224065
-0.138185406863776
0.994469646979451
0.071746136761361
-0.999262916410621
-0.004986634338756
0.999596067197817
-0.061795125470189
-0.995467612352970
0.128301068387813
0.986895978856726
-0.194234351219927
-0.973919425411289
0.259300686788374
0.956595871676290
-0.323209657454494
-0.935002639749552
0.385676011372358
0.909236109047063
-0.446420935683853
-0.879411286122241
0.505173300974491
0.845661291344706
-0.561670871434747
-0.808136764729684
0.615661475325623
0.767005193569999
-0.666904130524223
-0.722450164872144
0.715170120125077
0.674670545932051
-0.760244013297655
-0.623879596709374
0.801924626841827
0.570304017961094
-0.840025923150765
-0.514182939383421
0.874377840572791
0.455766852278269
-0.904827052466001
-0.395316491508126
0.931237651557758
0.333101671730260
-0.953491756554197
-0.269400083103051
0.971490038292872
0.204496051841774
