0.000000000000000
0.790155012375690
0.968583161128630
0.397147890634780
-0.481753674101715
-0.987688340595137
-0.728968627421411
0.094108313318514
0.844327925502014
0.940880768954225
0.309016994374947
-0.562083377852130
-0.998026728428271
-0.661311865323651
0.187381314585725
0.891006524188367
0.904827052466018
0.218143241396542
-0.637423989748688
-0.999506560365731
-0.587785252292473
0.278991106039228
0.929776485888250
0.860742027003943
0.125333233564304
-0.707106781186547
-0.992114701314477
-0.509041415750371
0.368124552684678
0.960293685676942
0.809016994374946
0.031410759078127
-0.770513242775789
-0.975916761938746
-0.425779291565071
0.453990499739548
0.982287250728687
0.750111069630458
-0.062790519529312
-0.827080574274562
-0.951056516295153
-0.338737920245289
0.535826794978995
0.995561964603079
0.684547105928689
-0.156434465040234
-0.876306680043862
-0.917754625683979
-0.248689887164855
0.612907053652978
0.999999999999999
0.612907053652973
-0.248689887164855
-0.917754625683982
-0.876306680043862
-0.156434465040226
0.684547105928689
0.995561964603079
0.535826794978995
-0.338737920245296
-0.951056516295153
-0.827080574274558
-0.062790519529312
0.750111069630462
0.982287250728687
0.453990499739548
-0.425779291565074
-0.975916761938746
-0.770513242775787
0.031410759078127
0.809016994374948
0.960293685676940
0.368124552684681
-0.509041415750371
-0.992114701314477
-0.707106781186542
0.125333233564301
0.860742027003943
0.929776485888249
0.278991106039222
-0.587785252292470
-0.999506560365731
-0.637423989748686
0.218143241396550
0.904827052466018
0.891006524188366
0.187381314585719
-0.661311865323658
-0.998026728428271
-0.562083377852128
0.309016994374953
0.940880768954228
0.844327925502015
0.094108313318512
-0.728968627421415
-0.987688340595135
-0.481753674101715
0.397147890634783
0.968583161128632
0.790155012375692
-0.000000000000000
-0.790155012375692
-0.968583161128628
-0.397147890634783
0.481753674101715
0.987688340595137
0.728968627421405
-0.094108313318512
-0.844327925502015
-0.940880768954223
-0.309016994374939
0.562083377852128
0.998026728428271
0.661311865323647
-0.187381314585733
-0.891006524188366
-0.904827052466018
-0.218143241396537
0.637423989748697
0.999506560365731
0.587785252292470
-0.278991106039235
-0.929776485888254
-0.860742027003943
-0.125333233564301
0.707106781186552
0.992114701314475
0.509041415750371
-0.368124552684681
-0.960293685676944
-0.809016994374948
-0.031410759078127
0.770513242775791
0.975916761938745
0.425779291565074
-0.453990499739548
-0.982287250728689
-0.750111069630453
0.062790519529312
0.827080574274562
0.951056516295151
0.338737920245282
-0.535826794979007
-0.995561964603081
-0.684547105928694
0.156434465040226
0.876306680043862
0.917754625683979
0.248689887164848
-0.612907053652984
-0.999999999999999
-0.612907053652962
0.248689887164848
0.917754625683979
0.876306680043862
0.156434465040226
-0.684547105928694
-0.995561964603078
-0.535826794978983
0.338737920245309
0.951056516295151
0.827080574274562
0.062790519529312
-0.750111069630462
-0.982287250728686
-0.453990499739535
0.425779291565087
0.975916761938745
0.770513242775791
-0.031410759078127
-0.809016994374948
-0.960293685676940
-0.368124552684668
0.509041415750383
0.992114701314479
0.707106781186552
-0.125333233564301
-0.860742027003943
-0.929776485888249
-0.278991106039222
0.587785252292482
0.999506560365731
0.637423989748675
-0.218143241396537
-0.904827052466018
-0.891006524188366
-0.187381314585719
0.661311865323658
0.998026728428270
0.562083377852117
-0.309016994374966
-0.940880768954223
-0.844327925502015
-0.094108313318512
0.728968627421415
0.987688340595135
0.481753674101703
-0.397147890634796
-0.968583161128628
-0.790155012375692
0.000000000000000
0.790155012375692
0.968583161128628
0.397147890634770
-0.481753674101728
-0.987688340595140
-0.728968627421415
0.094108313318512
0.844327925502015
0.940880768954223
0.309016994374939
-0.562083377852140
-0.998026728428272
-0.661311865323637
0.187381314585719
0.891006524188366
0.904827052466018
0.218143241396537
-0.637423989748697
-0.999506560365730
-0.587785252292459
0.278991106039249
0.929776485888249
0.860742027003943
0.125333233564301
-0.707106781186552
-0.992114701314475
-0.509041415750358
0.368124552684694
0.960293685676940
0.809016994374948
0.031410759078127
-0.770513242775791
-0.975916761938745
-0.425779291565061
0.453990499739560
0.982287250728691
0.750111069630462
-0.062790519529312
-0.827080574274562
-0.951056516295151
-0.338737920245282
0.535826794979007
0.995561964603081
0.684547105928673
-0.156434465040226
-0.876306680043862
-0.917754625683979
-0.248689887164848
0.612907053652984
0.999999999999999
0.612907053652962
-0.248689887164875
-0.917754625683979
-0.876306680043862
-0.156434465040226
0.684547105928694
0.995561964603078
0.535826794978983
-0.338737920245309
-0.951056516295151
-0.827080574274562
-0.062790519529312
0.750111069630462
0.982287250728686
0.453990499739535
-0.425779291565087
-0.975916761938751
-0.770513242775791
0.031410759078127
0.809016994374948
0.960293685676940
0.368124552684668
-0.509041415750383
-0.992114701314479
-0.707106781186532
0.125333233564301
0.860742027003943
0.929776485888249
0.278991106039222
-0.587785252292482
-0.999506560365730
-0.637423989748675
0.218143241396537
0.904827052466030
0.891006524188366
0.187381314585691
-0.661311865323658
-0.998026728428272
-0.562083377852117
0.309016994374939
0.940880768954233
0.844327925502015
0.094108313318483
-0.728968627421415
-0.987688340595140
-0.481753674101703
0.397147890634770
0.968583161128635
0.790155012375692
-0.000000000000028
-0.790155012375692
-0.968583161128621
-0.397147890634770
0.481753674101703
0.987688340595140
0.728968627421415
-0.094108313318540
-0.844327925502015
-0.940880768954213
-0.309016994374939
0.562083377852117
0.998026728428272
0.661311865323658
-0.187381314585747
-0.891006524188366
-0.904827052466006
-0.218143241396537
0.637423989748718
0.999506560365730
0.587785252292482
-0.278991106039249
-0.929776485888249
-0.860742027003928
-0.125333233564301
0.707106781186572
0.992114701314475
0.509041415750383
-0.368124552684694
-0.960293685676940
-0.809016994374932
-0.031410759078127
0.770513242775809
0.975916761938745
0.425779291565087
-0.453990499739560
-0.982287250728686
-0.750111069630443
0.062790519529312
0.827080574274578
0.951056516295151
0.338737920245255
-0.535826794979007
-0.995561964603078
-0.684547105928673
0.156434465040226
0.876306680043876
0.917754625683979
0.248689887164820
-0.612907053652984
-0.999999999999999
-0.612907053652962
0.248689887164848
0.917754625683990
0.876306680043862
0.156434465040198
-0.684547105928694
-0.995561964603081
-0.535826794978983
0.338737920245282
0.951056516295160
0.827080574274562
0.062790519529283
-0.750111069630462
-0.982287250728681
-0.453990499739535
0.425779291565061
0.975916761938751
0.770513242775791
-0.031410759078156
-0.809016994374948
-0.960293685676932
-0.368124552684668
0.509041415750358
0.992114701314479
0.707106781186552
-0.125333233564329
-0.860742027003943
-0.929776485888239
-0.278991106039222
0.587785252292505
0.999506560365731
0.637423989748697
-0.218143241396564
-0.904827052466018
-0.891006524188353
-0.187381314585719
0.661311865323679
0.998026728428270
0.562083377852140
-0.309016994374966
-0.940880768954223
-0.844327925502000
-0.094108313318512
0.728968627421435
0.987688340595135
0.481753674101728
-0.397147890634796
-0.968583161128628
-0.790155012375674
0.000000000000000
0.790155012375709
0.968583161128628
0.397147890634744
-0.481753674101728
-0.987688340595135
-0.728968627421396
0.094108313318512
0.844327925502030
0.940880768954223
0.309016994374912
-0.562083377852140
-0.998026728428270
-0.661311865323637
0.187381314585719
0.891006524188379
0.904827052466018
0.218143241396509
-0.637423989748697
-0.999506560365731
-0.587785252292459
0.278991106039222
0.929776485888260
0.860742027003943
0.125333233564273
-0.707106781186552
-0.992114701314472
-0.509041415750358
0.368124552684668
0.960293685676948
0.809016994374948
0.031410759078099
-0.770513242775791
-0.975916761938738
-0.425779291565061
0.453990499739535
0.982287250728691
0.750111069630462
-0.062790519529340
-0.827080574274562
-0.951056516295142
-0.338737920245282
0.535826794979031
0.995561964603081
0.684547105928694
-0.156434465040255
-0.876306680043862
-0.917754625683968
-0.248689887164848
0.612907053653007
0.999999999999999
0.612907053652984
-0.248689887164875
-0.917754625683979
-0.876306680043849
-0.156434465040226
0.684547105928714
0.995561964603078
0.535826794979007
-0.338737920245309
-0.951056516295151
-0.827080574274546
-0.062790519529312
0.750111069630481
0.982287250728686
0.453990499739510
-0.425779291565087
-0.975916761938745
-0.770513242775773
0.031410759078127
0.809016994374965
0.960293685676940
0.368124552684642
-0.509041415750383
-0.992114701314475
-0.707106781186532
0.125333233564301
0.860742027003957
0.929776485888249
0.278991106039194
-0.587785252292482
-0.999506560365730
-0.637423989748675
0.218143241396537
0.904827052466030
0.891006524188366
0.187381314585691
-0.661311865323658
-0.998026728428268
-0.562083377852117
0.309016994374939
0.940880768954233
0.844327925502015
0.094108313318483
-0.728968627421415
-0.987688340595131
-0.481753674101703
0.397147890634770
0.968583161128635
0.790155012375692
-0.000000000000028
-0.790155012375692
-0.968583161128621
-0.397147890634770
0.481753674101753
0.987688340595140
0.728968627421415
-0.094108313318540
-0.844327925502015
-0.940880768954213
-0.309016994374939
0.562083377852164
