0.000000000000000
0.713075667351167
-0.999856273754320
0.688896961836230
0.033902756056971
-0.736434530278362
0.998706711663818
-0.663926212652241
-0.067766533188521
0.758946694294556
-0.996408909165775
0.638192129352150
0.101552397284364
-0.780586276549376
0.992965508106536
-0.611724299115005
-0.135221503812963
0.801328397423554
-0.988380467458429
0.584553152728768
0.168735142482150
-0.821149209133703
0.982659058768028
-0.556709929603208
-0.202054781745390
0.840025923150772
-0.975807860095306
0.528226641853080
0.235142113102588
-0.857936836400630
0.967834748450665
-0.499136037492948
-0.267959095144398
0.874861356216684
-0.958748890738519
0.469471562785892
0.300467997289457
-0.890780024015860
0.948560733217856
-0.439267323789382
-0.332631443164291
0.905674537670621
-0.937281989491891
0.408558047142682
0.364412453575927
-0.919527772551453
0.924925627040598
-0.377379040140636
-0.395774489027941
0.932323801215510
-0.911505852311670
0.345766150139934
0.426681491730832
-0.944047911718850
0.897038094386964
-0.313755723344367
-0.457097927058691
0.954686624531121
-0.881538987243263
0.281384563016690
0.486988824404367
-0.964227708033386
0.865026350627741
-0.248689887164844
-0.516319817386058
0.972660192581119
-0.847519169570129
0.215709285751415
0.545057183359326
-0.979974383116319
0.829037572555043
-0.182480677475422
-0.573167882188932
0.986161870314186
-0.809602808379809
0.149042266176180
0.600619594235984
-0.991215540251542
0.789237221724076
-0.115432496909195
-0.627380757516707
0.995129582585912
-0.767964227459548
0.081690011744994
0.653420603990101
-0.997899497235827
0.745808283729258
-0.047853605341170
-0.678709194932880
0.999522099554693
-0.722794863827380
0.013962180339136
0.703217455360714
-0.999995523992272
0.698950426911881
0.019945297363311
-0.726917207456618
0.999319226239543
-0.674302387583727
-0.053829843412145
0.749781202967741
-0.997493983854521
0.648879084367483
0.087652499818489
-0.771783154533420
0.994521895368271
-0.622709747129861
-0.121374379749651
0.792897765908486
-0.990406377872173
0.595824463473262
0.154956712238521
-0.813100761047023
0.985152163089196
-0.568254144143278
-0.188360886759300
0.832368912013293
-0.978765291933712
0.540030487489649
0.221548497619502
-0.850680065687339
0.971253107566068
-0.511185943022059
-0.254481388115576
0.868013169235283
-0.962624246950011
0.481753674101696
0.287121694403104
-0.884348294314091
0.952888630922448
-0.451767519812811
-0.319431889029731
0.899666659983944
-0.942057452787294
0.421261956056605
0.351374824081337
-0.913950654301104
0.930143165446122
-0.390272055913747
-0.382913773892394
0.927183854566784
-0.917159467080762
0.358833449319482
0.414012477270034
-0.939351046208931
0.903121285404195
-0.326982282099338
-0.444635179184958
0.950438240274667
-0.888044760497604
0.294755174410916
0.474746671879554
-0.960432689513925
0.871947226253863
-0.262189178640845
-0.504312335347581
0.969322903035169
-0.854847190448088
0.229321736804813
0.533298177137576
-0.977098659516917
0.836764313458958
-0.196190637499068
-0.561670871434764
0.983751018959352
-0.817719385664409
0.162833972454281
0.589397797376997
-0.989272332962986
0.797734303538612
-0.129290092739998
-0.616447076559470
0.993656253522182
-0.776832044476777
0.095597564671810
0.642787609686564
-0.996897740323617
0.755036640377506
-0.061795125470216
-0.668389112327197
0.998993066541315
-0.732373150012774
0.027921638723550
0.693222149734014
-0.999939823121439
0.708867630216918
0.005983950294379
-0.717258170684976
0.999736921552069
-0.684547105928685
-0.039882659401131
0.740469540309778
-0.998384595114689
0.659439539119605
0.073735514324061
-0.762829571862281
0.995884398615970
-0.633573796645676
-0.107503593510558
0.784312557402890
-0.992239206600168
0.606979617058058
0.141148072876769
-0.804893797355932
0.987453210044202
-0.579687576411966
-0.174630270445155
0.824549628907144
-0.981531911539129
0.551729053112693
0.207911690817776
-0.843257453209736
0.974482118963727
-0.523136191838670
-0.240954069435886
0.860995761366638
-0.966311937657214
0.493941866584229
0.273719416573581
-0.877744159160092
0.957030761100408
-0.464179642863086
-0.306170061015511
0.893483390499311
-0.946649260115699
0.433883739117549
0.338268693368621
-0.908195359559818
0.935179370598564
-0.403088987376288
-0.369978408957886
0.921863151588511
-0.922634279794483
0.371830793207201
0.401262750256458
-0.934471052351317
0.909028411137376
-0.340145095010507
-0.432085748802047
0.946004566200071
-0.894377407666335
0.308068322699811
0.462411966550424
-0.956450432738651
0.878698114040557
-0.275637355816998
-0.492206536620137
0.965796642068673
-0.862008557172483
0.242889481131244
0.521435203379496
-0.974032448597814
0.844327925501991
-0.209862349769176
-0.550064361831320
0.981148383394171
-0.825676546934584
0.176593933926787
0.578061096249608
-0.987136265072982
0.806075865470065
-0.143122483211103
-0.605393218023279
0.991989209203009
-0.785548416547727
0.109486480664005
0.632029302664861
-0.995701636221691
0.764117801136671
-0.075724598517111
-0.657938725939704
0.998269277850216
-0.741808658601416
0.041875653729144
0.683091699075596
-0.999689182000815
0.718646638372921
-0.007978563357463
-0.707459303011809
0.999959716170869
-0.694658370459008
-0.025927700186615
0.731013521647810
-0.999080569319847
0.669871434826970
0.059804153945016
-0.753727274054625
0.997052752226917
-0.644314329694456
-0.093611849232904
0.775574445610199
-0.993878596328826
0.618016438763798
0.127311916418596
-0.796529918024237
0.989561751039379
-0.591007997439091
-0.160865609613720
0.816569598217116
-0.984107179553594
0.563320058063642
0.194234351219969
-0.835670446020775
0.977521153141452
-0.534984454218145
-0.227379776282935
0.853810500668344
-0.969811243937542
0.506033764121129
0.260263776601452
-0.870968906043109
0.960986316235238
-0.476501273172314
-0.292848544541200
0.887125934657412
-0.951056516295162
0.446420935683858
0.325096616503837
-0.902263010333672
0.940033260679712
-0.415827335841960
-0.356970915999478
0.916362729562243
-0.927929223127281
0.384755647944885
0.388434796274766
-0.929408881510493
0.914758319980688
-0.353241595961497
-0.419452082446225
0.941386466660928
-0.900535694187328
0.321321412458845
0.449987113092146
-0.952281714056395
0.885277697888820
-0.289031796944489
-0.480004781253075
0.962082097133169
-0.869001873620710
0.256409873671960
0.509470574795350
-0.970776348122918
0.851726934143034
-0.223493148958432
-0.538350616090739
0.978354471007607
-0.833472740925946
0.190319468062027
0.566611700966093
-0.984807753012219
0.814260281314393
-0.156926971670525
-0.594221336879668
0.990128774621977
-0.794111644398322
0.123354052049860
0.621147780278305
-0.994311418112903
0.773049995616524
-0.089639308903372
-0.647360073093954
0.997350874585437
-0.751099550122289
0.055821504993127
0.672828078337096
-0.999243649493388
0.728285544942851
-0.021939521572627
-0.697522514745726
0.999987566661691
-0.704634209963538
-0.011967686315575
0.721414990451334
-0.999581770788449
0.680172737770879
0.045861134627779
-0.744478035621463
0.998026728428270
-0.654929252388067
-0.079701855139704
0.766685134042691
-0.995324227455866
0.628932776940314
0.113450940250007
-0.788010753606752
0.991477375010466
-0.602213200286097
-0.147069587712953
0.808430375665940
-0.986490593923513
0.574801242653020
0.180519145250539
-0.827920523222572
0.980369617633531
-0.546728420318305
-0.213761154992180
0.846458787921211
-0.973121483594289
0.518027009373112
0.246757397690335
-0.864023855812219
0.964754525183628
-0.488730008614201
-0.279469936662883
0.880595531856756
-0.955278362122324
0.458871101604119
0.311861161409522
-0.896154763145924
0.944703889414157
-0.428484617944696
-0.343893830853804
0.910683660806173
-0.933043264819438
0.397605493806755
0.375531116159794
-0.924165520566738
0.920309894877025
-0.366269231763444
-0.406736643075831
0.936584841964816
-0.906518419490378
0.334511859971857
0.437474533754569
-0.947927346167141
0.891684695095852
-0.302369890750372
-0.467709448002831
0.958179992386567
-0.875825776431842
0.269880278599865
0.497406623913285
-0.967330992875466
0.858959896930661
-0.237080377715471
-0.526531917830773
0.975369826478417
-0.841106447755028
0.204007899039872
0.555051843608795
-0.982287250728696
0.822285955503444
-0.170700866905773
-0.582933611109140
0.988075312474516
-0.802520058610533
0.137197575318854
0.610145163901248
-0.992727357023034
0.781831482468017
-0.103536543928865
-0.636655216119368
0.996238035791524
-0.760244013297569
0.069756473743994
0.662433288431420
-0.998603312456591
0.737782470802776
-0.035896202634589
-0.687449743083329
0.999820467595025
-0.714472679632761
0.001994660679512
0.711675817973143
-0.999888101810271
0.690341439691953
0.031909174591249
-0.735083659720153
0.998806137341434
-0.665416495326252
-0.065776323011924
0.757646355689127
-0.996575818152626
0.639726503425716
0.099567846595938
-0.779337964931564
0.993199708502819
-0.613301000476486
-0.133244894304658
0.800133548011209
-0.988681689997522
0.586170368601330
0.166768746716174
-0.820009195677996
0.983026957126136
-0.558365800629546
-0.200100860540493
0.838942056356206
-0.976242011289673
0.529919264233203
0.233202912935615
-0.856910362418613
0.968334653325748
-0.500863465172444
-0.266036845566784
0.873893455212415
-0.959313974540076
0.471231809694122
0.298564908363870
-0.889871808811466
0.949190346253531
-0.441058366122168
-0.330749702924310
0.904827052466055
-0.937975407878355
0.410377825689691
0.362554225509546
-0.918741991723528
0.925682053535861
-0.379225462652935
-0.393941909590964
