0.000000000000000
0.989272332962987
-0.289031796944471
-0.904827052466019
0.553391549243343
0.743144825477393
-0.770513242775788
-0.518027009373130
0.921863151588499
0.248689887164855
-0.994521895368272
0.041875653729200
0.982287250728688
-0.328866646738583
-0.886203579231214
0.587785252292472
0.714472679632804
-0.796529918024194
-0.481753674101716
0.937281989491891
0.207911690817758
-0.998026728428271
0.083677843332316
0.973578902873159
-0.368124552684677
-0.866025403784438
0.621147780278309
0.684547105928689
-0.821149209133702
-0.444635179184929
0.951056516295152
0.166768746716104
-0.999780683474844
0.125333233564301
0.963162566797658
-0.406736643075797
-0.844327925502016
0.653420603990102
0.653420603990103
-0.844327925502012
-0.406736643075798
0.963162566797656
0.125333233564303
-0.999780683474845
0.166768746716103
0.951056516295155
-0.444635179184927
-0.821149209133707
0.684547105928688
0.621147780278316
-0.866025403784437
-0.368124552684685
0.973578902873159
0.083677843332324
-0.998026728428271
0.207911690817750
0.937281989491892
-0.481753674101706
-0.796529918024198
0.714472679632795
0.587785252292476
-0.886203579231209
-0.328866646738587
0.982287250728685
0.041875653729205
-0.994521895368272
0.248689887164849
0.921863151588499
-0.518027009373124
-0.770513242775788
0.743144825477389
0.553391549243344
-0.904827052466015
-0.289031796944472
0.989272332962986
0.000000000000016
-0.989272332962987
0.289031796944469
0.904827052466023
-0.553391549243329
-0.743144825477391
0.770513242775786
0.518027009373139
-0.921863151588493
-0.248689887164852
0.994521895368272
-0.041875653729188
-0.982287250728691
0.328866646738585
0.886203579231217
-0.587785252292462
-0.714472679632817
0.796529918024196
0.481753674101721
-0.937281989491886
-0.207911690817780
0.998026728428271
-0.083677843332307
-0.973578902873163
0.368124552684683
0.866025403784439
-0.621147780278302
-0.684547105928700
0.821149209133706
0.444635179184930
-0.951056516295149
-0.166768746716120
0.999780683474845
-0.125333233564300
-0.963162566797660
0.406736643075782
0.844327925502013
-0.653420603990100
-0.653420603990115
0.844327925502003
0.406736643075799
-0.963162566797655
-0.125333233564318
0.999780683474845
-0.166768746716101
-0.951056516295155
0.444635179184913
0.821149209133716
-0.684547105928687
-0.621147780278317
0.866025403784429
0.368124552684700
-0.973578902873159
-0.083677843332326
0.998026728428272
-0.207911690817762
-0.937281989491892
0.481753674101705
0.796529918024207
-0.714472679632804
-0.587785252292477
0.886203579231208
0.328866646738602
-0.982287250728688
-0.041875653729206
0.994521895368274
-0.248689887164834
-0.921863151588500
0.518027009373123
0.770513242775798
-0.743144825477378
-0.553391549243345
0.904827052466015
0.289031796944487
-0.989272332962984
-0.000000000000031
0.989272332962993
-0.289031796944482
-0.904827052466017
0.553391549243340
0.743144825477401
-0.770513242775776
-0.518027009373152
0.921863151588487
0.248689887164894
-0.994521895368273
0.041875653729200
0.982287250728689
-0.328866646738570
-0.886203579231224
0.587785252292449
0.714472679632828
-0.796529918024203
-0.481753674101710
0.937281989491890
0.207911690817768
-0.998026728428270
0.083677843332292
0.973578902873166
-0.368124552684642
-0.866025403784432
0.621147780278312
0.684547105928691
-0.821149209133697
-0.444635179184944
0.951056516295144
0.166768746716135
-0.999780683474844
0.125333233564312
0.963162566797657
-0.406736643075794
-0.844327925502022
0.653420603990089
0.653420603990126
-0.844327925501995
-0.406736643075840
0.963162566797659
0.125333233564306
-0.999780683474845
0.166768746716086
0.951056516295160
-0.444635179184899
-0.821149209133725
0.684547105928696
0.621147780278307
-0.866025403784436
-0.368124552684688
0.973578902873155
0.083677843332341
-0.998026728428273
0.207911690817719
0.937281989491888
-0.481753674101716
-0.796529918024199
0.714472679632793
0.587785252292490
-0.886203579231201
-0.328866646738617
0.982287250728680
0.041875653729194
-0.994521895368273
0.248689887164846
0.921863151588506
-0.518027009373110
-0.770513242775808
0.743144825477368
0.553391549243382
-0.904827052466020
-0.289031796944475
0.989272332962986
0.000000000000019
-0.989272332962991
0.289031796944439
0.904827052466036
-0.553391549243351
-0.743144825477393
0.770513242775784
0.518027009373141
-0.921863151588492
-0.248689887164882
0.994521895368269
-0.041875653729156
-0.982287250728687
0.328866646738582
0.886203579231218
-0.587785252292460
-0.714472679632819
0.796529918024177
0.481753674101748
-0.937281989491875
-0.207911690817755
0.998026728428270
-0.083677843332304
-0.973578902873164
0.368124552684653
0.866025403784454
-0.621147780278278
-0.684547105928723
0.821149209133704
0.444635179184933
-0.951056516295148
-0.166768746716123
0.999780683474844
-0.125333233564269
-0.963162566797669
0.406736643075806
0.844327925502015
-0.653420603990098
-0.653420603990117
0.844327925502002
0.406736643075828
-0.963162566797647
-0.125333233564349
0.999780683474844
-0.166768746716099
-0.951056516295156
0.444635179184911
0.821149209133718
-0.684547105928664
-0.621147780278341
0.866025403784414
0.368124552684676
-0.973578902873158
-0.083677843332329
0.998026728428272
-0.207911690817732
-0.937281989491903
0.481753674101677
0.796529918024226
-0.714472679632802
-0.587785252292479
0.886203579231207
0.328866646738605
-0.982287250728682
-0.041875653729238
0.994521895368277
-0.248689887164858
-0.921863151588501
0.518027009373120
0.770513242775800
-0.743144825477376
-0.553391549243371
0.904827052466001
0.289031796944517
-0.989272332962979
-0.000000000000063
0.989272332962998
-0.289031796944397
-0.904827052466006
0.553391549243361
0.743144825477384
-0.770513242775793
-0.518027009373130
0.921863151588496
0.248689887164870
-0.994521895368270
0.041875653729169
0.982287250728695
-0.328866646738540
-0.886203579231238
0.587785252292424
0.714472679632850
-0.796529918024150
-0.481753674101787
0.937281989491899
0.207911690817743
-0.998026728428271
0.083677843332317
0.973578902873161
-0.368124552684665
-0.866025403784448
0.621147780278288
0.684547105928714
-0.821149209133679
-0.444635179184972
0.951056516295135
0.166768746716166
-0.999780683474843
0.125333233564225
0.963162566797650
-0.406736643075817
-0.844327925502008
0.653420603990108
0.653420603990107
-0.844327925502009
-0.406736643075816
0.963162566797650
0.125333233564337
-0.999780683474845
0.166768746716055
0.951056516295170
-0.444635179184871
-0.821149209133743
0.684547105928632
0.621147780278376
-0.866025403784449
-0.368124552684664
0.973578902873161
0.083677843332316
-0.998026728428271
0.207911690817744
0.937281989491899
-0.481753674101688
-0.796529918024218
0.714472679632771
0.587785252292515
-0.886203579231186
-0.328866646738647
0.982287250728674
0.041875653729282
-0.994521895368270
0.248689887164871
0.921863151588496
-0.518027009373131
-0.770513242775792
0.743144825477385
0.553391549243360
-0.904827052466007
-0.289031796944505
0.989272332962981
0.000000000000050
-0.989272332962996
0.289031796944409
0.904827052466049
-0.553391549243277
-0.743144825477452
0.770513242775801
0.518027009373120
-0.921863151588501
-0.248689887164857
0.994521895368271
-0.041875653729182
-0.982287250728692
0.328866646738552
0.886203579231232
-0.587785252292434
-0.714472679632841
0.796529918024158
0.481753674101776
-0.937281989491864
-0.207911690817842
0.998026728428272
-0.083677843332330
-0.973578902873158
0.368124552684677
0.866025403784442
-0.621147780278298
-0.684547105928704
0.821149209133686
0.444635179184961
-0.951056516295139
-0.166768746716154
0.999780683474843
-0.125333233564238
-0.963162566797677
0.406736643075725
0.844327925502062
-0.653420603990118
-0.653420603990098
0.844327925502015
0.406736643075805
-0.963162566797654
-0.125333233564324
0.999780683474845
-0.166768746716068
-0.951056516295166
0.444635179184882
0.821149209133736
-0.684547105928641
-0.621147780278366
0.866025403784398
0.368124552684758
-0.973578902873164
-0.083677843332303
0.998026728428270
-0.207911690817756
-0.937281989491894
0.481753674101699
0.796529918024211
-0.714472679632780
-0.587785252292505
0.886203579231192
0.328866646738634
-0.982287250728676
-0.041875653729269
0.994521895368280
-0.248689887164773
-0.921863151588535
0.518027009373142
0.770513242775784
-0.743144825477393
-0.553391549243350
0.904827052466012
0.289031796944493
-0.989272332962983
-0.000000000000037
0.989272332962994
-0.289031796944421
-0.904827052466044
0.553391549243288
0.743144825477443
-0.770513242775736
-0.518027009373206
0.921863151588506
0.248689887164845
-0.994521895368273
0.041875653729195
0.982287250728690
-0.328866646738564
-0.886203579231227
0.587785252292444
0.714472679632832
-0.796529918024166
-0.481753674101765
0.937281989491868
0.207911690817829
-0.998026728428266
0.083677843332229
0.973578902873181
-0.368124552684689
-0.866025403784435
0.621147780278308
0.684547105928695
-0.821149209133693
-0.444635179184949
0.951056516295143
0.166768746716141
-0.999780683474844
0.125333233564250
0.963162566797674
-0.406736643075737
-0.844327925502055
0.653420603990041
0.653420603990174
-0.844327925502022
-0.406736643075793
0.963162566797657
0.125333233564311
-0.999780683474845
0.166768746716080
0.951056516295162
-0.444635179184894
-0.821149209133729
0.684547105928650
0.621147780278356
-0.866025403784404
-0.368124552684746
0.973578902873141
0.083677843332404
-0.998026728428277
0.207911690817769
0.937281989491890
-0.481753674101711
-0.796529918024203
0.714472679632789
0.587785252292494
-0.886203579231198
