0.000000000000000
0.728968627421411
-0.998026728428271
0.637423989748689
0.125333233564304
-0.809016994374946
0.982287250728688
-0.535826794978996
-0.248689887164854
0.876306680043862
-0.951056516295153
0.425779291565072
0.368124552684677
-0.929776485888250
0.904827052466018
-0.309016994374951
-0.481753674101714
0.968583161128630
-0.844327925502016
0.187381314585725
0.587785252292468
-0.992114701314477
0.770513242775789
-0.062790519529318
-0.684547105928687
0.999999999999999
-0.684547105928691
-0.062790519529312
0.770513242775789
-0.992114701314477
0.587785252292479
0.187381314585726
-0.844327925502013
0.968583161128632
-0.481753674101713
-0.309016994374945
0.904827052466016
-0.929776485888249
0.368124552684679
0.425779291565067
-0.951056516295149
0.876306680043863
-0.248689887164860
-0.535826794978988
0.982287250728688
-0.809016994374949
0.125333233564313
0.637423989748689
-0.998026728428270
0.728968627421417
0.000000000000001
-0.728968627421408
0.998026728428271
-0.637423989748688
-0.125333233564301
0.809016994374942
-0.982287250728687
0.535826794978998
0.248689887164848
-0.876306680043857
0.951056516295158
-0.425779291565065
-0.368124552684681
0.929776485888250
-0.904827052466021
0.309016994374957
0.481753674101702
-0.968583161128625
0.844327925502012
-0.187381314585724
-0.587785252292469
0.992114701314476
-0.770513242775797
0.062790519529331
0.684547105928692
-0.999999999999999
0.684547105928690
0.062790519529306
-0.770513242775781
0.992114701314479
-0.587785252292490
-0.187381314585727
0.844327925502013
-0.968583161128632
0.481753674101724
0.309016994374932
-0.904827052466010
0.929776485888249
-0.368124552684678
-0.425779291565068
0.951056516295150
-0.876306680043869
0.248689887164873
0.535826794979000
-0.982287250728688
0.809016994374949
-0.125333233564312
-0.637423989748679
0.998026728428269
-0.728968627421426
-0.000000000000002
0.728968627421409
-0.998026728428271
0.637423989748698
0.125333233564288
-0.809016994374934
0.982287250728687
-0.535826794978997
-0.248689887164849
0.876306680043858
-0.951056516295157
0.425779291565090
0.368124552684682
-0.929776485888240
0.904827052466021
-0.309016994374983
-0.481753674101703
0.968583161128633
-0.844327925502026
0.187381314585723
0.587785252292447
-0.992114701314476
0.770513242775778
-0.062790519529330
-0.684547105928693
0.999999999999999
-0.684547105928690
-0.062790519529278
0.770513242775781
-0.992114701314475
0.587785252292489
0.187381314585728
-0.844327925501999
0.968583161128631
-0.481753674101748
-0.309016994374933
0.904827052466023
-0.929776485888259
0.368124552684677
0.425779291565043
-0.951056516295150
0.876306680043855
-0.248689887164872
-0.535826794979001
0.982287250728683
-0.809016994374948
0.125333233564340
0.637423989748680
-0.998026728428271
0.728968627421425
0.000000000000003
-0.728968627421390
0.998026728428271
-0.637423989748719
-0.125333233564289
0.809016994374952
-0.982287250728692
0.535826794978996
0.248689887164822
-0.876306680043858
0.951056516295166
-0.425779291565089
-0.368124552684683
0.929776485888240
-0.904827052466020
0.309016994374982
0.481753674101704
-0.968583161128633
0.844327925502026
-0.187381314585722
-0.587785252292448
0.992114701314476
-0.770513242775814
0.062790519529329
0.684547105928694
-0.999999999999999
0.684547105928689
0.062790519529279
-0.770513242775782
0.992114701314482
-0.587785252292488
-0.187381314585729
0.844327925501999
-0.968583161128631
0.481753674101747
0.309016994374934
-0.904827052466023
0.929776485888259
-0.368124552684676
-0.425779291565044
0.951056516295150
-0.876306680043882
0.248689887164871
0.535826794979002
-0.982287250728683
0.809016994374948
-0.125333233564339
-0.637423989748681
0.998026728428268
-0.728968627421424
-0.000000000000004
0.728968627421391
-0.998026728428271
0.637423989748718
0.125333233564290
-0.809016994374952
0.982287250728692
-0.535826794978996
-0.248689887164823
0.876306680043859
-0.951056516295165
0.425779291565088
0.368124552684684
-0.929776485888241
0.904827052466020
-0.309016994374981
-0.481753674101705
0.968583161128619
-0.844327925502025
0.187381314585721
0.587785252292448
-0.992114701314469
0.770513242775813
-0.062790519529328
-0.684547105928694
0.999999999999999
-0.684547105928730
-0.062790519529280
0.770513242775783
-0.992114701314475
0.587785252292533
0.187381314585674
-0.844327925502000
0.968583161128631
-0.481753674101697
-0.309016994374881
0.904827052465999
-0.929776485888258
0.368124552684675
0.425779291565096
-0.951056516295133
0.876306680043882
-0.248689887164870
-0.535826794979003
0.982287250728694
-0.809016994374981
0.125333233564338
0.637423989748681
-0.998026728428271
0.728968627421463
-0.000000000000052
-0.728968627421392
0.998026728428271
-0.637423989748674
-0.125333233564235
0.809016994374919
-0.982287250728692
0.535826794978995
0.248689887164879
-0.876306680043832
0.951056516295165
-0.425779291565087
-0.368124552684684
0.929776485888262
-0.904827052466044
0.309016994374980
0.481753674101705
-0.968583161128633
0.844327925502055
-0.187381314585776
-0.587785252292449
0.992114701314476
-0.770513242775776
0.062790519529384
0.684547105928654
-0.999999999999999
0.684547105928687
0.062790519529338
-0.770513242775747
0.992114701314482
-0.587785252292487
-0.187381314585731
0.844327925502031
-0.968583161128645
0.481753674101746
0.309016994374936
-0.904827052466024
0.929776485888279
-0.368124552684727
-0.425779291565045
0.951056516295151
-0.876306680043854
0.248689887164924
0.535826794978956
-0.982287250728683
0.809016994374947
-0.125333233564280
-0.637423989748638
0.998026728428268
-0.728968627421423
-0.000000000000006
0.728968627421431
-0.998026728428274
0.637423989748717
0.125333233564292
-0.809016994374953
0.982287250728702
-0.535826794979042
-0.248689887164825
0.876306680043860
-0.951056516295147
0.425779291565138
0.368124552684633
-0.929776485888241
0.904827052466019
-0.309016994374925
-0.481753674101656
0.968583161128620
-0.844327925502024
0.187381314585719
0.587785252292404
-0.992114701314469
0.770513242775812
-0.062790519529326
-0.684547105928696
0.999999999999999
-0.684547105928728
-0.062790519529282
0.770513242775784
-0.992114701314475
0.587785252292532
0.187381314585676
-0.844327925502001
0.968583161128631
-0.481753674101695
-0.309016994374883
0.904827052466000
-0.929776485888258
0.368124552684674
0.425779291564995
-0.951056516295134
0.876306680043881
-0.248689887164868
-0.535826794979005
0.982287250728673
-0.809016994374979
0.125333233564336
0.637423989748683
-0.998026728428272
0.728968627421461
-0.000000000000050
-0.728968627421393
0.998026728428271
-0.637423989748672
-0.125333233564237
0.809016994374921
-0.982287250728691
0.535826794978993
0.248689887164771
-0.876306680043833
0.951056516295164
-0.425779291565085
-0.368124552684686
0.929776485888221
-0.904827052466043
0.309016994374978
0.481753674101707
-0.968583161128634
0.844327925502054
-0.187381314585774
-0.587785252292451
0.992114701314476
-0.770513242775775
0.062790519529382
0.684547105928655
-0.999999999999999
0.684547105928686
0.062790519529226
-0.770513242775748
0.992114701314482
-0.587785252292485
-0.187381314585733
0.844327925501971
-0.968583161128644
0.481753674101744
0.309016994374938
-0.904827052466025
0.929776485888278
-0.368124552684725
-0.425779291565047
0.951056516295151
-0.876306680043853
0.248689887164922
0.535826794978957
-0.982287250728684
0.809016994374945
-0.125333233564391
-0.637423989748640
0.998026728428268
-0.728968627421422
-0.000000000000008
0.728968627421355
-0.998026728428274
0.637423989748715
0.125333233564294
-0.809016994374955
0.982287250728702
-0.535826794979040
-0.248689887164827
0.876306680043860
-0.951056516295147
0.425779291565136
0.368124552684634
-0.929776485888242
0.904827052466018
-0.309016994375031
-0.481753674101658
0.968583161128620
-0.844327925502023
0.187381314585717
0.587785252292406
-0.992114701314469
0.770513242775811
-0.062790519529324
-0.684547105928697
0.999999999999999
-0.684547105928727
-0.062790519529284
0.770513242775785
-0.992114701314475
0.587785252292530
0.187381314585678
-0.844327925502002
0.968583161128630
-0.481753674101793
-0.309016994374885
0.904827052466001
-0.929776485888257
0.368124552684672
0.425779291564997
-0.951056516295134
0.876306680043880
-0.248689887164976
-0.535826794979006
0.982287250728673
-0.809016994374911
0.125333233564334
0.637423989748597
-0.998026728428272
0.728968627421460
0.000000000000066
-0.728968627421394
0.998026728428278
-0.637423989748671
-0.125333233564238
0.809016994374989
-0.982287250728691
0.535826794979087
0.248689887164883
-0.876306680043834
0.951056516295199
-0.425779291565084
-0.368124552684582
0.929776485888263
-0.904827052466042
0.309016994375084
0.481753674101709
-0.968583161128606
0.844327925501992
-0.187381314585772
-0.587785252292360
0.992114701314477
-0.770513242775846
0.062790519529267
0.684547105928657
-0.999999999999999
0.684547105928685
0.062790519529228
-0.770513242775822
0.992114701314482
-0.587785252292575
-0.187381314585735
0.844327925501972
-0.968583161128616
0.481753674101742
0.309016994374832
-0.904827052466026
0.929776485888278
-0.368124552684618
-0.425779291565049
0.951056516295117
-0.876306680043852
0.248689887164920
0.535826794979055
-0.982287250728684
0.809016994375011
-0.125333233564276
-0.637423989748641
0.998026728428261
-0.728968627421420
0.000000000000104
0.728968627421434
-0.998026728428274
0.637423989748801
0.125333233564296
-0.809016994374889
0.982287250728680
-0.535826794979039
-0.248689887164719
0.876306680043861
-0.951056516295181
0.425779291565031
