0.000000000000000
0.999902524009303
0.027921638723569
-0.999122830098857
-0.055821504993164
0.997564050259823
0.083677843332316
-0.995227399981830
-0.111468932206326
0.992114701314477
0.139173100960066
-0.988228381446552
-0.166768746716103
0.983571470813385
0.194234351219971
-0.978147600733805
-0.221548497619468
0.971961000578545
0.248689887164858
-0.965016494472310
-0.275637355817000
0.957319497532065
0.302369890750444
-0.948876011644494
-0.328866646738585
0.939692620785908
0.355106962408140
-0.929776485888250
-0.381070376350273
0.919135339255232
0.406736643075800
-0.907777478532906
-0.432085748801984
0.895711760239412
0.457097927058698
-0.882947592858925
-0.481753674101720
0.869494929505216
0.506033764121164
-0.855364260160503
-0.529919264233207
0.840566603495683
0.553391549243348
-0.825113498278289
-0.576432316169793
0.809016994374944
0.599023598515593
-0.792289643355190
-0.621147780278313
0.774944488704174
0.642787609686538
-0.756995055651754
-0.663926212652247
0.738455340625884
0.684547105928690
-0.719339800338646
-0.704634209963592
0.699663340513363
0.724171861437471
-0.679441304261508
-0.743144825477394
0.658689460118675
0.761538307536743
-0.637423989748689
-0.779337964931477
0.615661475325650
0.796529918024195
-0.593418886603697
-0.813100761047032
0.570713567684432
0.829037572555043
-0.547563223492543
-0.844327925502021
0.523985905970076
0.858959896930667
-0.499999999999989
-0.872922077269810
0.475624209070268
0.886203579231219
-0.450877540689429
-0.898794046299169
0.425779291565062
0.910683660806177
-0.400349032556876
-0.921863151588504
0.374606593415911
0.932323801215518
-0.348572047321806
-0.942057452787296
0.322265695230493
0.951056516295155
-0.295708050044047
-0.959313974540062
0.268919820615257
0.966823388604458
-0.241921895599651
-0.973578902873161
0.214735327167065
0.979575249599346
-0.187381314585717
-0.984807753012207
0.159881187691819
0.989272332962988
-0.132256390257126
-0.992965508106538
0.104528463267648
0.995884398615969
-0.076719028126804
-0.998026728428271
0.048849769795618
0.999390827019095
-0.020942419883352
-0.999975630705394
-0.006981260297975
0.999780683474844
0.034899496702523
-0.998806137341432
-0.062790519529316
0.997052752226918
0.090632580197792
-0.994521895368272
-0.118403968306522
0.991215540251539
0.146083028562413
-0.987136265072984
-0.173648177666941
0.982287250728687
0.201077921145984
-0.976672278334165
-0.228350870110656
0.970295726275991
0.255445757935800
-0.963162566797657
-0.282341456842894
0.955278362122340
0.309016994374946
-0.946649260115690
-0.335451569750263
0.937281989491891
0.361624570082108
-0.927183854566784
-0.387515586452101
0.916362729562232
0.413104429824548
-0.904827052466008
-0.438371146789091
0.892585818452122
0.463296035119884
-0.879648572866608
-0.487859659138737
0.866025403784425
0.512042864870584
-0.851726934143044
-0.535826794979016
0.836764313458953
0.559192903470750
-0.821149209133690
-0.582122970157300
0.804893797355911
0.604599114862392
-0.788010753606713
-0.626603811364462
0.770513242775774
0.648119901063140
-0.752414908895722
-0.669130606358873
0.733729864502848
0.689619543735670
-0.714472679632788
-0.709570736536548
0.694658370458996
0.728968627421424
-0.674302387583694
-0.747798090498532
0.653420603990090
0.766044443119002
-0.632029302664850
-0.783693457325851
0.610145163901237
0.800731370948732
-0.587785252292458
-0.817144898335149
0.564967003424939
0.832921240710108
-0.541708210282709
-0.848048096156424
0.518027009373115
0.862513669207275
-0.493941866584233
-0.876306680043870
0.469471562785860
0.889416373291295
-0.444635179184913
-0.901832526405128
0.419452082446180
0.913545457642606
-0.393941909590920
-0.924546033612310
0.368124552684664
0.934825676396025
-0.342020143325673
-0.944376370237485
0.315649036947072
0.953190667792944
-0.289031796944459
-0.961261695938327
0.262189178640871
0.968583161128633
-0.235142113102560
-0.975149354305561
0.207911690817748
0.980955155349196
-0.180519145250568
-0.985996037070506
0.152985836284009
0.990268068741568
-0.125333233564294
-0.993767919160599
0.097582899759158
0.996492859249504
-0.069756473744097
-0.998440764181979
0.041875653729191
0.999610115040354
-0.013962180339156
-0.999999999999999
-0.013962180339172
0.999610115040352
0.041875653729207
-0.998440764181979
-0.069756473744170
0.996492859249503
0.097582899759175
-0.993767919160590
-0.125333233564310
0.990268068741566
0.152985836284081
-0.985996037070503
-0.180519145250584
0.980955155349182
0.207911690817764
-0.975149354305557
-0.235142113102631
0.968583161128629
0.262189178640887
-0.961261695938306
-0.289031796944475
0.953190667792939
0.315649036947141
-0.944376370237479
-0.342020143325689
0.934825676395999
0.368124552684680
-0.924546033612304
-0.393941909590987
0.913545457642599
0.419452082446195
-0.901832526405096
-0.444635179184928
0.889416373291288
0.469471562785925
-0.876306680043862
-0.493941866584247
0.862513669207237
0.518027009373130
-0.848048096156415
-0.541708210282771
0.832921240710099
0.564967003424952
-0.817144898335107
-0.587785252292471
0.800731370948722
0.610145163901296
-0.783693457325840
-0.632029302664863
0.766044443118954
0.653420603990103
-0.747798090498520
-0.674302387583748
0.728968627421413
0.694658370459008
-0.709570736536496
-0.714472679632800
0.689619543735658
0.733729864502898
-0.669130606358861
-0.752414908895733
0.648119901063105
0.770513242775821
-0.626603811364449
-0.788010753606741
0.604599114862334
0.804893797355921
-0.582122970157263
-0.821149209133732
0.559192903470736
0.836764313458978
-0.535826794978954
-0.851726934143053
0.512042864870545
0.866025403784462
-0.487859659138723
-0.879648572866630
0.463296035119818
0.892585818452129
-0.438371146789051
-0.904827052466039
0.413104429824533
0.916362729562250
-0.387515586452059
-0.927183854566790
0.361624570082066
0.937281989491907
-0.335451569750247
-0.946649260115704
0.309016994374904
0.955278362122345
-0.282341456842851
-0.963162566797669
0.255445757935784
0.970295726276002
-0.228350870110612
-0.976672278334168
0.201077921145940
0.982287250728696
-0.173648177666925
-0.987136265072991
0.146083028562369
0.991215540251541
-0.118403968306477
-0.994521895368277
0.090632580197719
0.997052752226925
-0.062790519529328
-0.998806137341433
0.034899496702478
0.999780683474845
-0.006981260297902
-0.999975630705393
-0.020942419883341
0.999390827019095
0.048849769795634
-0.998026728428268
-0.076719028126877
0.995884398615962
0.104528463267636
-0.992965508106536
-0.132256390257142
0.989272332962982
0.159881187691891
-0.984807753012194
-0.187381314585706
0.979575249599343
0.214735327167081
-0.973578902873151
-0.241921895599722
0.966823388604439
0.268919820615246
-0.959313974540057
-0.295708050044063
0.951056516295141
0.322265695230563
-0.942057452787271
-0.348572047321795
0.932323801215512
0.374606593415927
-0.921863151588486
-0.400349032556944
0.910683660806146
0.425779291565052
-0.898794046299168
-0.450877540689443
0.886203579231198
0.475624209070321
-0.872922077269774
-0.499999999999979
0.858959896930666
0.523985905970090
-0.844327925501997
-0.547563223492592
0.829037572555002
0.570713567684410
-0.813100761047031
-0.593418886603711
0.796529918024177
0.615661475325697
-0.779337964931430
-0.637423989748756
0.761538307536741
0.658689460118688
-0.743144825477374
-0.679441304261551
0.724171861437421
0.699663340513426
-0.704634209963600
-0.719339800338657
0.684547105928667
0.738455340625915
-0.663926212652192
-0.756995055651811
0.642787609686547
0.774944488704184
-0.621147780278289
-0.792289643355218
0.599023598515534
0.809016994374996
-0.576432316169802
-0.825113498278298
0.553391549243322
0.840566603495707
-0.529919264233151
-0.855364260160548
0.506033764121175
0.869494929505221
-0.481753674101693
-0.882947592858946
0.457097927058639
0.895711760239448
-0.432085748801995
-0.907777478532910
0.406736643075779
0.919135339255250
-0.381070376350218
-0.929776485888280
0.355106962408151
0.939692620785909
-0.328866646738562
-0.948876011644508
0.302369890750388
0.957319497532089
-0.275637355817015
-0.965016494472311
0.248689887164835
0.971961000578555
-0.221548497619411
-0.978147600733821
0.194234351219990
0.983571470813385
-0.166768746716083
-0.988228381446558
0.139173100960009
0.992114701314486
-0.111468932206345
-0.995227399981830
0.083677843332298
0.997564050259826
-0.055821504993108
-0.999122830098860
0.027921638723590
0.999902524009303
0.000000000000017
-0.999902524009303
-0.027921638723623
0.999122830098854
0.055821504993255
-0.997564050259824
-0.083677843332331
0.995227399981827
0.111468932206378
-0.992114701314468
-0.139173100960155
0.988228381446553
0.166768746716116
-0.983571470813379
-0.194234351220022
0.978147600733790
0.221548497619554
-0.971961000578547
-0.248689887164867
0.965016494472302
0.275637355817047
-0.957319497532046
-0.302369890750528
0.948876011644498
0.328866646738594
-0.939692620785897
-0.355106962408182
0.929776485888226
0.381070376350354
-0.919135339255237
-0.406736643075809
0.907777478532896
0.432085748802025
-0.895711760239382
-0.457097927058769
0.882947592858931
0.481753674101723
-0.869494929505204
-0.506033764121203
0.855364260160472
0.529919264233276
-0.840566603495689
-0.553391549243350
0.825113498278280
0.576432316169829
-0.809016994374909
-0.599023598515651
0.792289643355197
0.621147780278315
-0.774944488704163
-0.642787609686572
0.756995055651715
0.663926212652302
-0.738455340625892
-0.684547105928692
0.719339800338634
0.704634209963624
-0.699663340513321
-0.724171861437522
0.679441304261527
0.743144825477396
-0.658689460118663
-0.761538307536763
0.637423989748643
0.779337964931523
-0.615661475325581
-0.796529918024197
0.593418886603684
0.813100761047050
-0.570713567684383
-0.829037572555084
0.547563223492469
0.844327925502015
-0.523985905970062
-0.858959896930683
0.499999999999950
0.872922077269846
-0.475624209070191
-0.886203579231214
0.450877540689414
0.898794046299182
-0.425779291565022
-0.910683660806207
0.400349032556809
0.921863151588499
-0.374606593415896
-0.932323801215524
0.348572047321764
0.942057452787320
-0.322265695230423
-0.951056516295152
0.295708050044031
0.959313974540066
-0.268919820615214
-0.966823388604477
0.241921895599579
0.973578902873158
-0.214735327167049
-0.979575249599350
0.187381314585673
0.984807753012219
-0.159881187691746
-0.989272332962987
0.132256390257109
0.992965508106540
-0.104528463267603
-0.995884398615976
0.076719028126731
0.998026728428270
-0.048849769795601
-0.999390827019096
0.020942419883307
0.999975630705394
0.006981260298049
-0.999780683474845
-0.034899496702512
0.998806137341432
0.062790519529361
-0.997052752226914
-0.090632580197865
0.994521895368273
0.118403968306510
-0.991215540251537
-0.146083028562458
0.987136265072976
0.173648177667013
-0.982287250728668
-0.201077921145973
0.976672278334161
0.228350870110700
-0.970295726275980
-0.255445757935871
0.963162566797630
0.282341456842883
-0.955278362122335
-0.309016994374989
0.946649260115675
0.335451569750332
-0.937281989491856
-0.361624570082097
0.927183854566777
0.387515586452142
-0.916362729562214
-0.413104429824615
0.904827052465976
0.438371146789081
-0.892585818452114
-0.463296035119898
0.879648572866587
0.487859659138801
-0.866025403784389
-0.512042864870574
0.851726934143035
0.535826794979030
-0.836764313458928
-0.559192903470811
0.821149209133648
0.582122970157290
-0.804893797355901
-0.604599114862406
0.788010753606685
0.626603811364520
-0.770513242775728
-0.648119901063131
0.752414908895711
0.669130606358886
-0.733729864502837
-0.689619543735724
0.714472679632737
0.709570736536520
-0.694658370458984
-0.728968627421436
0.674302387583682
0.747798090498580
-0.653420603990035
-0.766044443118976
0.632029302664837
0.783693457325861
-0.610145163901224
-0.800731370948776
0.587785252292399
0.817144898335126
-0.564967003424925
-0.832921240710118
0.541708210282695
0.848048096156463
-0.518027009373052
-0.862513669207254
0.493941866584218
0.876306680043878
-0.469471562785845
-0.889416373291329
0.444635179184847
0.901832526405159
-0.419452082446165
-0.913545457642613
0.393941909590905
0.924546033612339
-0.368124552684596
-0.934825676396051
0.342020143325658
0.944376370237490
-0.315649036947056
-0.953190667792966
0.289031796944389
0.961261695938347
-0.262189178640855
-0.968583161128637
0.235142113102544
0.975149354305552
-0.207911690817676
-0.980955155349189
0.180519145250439
0.985996037070509
-0.152985836283880
-0.990268068741578
0.125333233564334
0.993767919160607
-0.097582899759142
-0.996492859249515
0.069756473744080
0.998440764181977
-0.041875653729117
-0.999610115040353
0.013962180339025
0.999999999999999
0.013962180339303
-0.999610115040352
-0.041875653729167
0.998440764181974
0.069756473744130
-0.996492859249492
-0.097582899759192
0.993767919160601
0.125333233564383
-0.990268068741571
-0.152985836284154
0.985996037070500
0.180519145250712
-0.980955155349179
-0.207911690817725
0.975149354305541
0.235142113102592
-0.968583161128597
-0.262189178640903
0.961261695938333
0.289031796944545
-0.953190667792951
-0.315649036947211
0.944376370237474
0.342020143325811
-0.934825676395993
-0.368124552684643
0.924546033612276
0.393941909590951
-0.913545457642546
-0.419452082446210
0.901832526405040
0.444635179184994
-0.889416373291306
-0.469471562785989
0.876306680043854
0.493941866584361
-0.862513669207229
-0.518027009373095
0.848048096156376
0.541708210282737
-0.832921240710027
-0.564967003424966
0.817144898335031
0.587785252292531
-0.800731370948746
-0.610145163901354
0.783693457325830
0.632029302664964
-0.766044443118944
-0.653420603990072
0.747798090498472
0.674302387583719
-0.728968627421324
-0.694658370459020
0.709570736536404
0.714472679632851
-0.689619543735688
-0.733729864502948
0.669130606358849
0.752414908895819
-0.648119901063092
-0.770513242775759
0.626603811364392
0.788010753606716
-0.604599114862275
-0.804893797355931
0.582122970157157
0.821149209133741
-0.559192903470770
-0.836764313459018
0.535826794978988
0.851726934143121
-0.512042864870531
-0.866025403784414
0.487859659138659
0.879648572866611
-0.463296035119753
-0.892585818452137
0.438371146788934
0.904827052466046
-0.413104429824569
-0.916362729562279
0.387515586452096
0.927183854566839
-0.361624570082051
-0.937281989491873
0.335451569750178
0.946649260115691
-0.309016994374834
-0.955278362122350
0.282341456842726
0.963162566797674
-0.255445757935822
-0.970295726276019
0.228350870110651
0.976672278334196
-0.201077921145924
-0.982287250728720
0.173648177666852
0.987136265072984
-0.146083028562296
-0.991215540251544
0.118403968306348
0.994521895368279
-0.090632580197816
-0.997052752226927
0.062790519529312
0.998806137341440
-0.034899496702462
-0.999780683474848
0.006981260297885
0.999975630705394
0.020942419883471
-0.999390827019094
-0.048849769795765
0.998026728428267
0.076719028126780
-0.995884398615961
-0.104528463267652
0.992965508106520
0.132256390257159
-0.989272332962963
-0.159881187691908
0.984807753012211
0.187381314585834
-0.979575249599340
-0.214735327167208
0.973578902873147
0.241921895599628
-0.966823388604435
-0.268919820615262
0.959313974540020
0.295708050044079
-0.951056516295101
-0.322265695230578
0.942057452787304
0.348572047321917
-0.932323801215506
-0.374606593416047
0.921863151588480
0.400349032556855
-0.910683660806139
-0.425779291565067
0.898794046299111
0.450877540689458
-0.886203579231138
-0.475624209070335
0.872922077269822
0.500000000000091
-0.858959896930658
-0.523985905970201
0.844327925501988
0.547563223492511
-0.829037572554993
-0.570713567684424
0.813100761046955
0.593418886603724
-0.796529918024098
-0.615661475325710
0.779337964931491
0.637423989748769
-0.761538307536730
-0.658689460118786
0.743144825477362
0.679441304261647
-0.724171861437409
-0.699663340513357
0.704634209963508
0.719339800338669
-0.684547105928572
-0.738455340625926
0.663926212652264
0.756995055651822
-0.642787609686534
-0.774944488704266
0.621147780278275
0.792289643355297
-0.599023598515520
-0.809016994374938
0.576432316169696
0.825113498278308
-0.553391549243214
-0.840566603495716
0.529919264233233
0.855364260160557
-0.506033764121160
-0.869494929505285
0.481753674101679
0.882947592859007
-0.457097927058624
-0.895711760239405
0.432085748801877
0.907777478532917
-0.406736643075660
-0.919135339255257
0.381070376350307
0.929776485888286
-0.355106962408136
-0.939692620785953
0.328866646738547
0.948876011644549
-0.302369890750372
-0.957319497532061
0.275637355816890
0.965016494472315
-0.248689887164708
-0.971961000578558
0.221548497619505
0.978147600733824
-0.194234351219973
-0.983571470813409
0.166768746716067
0.988228381446578
-0.139173100959993
-0.992114701314474
0.111468932206215
0.995227399981832
-0.083677843332168
-0.997564050259827
0.055821504993205
0.999122830098861
-0.027921638723573
-0.999902524009305
-0.000000000000033
0.999902524009301
0.027921638723640
-0.999122830098858
-0.055821504993272
0.997564050259822
0.083677843332461
-0.995227399981825
-0.111468932206507
0.992114701314466
0.139173100960059
-0.988228381446533
-0.166768746716132
0.983571470813355
0.194234351220039
-0.978147600733810
-0.221548497619570
0.971961000578543
0.248689887164993
-0.965016494472298
-0.275637355817172
0.957319497532041
0.302369890750435
-0.948876011644457
-0.328866646738609
0.939692620785853
0.355106962408198
-0.929776485888261
-0.381070376350369
0.919135339255230
0.406736643075928
-0.907777478532889
-0.432085748802142
0.895711760239375
0.457097927058683
-0.882947592858869
-0.481753674101737
0.869494929505140
0.506033764121218
-0.855364260160522
-0.529919264233290
0.840566603495680
0.553391549243458
-0.825113498278270
-0.576432316169936
0.809016994374899
0.599023598515574
-0.792289643355118
-0.621147780278328
0.774944488704081
0.642787609686585
-0.756995055651778
-0.663926212652314
0.738455340625881
0.684547105928787
-0.719339800338622
-0.704634209963717
0.699663340513309
0.724171861437455
-0.679441304261431
-0.743144825477407
0.658689460118565
0.761538307536773
-0.637423989748542
-0.779337964931533
0.615661475325657
0.796529918024276
-0.593418886603670
-0.813100761047126
0.570713567684369
0.829037572555030
-0.547563223492455
-0.844327925502024
0.523985905969951
0.858959896930692
-0.499999999999837
-0.872922077269854
0.475624209070277
0.886203579231274
-0.450877540689399
-0.898794046299240
0.425779291565006
0.910683660806167
-0.400349032556794
-0.921863151588506
0.374606593415775
0.932323801215530
-0.348572047321641
-0.942057452787326
0.322265695230515
0.951056516295192
-0.295708050044015
-0.959313974540103
0.268919820615198
0.966823388604452
-0.241921895599563
-0.973578902873162
0.214735327166921
0.979575249599353
-0.187381314585545
-0.984807753012222
0.159881187691842
0.989272332963006
-0.132256390257093
-0.992965508106555
0.104528463267586
0.995884398615967
-0.076719028126714
-0.998026728428271
0.048849769795471
0.999390827019096
-0.020942419883177
-0.999975630705394
-0.006981260297952
0.999780683474842
0.034899496702528
-0.998806137341425
-0.062790519529378
0.997052752226922
0.090632580197882
-0.994521895368272
-0.118403968306640
0.991215540251535
0.146083028562587
