0.000000000000000
0.976885954764647
0.417640539972131
-0.798335306372701
-0.758946694294555
0.473868662472998
0.961536119504148
-0.062790519529313
-0.988380467458430
-0.359764181061806
0.834573253721301
0.716562866343791
-0.528226641853084
-0.942391540464034
0.125333233564303
0.995974293995238
0.300467997289452
-0.867517521717716
-0.671351092126002
0.580499952001573
0.919527772551450
-0.187381314585726
-0.999637465011020
-0.239986003602566
0.897038094386968
0.623489801858732
-0.630482294044713
-0.893035048612885
0.248689887164852
0.999355523643320
0.178556894798635
-0.923018467515397
-0.573167882188922
0.677976410513219
0.863017923326351
-0.309016994374944
-0.995129582585910
-0.116423103505822
0.945356108439568
0.520583930743609
-0.722794863827389
-0.829594860571832
0.368124552684680
0.986976319697494
0.053829843412128
-0.963962860695852
-0.465945472355826
0.764760776027596
0.792897765908472
-0.425779291565068
-0.974927912181822
0.008975858480991
0.978765291933710
0.409468140058886
-0.803708526830786
-0.753071466003609
0.481753674101710
0.959031909598965
-0.071746136761385
-0.989704983719634
-0.351374824081339
0.839484407258074
0.710273137068055
-0.535826794978991
-0.939351046208923
0.134233265817661
0.996738762088013
0.291894792201030
-0.871947226253859
-0.664671684553424
0.587785252292467
0.915962993388166
-0.196190637499100
-0.999838867929057
-0.231262784929950
0.900968867902416
0.616447076559469
-0.637423989748694
-0.888960053096193
0.257373734365306
0.998993066541314
0.169718089100667
-0.926434797042884
-0.565789633582214
0.684547105928692
0.858448793601867
-0.317541094684847
-0.994204695916451
-0.107503593510524
0.948244511287223
0.512899277405907
-0.728968627421414
-0.824549628907142
0.376455265374394
0.985492653565727
0.044864830350529
-0.966311937657225
-0.457984742103069
0.770513242775782
0.787396343528005
-0.433883739117559
-0.972891321940145
0.017950993798083
0.980565772275220
0.401262750256476
-0.809016994374940
-0.747135564508143
0.489599871965053
0.956450432738633
-0.080695973575230
-0.990949761767934
-0.342957157654134
0.844327925502008
0.703926182748938
-0.543383777794805
-0.936234870639739
0.143122483211132
0.997422925272833
0.283298069832753
-0.876306680043857
-0.657938725939706
0.595023196102036
0.912324417231457
-0.204984153792241
-0.999959716170870
-0.222520933956319
0.904827052466013
0.609354685562802
-0.644314329694493
-0.884813436149742
0.266036845566685
0.998550122907320
0.160865609613704
-0.929776485888245
-0.558365800629657
0.691062648986863
0.853810500668352
-0.326039611452351
-0.993199708502812
-0.098575422202450
0.951056516295148
0.505173300974496
-0.735083659720174
-0.819437965209737
0.384755647944944
0.983929588598628
0.035896202634589
-0.968583161128626
-0.449987113092116
0.776203631076350
0.781831482468036
-0.441953229673234
-0.970776348122917
0.026924682845655
0.982287250728690
0.393025031653919
-0.814260281314375
-0.741139468049862
0.497406623913228
0.953791896906691
-0.089639308903425
-0.992114701314478
-0.334511859971842
0.849103418222190
0.697522514745711
-0.550896981452108
-0.933043264819444
0.152000169561258
0.998026728428271
0.274678522802387
-0.880595531856735
-0.651152758743583
0.602213200286087
0.908612337232874
-0.213761154992105
-0.999999999999999
-0.213761154992112
0.908612337232871
0.602213200286093
-0.651152758743577
-0.880595531856738
0.274678522802380
0.998026728428270
0.152000169561266
-0.933043264819441
-0.550896981452115
0.697522514745705
0.849103418222194
-0.334511859971834
-0.992114701314479
-0.089639308903461
0.953791896906697
0.497406623913211
-0.741139468049857
-0.814260281314380
0.393025031653912
0.982287250728691
0.026924682845691
-0.970776348122922
-0.441953229673216
0.781831482468031
0.776203631076355
-0.449987113092109
-0.968583161128635
0.035896202634553
0.983929588598632
0.384755647944925
-0.819437965209733
-0.735083659720180
0.505173300974489
0.951056516295159
-0.098575422202414
-0.993199708502814
-0.326039611452332
0.853810500668348
0.691062648986868
-0.558365800629650
-0.929776485888259
0.160865609613724
0.998550122907321
0.266036845566665
-0.884813436149738
-0.644314329694499
0.609354685562796
0.904827052466029
-0.222520933956339
-0.999959716170870
-0.204984153792221
0.912324417231454
0.595023196102043
-0.657938725939700
-0.876306680043874
0.283298069832773
0.997422925272832
0.143122483211111
-0.936234870639736
-0.543383777794812
0.703926182748933
0.844327925502027
-0.342957157654154
-0.990949761767932
-0.080695973575210
0.956450432738630
0.489599871965060
-0.747135564508137
-0.809016994374962
0.401262750256495
0.980565772275216
0.017950993798090
-0.972891321940144
-0.433883739117566
0.787396343528000
0.770513242775805
-0.457984742103087
-0.966311937657219
0.044864830350521
0.985492653565725
0.376455265374401
-0.824549628907129
-0.728968627421429
0.512899277405924
0.948244511287221
-0.107503593510530
-0.994204695916450
-0.317541094684855
0.858448793601855
0.684547105928708
-0.565789633582231
-0.926434797042882
0.169718089100673
0.998993066541313
0.257373734365314
-0.888960053096183
-0.637423989748711
0.616447076559485
0.900968867902413
-0.231262784929956
-0.999838867929057
-0.196190637499107
0.915962993388157
0.587785252292496
-0.664671684553440
-0.871947226253856
0.291894792201036
0.996738762088014
0.134233265817669
-0.939351046208915
-0.535826794979021
0.710273137068070
0.839484407258070
-0.351374824081345
-0.989704983719635
-0.071746136761393
0.959031909598958
0.481753674101741
-0.753071466003622
-0.803708526830782
0.409468140058892
0.978765291933712
0.008975858481013
-0.974927912181818
-0.425779291565049
0.792897765908485
0.764760776027592
-0.465945472355825
-0.963962860695854
0.053829843412113
0.986976319697491
0.368124552684654
-0.829594860571840
-0.722794863827385
0.520583930743608
0.945356108439571
-0.116423103505807
-0.995129582585908
-0.309016994374924
0.863017923326358
0.677976410513214
-0.573167882188921
-0.923018467515400
0.178556894798620
0.999355523643319
0.248689887164832
-0.893035048612891
-0.630482294044708
0.623489801858732
0.897038094386972
-0.239986003602549
-0.999637465011021
-0.187381314585702
0.919527772551455
0.580499952001568
-0.671351092126002
-0.867517521717722
0.300467997289434
0.995974293995240
0.125333233564282
-0.942391540464039
-0.528226641853079
0.716562866343790
0.834573253721308
-0.359764181061789
-0.988380467458434
-0.062790519529292
0.961536119504151
0.473868662472994
-0.758946694294553
-0.798335306372708
0.417640539972113
0.976885954764653
-0.000000000000021
-0.976885954764649
-0.417640539972127
0.798335306372698
0.758946694294563
-0.473868662472980
-0.961536119504156
0.062790519529333
0.988380467458431
0.359764181061803
-0.834573253721299
-0.716562866343801
0.528226641853066
0.942391540464044
-0.125333233564323
-0.995974293995239
-0.300467997289449
0.867517521717714
0.671351092126014
-0.580499952001555
-0.919527772551462
0.187381314585743
0.999637465011020
0.239986003602564
-0.897038094386965
-0.623489801858744
0.630482294044695
0.893035048612898
-0.248689887164817
-0.999355523643322
-0.178556894798691
0.923018467515416
0.573167882188888
-0.677976410513245
-0.863017923326337
0.309016994374963
0.995129582585909
0.116423103505822
-0.945356108439565
-0.520583930743622
0.722794863827374
0.829594860571849
-0.368124552684640
-0.986976319697503
-0.053829843412185
0.963962860695865
0.465945472355789
-0.764760776027618
-0.792897765908460
0.425779291565086
0.974927912181821
-0.008975858480997
-0.978765291933709
-0.409468140058906
0.803708526830773
0.753071466003632
-0.481753674101678
-0.959031909598979
0.071746136761321
0.989704983719641
0.351374824081306
-0.839484407258093
-0.710273137068041
0.535826794979008
0.939351046208921
-0.134233265817653
-0.996738762088013
-0.291894792201051
0.871947226253848
0.664671684553451
-0.587785252292437
-0.915962993388186
0.196190637499036
0.999838867929058
0.231262784929916
-0.900968867902431
-0.616447076559453
0.637423989748699
0.888960053096190
-0.257373734365298
-0.998993066541314
-0.169718089100689
0.926434797042876
0.565789633582244
-0.684547105928655
-0.858448793601893
0.317541094684894
0.994204695916446
0.107503593510489
-0.948244511287234
-0.512899277405889
0.728968627421418
0.824549628907138
-0.376455265374387
-0.985492653565728
-0.044864830350537
0.966311937657215
0.457984742103101
-0.770513242775759
-0.787396343528045
0.433883739117603
0.972891321940134
-0.017950993798132
-0.980565772275224
-0.401262750256457
0.809016994374952
0.747135564508148
-0.489599871965046
-0.956450432738635
0.080695973575194
0.990949761767930
0.342957157654168
-0.844327925501989
-0.703926182748984
0.543383777794847
0.936234870639722
-0.143122483211152
-0.997422925272835
-0.283298069832733
0.876306680043867
0.657938725939712
-0.595023196102030
-0.912324417231460
0.204984153792206
0.999959716170870
0.222520933956354
-0.904827052465998
-0.609354685562853
0.644314329694530
0.884813436149719
-0.266036845566705
-0.998550122907319
-0.160865609613683
0.929776485888253
0.558365800629663
-0.691062648986857
-0.853810500668356
0.326039611452317
0.993199708502816
0.098575422202486
-0.951056516295137
-0.505173300974551
0.735083659720208
0.819437965209709
-0.384755647944963
-0.983929588598625
-0.035896202634569
0.968583161128631
0.449987113092123
-0.776203631076345
-0.781831482468041
0.441953229673202
0.970776348122926
-0.026924682845619
-0.982287250728678
-0.393025031653979
0.814260281314404
0.741139468049829
-0.497406623913246
-0.953791896906685
0.089639308903445
0.992114701314477
