0.000000000000000
0.837037260298629
0.915962993388166
0.165293514029485
-0.735083659720176
-0.969689520376686
-0.326039611452341
0.612907053652975
0.996738762088014
0.477815980375915
-0.473868662472998
-0.996366562457242
-0.616447076559469
0.321793593854449
0.968583161128630
0.738118997487340
-0.160865609613698
-0.914152911751092
-0.839484407258076
-0.004487974438927
0.834573253721301
0.917754625683980
0.169718089100671
-0.732033515886184
-0.970776348122917
-0.330279061955168
0.609354685562807
0.997090885390702
0.481753674101716
-0.469911799899904
-0.995974293995238
-0.619974682979091
0.317541094684843
0.967457292663056
0.741139468049855
-0.156434465040227
-0.912324417231454
-0.841914645309170
-0.008975858481002
0.832092437156154
0.919527772551450
0.174139245707392
-0.728968627421411
-0.971843622476423
-0.334511859971849
0.605790043840820
0.997422925272833
0.485681664337311
-0.465945472355825
-0.995561964603079
-0.623489801858736
0.313282199597433
0.966311937657223
0.744145010569355
-0.152000169561268
-0.910477546658815
-0.844327925502016
-0.013463561731184
0.829594860571830
0.921282398275823
0.178556894798635
-0.725889056058887
-0.972891321940145
-0.338737920245290
0.602213200286081
0.997734875046455
0.489599871965051
-0.461969759730589
-0.995129582585910
-0.626992362396822
0.309016994374939
0.965147119180892
0.747135564508148
-0.147562812492457
-0.908612337232872
-0.846724199228286
-0.017950993798105
0.827080574274563
0.923018467515396
0.182970947394055
-0.722794863827389
-0.973919425411304
-0.342957157654138
0.598624226943438
0.998026728428270
0.493508218064347
-0.457984742103064
-0.994677156652777
-0.630482294044719
0.304745564927224
0.963962860695853
0.750111069630459
-0.143122483211117
-0.906728826522705
-0.849103418222197
-0.022438064295801
0.824549628907141
0.924735945302240
0.187381314585727
-0.719686113050186
-0.974927912181824
-0.347169487214414
0.595023196102038
0.998298479539764
0.497406623913224
-0.453990499739542
-0.994204695916450
-0.633959526508157
0.300467997289454
0.962759186055460
0.753071466003612
-0.138679271154431
-0.904827052466016
-0.851465534561473
-0.026924682845660
0.822002075447909
0.926434797042887
0.191787907539964
-0.716562866343787
-0.975916761938745
-0.351374824081340
0.591410180293909
0.998550122907320
0.501295010989928
-0.449987113092115
-0.993712209893242
-0.637423989748687
0.296184377620478
0.961536119504147
0.756016693999255
-0.134233265817663
-0.902907053368368
-0.853810500668345
-0.031410759078142
0.819437965209730
0.928114988519034
0.196190637499102
-0.713425186616686
-0.976885954764649
-0.355573083550941
0.587785252292460
0.998781653462334
0.505173300974494
-0.445974662797060
-0.993199708502812
-0.640875613985034
0.291894792201031
0.960293685676945
0.758946694294559
-0.129784556752294
-0.900968867902413
-0.856138269310460
-0.035896202634598
0.816857349838953
0.929776485888248
0.200589415783281
-0.710273137068059
-0.977835471138029
-0.359764181061808
0.584148485111095
0.998993066541314
0.509041415750366
-0.441953229673217
-0.992667202067973
-0.644314329694506
0.287599327432013
0.959031909598967
0.761861407873411
-0.125333233564308
-0.899012535107116
-0.858448793601866
-0.040380923169138
0.814260281314374
0.931419255684615
0.204984153792241
-0.707106781186548
-0.978765291933714
-0.363948032196787
0.580499952001580
0.999184357885974
0.512899277405902
-0.437922894720354
-0.992114701314477
-0.647740067614424
0.283298069832744
0.957750816684931
0.764760776027604
-0.120879385912327
-0.897038094386961
-0.860742027003944
-0.044864830350506
0.811646811946190
0.933043264819442
0.209374763007097
-0.703926182748944
-0.979675398423238
-0.368124552684683
0.576839726452749
0.999355523643321
0.516746808235992
-0.433883739117544
-0.991542217370803
-0.651152758743566
0.278991106039222
0.956450432738632
0.767644740358018
-0.116423103505822
-0.895045585511166
-0.863017923326352
-0.049347833863744
0.809016994374941
0.934648480581909
0.213761154992128
-0.700731405818911
-0.980565772275217
-0.372293658401952
0.573167882188925
0.999506560365731
0.520583930743608
-0.429835844221523
-0.990949761767933
-0.654552334343429
0.274678522802381
0.955130783952423
0.770513242775798
-0.111964476103305
-0.893035048612889
-0.865276436727949
-0.053829843412123
0.806370881570455
0.936234870639736
0.218143241396558
-0.697522514745698
-0.981436395555738
-0.376455265374400
0.569484493168454
0.999637465011020
0.524410567641367
-0.425779291565081
-0.990337346439116
-0.657938725939708
0.270360406986341
0.953791896906691
0.773366225503521
-0.107503593510520
-0.891006524188370
-0.867517521717721
-0.058310768718936
0.803708526830780
0.937802403039829
0.222520933956305
-0.694299574162840
-0.982287250728687
-0.380609289778874
0.565789633582214
0.999748234942506
0.528226641853087
-0.421714162855314
-0.989704983719633
-0.661311865323670
0.266036845566689
0.952433798569321
0.776203631076364
-0.103040545578664
-0.888960053096195
-0.869741133155700
-0.062790519529341
0.801029983781123
0.939351046208924
0.226894144495896
-0.691062648986878
-0.983118320656125
-0.384755647944948
0.562083377852105
0.999838867929057
0.532032076515341
-0.417640539972110
-0.989052686346546
-0.664671684553424
0.261707925628585
0.951056516295143
0.779025402343241
-0.098575422202435
-0.886895676556403
-0.871947226253854
-0.067269005612041
0.798335306372690
0.940880768954217
0.231262784929946
-0.687811804415949
-0.983929588598634
-0.388894256356582
0.558365800629659
0.999909362145144
0.535826794978979
-0.413558504966524
-0.988380467458428
-0.668018115955523
0.257373734365313
0.949660077825423
0.781831482468043
-0.094108313318532
-0.884813436149738
-0.874135756577062
-0.071746136761411
0.795624548881785
0.942391540464037
0.235626767265340
-0.684547105928699
-0.984721038215626
-0.393025031653939
0.554636976794329
0.999959716170870
0.539610720810793
-0.409468140058866
-0.987688340595139
-0.671351092126006
0.253034359076113
0.948244511287232
0.784621814930589
-0.089639308903421
-0.882713373816669
-0.876306680043857
-0.076221822798890
0.792897765908461
0.943883330308361
0.239986003602564
-0.681268619282655
-0.985492653565731
-0.397147890634772
0.550896981452096
0.999989928992004
0.543383777794791
-0.405369527637435
-0.986976319697492
-0.674670545932098
0.248689887164861
0.946809845192914
0.787396343528027
-0.085168498971973
-0.880595531856736
-0.878459952927518
-0.080695973575196
0.790155012375692
0.945356108439572
0.244340406137921
-0.677976410513229
-0.986244419107041
-0.401262750256493
0.547145889934101
0.999999999999999
0.547145889934097
-0.401262750256446
-0.986244419107041
-0.677976410513225
0.244340406137871
0.945356108439573
0.790155012375689
-0.080695973575201
-0.878459952927493
-0.880595531856734
-0.085168498971968
0.787396343527995
0.946809845192912
0.248689887164856
-0.674670545932060
-0.986976319697491
-0.405369527637431
0.543383777794796
0.999989928992004
0.550896981452092
-0.397147890634776
-0.985492653565722
-0.681268619282651
0.239986003602569
0.943883330308362
0.792897765908493
-0.076221822798895
-0.876306680043860
-0.882713373816693
-0.089639308903416
0.784621814930592
0.948244511287230
0.253034359076163
-0.671351092126009
-0.987688340595138
-0.409468140058913
0.539610720810797
0.999959716170870
0.554636976794325
-0.393025031653891
-0.984721038215627
-0.684547105928696
0.235626767265289
0.942391540464038
0.795624548881782
-0.071746136761359
-0.874135756577065
-0.884813436149736
-0.094108313318527
0.781831482468010
0.949660077825422
0.257373734365308
-0.668018115955484
-0.988380467458427
-0.413558504966519
0.535826794978983
0.999909362145143
0.558365800629655
-0.388894256356587
-0.983929588598624
-0.687811804415946
0.231262784929951
0.940880768954219
0.798335306372721
-0.067269005612046
-0.871947226253856
-0.886895676556427
-0.098575422202430
0.779025402343244
0.951056516295159
0.261707925628580
-0.664671684553428
-0.989052686346545
-0.417640539972157
0.532032076515345
0.999838867929057
0.562083377852148
-0.384755647944952
-0.983118320656126
-0.691062648986875
0.226894144495846
0.939351046208926
0.801029983781120
-0.062790519529289
-0.869741133155702
-0.888960053096193
-0.103040545578659
0.776203631076331
0.952433798569320
0.266036845566684
-0.661311865323631
-0.989704983719632
-0.421714162855310
0.528226641853067
0.999748234942506
0.565789633582210
-0.380609289778853
-0.982287250728682
-0.694299574162837
0.222520933956309
0.937802403039821
0.803708526830777
-0.058310768718941
-0.867517521717709
-0.891006524188381
-0.107503593510515
0.773366225503506
0.953791896906698
0.270360406986337
-0.657938725939712
-0.990337346439120
-0.425779291565102
0.524410567641371
0.999637465011020
0.569484493168473
-0.376455265374405
-0.981436395555739
-0.697522514745715
0.218143241396508
0.936234870639738
0.806370881570469
-0.053829843412100
-0.865276436727951
-0.893035048612887
-0.111964476103329
0.770513242775801
0.955130783952421
0.274678522802403
-0.654552334343412
-0.990949761767932
-0.429835844221545
0.520583930743588
0.999506560365731
0.573167882188921
-0.372293658401930
-0.980565772275213
-0.700731405818908
0.213761154992106
0.934648480581901
0.809016994374938
-0.049347833863749
-0.863017923326340
-0.895045585511189
-0.116423103505817
0.767644740358003
0.956450432738639
0.278991106039217
-0.651152758743570
-0.991542217370806
-0.433883739117540
0.516746808235997
0.999355523643320
0.576839726452769
-0.368124552684687
-0.979675398423233
-0.703926182748960
0.209374763007101
0.933043264819444
0.811646811946203
-0.044864830350483
-0.860742027003947
