0.000000000000000
0.985407898483489
0.335451569750254
-0.871213811120189
-0.632029302664850
0.656059028990507
0.855364260160505
-0.364876784337620
-0.979575249599343
0.031410759078129
0.990268068741569
0.305695304963104
-0.886203579231215
-0.607375839723285
0.679441304261518
0.838670567945423
-0.393941909590953
-0.972775878209395
0.062790519529316
0.994150963972315
0.275637355816997
-0.900318771402194
-0.582122970157287
0.702153052995164
0.821149209133700
-0.422618261740705
-0.965016494472310
0.094108313318518
0.997052752226920
0.245307385878796
-0.913545457642601
-0.556295615500302
0.724171861437470
0.802817475191110
-0.450877540689438
-0.956304755963034
0.125333233564309
0.998970569790714
0.214735327167055
-0.925870584809995
-0.529919264233201
0.745475999682865
0.783693457325834
-0.478691857940614
-0.946649260115694
0.156434465040236
0.999902524009303
0.183951350612711
-0.937281989491894
-0.503019946630224
0.766044443118986
0.763796028634640
-0.506033764121166
-0.936059535738971
0.187381314585731
0.999847695156390
0.152985836284028
-0.947768410009588
-0.475624209070263
0.785856893175411
0.743144825477392
-0.532876276070733
-0.924546033612310
0.218143241396550
0.998806137341433
0.121869343405136
-0.957319497532070
-0.447759087838756
0.804893797355923
0.721760228098359
-0.559192903470751
-0.912120116172269
0.248689887164863
0.996778878456245
0.090632580197768
-0.965925826289071
-0.419452082446162
0.823136368534451
0.699663340513361
-0.584957674987220
-0.898794046299162
0.278991106039239
0.993767919160594
0.059306373575948
-0.973578902873163
-0.390731128489258
0.840566603495693
0.676875969682656
-0.610145163901273
-0.884580975215079
0.309016994374958
0.989776230907786
0.027921638723554
-0.980271174621721
-0.361624570082075
0.857167300702114
0.653420603990089
-0.634730513202274
-0.869494929505206
0.338737920245303
0.984807753012202
-0.003490651415239
-0.985996037070504
-0.332161131883685
0.872922077269812
0.629320391049819
-0.658689460118687
-0.853550797275313
0.368124552684690
0.978867388761678
-0.034899496702518
-0.990747840471443
-0.302369890750425
0.887815385136404
0.604599114862356
-0.681998360062506
-0.836764313458946
0.397147890634793
0.971961000578538
-0.066273900400018
-0.994521895368273
-0.272280247040554
0.901832526405117
0.579281172342658
-0.704634209963603
-0.819152044288975
0.425779291565086
0.964095404234101
-0.097582899759168
-0.997314477224458
-0.241921895599646
0.914959667849828
0.553391549243322
-0.726574670970984
-0.800731370948715
0.453990499739561
0.955278362122333
-0.128795596577582
-0.999122830098858
-0.211324796455366
0.927183854566791
0.526955795496654
-0.747798090498541
-0.781520472418799
0.481753674101730
0.945518575599305
-0.159881187691856
-0.999945169365511
-0.180519145250536
0.938493022759559
0.499999999999975
-0.768283523593532
-0.761538307536716
0.509041415750387
0.934825676396001
-0.190808995376566
-0.999780683474844
-0.149535343443684
0.948876011644500
0.472550764869028
-0.788010753606731
-0.740804596286727
0.535826794979013
0.923210217112966
-0.221548497619490
-0.998629534754572
-0.118403968306474
0.958322574465136
0.444635179184900
-0.806960312143812
-0.719339800338627
0.562083377852147
0.910683660806161
-0.252069358243137
-0.996492859249502
-0.087155742747630
0.966823388604462
0.416280792260372
-0.825113498278305
-0.697165102854539
0.587785252292490
0.897258369674311
-0.282341456842901
-0.993372765600391
-0.055821504993135
0.974370064785238
0.387515586452099
-0.842452397007173
-0.674302387583696
0.612907053652994
0.882947592858921
-0.312334918512285
-0.989272332962981
-0.024432178152623
0.980955155349194
0.358367949545295
-0.858959896930689
-0.650774217265822
0.637423989748708
0.867765453368922
-0.342020143325721
-0.984195607969233
0.006981260297993
0.986572161606971
0.328866646738577
-0.874619707139419
-0.626603811364430
0.661311865323670
0.851726934143040
-0.371367835550288
-0.978147600733795
0.038387809087552
0.991215540251543
0.299040792256079
-0.889416373291320
-0.601815023152017
0.684547105928707
0.834847863263398
-0.400349032556948
-0.971134279909624
0.069756473744159
0.994880708828789
0.268919820615257
-0.903335292863322
-0.576432316169760
0.707106781186566
0.817144898335119
-0.428935133403199
-0.963162566797645
0.101056297182981
0.997564050259825
0.238533457578571
-0.916362729562260
-0.550480740084961
0.728968627421430
0.798635510047282
-0.457097927058748
-0.954240328516262
0.132256390257158
0.999262916410621
0.207911690817749
-0.928485826880933
-0.523985905970042
0.750111069630479
0.779337964931462
-0.484809620246391
-0.944376370237464
0.163325962241658
0.999975630705394
0.177084740319572
-0.939692620785927
-0.496973961027517
0.770513242775808
0.759271307334868
-0.512042864870625
-0.933580426497183
0.194234351220009
0.999701489781182
0.146083028562399
-0.949972051524669
-0.469471562785851
0.790155012375709
0.738455340625870
-0.538770785006916
-0.921863151588480
0.224951054343903
0.998440764181978
0.114937150492853
-0.959313974540073
-0.441505852791704
0.809016994374966
0.716910607650468
-0.564967003424991
-0.909236109047046
0.255445757935829
0.996194698091742
0.083677843332300
-0.967709170481985
-0.413104429824499
0.827080574274580
0.694658370458981
-0.590605667619978
-0.895711760239388
0.285688367405013
0.992965508106533
0.052335956242928
-0.975149354305576
-0.384295322659759
0.844327925502033
0.671720589322973
-0.615661475325711
-0.881303452064965
0.315649036947142
0.988756381047000
0.020942419883340
-0.981627183447675
-0.355106962408091
0.860742027003961
0.648119901063112
-0.640109699485007
-0.866025403784410
0.345298198998575
0.983571470813379
-0.010471784116264
-0.987136265072997
-0.325568154457109
0.876306680043881
0.623879596709366
-0.663926212652293
-0.849892692986833
0.374606593415953
0.977415894286088
-0.041875653729219
-0.991671162383098
-0.295708050043997
0.891006524188385
0.599023598515564
-0.687087510804474
-0.832921240710067
0.403545296352431
0.970295726275987
-0.073238197127652
-0.995227399981837
-0.265556117486758
0.904827052466036
0.573576436351023
-0.709570736536571
-0.815127795728519
0.432085748802024
0.962217993529275
-0.104528463267675
-0.997801468292053
-0.235142113102538
0.917754625683997
0.547563223492526
-0.731353701619219
-0.796529918024159
0.460199784783894
0.953190667792935
-0.135715572434327
-0.999390827019097
-0.204496051841737
0.929776485888266
0.521009631840551
-0.752414908895772
-0.777145961456931
0.487859659138775
0.943222657947588
-0.166768746716126
-0.999993907657790
-0.173648177666875
0.940880768954239
0.493941866584204
-0.772733573497398
-0.756995055651715
0.515038074910097
0.932323801215498
-0.197657340379150
-0.999610115040351
-0.142628933705455
0.951056516295166
0.466386640339863
-0.792289643355236
-0.736097087119690
0.541708210282782
0.920504853452424
-0.228350870110736
-0.998239827923760
-0.111468932206268
0.960293685676955
0.438371146789047
-0.811063818989338
-0.714472679632797
0.567843745053190
0.907777478532867
-0.258819045102602
-0.995884398615963
-0.080198924328800
0.968583161128642
0.409923033841541
-0.829037572555053
-0.692143173870400
0.593418886603789
0.894154236839324
-0.289031796944553
-0.992546151641312
-0.048849769795553
0.975916761938757
0.381070376350241
-0.846193166127575
-0.669130606358850
0.618408395357641
0.879648572866569
-0.318959309298151
-0.988228381446541
-0.017452406437222
0.982287250728697
0.351841648404668
-0.862513669207269
-0.645457687723941
0.642787609686625
0.864274801953654
-0.348572047321897
-0.982935349149540
0.013962180339208
0.987688340595145
0.322265695230475
-0.877982975427992
-0.621147780278300
0.666532470249536
0.848048096156372
-0.377840786818549
-0.976672278334151
0.045362988129317
0.992114701314483
0.292371704722700
-0.892585818452136
-0.596224874965605
0.689619543735752
0.830984469274271
-0.406736643075882
-0.969445349895119
0.076719028126883
0.995561964603084
0.262189178640826
-0.906307787036660
-0.570713567684419
0.712026045991077
0.813100761046967
-0.435231099372409
-0.961261695938296
0.107999355706088
0.998026728428274
0.231747903494118
-0.919135339255245
-0.544639035015013
0.733729864502955
0.794414620535354
-0.463296035119943
-0.952129392742114
0.139173100960131
0.999506560365732
0.201077921145924
-0.931055815862538
-0.518027009373115
0.754709580222849
0.774944488704112
-0.490903753615221
-0.942057452787269
0.170209499166099
0.999999999999999
0.170209499165990
-0.942057452787306
-0.490903753615125
0.774944488704254
0.754709580222701
-0.518027009373210
-0.931055815862498
0.201077921146032
0.999506560365729
0.139173100960022
-0.952129392742147
-0.463296035119844
0.794414620535490
0.733729864502802
-0.544639035015106
-0.919135339255201
0.231747903494225
0.998026728428267
0.107999355705978
-0.961261695938327
-0.435231099372309
0.813100761047097
0.712026045990919
-0.570713567684510
-0.906307787036614
0.262189178640933
0.995561964603073
0.076719028126773
-0.969445349895146
-0.406736643075780
0.830984469274396
0.689619543735590
-0.596224874965693
-0.892585818452086
0.292371704722806
0.992114701314469
0.045362988129206
-0.976672278334174
-0.377840786818446
0.848048096156490
0.666532470249369
-0.621147780278387
-0.877982975427939
0.322265695230580
0.987688340595127
0.013962180339097
-0.982935349149560
-0.348572047321793
0.864274801953766
0.642787609686453
-0.645457687724026
-0.862513669207213
0.351841648404771
0.982287250728676
-0.017452406437333
-0.988228381446557
-0.318959309298046
0.879648572866675
0.618408395357465
-0.669130606358932
-0.846193166127516
