0.000000000000000
0.994258180634413
-0.212786770195562
-0.948718490388799
0.415827335842032
0.859724949801190
-0.599821894687913
-0.731353701619170
0.756343002654873
0.569484493168451
-0.878221573370227
-0.381531368161951
0.959875241542888
0.176103083620937
-0.997564050259823
0.037391194276324
0.989561751039376
-0.249172855231206
-0.936234870639736
0.449541731392497
0.840025923150772
-0.629320391049836
-0.705341536300409
0.780274489610406
0.538350616090681
-0.895489924657301
-0.346701794364205
0.969689520376685
0.139173100960069
-0.999474736358009
0.074730093586422
0.983481329856168
-0.285210449497801
-0.922441841766729
0.482627402182610
0.819152044288991
-0.657938725939713
-0.678342887063888
0.803114692137298
0.506463806996920
-0.911505852311671
-0.311387326757153
0.978147600733804
0.102048472133031
-0.999987566661691
0.111964476103300
0.976025421103623
-0.320849151161127
-0.907358694567863
0.515038074910049
0.797132507222920
-0.685636874028431
-0.650395513961872
0.824831666147038
0.473868662473006
-0.926246956610307
-0.275637355817006
0.985237653224058
0.064781119290158
-0.999101823931318
0.149042266176169
0.967204452544321
-0.356039116274353
-0.891006524188365
0.546728420318341
0.773998108266232
-0.712376096951343
-0.621538503922747
0.845395038487749
0.440610769775889
-0.939692620785908
-0.239501881110723
0.990949761767934
0.027423164194242
-0.996818746958190
0.185911607162912
0.957030761100414
-0.390731128489259
-0.873408200617126
0.577654116593882
0.749781202967738
-0.738118997487331
-0.591812216084360
0.864776049423808
0.406736643075804
-0.951824039861318
-0.203031441367193
0.995275937465126
-0.009973144676491
-0.993141528831898
0.222520933956300
0.945518575599314
-0.424876667889839
-0.854588336700964
0.607771911354020
0.724515660859265
-0.762829571862268
-0.561258225348246
0.882947592858921
0.372293658401960
-0.962624246950013
-0.166277043794130
0.998210129767734
-0.047355505202575
-0.988075312474494
0.258819045102522
0.932683996873429
-0.458427978851640
-0.834573253721312
0.637039682139468
0.698236818086074
-0.786473260103444
-0.529919264233217
0.899884254246485
0.337329987382829
-0.972078136985772
-0.129290092740046
0.999748234942506
-0.084671634772626
-0.981627183447664
0.294755174410894
0.918544975241642
-0.491338136832515
-0.813390944581528
0.665416495326255
0.670981427985980
-0.809016994374951
-0.497839163110137
0.915562346134056
0.301894529873913
-0.980172487848539
-0.092122317800412
0.999888101810272
-0.121869343405138
-0.973806160042909
0.330279061955173
0.903121285404191
-0.523561114000638
-0.791071034656349
0.692862663375237
0.642787609686537
-0.830429245225901
-0.465062788901260
0.929959941292480
0.266036845566670
-0.986895978856720
-0.054825701469368
0.998629534754574
-0.158896606741110
-0.964623180668655
0.365341024366389
0.886434498785994
-0.555051843608759
-0.767644740358008
0.719339800338629
0.613694794792054
-0.850680065687345
-0.431635982329637
0.943056903383059
0.229807084674999
-0.992239206600169
-0.017452406437275
0.995974293995240
-0.195701638804587
-0.954091088551918
0.399892024319724
0.868507953366986
-0.585766283024028
-0.743144825477399
0.744810875546276
0.583743672234807
-0.869741133155695
-0.397605493806820
0.954834915120022
0.193255917795544
-0.996194698091742
0.019945297363294
0.991926093126563
-0.232232964430226
-0.942224613775877
0.433883739117531
0.849366721041937
-0.615661475325669
-0.717605555360825
0.769240265396249
0.552976131367967
-0.887585789004548
-0.363018918048098
0.965277503888960
0.156434465040233
-0.998756921218922
0.057315105861984
0.986490593923519
-0.268439491255862
-0.929040352678504
0.467268628273075
0.829037572555052
-0.644695609383939
-0.691062648986888
0.792593803177897
0.521435203379488
-0.904189075869129
-0.327924627507206
0.974370064785226
0.119394224540259
-0.999922292480974
0.094604754002510
0.979675398423236
-0.304270581179872
-0.914556744641107
0.500000000000002
0.807548940058717
-0.672828078337045
-0.663553229010201
0.814838826856931
0.489165001109289
-0.919527772551436
-0.292371704722749
0.982099881040239
0.082187000421256
-0.999689182000815
0.131762088840155
0.971490038292871
-0.339676121182927
-0.898794046299179
0.532032076515329
0.784930877348513
-0.700019536383327
-0.635115769842178
0.835944224756270
0.456210657353174
-0.933580426497204
-0.256409873672053
0.988456141806989
0.044864830350496
-0.998057915804532
0.168735142482150
0.961945961498713
-0.374606593415905
-0.881774303211640
0.563320058063605
0.761215017830408
-0.726231953809969
-0.605790043840828
0.855880479068563
0.422618261740721
-0.946327383799162
-0.220089430227624
0.993429957280053
0.007479912757726
-0.995030775365403
0.205472204769813
0.951056516295148
-0.409013144454863
-0.863521319028229
0.593820185573475
0.736434530278368
-0.751428670181027
-0.575617065685692
0.874619707139394
0.388434796274728
-0.957750816684925
-0.183461171813775
0.997014371128742
-0.029915466169393
-0.990611994413049
0.241921895599650
0.938836932555984
-0.442847653627023
-0.844060622197793
0.623489801858743
0.710624072444966
-0.775574445610211
-0.544639035015056
0.892135700463876
0.353708069622573
-0.967834748450659
-0.146576326362053
0.999204370226177
-0.067269005612022
-0.984807753012206
0.278033236783138
0.925304300473999
-0.476062800311933
-0.823419430264551
0.652287411278121
0.683819742589345
-0.798635510047285
-0.512899277405897
0.908403961341493
0.318486650251687
-0.976565075805967
-0.109486480664013
0.999996891660591
-0.104528463267624
-0.977626168919305
0.313755723344384
0.910477546658823
-0.508612130123433
-0.801626611801861
0.680172737770910
0.656059028990499
-0.820579610508377
-0.480442183779339
0.923401737138379
0.282819798501842
-0.983929588598630
-0.072243508222590
0.999390827019097
-0.141641728415548
-0.969077286229082
0.349039394155681
0.894377407666325
-0.540450119880569
-0.778712646036922
0.707106781186530
0.627380757516693
-0.841376056184768
-0.447313148315594
0.937108052108935
0.246757397690320
-0.989917986891561
-0.034899496702484
0.997387023937890
-0.178556894798584
-0.959173061326996
0.383834901812991
0.877026400996760
-0.571532241275965
-0.754709580222809
0.733051871829802
0.597825037323723
-0.860995761366635
-0.413558504966492
0.949503736732306
0.210349884345534
-0.994521895368271
0.002493324919484
0.993988284916781
-0.215222333218558
-0.947927346167144
0.418093581652536
0.858448793601865
-0.601815023152066
-0.729650984817497
0.757971723145421
0.567433204758802
-0.879411286122237
-0.379225462652911
0.960571454522721
0.173648177666981
-0.997734875046453
0.039882659401098
0.989199363399613
-0.251586763744544
-0.935355868899053
0.451767519812778
0.838670567945429
-0.631256112300247
-0.703571906532460
0.781831482467992
0.536247765547898
-0.896596874675013
-0.344362039239028
0.970295726276002
0.136703608310136
-0.999552432283501
0.077216214377221
0.983026957126157
-0.287599327432041
-0.921476211870433
0.484809620246297
0.817719385664444
-0.659814332695177
-0.676508819316989
0.804597779766625
0.504312335347636
-0.912528491425396
-0.309016994374952
0.978662951718841
0.099567846595778
-0.999972025061269
0.114441775495401
0.975479698764714
-0.323209657454472
-0.906307787036634
0.517173670587863
0.795624548881801
-0.687449743083308
-0.648499573345610
0.826238774316011
0.471671578744854
-0.927183854566772
-0.273239761301936
0.985661428529863
0.062292830244825
-0.998993066541317
0.151507279442359
0.966568143838552
-0.358367949545301
-0.889871808811457
0.548814406786613
0.772416959224629
-0.714123692844330
-0.619583342081500
0.846724199228293
0.438371146789143
-0.940542467248603
-0.237080377715525
0.991281368706423
0.024930691738058
-0.996616925885645
0.188360886759243
0.956304755963044
-0.393025031653913
-0.872191264396599
0.579687576412008
0.748129074605565
-0.739798876047558
-0.589800567488779
0.866025403784441
0.404457613145620
-0.952585646243126
-0.200589415783313
0.995514912254012
-0.012466314595418
-0.992846926341833
0.224951054343800
0.944703889414184
-0.427132432717175
-0.853290881632155
0.609750000544490
0.722794863827440
-0.764439383627651
-0.559192903470769
0.884115393504607
0.369978408957863
-0.963296548075564
-0.163817911415190
0.998356138179168
-0.049845885660688
-0.987688340595135
0.261226607538172
0.931781769052828
-0.460642450450601
-0.833197094412455
0.638959634165662
0.696449759074744
-0.788010753606684
-0.527803157613242
0.900968867902411
0.334981756510546
-0.972660192581125
-0.126817292885013
0.999801072770522
-0.087155742747637
-0.981148383394171
0.297136811700845
0.917556467632760
-0.493508218064306
-0.811938005715870
0.667275624961678
0.669130606358843
-0.810480019292342
-0.495675231314141
0.916562255869964
0.299516601786626
-0.980663483856313
-0.089639308903397
0.999847695156391
-0.124343704647452
-0.973236201460453
0.332631443164292
0.902047880524265
-0.525683769810454
-0.789543348300257
0.694658370458986
0.640875613985018
-0.831815755384884
-0.462854058383506
0.930873748644188
0.263632546011857
-0.987295228574595
-0.052335956242919
0.998495940131154
-0.161357760632762
-0.963962860695858
0.367660859476874
0.885277697888844
-0.557124105270513
-0.766044443119009
0.721069573411973
0.611724299115010
-0.851988121928010
-0.429385542199476
0.943883330308349
0.227379776282991
-0.992546151641320
-0.014959407015251
0.995747698246434
-0.198146143199342
-0.953341330705972
0.402176068832405
0.867269374343282
-0.587785252292498
-0.741474155515867
0.746472295365124
0.581717432498619
-0.870968906043126
-0.395316491508160
0.955572805786121
0.190808995376587
