0.000000000000000
0.957175248325320
0.554221972059778
-0.636270591783854
-0.922634279794503
0.102048472133023
0.981722211257633
0.466386640339890
-0.711675817973071
-0.878459952927509
0.203031441367176
0.996018870191123
0.373681698062500
-0.779650333723854
-0.825113498278293
0.301894529873904
0.999915951636247
0.277075090976050
-0.839484407258077
-0.763151913917334
0.397605493806789
0.993372765600395
0.177575502677155
-0.890553302335513
-0.693222149733982
0.489165001109291
0.976457630438005
0.076221822798883
-0.932323801215513
-0.616054352538841
0.575617065685677
0.949347159528717
-0.025927700186613
-0.964359772060790
-0.532454242495003
0.656059028990512
0.912324417231452
-0.127806508293850
-0.986326722653182
-0.443294700476975
0.729650984817451
0.865775963368395
-0.228350870110664
-0.997995292875422
-0.349506654194859
0.795624548881783
0.810187817097816
-0.326510987372148
-0.999243649493385
-0.252069358243104
0.853290881632158
0.746140382317555
-0.421261956056643
-0.990058758234558
-0.152000169561262
0.902047880524280
0.674302387583714
-0.511614467557205
-0.970536519880771
-0.050343925062589
0.941386466660906
0.595423903818867
-0.596625138196350
-0.940880768954220
0.051837967659639
0.970895900158420
0.510328512712683
-0.675406359231816
-0.901401145451670
0.153478612642844
0.990268068741571
0.419904707586142
-0.747135564508153
-0.852509861848308
0.253516765170593
0.999300704788398
0.325096616503820
-0.811063818989335
-0.794717399127547
0.350907912382570
0.997899497235825
0.226894144495862
-0.866523638498015
-0.728627176774991
0.444635179184942
0.986079076295141
0.126322637816027
-0.912935959014702
-0.654929252388077
0.533719945590597
0.963962860695850
0.024432178152635
-0.949816182769144
-0.574393116684655
0.617232064632462
0.931781769052801
-0.077713381426530
-0.976779237995925
-0.487859659138715
0.694299574162856
0.889871808811462
-0.179047524318505
-0.993543599524648
-0.396232388131527
0.764117801136724
0.838670567945412
-0.278512206039651
-0.999934228225054
-0.300467997289443
0.825957763319631
0.778712646036892
-0.375068901421531
-0.995884398615967
-0.201566376507139
0.879173780697060
0.710624072444942
-0.467709448002851
-0.981436395555739
-0.100560171952107
0.923210217112989
0.635115769842163
-0.555466572400022
-0.956741072739881
0.001495995943710
0.957607281747654
0.552976131367915
-0.637423989748709
-0.922056277615780
0.103536543928925
0.982005829860198
0.465062788901241
-0.712725970767073
-0.877744159160082
0.204496051841816
0.996151112670952
0.372293658401927
-0.780586276549385
-0.824267386628724
0.303320386816857
0.999895437230425
0.275637355816972
-0.840296367800345
-0.762184318760061
0.398977709638934
0.993199708502810
0.176103083620929
-0.891232802796723
-0.692143173870385
0.490469248326093
0.976133837562913
0.074730093586406
-0.932863746832784
-0.614875261712427
0.576839726452773
0.948876011644486
-0.027423164194265
-0.964754525183627
-0.531187347764089
0.657187337329473
0.911710833661489
-0.129290092740041
-0.986572161606974
-0.441953229673201
0.730673159897285
0.865026350627739
-0.229807084675036
-0.998088854996449
-0.348104613809481
0.796529918024216
0.809310002001817
-0.327924627507229
-0.999184357885973
-0.250621387183115
0.854069991746642
0.745143530260963
-0.422618261740731
-0.989847231970978
-0.150521386302510
0.902692596809125
0.673196906843431
-0.512899277405919
-0.970174967537427
-0.048849769795577
0.941890057539863
0.594221336879630
-0.597825037323733
-0.940372965551565
0.053331894243039
0.971253107566076
0.509041415750338
-0.676508819317030
-0.900752393038679
0.154956712238519
0.990475163023579
0.418546519366770
-0.748129074605536
-0.851726934143026
0.254963604726265
0.999355523643321
0.323681518067588
-0.811938005715870
-0.793808470791711
0.352308385236571
0.997801468292048
0.225436911090833
-0.867269374343289
-0.727601738061191
0.445974662797116
0.985829223087080
0.124838484627472
-0.913545457642617
-0.653798010050625
0.534984454218229
0.963563791977094
0.022936601439332
-0.950283080316093
-0.573167882188906
0.618408395357565
0.931237651557734
-0.079204766131210
-0.977098659516909
-0.486553225335713
0.695375444745745
0.889188323749741
-0.180519145250604
-0.993712209893246
-0.394858395686122
0.765081978256555
0.837854851683732
-0.279948697791499
-0.999950266955942
-0.299040792256069
0.826800179863270
0.777773215587043
-0.376455265374398
-0.995747698246431
-0.200100860540503
0.879885640871202
0.709570736536487
-0.469031208929700
-0.981148383394164
-0.099071646717032
0.923784088282281
0.633959526508139
-0.556709929603230
-0.956304755963028
0.002991988539373
0.958037172039993
0.551729053112681
-0.638575961155423
-0.921476211870384
0.105024384009531
0.982287250728697
0.463737896649667
-0.713774528476729
-0.877026400996747
0.205960204653229
0.996281125759493
0.370904785546250
-0.781520472418833
-0.823419430264527
0.304745564927235
0.999872685053500
0.274199003780126
-0.841106447755050
-0.761215017830372
0.400349032556944
0.993024428619194
0.174630270445070
-0.891910308674352
-0.691062648986836
0.491772397870195
0.975807860095300
0.073238197127605
-0.933401604696216
-0.613694794792032
0.578061096249569
0.948402740170902
-0.028918566828749
-0.965147119180907
-0.529919264233157
0.658314174879832
0.911095209678005
-0.130773387834378
-0.986815392607217
-0.440610769775850
0.731693699726839
0.864274801953689
-0.231262784929977
-0.998180183389511
-0.346701794364190
0.797433504528588
0.808430375665885
-0.329337533745329
-0.999122830098855
-0.249172855231153
0.854847190448130
0.744145010569320
-0.423973621602975
-0.989633490424232
-0.149042266176139
0.903335292863314
0.672089919485025
-0.514182939383427
-0.969811243937541
-0.047355505202572
0.942391540464057
0.593017440069989
-0.599023598515635
-0.939863057589393
0.054825701469414
0.971608141304316
0.507753179550713
-0.677609765372035
-0.900101624737230
0.156434465040265
0.990680040617105
0.417187394438146
-0.749120910386223
-0.850942100268531
0.256409873672043
0.999408105935471
0.322265695230449
-0.812810375321011
-0.792897765908440
0.353708069622631
0.997701206263479
0.223979173156801
-0.868013169235287
-0.726574670970949
0.447313148315662
0.985577163588183
0.123354052049806
-0.914152911751101
-0.652665304509915
0.536247765547927
0.963162566797639
0.021440973393769
-0.950747851124656
-0.571941364940481
0.619583342081538
0.930691449948022
-0.080695973575261
-0.977415894286103
-0.485245702624154
0.696449759074790
0.888502848680029
-0.181990362179876
-0.993878596328828
-0.393483519545606
0.766044443119023
0.837037260298593
-0.281384563016757
-0.999964067793018
-0.297612917967846
0.827640746023893
0.776832044476740
-0.377840786818507
-0.995608769388458
-0.198634896747172
0.880595531856752
0.708515812605133
-0.470351920162254
-0.980858175417488
-0.097582899759076
0.924355892018067
0.632801864369430
-0.557952040886790
-0.955866298971231
0.004487974438979
0.958464918240249
0.550480740084956
-0.639726503425825
-0.920894083856534
0.106511989044972
0.982566473233293
0.462411966550358
-0.714821488755338
-0.876306680043826
0.207423896524677
0.996408909165781
0.369515082603739
-0.782452919241483
-0.822569631083417
0.306170061015508
0.999847695156389
0.272760038084451
-0.841914645309191
-0.760244013297616
0.401719459491718
0.992846926341833
0.173157066445827
-0.892585818452160
-0.689980577501524
0.493074446825180
0.975479698764698
0.071746136761316
-0.933937373602093
-0.612512954419524
0.579281172342721
0.947927346167115
-0.030413904743333
-0.965537553173981
-0.528649994740199
0.659439539119657
0.910477546658780
-0.132256390257147
-0.987056415109568
-0.439267323789368
0.732712602022170
0.863521319028225
-0.232717967617649
-0.998269277850215
-0.345298198998483
0.798335306372766
0.807548940058671
-0.330749702924344
-0.999059066269734
-0.247723765629065
0.855622475997203
0.743144825477337
-0.425328032610058
-0.989417534072667
-0.147562812492442
0.903975967248508
0.670981427985963
-0.515465450616910
-0.969445349895110
-0.045861134627648
0.942890914311163
0.591812216084330
-0.600220819089659
-0.939351046208910
0.056319385995589
0.971961000578552
0.506463806996850
-0.678709194932898
-0.899448842003728
0.157911867740851
0.990882701063636
0.415827335842026
-0.750111069630499
-0.850155361981202
0.257855568771268
0.999458451547167
0.320849151161090
-0.813680925852373
-0.791985286515946
0.355106962408221
0.997598711374510
0.222520933956234
-0.868755021509344
-0.725545977802877
0.448650632745095
0.985322898362543
0.121869343405141
-0.914758319980715
-0.651531138300827
0.537509876752335
0.962759186055432
0.019945297363254
-0.951210494154664
-0.570713567684402
0.620756902174822
0.930143165446105
-0.082187000421311
-0.977730941593514
-0.483937093930180
0.697522514745711
0.887815385136370
-0.183461171813899
-0.994042758459034
-0.392107762786961
0.767005193570071
0.836217795619783
-0.282819798501868
-0.999975630705394
-0.296184377620444
0.828479459920291
0.775889134812384
-0.379225462653002
-0.995467612352966
-0.197168488407871
0.881303452064997
0.707459303011725
-0.471671578744904
-0.980565772275208
-0.096093934410092
0.924925627040617
0.631642786016910
-0.559192903470781
-0.955425702745767
0.005983950294419
0.958890519391114
0.549231195078567
-0.640875613985084
-0.920309894877014
0.107999355706094
0.982843496749116
0.461085001570652
-0.715866849259799
-0.875584997912100
0.208887124180384
0.996534462603827
0.368124552684583
-0.783383614930462
-0.821717990987264
0.307593871893563
0.999820467595022
0.271320461950471
-0.842720958654080
-0.759271307334869
