0.000000000000000
0.987843866299395
-0.307119344598698
-0.892360870408477
0.584553152728770
0.710624072444951
-0.805485232008600
-0.460199784783852
0.948560733217858
0.165293514029487
-0.999950266955942
0.145589694436704
0.954686624531124
-0.442400496655399
-0.817144898335129
0.696449759074763
0.600619594235973
-0.883181592340996
-0.326039611452346
0.984546874040391
0.019945297363304
-0.990747840471443
0.288076888944373
0.901185118724673
-0.568254144143262
-0.724515660859274
0.793505099790893
0.477815980375922
-0.942057452787295
-0.184931570860678
0.999552432283502
-0.125827951334813
-0.960432689513918
0.424425197516708
0.828479459920244
-0.681998360062493
-0.616447076559476
0.873650936538937
0.344830161992779
-0.980858175417501
-0.039882659401116
0.993257641197462
-0.268919820615263
-0.909650826523038
0.551729053112683
0.738118997487346
-0.781209268031032
-0.495242074749639
0.935179370598550
0.204496051841795
-0.998756921218921
0.106016147021419
0.965796642068664
-0.406281038920692
-0.839484407258085
0.667275624961676
0.632029302664856
-0.863772694816205
-0.363483520315686
0.976779237995920
0.059804153945051
-0.995372269942039
0.249655761336415
0.917754625683984
-0.534984454218189
-0.751428670181029
0.768602628680510
0.512471134855656
-0.927929223127290
-0.223979173156855
0.997564050259822
-0.086162163711212
-0.970776348122921
0.387975239601753
0.850155361981266
-0.652287411278102
-0.647360073093987
0.853550797275326
0.381992265099279
-0.972311684599093
-0.079701855139675
0.997090885390702
-0.230292375399702
-0.925493292074877
0.518027009373126
0.764439383627696
-0.755690197347013
-0.529496306035585
0.920309894877016
0.243373183359177
-0.995974293995236
0.066273900399993
0.975369826478432
-0.369515082603789
-0.860488078602894
0.637039682139453
0.662433288431479
-0.842989310743793
-0.400349032556903
0.967457292663049
0.099567846595831
-0.998412803784633
0.210837366614600
0.932863746832781
-0.500863465172502
-0.777145961456978
0.742477111298896
0.546310814749147
-0.912324417231440
-0.262670366455281
0.993988284916783
-0.046359269721960
-0.979575249599346
0.350907912382533
0.870478446205559
-0.621538503922712
-0.677242951731430
0.832092437156146
0.418546519366813
-0.962217993529280
-0.119394224540278
0.999337499192700
-0.191298475243077
-0.939863057589422
0.483500650208956
0.789543348300254
-0.728968627421397
-0.562907971269111
0.903975967248468
0.281863044974857
-0.991606813167025
0.026426194801782
0.983390944339333
-0.332161131883681
-0.880122490076993
0.605790043840797
0.691783170903219
-0.820864511882100
-0.436577485577688
0.956595871676292
0.139173100960091
-0.999864603720714
0.171683474920160
0.946488439637787
-0.465945472355793
-0.801626611801855
0.715170120125022
0.579281172342701
-0.895267866396140
-0.300943583025202
0.988830826225120
-0.006482606102170
-0.986815392607215
0.313282199597392
0.889416373291298
-0.589800567488751
-0.706048161055857
0.809310002001804
0.454434757489248
-0.950593163890349
-0.158896606741148
0.999993907657789
-0.152000169561245
-0.952737257040102
0.448204916018824
0.813390944581536
-0.701087079207465
-0.595423903818911
0.886203579231210
0.319904389329121
-0.985661428529855
-0.013463561731243
0.989847231970985
-0.294278626591109
-0.898356398235662
0.573576436351037
0.720032246799362
-0.797433504528553
-0.472111230506287
0.944212258375504
0.178556894798673
-0.999725359559776
0.132256390257109
0.958607023676485
-0.430286039357518
-0.824831666147075
0.686725107669331
0.611329743239995
-0.876786712020715
-0.338737920245306
0.982099881040232
0.033404373026531
-0.992485256199834
0.275157973521062
0.906939008081233
-0.557124105270523
-0.733729864502888
0.785239744579807
0.489599871965097
-0.937455693803465
-0.198146143199425
0.999059066269734
-0.112459992158327
-0.964095404234115
0.412195971476828
0.835944224756319
-0.672089919485036
-0.626992362396842
0.867021011307319
0.357436682769559
-0.978147600733800
-0.053331894243062
0.994728415744064
-0.255927847624333
-0.915160788198441
0.540450119880583
0.747135564508194
-0.772733573497333
-0.506893723931743
0.930326158303556
0.217656558273582
-0.997995292875420
0.092618851350268
0.969200215136328
-0.393941909590924
-0.846724199228308
0.657187337329414
0.642405529846579
-0.856910362418569
-0.375993237515725
0.973806160042889
0.073238197127664
-0.996575818152637
0.236595899692202
0.923018467515406
-0.523561114000608
-0.760244013297678
0.759919966917061
0.523985905970108
-0.922826488393305
-0.237080377715564
0.996534462603821
-0.072740861719216
-0.973919425411317
0.375531116159720
0.857167300702131
-0.642023290261310
-0.657563113391854
0.846458787921207
0.394400201675809
-0.969077286229061
-0.093115361868973
0.998026728428273
-0.217169821026463
-0.930508919819395
0.506463806996894
0.773049995616580
-0.746804022789466
-0.540869617879355
0.914959667849807
0.256409873672086
-0.994677156652769
0.052833931811981
0.978251157500245
-0.356970915999424
-0.867269374343301
0.626603811364424
0.672459082520380
-0.835670446020721
-0.412650251957044
0.963962860695838
0.112955480248422
-0.999080569319850
0.197657340379078
0.937629165000517
-0.489165001109217
-0.785548416547733
0.733390959351477
0.557538142399463
-0.906728826522693
-0.275637355817048
0.992424113959730
-0.032905981689391
-0.982193688004186
0.338268693368534
0.877026400996803
-0.610935035347191
-0.687087510804462
0.824549628907100
0.430736127495551
-0.958464918240221
-0.132750658786334
0.999736921552072
-0.178066220877480
-0.944376370237499
0.471671578744736
0.797734303538639
-0.719686113050116
-0.573984847883534
0.898137239088886
0.294755174410999
-0.989776230907779
0.012964939775259
0.985745448369808
-0.319431889029663
-0.886434498785994
0.595023196101968
0.701442578258679
-0.813100761047024
-0.448650632745152
0.952585646243133
0.152493021882775
-0.999995523992272
0.158404256935916
0.950747851124670
-0.453990499739489
-0.809602808379823
0.705694936419669
0.590203190936502
-0.889188323749756
-0.313755723344457
0.986734560968997
0.006981260297972
-0.988905025513394
0.300467997289410
0.895489924657352
-0.578874624225041
-0.715518573655437
0.801328397423487
0.466386640339953
-0.946327383799153
-0.172174714950445
0.999856273754319
-0.138679271154413
-0.956741072739913
0.436128798589598
0.821149209133712
-0.691422995912108
-0.606186719018269
0.879885640871119
0.332631443164359
-0.983300314285330
-0.026924682845778
0.991671162383099
-0.281384563016662
-0.904189075869186
0.562495744497691
0.729309896797203
-0.789237221724016
-0.483937093930298
0.939692620785900
0.191787907540053
-0.999319226239541
0.118899111206517
0.962353650653303
-0.418093581652511
-0.832368912013345
0.676875969682600
0.621929073010916
-0.870232891566946
-0.351374824081412
0.979474857187136
0.046857393288345
-0.994042758459035
0.262189178640839
0.912528491425448
-0.545893073330251
-0.742811060744569
0.776832044476711
0.501295010989970
-0.932683996873381
-0.211324796455473
0.998384595114687
-0.099071646716949
-0.967583351875691
0.399892024319705
0.843257453209775
-0.662059645330397
-0.637423989748714
0.860233916226535
0.369978408957939
-0.975259711649577
-0.066771461308057
0.996018870191128
-0.242889481131203
-0.920504853452475
0.529073216169475
0.756016693999334
-0.764117801136654
-0.518453485594270
0.925304300473951
0.230777608858336
-0.997052752226916
0.079204766131092
0.972428095747128
-0.381531368161923
-0.853810500668401
0.646979917596206
0.652665304509947
-0.849892692986812
-0.388434796274747
0.970656554687074
0.086658964004157
-0.997598711374515
0.223493148958356
0.928114988519069
-0.512042864870534
-0.768921542641272
0.751099550122249
0.535405691167566
-0.917556467632689
-0.250138605360488
0.995324227455861
-0.059306373575859
-0.976885954764660
0.363018918047981
0.864023855812234
-0.631642786016947
-0.667646953469661
0.839213336149552
0.406736643075844
-0.965667217686203
-0.106511989045019
0.998781653462336
-0.204007899039761
-0.935355868899060
0.494808795034629
0.781520472418885
-0.737782470802710
-0.552144883199282
0.909443580859439
0.269400083103141
-0.993199708502796
0.039384385715455
0.980955155349201
-0.344362039238915
-0.873893455212392
0.616054352538805
0.682362976111845
-0.828200094544493
-0.424876667889874
0.960293685676910
0.126322637816108
-0.999567225815807
0.184441483668872
0.942224613775901
-0.477377863313191
-0.793808470791784
0.724171861437426
0.568664401927324
-0.900968867902378
-0.288554378821489
0.990680040617084
-0.019446728601581
-0.984634078551154
0.325568154457044
0.883415372204744
-0.600220819089549
-0.696807517601359
0.816857349838914
0.442847653627181
-0.954538096542867
-0.146083028562475
0.999955115891465
-0.164801687431289
-0.948718490388817
0.459757004680327
0.805780648925024
-0.710273137068021
-0.584957674987316
0.892135700463845
0.307593871893573
-0.987766226259816
-0.000498665479980
0.987921260694518
-0.306644740933229
-0.892585818452156
0.584148485110970
0.710974831112963
-0.805189614794373
-0.460642450450753
0.948402740170875
0.165785299524552
-0.999945169365510
0.145096324107518
0.954834915120041
-0.441953229673116
-0.817432243634151
0.696091827363959
0.601018220028015
-0.882947592858891
-0.326510987372285
0.984459424705029
0.020443861165256
-0.990815393959237
0.287599327431920
0.901401145451700
-0.567843745052990
-0.724859280117806
0.793201531471285
0.478253978621430
-0.941890057539822
-0.185421612065983
0.999537390195214
-0.125333233564224
-0.960571454522752
0.423973621602832
0.828758619280257
-0.681633574422456
-0.616839647289965
0.873408200617096
0.345298198998666
