0.000000000000000
0.961399027255472
-0.529073216169519
-0.670241599244494
0.897917856604814
0.176103083620938
-0.994830191844717
0.371367835550235
0.790460549722888
-0.806370881570462
-0.346701794364207
0.997166407877222
-0.202054781745391
-0.885972439306608
0.689619543735670
0.506463806996922
-0.968334653325765
0.026426194801801
0.953791896906691
-0.551313085829159
-0.650395513961876
0.909236109047069
0.150028383526700
-0.991799121010769
0.395774489027942
0.773998108266226
-0.821717990987319
-0.321793593854449
0.998806137341433
-0.227865351528135
-0.873408200617128
0.708515812605151
0.483500650208969
-0.974593930820409
0.052833931812018
0.945518575599317
-0.573167882188921
-0.630095149698361
0.919919291221858
0.123848893747247
-0.988075312474495
0.419904707586152
0.756995055651753
-0.836491158543393
-0.296660631545549
0.999748234942506
-0.253516765170583
-0.860233916226586
0.726917207456619
0.460199784783853
-0.980172487848543
0.079204766131207
0.936584841964794
-0.594622340422401
-0.609354685562808
0.929959941292487
0.097582899759144
-0.983661367188562
0.443741637094022
0.739463267929121
-0.850680065687341
-0.271320461950489
0.999992042657546
-0.278991106039228
-0.846458787921223
0.744810875546271
0.436577485577662
-0.985066427979233
0.105520278635174
0.926996935909963
-0.615661475325652
-0.588188608058747
0.939351046208922
0.071248747459222
-0.978560368142513
0.467268628273069
0.721414990451319
-0.864274801953711
-0.245790784309498
0.999537390195218
-0.304270581179852
-0.832092437156154
0.762184318760076
0.412650251957004
-0.989272332962989
0.131762088840149
0.916761554258666
-0.636270591783845
-0.566611700966063
0.948086046606164
0.044864830350516
-0.972775878209395
0.490469248326075
0.702862829321765
-0.877265871885028
-0.220089430227573
0.998384595114688
-0.329337533745262
-0.817144898335130
0.779025402343245
0.388434796274693
-0.992787265119288
0.157911867740844
0.905885846074287
-0.656435295035321
-0.544639035015012
0.956158841385737
0.018449576695091
-0.966311937657223
0.513327292414907
0.683819742589316
-0.889644201664086
-0.194234351219961
0.996534462603822
-0.354174455328031
-0.801626611801846
0.795322363375950
0.363948032196785
-0.995608769388462
0.183951350612725
0.894377407666332
-0.676141500725752
-0.522285957359920
0.963563791977107
-0.007978563357487
-0.959173061326988
0.535826794978995
0.664299031197547
-0.901401145451675
-0.168243606173403
0.993988284916783
-0.378763998189408
-0.785548416547697
0.811063818989321
0.339207062888960
-0.997734875046455
0.209862349769241
0.882244277284698
-0.695375444745712
-0.499568080859585
0.970295726275992
-0.034401130656971
-0.951364235479195
0.557952040886758
0.644314329694495
-0.912528491425419
-0.142135348732751
0.990747840471445
-0.403088987376285
-0.768921542641207
0.826238774316004
0.314229169070534
-0.999164097081317
0.235626767265314
0.869494929505203
-0.714123692844351
-0.476501273172345
0.976349942256980
-0.060799669945378
-0.942890914311122
0.579687576411975
0.623879596709367
-0.923018467515396
-0.115927814621206
0.986815392607210
-0.427132432717177
-0.751757603384012
0.840836630169619
0.289031796944455
-0.999895437230425
0.261226607538160
0.856138269310462
-0.732373150012791
-0.453101645672919
0.981722211257629
-0.087155742747668
-0.933759016147297
0.601018220027936
0.603009105203031
-0.932863746832787
-0.089639308903436
0.982193688004172
-0.450877540689434
-0.734068587199642
0.854847190448109
0.263632546011853
-0.999928384677747
0.286643989976438
0.842183625869900
-0.750111069630457
-0.429385542199382
0.986408780932144
-0.113450940250015
-0.923974919305647
0.621929073010873
0.581717432498592
-0.942057452787293
-0.063288193199804
0.976885954764647
-0.474307726148703
-0.715866849259715
0.868260669255153
0.238049156779097
-0.999262916410621
0.311861161409543
0.827640746023869
-0.767325062368356
-0.405369527637438
0.990406377872179
-0.139666896157902
-0.913545457642586
0.642405529846569
0.560019450099973
-0.950593163890363
-0.036892872861831
0.970895900158413
-0.497406623913219
-0.697165102854543
0.881067697735387
0.212299498367014
-0.997899497235825
0.336860508507179
0.812519787475572
-0.784003104842318
-0.381070376350253
0.993712209893241
-0.165785299524525
-0.902477915779747
0.662433288431501
0.537930313304312
-0.958464918240230
-0.010471784116230
0.964227708033390
-0.520158100194471
-0.677976410513222
0.893259330618301
0.186401556029756
-0.995839079454937
0.361624570082101
0.796831311696504
-0.800133548011215
-0.356505060462503
0.996323967984952
-0.191787907539957
-0.890780024015847
0.681998360062500
0.515465450616828
-0.965667217686237
0.015956618811707
0.956886035893266
-0.542546263865751
-0.658314174879776
0.904827052466017
0.160373418592549
-0.993083102199183
0.386136049285778
0.780586276549369
-0.815705125313130
-0.331690738005506
0.998239827923764
-0.217656558273583
-0.878459952927511
0.701087079207507
0.492640552974407
-0.972195031668987
0.042373876588210
0.948876011644501
-0.564555477561954
-0.638192129352157
0.915762783621239
0.134233265817659
-0.989633490424233
0.410377825689813
0.763796028634619
-0.830706960534939
-0.306644740933349
0.999458451547164
-0.243373183359193
-0.865526307662195
0.719686113050187
0.469471562785916
-0.978043800734088
0.068761537663843
0.940203230014538
-0.586170368601358
-0.617624328489650
0.926058885850439
0.107999355706001
-0.985492653565726
0.434332967244078
0.746472295365110
-0.845128575408739
-0.281384563016688
0.999978987688302
-0.268919820615225
-0.851988121927977
0.737782470802770
0.445974662797071
-0.983209439716733
0.095101171161512
0.930873748644191
-0.607375839723293
-0.596625138196361
0.935708167678962
0.081690011744949
-0.980663483856306
0.457984742103064
0.728627176775015
-0.858959896930694
-0.255927847624317
0.999801072770522
-0.294278626591125
-0.837854851683771
0.755363512779393
0.422166264787451
-0.987688340595136
0.121374379749625
0.920894083856526
-0.628157079632732
-0.575209225687224
0.944703889414164
0.055323610109890
-0.975149354305552
0.481316630312400
0.710273137068059
-0.872191264396590
-0.230292375399671
0.998924831061296
-0.319431889029720
-0.823136368534451
0.772416959224572
0.398062998107278
-0.991477375010478
0.147562812492453
0.910271206105494
-0.648499573345662
-0.553391549243316
0.953039767852606
0.028918566828702
-0.968954116344044
0.504312335347634
0.691422995912157
-0.884813436149736
-0.204496051841819
0.997350874585433
-0.344362039239066
-0.807842952836229
0.788930898890442
0.373681698062541
-0.994573896452051
0.173648177666951
0.899012535107124
-0.668389112327169
-0.531187347764056
0.960709980668824
0.002493324919471
-0.962082097133167
0.526955795496641
0.672089919485012
-0.896817596035597
-0.178556894798641
0.995080302697613
-0.369051664363465
-0.791985286515949
0.804893797355918
0.349039394155695
-0.996975742105718
0.199612255539350
0.887125934657375
-0.687811804415954
-0.508612130123457
0.967709170481985
-0.023933658491783
-0.954538096542896
0.549231195078574
0.652287411278153
-0.908195359559815
-0.152493021882644
0.992114701314477
-0.393483519545647
-0.775574445610175
0.820294505083385
0.324153298191761
-0.998681234364612
0.225436911090910
0.874619707139373
-0.706754083527020
-0.485681664337312
0.974032448597803
-0.050343925062661
-0.946327383799153
0.571122975489988
0.632029302664864
-0.918938779744421
-0.126322637815991
0.988456141806987
-0.417640539972126
-0.758621892529042
0.835122265206197
0.299040792256055
-0.999689182000815
0.251104106684491
0.861502587724516
-0.725202719127458
-0.462411966550364
0.979675398423233
-0.076719028126788
-0.937455693803449
0.592615846072379
0.611329743239958
-0.929040352678495
-0.100064021715229
0.984107179553597
-0.441505852791763
-0.741139468049858
0.849366721041916
0.273719416573502
-0.999998880997441
0.276595914663670
0.847783738271321
-0.743144825477441
-0.438819289849188
0.984634078551149
-0.103040545578637
-0.927929223127305
0.613694794792092
0.590203190936430
-0.938493022759557
-0.073735514324077
0.979070852155427
-0.465062788901290
-0.723139383047162
0.863017923326347
0.248206857257496
-0.999610115040352
0.301894529873933
0.833472740925942
-0.760567870630387
-0.414920112910064
0.988905025513389
-0.129290092740053
-0.917754625683982
0.634345098725624
0.568664401927167
-0.947290187621404
-0.047355505202582
0.973350677314621
-0.488294894588007
-0.704634209963562
0.876066337162384
0.222520933956320
-0.998523155669254
0.326982282099404
0.818579591429719
-0.777459685186405
-0.390731128489290
0.992485256199841
-0.155449335201775
-0.906939008081207
0.654552334343430
0.546728420318369
-0.955425702745812
-0.020942419883325
0.966950650377258
-0.511185943022034
-0.685636874028383
0.888502848680063
0.196679587407388
-0.996738762088014
0.351841648404672
0.803114692137267
-0.793808470791743
-0.366269231763448
0.995372269942036
-0.181500001629285
-0.895489924657280
0.674302387583737
0.524410567641370
-0.962893885754196
0.005485292998635
0.959875241542879
-0.533719945590593
-0.666160644229921
0.900318771402223
0.170700866905820
-0.994258180634411
0.376455265374386
0.787088844750911
-0.809602808379842
-0.341551508529325
0.997564050259824
-0.207423896524588
-0.883415372204674
0.693581463711085
0.501726432151645
-0.969689520376684
0.031909174591273
0.952129392742120
-0.555881163064910
-0.646219124047177
0.911505852311664
0.144602917697732
-0.991083143909593
0.400805941240362
0.770513242775793
-0.824831666147021
-0.316595223269653
0.999059066269738
-0.233202912935598
-0.870723784384602
0.712376096951393
0.478691857940568
