0.000000000000000
0.785548416547708
-0.972195031668979
0.417640539972129
0.455322933869015
-0.981148383394172
0.758946694294553
0.041875653729203
-0.810772019947092
0.961536119504146
-0.379225462652925
-0.492206536620121
0.988380467458431
-0.731013521647786
-0.083677843332322
0.834573253721306
-0.949190346253535
0.340145095010550
0.528226641853092
-0.993878596328827
0.701797902883986
0.125333233564316
-0.856910362418594
0.935179370598548
-0.300467997289439
-0.563320058063631
0.997633124419046
-0.671351092125997
-0.166768746716115
0.877744159160102
-0.919527772551443
0.260263776601384
0.597425219474884
-0.999637465011021
0.639726503425786
0.207911690817774
-0.897038094386977
0.902263010333652
-0.219602964810932
-0.630482294044730
0.999888101810272
-0.606979617058033
-0.248689887164877
0.914758319980697
-0.883415372204697
0.178556894798612
0.662433288431487
-0.998384595114688
0.573167882188900
0.289031796944489
-0.930873748644212
0.863017923326342
-0.137197575318788
-0.693222149734002
0.995129582585909
-0.538350616090664
-0.328866646738608
0.945356108439574
-0.841106447755004
0.095597564671792
0.722794863827414
-0.990128774621966
0.502588900079037
0.368124552684697
-0.958179992386573
0.817719385664412
-0.053829843412091
-0.751099550122308
0.983390944339323
-0.465945472355803
-0.406736643075827
0.969322903035176
-0.792897765908450
0.011967686315570
0.778086552580965
-0.974927912181816
0.428484617944721
0.444635179184961
-0.978765291933719
0.766685134042630
0.029915466169424
-0.803708526830807
0.964754525183611
-0.390272055913712
-0.481753674101756
0.986490593923524
-0.739127475930323
-0.071746136761414
0.827920523222594
-0.952888630922443
0.351374824081295
0.518027009373153
-0.992485256199836
0.710273137068030
0.113450940250022
-0.850680065687364
0.939351046208904
-0.311861161409498
-0.553391549243374
0.996738762088017
-0.680172737770884
-0.154956712238544
0.871947226253876
-0.924165520566694
0.271800388289428
0.587785252292509
-0.999243649493387
0.648879084367439
0.196190637499127
-0.891684695095894
0.907358694567846
-0.231262784929905
-0.621147780278351
0.999995523992272
-0.616447076559441
-0.237080377715537
0.909857845986217
-0.888960053096169
0.190319468061993
0.653420603990152
-0.998993066541311
0.582933611108989
0.277554198389008
-0.926434797042897
0.869001873620719
-0.149042266176138
-0.684547105928719
0.996238035791513
-0.548397482022525
-0.317541094684899
0.941386466660924
-0.847519169570088
0.107503593510451
0.714472679632858
-0.991735265002979
0.512899277405877
0.356970915999525
-0.954686624531137
0.824549628907112
-0.065776323011837
-0.743144825477433
0.985492653565715
-0.476501273172265
-0.395774489028008
0.966311937657244
-0.800133548011154
0.023933658491716
0.770513242775814
-0.977521153141451
0.439267323789338
0.433883739117608
-0.976242011289682
0.774313760984811
0.017950993798169
-0.796529918024242
0.967834748450645
-0.401262750256394
-0.471231809694162
0.984459424705055
-0.747135564508118
-0.059804153945086
0.821149209133736
-0.956450432738612
0.362554225509552
0.507753179550816
-0.990949761767944
0.718646638372869
0.101552397284452
-0.844327925502065
0.943388177963517
-0.323209657454414
-0.543383777794850
0.995701636221693
-0.688896961836184
-0.143122483211188
0.866025403784475
-0.928670899758797
0.283298069832668
0.578061096249630
-0.998706711663823
0.657938725939636
0.184441483669025
-0.886203579231239
0.912324417231429
-0.242889481131158
-0.611724299115062
0.999959716170871
-0.625826241948751
-0.225436911090925
0.904827052466058
-0.894377407666292
0.202054781745288
0.644314329694576
-0.999458451547162
0.592615846072303
0.266036845566739
-0.921863151588528
0.874861356216649
-0.160865609613617
-0.675774014000282
0.997203797181172
-0.558365800629580
-0.306170061015556
0.937281989491929
-0.853810500668316
0.119394224540182
0.706048161055879
-0.993199708502803
0.523136191838626
0.345766150140012
-0.951056516295180
0.831261771375024
-0.077713381426417
-0.735083659720247
0.987453210044185
-0.486988824404266
-0.384755647944995
0.963162566797676
-0.807254726470123
0.035896202634502
0.762829571862321
-0.979974383116301
0.449987113092035
0.423070153602687
-0.973578902873184
0.781831482467959
0.005983950294502
-0.789237221724119
0.970776348122900
-0.412195971476793
-0.460642450450704
0.982287250728704
-0.755036640377459
-0.047853605341273
0.814260281314438
-0.959875241542858
0.373681698062396
0.497406623913325
-0.989272332963005
0.726917207456525
0.089639308903567
-0.837854851683825
0.947290187621347
-0.334511859971703
-0.533298177137693
0.994521895368277
-0.697522514745664
-0.131267754658290
0.859979539938307
-0.933043264819419
0.294755174410833
0.568254144143328
-0.998026728428276
0.666904130524116
0.172665912166373
-0.880595531856785
0.917159467080725
-0.254481388115457
-0.602213200286174
0.999780683474847
-0.635115769842080
-0.213761154992243
0.899666659984011
-0.899666659983889
0.213761154991970
0.635115769842297
-0.999780683474841
0.602213200285951
0.254481388115619
-0.917159467080792
0.880595531856706
-0.172665912166209
-0.666904130524240
0.998026728428265
-0.568254144143191
-0.294755174410992
0.933043264819479
-0.859979539938222
0.131267754658125
0.697522514745783
-0.994521895368260
0.533298177137456
0.334511859971967
-0.947290187621437
0.837854851683672
-0.089639308903288
-0.726917207456717
0.989272332962964
-0.497406623913081
-0.373681698062656
0.959875241542936
-0.814260281314341
0.047853605341107
0.755036640377568
-0.982287250728673
0.460642450450556
0.412195971476945
-0.970776348122940
0.789237221724017
-0.005983950294279
-0.781831482468099
0.973578902873133
-0.423070153602485
-0.449987113092234
0.979974383116345
-0.762829571862177
-0.035896202634725
0.807254726470254
-0.963162566797616
0.384755647944789
0.486988824404510
-0.987453210044229
0.735083659720057
0.077713381426696
-0.831261771375180
0.951056516295129
-0.345766150139855
-0.523136191838768
0.993199708502823
-0.706048161055762
-0.119394224540347
0.853810500668403
-0.937281989491851
0.306170061015343
0.558365800629766
-0.997203797181189
0.675774014000117
0.160865609613837
-0.874861356216757
0.921863151588441
-0.266036845566524
-0.592615846072483
0.999458451547169
-0.644314329694362
-0.202054781745563
0.894377407666418
-0.904827052465938
0.225436911090652
0.625826241948881
-0.999959716170869
0.611724299114930
0.242889481131319
-0.912324417231497
0.886203579231162
-0.184441483668861
-0.657938725939804
0.998706711663812
-0.578061096249448
-0.283298069832882
0.928670899758880
-0.866025403784363
0.143122483210967
0.688896961836346
-0.995701636221672
0.543383777794662
0.323209657454626
-0.943388177963591
0.844327925501914
-0.101552397284173
-0.718646638373064
0.990949761767907
-0.507753179550673
-0.362554225509708
0.956450432738661
-0.821149209133641
0.059804153944920
0.747135564508229
-0.984459424705026
0.471231809693964
0.401262750256598
-0.967834748450701
0.796529918024107
-0.017950993797945
-0.774313760984952
0.976242011289633
-0.433883739117407
-0.439267323789539
0.977521153141498
-0.770513242775671
-0.023933658491939
0.800133548011322
-0.966311937657172
0.395774489027750
0.476501273172512
-0.985492653565762
0.743144825477322
0.065776323012003
-0.824549628907207
0.954686624531087
-0.356970915999369
-0.512899277406020
0.991735265003000
-0.714472679632702
-0.107503593510673
0.847519169570207
-0.941386466660848
0.317541094684687
0.548397482022711
-0.996238035791532
0.684547105928556
0.149042266176359
-0.869001873620829
0.926434797042812
-0.277554198388738
-0.582933611109216
0.998993066541323
-0.653420603989940
-0.190319468062268
0.888960053096245
-0.909857845986148
0.237080377715375
0.616447076559573
-0.999995523992272
0.621147780278199
0.231262784930095
-0.907358694567928
0.891684695095805
-0.196190637498935
-0.648879084367609
0.999243649493379
-0.587785252292328
-0.271800388289643
0.924165520566780
-0.871947226253766
0.154956712238295
0.680172737771069
-0.996738762087997
0.553391549243164
0.311861161409738
-0.939351046209000
0.850680065687217
-0.113450940249857
-0.710273137068147
0.992485256199816
-0.518027009373011
-0.351374824081478
0.952888630922503
-0.827920523222485
0.071746136761219
0.739127475930454
-0.986490593923492
0.481753674101560
0.390272055913918
-0.964754525183670
0.803708526830674
-0.029915466169201
-0.766685134042774
0.978765291933668
-0.444635179184736
-0.428484617944949
0.974927912181872
-0.778086552580807
-0.011967686315822
0.792897765908621
-0.969322903035135
0.406736643075675
0.465945472355950
-0.983390944339353
0.751099550122198
0.053829843412399
-0.817719385664525
0.958179992386485
-0.368124552684516
-0.502588900079303
0.990128774621997
-0.722794863827181
-0.095597564672015
0.841106447755064
-0.945356108439501
0.328866646738491
0.538350616090864
-0.995129582585921
0.693222149733821
0.137197575318925
-0.863017923326469
0.930873748644156
-0.289031796944234
-0.573167882189036
0.998384595114704
-0.662433288431363
-0.178556894798901
0.883415372204782
-0.914758319980578
0.248689887164688
0.606979617058278
-0.999888101810275
0.630482294044479
0.219602964811136
-0.902263010333791
0.897038094386878
-0.207911690817666
-0.639726503425957
0.999637465011017
-0.597425219474694
-0.260263776601504
0.919527772551542
-0.877744159160036
0.166768746715860
0.671351092126105
-0.997633124419028
0.563320058063499
0.300467997289706
-0.935179370598607
0.856910362418446
-0.125333233564136
-0.701797902884196
0.993878596328806
-0.528226641852830
-0.340145095010733
0.949190346253635
-0.834573253721191
0.083677843331997
