0.000000000000000
0.984018506422718
-0.350440913424469
-0.859215128233996
0.656435295035310
0.625437223758882
-0.879173780697053
-0.312334918512231
0.990406377872175
-0.040380923169149
-0.976025421103624
0.387975239601773
0.837854851683748
-0.686362533768211
-0.593418886603698
0.897698250837944
0.273719416573556
-0.995178615018048
0.080695973575217
0.966440160908906
-0.424876667889836
-0.815127795728551
0.715170120125052
0.560432514578173
-0.914758319980692
-0.234657400467714
0.998327432985149
-0.120879385912325
-0.955278362122341
0.461085001570714
0.791071034656338
-0.742811060744558
-0.526531917830729
0.930326158303578
0.195212591445493
-0.999847695156390
0.160865609613698
0.942558232810252
-0.496541174560725
-0.765723811882026
0.769240265396246
0.491772397870157
-0.944376370237483
-0.155449335201723
0.999736921552070
-0.200589415783279
-0.928300523118955
0.531187347764110
0.739127475930340
-0.794414620535419
-0.456210657353160
0.956886035893271
0.115432496909192
-0.997995292875422
0.239986003602565
0.912528491425407
-0.564967003424947
-0.711325412984649
0.818293059633580
0.419904707586142
-0.967834748450668
-0.075227355405034
0.994625650217836
-0.278991106039235
-0.895267866396145
0.597825037323717
0.682362976111754
-0.840836630169629
-0.382913773892367
0.977204647447554
0.034899496702500
-0.989633490424237
0.317541094684843
0.876546805016550
-0.629707848667966
-0.652287411278112
0.862008557172516
0.345298198998525
-0.984980447915482
0.005485292998586
0.983026957126159
-0.355573083550948
-0.856395846658782
0.660563427530414
0.621147780278295
-0.881774303211649
-0.307119344598683
0.991149465313789
-0.045861134627717
-0.974816827457169
0.393025031653936
0.834847863263407
-0.690341439691905
-0.588994880701245
0.900101624737252
0.268439491255894
-0.995701636221688
0.086162163711249
0.965016494472309
-0.429835844221557
-0.811938005715853
0.718993308750856
0.555881163064881
-0.916960624678777
-0.229321736804806
0.998629534754574
-0.126322637816036
-0.953641945300207
0.465945472355824
0.787703646505419
-0.746472295365148
-0.521860645254538
0.932323801215520
0.189829893421319
-0.999928384677748
0.166277043794137
0.940711735063528
-0.501295010989930
-0.762184318760062
0.772733573497353
0.486988824404351
-0.946166092639894
-0.150028383526682
0.999596067197817
-0.205960204653208
-0.926246956610308
0.535826794979007
0.735421651756663
-0.797734303538626
-0.451322586365676
0.958464918240237
0.109982134696237
-0.997633124419045
0.245307385878823
0.910271206105479
-0.569484493168468
-0.707459303011768
0.821433702192362
0.414920112910125
-0.969200215136315
-0.069756473744123
0.994042758459026
-0.284254401034802
-0.892810544538882
0.602213200286080
0.678342887063881
-0.843793109003320
-0.377840786818457
0.978354471007611
0.029417020156530
-0.988830826225124
0.322737716469647
0.873893455212353
-0.633959526508187
-0.648119901063116
0.864776049423809
0.340145095010564
-0.985912752660921
0.010970420952025
0.982005829860196
-0.360694554957790
-0.853550797275312
0.664671684553435
0.616839647289882
-0.884348294314105
-0.301894529873878
0.991862730390570
-0.051339966185905
-0.973578902873151
0.398062998107340
0.831815755384865
-0.694299574162839
-0.584553152728744
0.902477915779756
0.263151488952128
-0.996194698091744
0.091625761342735
0.963563791977099
-0.434782087366254
-0.808723785571982
0.722794863827409
0.551313085829147
-0.919135339255232
-0.223979173156808
0.998901589093856
-0.131762088840146
-0.951976834664475
0.470791923463460
0.784312557402878
-0.750111069630462
-0.517173670587920
0.934293391748359
0.184441483668960
-0.999978987688302
0.171683474920233
0.938836932555975
-0.506033764121175
-0.758621892529023
0.776203631076378
0.482190598094651
-0.947927346167134
-0.144602917697804
0.999425136331750
-0.211324796455411
-0.924165520566704
0.540450119880620
0.731693699726793
-0.801029983781127
-0.446420935683846
0.960014961656786
0.104528463267622
-0.997240938513183
0.250621387183134
0.907986531939602
-0.573984847883502
-0.703571906532474
0.824549628907139
0.409923033841536
-0.970536519880778
-0.064283493203986
0.993429957280055
-0.289509143194789
-0.890326359203688
0.606583243456845
0.674302387583687
-0.846724199228301
-0.372756431019457
0.979474857187143
0.023933658491705
-0.987998409425936
0.327924627507219
0.871213811120188
-0.638192129352182
-0.643932889785140
0.867517521717723
0.334981756510553
-0.986815392607217
0.016455218820136
0.980955155349189
-0.365805173546807
-0.850680065687320
0.668759942492396
0.612512954419564
-0.886895676556436
-0.296660631545515
0.992546151641323
-0.056817252993047
-0.972311684599084
0.403088987376302
0.828758619280208
-0.698236818086072
-0.580093836331921
0.904827052466030
0.257855568771206
-0.996657785792646
0.097086602077326
0.962082097133156
-0.439715248498136
-0.805485232008570
0.726574670970999
0.546728420318326
-0.921282398275823
-0.218629870274391
0.999143587817245
-0.137197575318824
-0.950283080316086
0.475624209070313
0.780897869382063
-0.753727274054631
-0.512471134855640
0.936234870639750
0.179047524318472
-0.999999502665477
0.177084740319634
0.936933881697894
-0.510757291371704
-0.755036640377515
0.779650333723882
0.477377863313284
-0.949660077825431
-0.139173100960062
0.999224134096952
-0.216683029776477
-0.922056277615782
0.545057183359319
0.727943732009881
-0.804301562100300
-0.441505852791734
0.961536119504147
0.099071646717029
-0.996818746958188
0.255927847624358
0.905674537670597
-0.578467932160336
-0.699663340513350
0.827640746023899
0.404913620735933
-0.971843622476430
-0.058808578459260
0.992787265119287
-0.294755174410947
-0.887815385136413
0.610935035347232
0.670241599244452
-0.849629812651955
-0.367660859476850
0.980565772275232
0.018449576695090
-0.987136265072981
0.333101671730381
0.868507953366984
-0.642405529846600
-0.639726503425810
0.870232891567012
0.329808338856430
-0.987688340595135
0.021939521572671
0.979874965206521
-0.370904785546278
-0.847783738271288
0.672828078337031
0.608167831851776
-0.889416373291322
-0.291417807094662
0.993199708502815
-0.062292830244919
-0.971015210763882
0.408102848235510
0.825676546934550
-0.702153052995167
-0.575617065685633
0.907148964113661
0.252551890060299
-0.997090885390706
0.102544521605555
0.960571454522701
-0.444635179184992
-0.802222442469392
0.730332616452272
0.542127304478838
-0.923401737138398
-0.213273989110916
0.999355523643320
-0.142628933705536
-0.948560733217838
0.480442183779332
0.777459685186378
-0.757320799830924
-0.507753179550748
0.938148179473184
0.173648177666954
-0.999989928992004
0.182480677475499
0.935002639749566
-0.515465450616883
-0.751428670180972
0.783073577733166
0.472550764869017
-0.951364235479218
-0.133739096689422
0.998993066541311
-0.222034743394260
-0.919919291221847
0.549647846794736
0.724171861437471
-0.807548940058719
-0.436577485577600
0.963028346012750
0.093611849232786
-0.996366562457235
0.261226607538155
0.903335292863275
-0.582933611109037
-0.695733722557932
0.830706960534973
0.399892024319742
-0.973121483594298
-0.053331894242939
0.992114701314475
-0.299992336837224
-0.885277697888863
0.615268445017628
0.666160644229859
-0.852509861848313
-0.362554225509583
0.981627183447678
0.012964939775274
-0.986244419107032
0.338268693368674
0.865775963368389
-0.646599601215843
-0.635500868549591
0.872922077269823
0.324624997709537
-0.988531570358853
0.027423164194277
0.978765291933694
-0.375993237515682
-0.844861902173844
0.676875969682645
0.603804410325460
-0.891910308674362
-0.286166214270805
0.993823381310391
-0.067766533188595
-0.969689520376685
0.413104429824583
0.822569631083400
-0.706048161055842
-0.571122975489935
0.909443580859475
0.247240612400023
-0.997493983854526
0.107999355706020
0.959031909598954
-0.449541731392571
-0.798935515127361
0.734068587199662
0.537509876752214
-0.925493292074879
-0.207911690817698
0.999537390195218
-0.148056000577955
-0.946809845192893
0.485245702624188
0.773998108266199
-0.760891538834873
-0.503019946630222
0.940033260679751
0.168243606173427
-0.999950266955942
0.187871124031278
0.933043264819445
-0.520158100194484
-0.747798090498478
0.786473260103454
0.467709448002800
-0.953039767852631
-0.128301068387822
0.998731940617342
-0.227379776282951
-0.917754625683968
0.554221972059839
0.720378201500038
-0.810772019947116
-0.431635982329540
0.964491596283475
0.088149235092915
-0.995884398615961
0.266517507491908
0.900968867902389
-0.587381750363240
-0.691783170903181
0.833748180182090
0.394858395686149
-0.974370064785245
-0.047853605341085
0.991412286102167
-0.305220472894392
-0.882713373816687
0.619583342081521
0.662059645330397
-0.855364260160506
-0.357436682769459
0.982659058768044
0.007479912757721
-0.985322898362545
0.343425536953365
0.863017923326337
-0.650774217265900
-0.631256112300243
0.875584997912144
0.319431889029639
-0.989345056526704
0.032905981689466
0.977626168919285
-0.381070376350290
-0.841914645309137
0.680903494733546
0.599422821130146
-0.894377407666368
-0.280906011087416
0.994417151298570
-0.073238197127715
-0.968334653325762
0.418093581652603
0.819437965209677
-0.709922025069493
-0.566611700966003
0.911710833661491
0.241921895599633
-0.997867069055416
0.113450940249984
0.957463508684767
-0.454434757489316
-0.795624548881770
0.737782470802796
0.532876276070644
-0.927557000153168
-0.202543136739138
0.999689182000815
-0.153478612642880
-0.945030468923118
0.490034621073358
0.770513242775755
-0.764439383627743
-0.498271578510726
0.941890057539873
0.162833972454292
-0.999880517750668
0.193255917795628
0.931055815862526
-0.524835098908943
-0.744145010569294
0.789849278542806
0.462854058383400
-0.954686624531153
-0.122859179678279
0.998440764181976
-0.232717967617587
-0.915562346134042
0.558779421525350
0.716562866343785
-0.813970704787316
-0.426681491730742
0.965925826289073
0.082683968660184
-0.995372269942039
0.271800388289498
0.898575333990510
-0.591812216084370
-0.687811804415925
0.836764313459008
0.389812886290325
-0.975589328481131
-0.042373876588102
0.990680040617097
-0.310439425274813
-0.880122490076976
0.623879596709416
0.657938725939651
-0.858192921703498
-0.352308385236509
0.983661367188580
0.001994660679573
-0.984371730566849
0.348572047321912
0.860233916226573
-0.654929252388145
-0.626992362396816
0.878221573370249
0.314229169070445
-0.990128774621973
0.038387809087576
0.976457630437985
-0.386136049285770
-0.838942056356193
0.684910532306880
0.595023196102006
-0.896817596035623
-0.275637355816992
0.994981000601603
-0.078707657427211
-0.966950650377254
0.423070153602651
0.816281643541028
-0.713774528476721
-0.562083377852070
0.913950654301098
0.236595899692223
-0.998210129767739
0.118899111206545
0.955866298971232
-0.459314110250600
-0.792289643355175
0.741474155515871
0.528226641853088
-0.929592799279042
-0.197168488407865
0.999810894492899
-0.158896606741151
-0.943222657947570
0.494808795034675
0.767005193570000
-0.767964227459618
-0.493508218064320
0.943718514184973
0.157419439278098
-0.999780683474844
0.198634896747178
0.929040352678455
-0.529496306035609
-0.740469540309795
0.793201531471401
0.457984742103009
-0.956304755963033
-0.117413594299847
0.998119545996323
-0.238049156779112
-0.913342518534791
0.563320058063695
0.712725970767056
-0.817144898335096
-0.421714162855215
0.967330992875478
0.077216214377283
-0.994830191844706
0.277075090976091
0.896154763145930
-0.596224874965715
-0.683819742589281
0.839755269614241
0.384755647944810
-0.976779237995937
-0.036892872861829
0.989917986891541
-0.315649036947175
-0.877505124625962
0.628157079632831
0.653798010050588
-0.860995761366639
-0.347169487214470
0.984634078551163
-0.003490651415252
-0.983390944339334
0.353708069622686
0.857424025836155
-0.659064581563029
-0.622709747129766
0.880831724313099
0.309016994374966
-0.990882701063645
0.043868481447734
0.975259711649584
-0.391190103902886
-0.835944224756247
0.688896961836233
0.590605667619796
-0.899230800360117
-0.270360406986338
0.995514912254009
-0.084174749518321
-0.965537553173964
0.428033995936213
0.813100761046962
-0.717605555360838
-0.557538142399428
0.916162975385127
0.231262784929902
-0.998523155669251
0.124343704647619
0.954240328516257
-0.464179642863108
-0.788930898890363
0.745143530261020
0.523561114000642
-0.931600628198065
-0.191787907539875
0.999902524009303
-0.164309819852667
-0.941386466660869
0.499568080859617
0.763474066201526
-0.771465964272651
-0.488730008614164
0.945518575599305
0.152000169561147
-0.999650767132348
0.204007899039853
0.926996935909914
-0.534141581324980
-0.736771790309827
0.796529918024284
0.453101645672857
-0.957894113460920
-0.111964476103151
0.997768295725409
-0.243373183359160
-0.911095209677955
0.567843745053181
0.708867630216920
-0.820294505083340
-0.416734145163259
0.968707053763101
0.071746136761414
-0.994258180634400
0.282341456842923
0.893707228200295
-0.600619594236077
-0.679807105539063
0.842720958654032
0.379686832815365
-0.977939757526874
-0.031410759078127
0.989126147854709
-0.320849151161212
-0.874861356216680
0.632415662147836
0.649637622251821
-0.863772694816222
-0.342020143325713
0.985577163588207
-0.008975858481034
-0.982380569190509
0.358833449319628
0.854588336700936
-0.663180080364188
-0.618408395357450
0.883415372204735
0.303795521770367
-0.991606813167048
0.049347833863823
0.974032448597810
-0.396232388131670
-0.832921240710052
0.692862663375260
0.586170368601236
-0.901616948029750
-0.265075323371803
0.996018870191119
-0.089639308903540
-0.964095404234100
0.432984959298104
0.809895413435988
-0.721414990451360
-0.552976131367959
0.918347730347698
0.225922711778977
-0.998806137341432
0.129784556752430
0.952585646243124
-0.469031208929660
-0.785548416547612
0.748790484631655
0.518879832892908
-0.933580426497260
-0.186401556029666
0.999964067793018
-0.169718089100844
-0.939521950311561
0.504312335347623
0.759919966917097
-0.774944488704253
-0.483937093930204
0.947290187621386
0.146576326361920
-0.999490772632192
0.209374763007071
0.924925627040544
-0.538770785006921
-0.733051871829827
0.799834338054812
0.448204916018801
-0.959454649203136
-0.106511989044774
0.997387023937886
-0.248689887164875
-0.908820487182014
0.572350346382101
0.704987960785695
-0.823419430264517
-0.411741588496960
0.970053967548108
0.066273900400027
-0.993656253522165
0.287599327432072
0.891232802796715
-0.604996241664307
-0.675774014000166
0.845661291344694
0.374606593415770
-0.979070852155458
-0.025927700186599
0.988304547331966
-0.326039611452429
-0.872191264396594
0.636655216119454
0.645457687723870
-0.866523638498026
-0.336860508507231
0.986490593923539
-0.014460795475212
-0.981340635521234
0.363948032196903
0.851726934143017
-0.667275624961668
-0.614088436501714
0.885972439306640
0.298564908363898
-0.992301089144630
0.054825701469440
0.972775878209394
-0.401262750256623
-0.829873195175164
0.696807517601293
0.581717432498463
-0.903975967248523
-0.259782263994501
0.996492859249500
-0.095101171161568
-0.962624246949999
0.437922894720340
0.806665697152738
-0.725202719127465
-0.548397482022583
0.920504853452494
0.220575840915122
-0.999059066269736
0.135221503813111
0.950902301939013
-0.473868662473004
-0.782142298101234
0.752414908895783
0.514182939383390
-0.935532134607180
-0.181009595945369
0.999995523992272
-0.175121251758190
-0.937629165000454
0.509041415750407
0.756343002654892
-0.778399696090267
-0.479129618224847
0.949033296945773
0.141148072876623
-0.999300704788395
0.214735327167057
0.922826488393267
-0.543383777794870
-0.729309896797179
0.803114692137397
0.443294700476900
-0.960986316235241
-0.101056297182774
0.996975742105714
-0.253999108223734
-0.906518419490333
0.576839726452837
0.701087079207458
-0.826519579853797
-0.406736643075686
0.971371693703659
0.060799669945412
-0.993024428619184
0.292848544541227
0.888731561387349
-0.609354685562925
-0.671720589322933
0.848576179215540
0.369515082603650
-0.980172487848560
-0.020443861165170
0.987453210044175
-0.331220261646800
-0.869494929505204
0.640875613985165
0.641258332235386
-0.869248509639826
-0.331690738005550
0.987374342073262
-0.019945297363350
-0.980271174621725
0.369051664363537
0.848839904258185
-0.671351092125998
-0.609750000544356
0.888502848680077
0.293325311537738
-0.992965508106555
0.060301919442858
0.971490038292863
-0.406281038920861
-0.826800179863206
0.700731405818933
0.577246993294382
-0.906307787036696
-0.254481388115527
0.996936865167454
-0.100560171952257
-0.961124125586822
0.442847653627033
0.803411709375065
-0.728968627421454
-0.543802332128747
0.922634279794560
0.215222333218549
-0.999281934843868
0.140654382239181
0.949190346253510
-0.478691857940619
-0.778712646036786
0.756016693999316
0.509470574795345
-0.937455693803533
-0.175612189523866
0.999996891660591
-0.180519145250751
-0.935708167678934
0.513755179776250
0.752743281040992
-0.781831482468113
-0.474307726148622
0.950747851124634
0.135715572434160
-0.999080569319846
0.220089430227589
0.920699583128362
-0.547980420890030
-0.725545977802919
0.806370881570563
0.438371146788989
-0.962489068471420
-0.095597564671640
0.996534462603814
-0.259300686788360
-0.904189075869057
0.581311750185931
0.697165102854528
-0.829594860571818
-0.401719459491566
0.972660192581133
0.055323610109858
-0.992362724936225
0.298088950228450
0.886203579231213
-0.613694794792170
-0.667646953469502
0.851465534561482
0.364412453575771
-0.981244631459434
-0.014959407015239
0.986572161606939
-0.336390945865474
-0.866772432671628
0.645076728758827
0.637039682139372
-0.871947226253885
-0.326510987372167
0.988228381446572
-0.025429199124106
-0.979172218670633
0.374144192258049
0.845927333913314
-0.675406359231807
-0.605393218023125
0.891006524188405
0.288076888944364
-0.993600050061341
0.065776323011987
0.970174967537424
-0.411287103130775
-0.823702287237108
0.704634209963619
0.572759185498545
-0.908612337232923
-0.249172855231160
0.997350874585436
-0.106016147021559
-0.959595085281218
0.447759087838758
0.800133548011120
-0.732712602022170
-0.539190819948380
0.924735945302299
0.209862349769158
-0.999474736358009
0.146083028562576
0.947449830697076
-0.483500650208990
-0.775259563547924
0.759595731569347
0.504742880917536
-0.939351046208988
-0.170209499165916
0.999968170756824
-0.185911607162889
-0.933759016147245
0.518453485594282
0.749120910386216
-0.785239744579917
-0.469471562785828
0.952433798569321
0.130278988491219
-0.998830372850126
0.225436911090851
0.918544975241570
-0.552560575985544
-0.721760228098346
0.809602808379913
0.433434403098229
-0.963962860695861
-0.090135955757350
0.996063198709698
-0.264594463341328
-0.901832526405026
0.585766283024157
0.693222149733943
-0.832645179887485
-0.396690188704959
0.973919425411319
0.049845885660700
-0.991671162383070
0.303320386816927
0.883648932391918
-0.618016438763947
-0.663553229010141
0.854329270445675
0.359298859863431
-0.982287250728707
-0.009474502756712
0.985661428529830
-0.341551508529464
-0.864023855812164
0.649258434034504
0.632801864369381
-0.874619707139422
-0.321321412458866
0.989052686346564
-0.030912335754192
-0.978043800734076
0.379225462653069
0.842989310743761
-0.679441304261522
-0.601018220027792
