0.000000000000000
0.987610209324669
-0.309965358680421
-0.890326359203698
0.589397797376977
0.705341536300408
-0.810772019947090
-0.450877540689430
0.952281714056380
0.152000169561267
-0.999987566661691
0.161849871527519
0.949190346253537
-0.459757004680443
-0.804893797355913
0.712376096951343
0.581311750185832
-0.894823082057652
-0.300467997289452
0.989126147854732
-0.009973144676495
-0.985996037070504
0.319431889029711
0.885741079069651
-0.597425219474875
-0.698236818086072
0.816569598217089
0.441953229673224
-0.955278362122343
-0.142135348732756
0.999888101810272
-0.171683474920192
-0.946004566200077
0.468590738440716
0.798935515127365
-0.719339800338651
-0.573167882188923
0.899230800360077
0.290940749522193
-0.990543701876216
0.019945297363303
0.984283791647636
-0.328866646738584
-0.881067697735382
0.605393218023246
0.691062648986862
-0.822285955503480
-0.432984959298139
0.958179992386566
0.132256390257128
-0.999689182000815
0.181500001629221
0.942724690773081
-0.477377863313314
-0.792897765908471
0.726231953809990
0.564967003424936
-0.903549075692485
-0.281384563016699
0.991862730390569
-0.029915466169392
-0.982473643366418
0.338268693368595
0.876306680043865
-0.613301000476456
-0.683819742589316
0.827920523222569
0.423973621602934
-0.960986316235238
-0.122364276755726
0.999390827019095
-0.191298475243081
-0.939351046208923
0.486117505277296
0.786781150250537
-0.733051871829825
-0.556709929603217
0.907777478532912
0.271800388289466
-0.993083102199182
0.039882659401115
0.980565772275219
-0.347637093734931
-0.871458499554883
0.621147780278312
0.676508819317009
-0.833472740925952
-0.414920112910125
0.963697054534299
0.112459992158375
-0.998993066541313
0.201077921145960
0.935883968070838
-0.494808795034664
-0.780586276549377
0.739798876047575
0.548397482022563
-0.911915588298665
-0.262189178640875
0.994204695916451
-0.049845885660696
-0.978560368142516
0.356970915999497
0.866523638498010
-0.628932776940311
-0.669130606358850
0.838942056356230
0.405825333736818
-0.966311937657226
-0.102544521605564
0.998495940131151
-0.210837366614631
-0.932323801215510
0.503450868096813
0.774313760984844
-0.746472295365152
-0.540030487489664
0.915962993388160
0.252551890060313
-0.995227399981830
0.059804153945021
0.976457630438005
-0.366269231763452
-0.861502587724557
0.636655216119324
0.661685837596860
-0.844327925502009
-0.396690188705080
0.968830705511809
0.092618851350331
-0.997899497235825
0.220575840915188
0.928670899758830
-0.512042864870580
-0.767964227459552
0.753071466003605
0.531609778236689
-0.919919291221857
-0.242889481131227
0.996151112670951
-0.069756473744129
-0.974257768312791
0.375531116159726
0.856395846658790
-0.644314329694491
-0.654175253533044
0.849629812651967
0.387515586452105
-0.971253107566070
-0.082683968660240
0.997203797181179
-0.230292375399718
-0.924925627040606
0.520583930743632
0.761538307536724
-0.759595731569284
-0.523136191838693
0.923784088282265
0.233202912935609
-0.996975742105720
0.079701855139673
0.971961000578543
-0.384755647944938
-0.851203923248292
0.651909355843767
0.646599601215818
-0.854847190448115
-0.378302439539636
0.973578902873160
0.072740861719265
-0.996408909165776
0.239986003602544
0.921088355588442
-0.529073216169533
-0.755036640377515
0.766044443118976
0.514610571130144
-0.927557000153149
-0.223493148958450
0.997701206263483
-0.089639308903443
-0.969567555685773
0.393941909590942
0.845927333913362
-0.659439539119612
-0.638959634165640
0.859979539938280
0.369051664363409
-0.975807860095305
-0.062790519529329
0.995514912254016
-0.249655761336444
-0.917159467080762
0.537509876752296
0.748459872677305
-0.772416959224590
-0.506033764121183
0.931237651557747
0.213761154992099
-0.998327432985149
0.099567846595814
0.967077671701079
-0.403088987376256
-0.840566603495669
0.666904130524196
0.631256112300231
-0.865026350627749
-0.359764181061815
0.977939757526855
0.052833931812045
-0.994521895368270
0.259300686788335
0.913139352308715
-0.545893073330295
-0.741808658601450
0.778712646036877
0.497406623913202
-0.934825676396018
-0.204007899039870
0.998854359982399
-0.109486480663983
-0.964491596283477
0.412195971476885
0.835122265206157
-0.674302387583727
-0.623489801858735
0.869987120530006
0.350440913424488
-0.979974383116324
-0.042872088910187
0.993429957280054
-0.268919820615265
-0.909028411137391
0.554221972059763
0.735083659720195
-0.784930877348534
-0.488730008614188
0.938320717781191
0.194234351219979
-0.999281934843867
0.119394224540219
0.961809586659760
-0.421261956056643
-0.829594860571828
0.681633574422560
0.615661475325669
-0.874861356216675
-0.341082788800334
0.981911534487442
0.032905981689413
-0.992239206600172
0.278512206039622
0.904827052466028
-0.562495744497770
-0.728285544942832
0.791071034656346
0.480004781253073
-0.941722428075169
-0.184441483668995
0.999610115040353
-0.129290092740053
-0.959031909598962
0.430286039357561
0.823984939381999
-0.688896961836218
-0.607771911354050
0.879648572866626
0.331690738005508
-0.983751018959350
-0.022936601439364
0.990949761767936
-0.288076888944353
-0.900535694187311
0.570713567684443
0.721414990451323
-0.797132507222920
-0.471231809694091
0.945030468923138
0.174630270445089
-0.999838867929058
0.139173100960073
0.956158841385740
-0.439267323789374
-0.818293059633585
0.696091827363968
0.599821894687898
-0.884348294314092
-0.322265695230510
0.985492653565724
0.012964939775295
-0.989561751039380
0.297612917967919
0.896154763145911
-0.578874624225106
-0.714472679632807
0.803114692137292
0.462411966550404
-0.948244511287215
-0.164801687431371
0.999968170756823
-0.149042266176171
-0.953190667792933
0.448204916018854
0.812519787475566
-0.703217455360683
-0.591812216084361
0.888960053096218
0.312808597947473
-0.987136265072993
-0.002991988539385
0.988075312474492
-0.307119344598654
-0.891684695095876
0.586978102371435
0.707459303011784
-0.809016994374964
-0.453546129097307
0.951364235479196
0.154956712238546
-0.999998010662407
0.158896606741144
0.950127684053208
-0.457097927058715
-0.806665697152838
0.710273137068060
0.583743672234746
-0.893483390499321
-0.303320386816817
0.988681689997521
-0.006981260297978
-0.986490593923529
0.316595223269705
0.887125934657363
-0.595023196102021
-0.700375558181349
0.814838826856922
0.444635179184918
-0.954389331192268
-0.145096324107615
0.999928384677747
-0.168735142482118
-0.946970194829507
0.465945472355785
0.800731370948731
-0.717258170685000
-0.575617065685686
0.897917856604828
0.293802005593946
-0.990128774621973
0.016953814736575
0.984807753012208
-0.326039611452383
-0.882478935272518
0.603009105203044
0.693222149734014
-0.820579610508395
-0.435680003150619
0.957319497532063
0.135221503812926
-0.999759299728271
0.178556894798655
0.943718514185002
-0.474746671879546
-0.794717399127525
0.724171861437454
0.567433204758757
-0.902263010333641
-0.284254401034791
0.991477375010468
-0.026924682845656
-0.983026957126150
0.335451569750231
0.877744159160086
-0.610935035347186
-0.685999789191168
0.826238774316024
0.426681491730838
-0.960154443046362
-0.125333233564336
0.999490772632193
-0.188360886759248
-0.940372965551573
0.483500650209009
0.788624379875541
-0.731013521647808
-0.559192903470778
0.906518419490415
0.274678522802445
-0.992727357023033
0.036892872861860
0.981148383394177
-0.344830161992792
-0.872922077269831
0.618800198173360
0.678709194932844
-0.831815755384859
-0.417640539972102
0.962893885754195
0.115432496909180
-0.999122830098860
0.198146143199393
0.936933881697892
-0.492206536620097
-0.782452919241430
0.737782470802728
0.550896981452097
-0.910683660806199
-0.265075323371837
0.993878596328830
-0.046857393288208
-0.979172218670627
0.354174455327969
0.868013169235267
-0.626603811364497
-0.671351092126017
0.837309998994538
0.408558047142720
-0.965537553173974
-0.105520278635228
0.998655508726066
-0.207911690817799
-0.933401604696217
0.500863465172542
0.776203631076380
-0.744478035621475
-0.542546263865715
0.914758319980686
0.255445757935758
-0.994930978418578
0.056817252993060
0.977098659516919
-0.363483520315672
-0.863017923326327
0.634345098725631
0.663926212652221
-0.842720958654017
-0.399434916642518
0.968085182350382
0.095597564671830
-0.998088854996445
0.217656558273535
0.929776485888243
-0.509470574795328
-0.769877136972495
0.751099550122331
0.534141581324942
-0.918741991723561
-0.245790784309522
0.995884398615971
-0.066771461307905
-0.974927912181824
0.372756431019514
0.857936836400639
-0.642023290261370
-0.656435295035341
0.848048096156428
0.390272055913702
-0.970536519880769
-0.085665341992642
0.997422925272835
-0.227379776282978
-0.926058885850440
0.518027009373129
0.763474066201466
-0.757646355689078
-0.525683769810480
0.922634279794489
0.236111362835365
-0.996738762088009
0.076719028126811
0.972660192581110
-0.381992265099238
-0.852770413853927
0.649637622251861
0.648879084367479
-0.853290881632181
-0.381070376350287
0.972891321940151
0.075724598517111
-0.996657785792645
0.237080377715447
0.922249174357855
-0.526531917830769
-0.756995055651770
0.764117801136725
0.517173670587946
-0.926434797042890
-0.226408456287699
0.997493983854521
-0.086658964004104
-0.970295726276002
0.391190103902768
0.847519169570149
-0.657187337329462
-0.641258332235435
0.858448793601856
0.371830793207137
-0.975149354305554
-0.065776323011879
0.995793512661324
-0.246757397690288
-0.918347730347629
0.534984454218179
0.750440749765092
-0.770513242775761
-0.508612130123427
0.930143165446135
0.216683029776459
-0.998149988796540
0.096590280253135
0.967834748450661
-0.400349032556849
-0.842183625869913
0.664671684553459
0.633573796645701
-0.863521319028244
-0.362554225509651
0.977310392379383
0.055821504993220
-0.994830191844718
0.256409873672066
0.914354941881183
-0.543383777794823
-0.743811800472749
0.776832044476772
0.499999999999956
-0.933759016147286
-0.206936050651887
0.998706711663817
-0.106511989044952
-0.965277503888980
0.409468140058886
0.836764313458937
-0.672089919485030
-0.625826241948794
0.868507953366968
0.353241595961519
-0.979374221211608
-0.045861134627713
0.993767919160591
-0.266036845566647
-0.910271206105475
0.551729053112649
0.737108867130244
-0.783073577733195
-0.491338136832527
0.937281989491901
0.197168488407978
-0.999164097081317
0.116423103505769
0.962624246950013
-0.418546519366824
-0.831261771375090
0.679441304261533
0.618016438763851
-0.873408200617131
-0.343893830853677
0.981340635521226
0.035896202634548
-0.992606800269065
0.275637355817014
0.906096929213819
-0.560019450099958
-0.730332616452211
0.789237221724066
0.482627402182586
-0.940711735063522
-0.187381314585716
0.999522099554692
-0.126322637816027
-0.959875241542877
0.427583267489683
0.825676546934583
-0.686725107669314
-0.610145163901265
0.878221573370252
0.334511859971860
-0.983209439716744
-0.025927700186642
0.991346950662068
-0.285210449497751
-0.901832526405115
0.568254144143298
0.723483722445876
-0.795322363375968
-0.473868662473034
0.944047911718852
0.177575502677106
-0.999780683474844
0.136209607307660
0.957030761100420
-0.436577485577686
-0.820009195677970
0.693940605217027
0.602213200286135
-0.882947592858917
-0.325096616503797
0.984980447915496
0.015956618811826
-0.989988495651939
0.294755174410897
0.897478421842875
-0.576432316169865
-0.716562866343855
0.801328397423527
0.465062788901246
-0.947290187621410
-0.167752028027900
0.999939823121438
-0.146083028562379
-0.954091088551919
0.445528279011038
0.814260281314313
-0.701087079207438
-0.594221336879670
0.887585789004565
0.315649036947032
-0.986653483962187
-0.005983950294442
0.988531570358855
-0.304270581179892
-0.893035048612846
0.584553152728695
0.709570736536553
-0.807254726470168
-0.456210657353119
0.950438240274697
0.157911867740917
-0.999999502665477
0.155941919509820
0.951056516295134
-0.454434757489333
-0.808430375665967
0.708163818808652
0.586170368601352
-0.892135700463915
-0.306170061015560
0.988228381446543
-0.003989313423068
-0.986976319697489
0.313755723344449
0.888502848680087
-0.592615846072313
-0.702508028503846
0.813100761047054
0.447313148315548
-0.953491756554160
-0.148056000577959
0.999959716170870
-0.165785299524554
-0.947927346167097
0.463296035119796
0.802520058610507
-0.715170120125065
-0.578061096249500
0.896596874674971
0.296660631545605
-0.989704983719632
0.013962180339178
0.985322898362541
-0.323209657454366
-0.883882272844588
0.600619594235968
0.695375444745675
-0.818865919671996
-0.438371146789156
0.956450432738619
0.138185406863802
-0.999820467595023
0.175612189524077
0.944703889414194
-0.472111230506209
-0.796529918024184
0.722105286267292
0.569894326421900
-0.900968867902390
-0.287121694403133
0.991083143909603
-0.023933658491828
-0.983571470813403
0.332631443164231
0.879173780697056
-0.608563601118139
-0.688173694712244
0.824549628907089
0.429385542199447
-0.959313974540058
-0.128301068387789
0.999581770788447
-0.185421612065859
-0.941386466660913
0.480879466835368
0.790460549722849
-0.728968627421332
-0.561670871434826
0.905251245281005
0.277554198388906
-0.992362724936252
0.033902756056867
0.981722211257644
-0.342020143325660
-0.874377840572784
0.616447076559538
0.680903494733623
-0.830151323416269
-0.420357228309562
0.962082097133176
0.118403968306403
-0.999243649493388
0.195212591445461
0.937975407878388
-0.489599871965106
-0.784312557402823
0.735759460917801
0.553391549243362
-0.909443580859492
-0.267959095144325
0.993543599524636
-0.043868481447611
-0.979775303633915
0.351374824081377
0.869494929505176
-0.624269236421524
-0.673565567947832
0.835670446020764
0.411287103130567
-0.964754525183646
-0.108495091045698
0.998806137341435
-0.204984153792241
-0.934471052351293
0.498271578510838
0.778086552580996
-0.742477111298899
-0.545057183359300
0.913545457642629
0.258337339056995
-0.994625650217831
0.053829843412115
0.977730941593503
-0.360694554957880
-0.864525533178410
0.632029302664811
0.666160644229909
-0.841106447755041
-0.402176068832332
0.967330992875448
0.098575422202482
-0.998269277850215
0.214735327167119
0.930873748644165
-0.506893723931641
-0.771783154533428
0.749120910386221
0.536668602769409
-0.917556467632689
-0.248689887164916
0.995608769388460
-0.063785851132670
-0.975589328481101
0.369978408957785
0.859470145878670
-0.639726503425789
-0.658689460118647
0.846458787921272
0.393025031654005
-0.969811243937536
-0.088645948447635
0.997633124419042
-0.224465141659022
-0.927183854566816
0.515465450616832
0.765402990234606
-0.755690197347062
-0.528226641853181
0.921476211870381
0.239017699062607
-0.996492859249506
0.073735514324136
0.973350677314641
-0.379225462652877
-0.854329270445668
0.647360073094008
0.651152758743506
-0.851726934142999
-0.383834901813040
0.972195031668980
0.078707657427068
-0.996897740323609
0.234172629481146
0.923401737138406
-0.523985905970092
-0.758946694294514
0.762184318760146
0.519732140299057
-0.925304300473988
-0.229321736804782
0.997277831864007
-0.083677843332211
-0.971015210763894
0.388434796274685
0.849103418222173
-0.654929252388154
-0.643551289750861
0.856910362418565
0.374606593415910
-0.974482118963739
-0.068761537663712
0.996063198709716
-0.243856825068093
-0.919527772551445
0.532454242495057
0.752414908895652
-0.768602628680476
-0.511185943022070
0.929040352678511
0.219602964810878
-0.997963609153795
0.093611849232774
0.968583161128633
-0.397605493806820
-0.843793109003262
0.662433288431403
0.635885809228751
-0.862008557172517
-0.365341024366351
0.976672278334187
0.058808578459420
-0.995129582585914
0.253516765170591
0.915562346134035
-0.540869617879422
-0.745808283729315
0.774944488704162
0.502588900079031
-0.932683996873452
-0.209862349769347
0.998550122907317
-0.103536543928893
-0.966054770315321
0.406736643075874
0.838398870984745
-0.669871434826986
-0.628157079632709
0.867021011307365
0.356039116274270
-0.978765291933692
-0.048849769795653
0.994096984815365
-0.263151488952185
-0.911505852311630
0.549231195078525
0.739127475930362
-0.781209268031052
-0.493941866584172
0.936234870639697
0.200100860540621
-0.999037314786326
0.113450940250010
0.963430289813100
-0.415827335841940
-0.832921240710128
0.677242951731407
0.620365869709234
-0.871947226253905
-0.346701794364291
0.980760951578475
0.038886102236380
-0.992965508106530
0.272760038084592
0.907358694567897
-0.557538142399375
-0.732373150012760
0.787396343528051
0.485245702624287
-0.939692620785884
-0.190319468062068
0.999425136331752
-0.123354052049907
-0.960709980668844
0.424876667889787
0.827360763017991
-0.684547105928717
-0.612512954419499
0.876786712020698
0.337329987382872
-0.982659058768029
-0.028918566828635
0.991735265002970
-0.282341456842798
-0.903121285404205
0.565789633582226
0.725545977802886
-0.793505099790963
-0.476501273172388
0.943056903383052
0.180519145250535
-0.999713548968504
0.133244894304569
0.957894113460936
-0.433883739117548
-0.821717990987296
0.691783170903269
0.604599114862450
-0.881538987243246
-0.327924627507204
0.984459424705056
0.018948155004173
-0.990406377872187
0.291894792200999
0.898794046299161
-0.573984847883528
-0.718646638372852
0.799534929205564
0.467709448002866
-0.946327383799171
-0.170700866905794
0.999902524009302
-0.143122483211059
-0.954982968272735
0.442847653627082
0.815993485882505
-0.698950426911825
-0.596625138196388
0.886203579231213
0.318486650251641
-0.986161870314200
-0.008975858481084
0.988978978893323
-0.301419093926078
-0.894377407666310
0.582122970157374
0.711675817973123
-0.805485232008584
-0.458871101604177
0.949503736732347
0.160865609613808
-0.999992042657545
0.152985836284022
0.951976834664463
-0.451767519812879
-0.810187817097879
0.706048161055794
0.588591817561758
-0.890780024015880
-0.309016994374861
0.987766226259821
-0.000997330835763
-0.987453210044201
0.310913414673001
0.889871808811421
-0.590203190936393
-0.704634209963615
0.811355416346541
0.449987113092062
-0.952585646243110
-0.151014351648698
0.999982096009160
-0.162833972454313
-0.948876011644471
0.460642450450541
0.804301562100316
-0.713075667351162
-0.580499952001540
0.895267866396187
0.299516601786706
-0.989272332962981
0.010970420952013
0.985829223087079
-0.320376810078824
-0.885277697888891
0.598224706513002
0.697522514745691
-0.817144898335164
-0.441058366122310
0.955572805786119
0.141148072876780
-0.999872685053499
0.172665912166352
0.945680807639569
-0.469471562785840
-0.798335306372706
0.720032246799369
0.572350346381945
-0.899666659983910
-0.289986417453630
0.990680040617101
-0.020942419883406
-0.984107179553588
0.329808338856411
0.880595531856754
-0.606186719018240
-0.690341439691852
0.822853102117327
0.432085748802046
-0.958464918240228
-0.131267754658209
0.999663820673244
-0.182480677475334
-0.942391540464054
0.478253978621307
0.792289643355168
-0.726917207456671
-0.564143811312552
0.903975967248458
0.280427389306003
-0.991989209203008
0.030912335754218
0.982287250728704
-0.339207062888920
-0.875825776431851
0.614088436501870
0.683091699075544
-0.828479459920201
-0.423070153602619
0.961261695938324
0.121374379749586
-0.999355523643324
0.192277292145394
0.939008537288536
-0.486988824404396
-0.786165174386151
0.733729864502809
0.555881163064926
