0.000000000000000
0.997701206263482
-0.135221503812962
-0.979374221211597
0.267959095144396
0.943056903383059
-0.395774489027939
-0.889416373291297
0.516319817386054
0.819437965209731
-0.627380757516693
-0.734407127357544
0.726917207456614
0.635885809228714
-0.813100761047027
-0.525683769810505
0.884348294314087
0.405825333736809
-0.939351046208923
-0.278512206039633
0.977098659516909
0.146083028562414
-0.996897740323617
-0.010970420952009
0.998384595114689
-0.124343704647488
-0.981531911539135
0.257373734365301
0.946649260115695
-0.385676011372341
-0.894377407666337
0.506893723931705
0.825676546934595
-0.618800198173359
-0.741808658601437
0.719339800338649
0.644314329694494
-0.806665697152813
-0.534984454218198
0.879173780697051
0.415827335842028
-0.935532134607119
-0.289031796944477
0.974705500327470
0.156926971670524
-0.995974293995239
-0.021939521572639
0.998947824628823
-0.113450940249983
-0.983571470813385
0.246757397690300
0.950127684053200
-0.375531116159736
-0.899230800360077
0.497406623913220
0.831815755384872
-0.610145163901268
-0.749120910386210
0.711675817973073
0.652665304509929
-0.800133548011202
-0.544220751236827
0.873893455212348
0.425779291565067
-0.931600628198008
-0.299516601786624
0.972195031668980
0.167752028028000
-0.994930978418582
-0.032905981689418
0.999390827019095
-0.102544521605570
-0.985492653565726
0.236111362835382
0.953491756554185
-0.365341024366391
-0.903975967248477
0.487859659138731
0.837854851683752
-0.601416696366301
-0.756343002654866
0.703926182748948
0.660937728603824
-0.793505099790893
-0.553391549243353
0.868507953366994
0.435680003150663
-0.927557000153157
-0.309965358680426
0.969567555685771
0.178556894798625
-0.993767919160596
-0.043868481447669
0.999713548968503
-0.091625761342695
-0.987295228574593
0.225436911090848
0.956741072739884
-0.355106962408133
-0.908612337232877
0.478253978621329
0.843793109003303
-0.592615846072354
-0.763474066201499
0.696091827363983
0.669130606358847
-0.786781150250539
-0.562495744497745
0.863017923326348
0.445528279010989
-0.923401737138388
-0.320376810078721
0.966823388604459
0.189340271576128
-0.992485256199832
-0.054825701469373
0.999915951636247
-0.080695973575221
-0.988978978893317
0.214735327167056
0.959875241542891
-0.344830161992783
-0.913139352308714
0.468590738440718
0.849629812651967
-0.583743672234780
-0.770513242775781
0.688173694712313
0.677242951731412
-0.779962508642702
-0.571532241275946
0.857424025836182
0.455322933869008
-0.919135339255234
-0.330749702924254
0.963962860695850
0.200100860540545
-0.991083143909600
-0.065776323011890
0.999998010662407
-0.069756473744116
-0.990543701876214
0.204007899039881
0.962893885754204
-0.334511859971842
-0.917556467632737
0.458871101604207
0.855364260160501
-0.574801242653079
-0.777459685186403
0.680172737770913
0.685273788370252
-0.773049995616554
-0.580499952001570
0.851726934143046
0.465062788901257
-0.914758319980686
-0.341082788800375
0.960986316235230
0.210837366614593
-0.989561751039379
-0.076719028126803
0.999959716170870
-0.058808578459339
-0.991989209203002
0.193255917795547
0.965796642068664
-0.324153298191751
-0.921863151588509
0.449096237906585
0.860995761366619
-0.565789633582228
-0.784312557402884
0.672089919485051
0.693222149733984
-0.766044443118974
-0.589397797376985
0.845927333913344
0.474746671879565
-0.910271206105471
-0.351374824081320
0.957894113460925
0.221548497619454
-0.987921260694514
-0.087652499818466
0.999801072770522
-0.047853605341166
-0.993315326901438
0.182480677475420
0.968583161128637
-0.313755723344394
-0.926058885850414
0.439267323789396
0.866523638498005
-0.556709929603212
-0.791071034656342
0.663926212652235
0.701087079207497
-0.758946694294542
-0.598224706513047
0.840025923150785
0.484373417312181
-0.905674537670626
-0.361624570082083
0.954686624531125
0.232232964430243
-0.986161870314184
-0.098575422202456
0.999522099554693
-0.036892872861799
-0.994521895368269
0.171683474920212
0.971253107566069
-0.303320386816861
-0.930143165446113
0.429385542199409
0.871947226253864
-0.547563223492541
-0.797734303538629
0.655682599805275
0.708867630216958
-0.751757603384035
-0.606979617058033
0.834023412112265
0.493941866584224
-0.900968867902419
-0.371830793207169
0.951364235479190
0.242889481131236
-0.984283791647632
-0.109486480664023
0.999122830098858
-0.025927700186628
-0.995608769388460
0.160865609613707
0.973806160042905
-0.292848544541162
-0.934115498817191
0.419452082446164
0.877265871885032
-0.538350616090661
-0.804301562100268
0.647360073093993
0.716562866343781
-0.744478035621479
-0.615661475325654
0.827920523222571
0.503450868096824
-0.896154763145911
-0.381992265099279
0.947927346167123
0.253516765170553
-0.982287250728692
-0.120384362016232
0.998603312456594
-0.014959407015269
-0.996575818152633
0.150028383526692
0.976242011289671
-0.282341456842860
-0.937975407878401
0.409468140058865
0.882478935272497
-0.529073216169534
-0.810772019947083
0.638959634165661
0.724171861437466
-0.737108867130242
-0.624269236421606
0.821717990987309
0.512899277405923
-0.891232802796696
-0.392107762787041
0.944376370237487
0.264113537514745
-0.980172487848544
-0.131267754658230
0.997963609153802
-0.003989313423072
-0.997422925272834
0.139173100960046
0.978560368142519
-0.271800388289491
-0.941722428075165
0.399434916642540
0.887585789004549
-0.519732140299002
-0.817144898335129
0.630482294044708
0.731693699726825
-0.729650984817438
-0.632801864369499
0.815416561904570
0.522285957359913
-0.886203579231222
-0.402176068832407
0.940711735063537
0.274678522802390
-0.977939757526858
-0.142135348732766
0.997203797181178
0.006981260297984
-0.998149988796540
0.128301068387865
0.980760951578480
-0.261226607538150
-0.945356108439566
0.389353619733220
0.892585818452127
-0.510328512712687
-0.823419430264547
0.621929073010868
0.739127475930361
-0.722105286267263
-0.641258332235501
0.809016994374955
0.531609778236740
-0.881067697735386
-0.412195971476814
0.936933881697904
0.285210449497761
-0.975589328481114
-0.152985836284007
0.996323967984947
0.017950993798077
-0.998756921218923
0.117413594300005
0.982843496749103
-0.250621387183131
-0.948876011644480
0.379225462652916
0.897478421842875
-0.500863465172502
-0.829594860571815
0.613301000476428
0.746472295365139
-0.714472679632771
-0.649637622251891
0.802520058610525
0.540869617879337
-0.875825776431878
-0.422166264787486
0.933043264819456
0.295708050044073
-0.973121483594294
-0.163817911415176
0.995324227455865
0.028918566828736
-0.999243649493385
0.106511989044990
0.984807753012209
-0.239986003602606
-0.952281714056386
0.369051664363439
0.902263010333670
-0.491338136832527
-0.835670446020788
0.604599114862381
0.753727274054658
-0.706754083527003
-0.657938725939676
0.795926536541809
0.550064361831311
-0.870478446205537
-0.432085748801959
0.929040352678488
0.306170061015443
-0.970536519880761
-0.174630270445111
0.994204695916456
0.039882659401112
-0.999610115040352
0.095597564671802
0.986653483962199
-0.229321736804779
-0.955572805786133
0.358833449319478
0.906939008081211
-0.481753674101669
-0.841645455391805
0.595824463473308
0.760891538834825
-0.698950426911923
-0.666160644229924
0.789237221724096
0.559192903470774
-0.865026350627758
-0.441953229673267
0.924925627040601
0.316595223269760
-0.967834748450664
-0.185421612065891
0.992965508106534
0.050841951945586
-0.999856273754321
0.084671634772647
0.988380467458436
-0.218629870274450
-0.958748890738535
0.348572047321817
0.911505852311650
-0.472111230506226
-0.847519169570102
0.586978102371379
0.767964227459533
-0.691062648986841
-0.674302387583708
0.782452919241419
0.568254144143255
-0.859470145878615
-0.451767519812810
0.920699583128442
0.326982282099362
-0.965016494472320
-0.196190637499119
0.991606813167033
0.061795125470238
-0.999982096009160
0.073735514324013
0.989988495651931
-0.207911690817814
-0.961809586659767
0.338268693368633
0.915962993388173
-0.462411966550412
-0.853290881632170
0.578061096249575
0.774944488704204
-0.683091699075630
-0.682362976111794
0.775574445610212
0.577246993294490
-0.853810500668341
-0.461527438033999
0.916362729562230
0.337329987382802
-0.962082097133153
-0.206936050651900
0.990128774621965
0.072740861719254
-0.999987566661691
0.062790519529310
0.991477375010469
-0.197168488407928
-0.964754525183611
0.327924627507180
0.920309894877011
-0.452657049576986
-0.858959896930656
0.569074518302899
0.781831482468027
-0.675038536511978
-0.690341439691902
0.768602628680549
0.586170368601387
-0.848048096156442
-0.471231809694106
0.911915588298674
0.347637093734977
-0.959031909598968
-0.217656558273613
0.988531570358853
0.083677843332265
-0.999872685053500
0.051837967659670
0.992846926341839
-0.186401556029787
-0.967583351875680
0.317541094684860
0.924546033612330
-0.442847653627056
-0.864525533178389
0.560019450099956
0.788624379875500
-0.666904130524171
-0.698236818086047
0.761538307536718
0.595023196102017
-0.842183625869891
-0.480879466835342
0.907358694567843
0.357902360656700
-0.955866298971264
-0.228350870110665
0.986815392607217
0.094604754002557
-0.999637465011021
0.040879176895747
0.994096984815364
-0.175612189523933
-0.970295726275993
0.307119344598647
0.928670899758828
-0.432984959298181
-0.869987120530019
0.550896981452133
0.795322363375968
-0.658689460118700
-0.706048161055857
0.754382332396457
0.603804410325514
-0.836217795619842
-0.490469248326022
0.902692596809112
0.368124552684636
-0.952585646243140
-0.239017699062557
0.984980447915478
0.105520278635151
-0.999281934843866
0.029915466169410
0.995227399981835
