0.000000000000000
0.953039767852603
-0.577246993294532
-0.603406832788018
0.942724690773080
0.032407582169714
-0.962353650653279
0.550480740084995
0.628932776940319
-0.931419255684618
-0.064781119290152
0.970656554687106
-0.523136191838692
-0.653798010050656
0.919135339255234
0.097086602077288
-0.977939757526859
0.495242074749626
0.677976410513219
-0.905885846074292
-0.129290092740033
0.984195607969241
-0.466827692348861
-0.701442578258648
0.891684695095876
0.161357760632809
-0.989417534072678
0.437922894720368
0.724171861437465
-0.876546805016557
-0.193255917795552
0.993600050061322
-0.408558047142686
-0.746140382317557
0.860488078602878
0.224951054343867
-0.996738762088013
0.378763998189391
0.767325062368340
-0.843525385985088
-0.256409873672027
0.998830372850131
-0.348572047321815
-0.787703646505423
0.825676546934594
0.287599327432012
-0.999872685053500
0.318013912008094
0.807254726470169
-0.806960312143802
-0.318486650251690
0.999864603720714
-0.287121694403110
-0.825957763319629
0.787396343528015
0.349039394155680
-0.998806137341433
0.255927847624346
0.843793109003305
-0.767005193570035
-0.379225462652927
0.996698397863467
-0.224465141658923
-0.860742027003947
0.745808283729265
0.409013144454876
-0.993543599524647
0.192766628937884
0.876786712020745
-0.723827881937809
-0.438371146789082
0.989345056526703
-0.160865609613706
-0.891910308674340
0.701087079207481
0.467268628273063
-0.984107179553606
0.128795596577574
0.906096929213803
-0.677609765372000
-0.495675231314095
0.977835471138028
-0.096590280253152
-0.919331670207196
0.653420603990104
0.523561114000639
-0.970536519880775
0.064283493203986
0.931600628198009
-0.628545006435802
-0.550896981452094
0.962217993529281
-0.031909174591299
-0.942890914311127
0.603009105203029
0.577654116593895
-0.952888630922454
-0.000498665479905
0.953190667792945
-0.576839726452753
-0.603804410325486
0.942558232810249
0.032905981689417
-0.962489068471411
0.550064361831330
0.629320391049843
-0.931237651557737
-0.065278729267359
0.970776348122914
-0.522711139589881
-0.654175253533037
0.918938779744394
0.097582899759141
-0.978043800734079
0.494808795034653
0.678342887063890
-0.905674537670621
-0.129784556752304
0.984283791647637
-0.466386640339888
-0.701797902883989
0.891458859784620
0.161849871527532
-0.989489765582890
0.437474533754562
0.724515660859267
-0.876306680043855
-0.193745158596812
0.993656253522179
-0.408102848235480
-0.746472295365142
0.860233916226583
0.225436911090846
-0.996778878456246
0.378302439539656
0.767644740358020
-0.843257453209710
-0.256891835958991
0.998854359982401
-0.348104613809474
-0.788010753606728
0.825395125230821
0.288076888944374
-0.999880517750669
0.317541094684858
0.807548940058685
-0.806665697152796
-0.318959309298091
0.999856273754320
-0.286643989976437
-0.826238774315996
0.787088844750894
0.349506654194857
-0.998781653462335
0.255445757935812
0.844060622197803
-0.766685134042630
-0.379686832815513
0.996657785792646
-0.223979173156843
-0.860995761366628
0.745475999682868
0.409468140058875
-0.993486901926195
0.192277292145429
0.877026400996776
-0.723483722445850
-0.438819289849236
0.989272332962987
-0.160373418592582
-0.892135700463877
0.700731405818926
0.467709448002823
-0.984018506422713
0.128301068387822
0.906307787036655
-0.677242951731407
-0.496108264620358
0.977730941593511
-0.096093934410214
-0.919527772551442
0.653043035445209
0.523985905970100
-0.970416243733761
0.063785851132626
0.931781769052810
-0.628157079632706
-0.551313085829151
0.962082097133166
-0.031410759078148
-0.943056903383070
0.602611227669380
0.578061096249571
-0.952737257040087
-0.000997330835809
0.953341330705961
-0.576432316169799
-0.604201837716527
0.942391540464041
0.033404373026512
-0.962624246950017
0.549647846794668
0.629707848667976
-0.931055815862526
-0.065776323011889
0.970895900158416
-0.522285957359945
-0.654552334343418
0.918741991723537
0.098079173175359
-0.978147600733808
0.494375392276928
0.678709194932883
-0.905463004055327
-0.130278988491362
0.984371730566857
-0.465945472355844
-0.702153052995182
0.891232802796698
0.162341942175481
-0.989561751039377
0.437026064003154
0.724859280117738
-0.876066337162379
-0.194234351219955
0.993712209893239
-0.407647547846417
-0.746804022789524
0.859979539938267
0.225922711779042
-0.996818746958190
0.377840786818471
0.767964227459545
-0.842989310743814
-0.257373734365333
0.998878098732277
-0.347637093734920
-0.788317664755536
0.825113498278291
0.288554378821440
-0.999888101810272
0.317068198399530
0.807842952836223
-0.806370881570444
-0.319431889029736
0.999847695156390
-0.286166214270785
-0.826519579853818
0.786781150250534
0.349973827323180
-0.998756921218922
0.254963604726249
0.844327925502031
-0.766364883865729
-0.380148108562395
0.996616925885647
-0.223493148958472
-0.861249281627847
0.745143530260976
0.409923033841559
-0.993429957280057
0.191787907539931
0.877265871885033
-0.723139383047164
-0.439267323789393
0.989199363399615
-0.159881187691837
-0.892360870408473
0.700375558181380
0.468150151428574
-0.983929588598624
0.127806508293822
0.906518419490418
-0.676875969682695
-0.496541174560779
0.977626168919292
-0.095597564671774
-0.919723646239256
0.652665304509903
0.524410567641389
-0.970295726275990
0.063288193199812
0.931962678203975
-0.627768996627501
-0.551729053112685
0.961945961498708
-0.030912335754141
-0.943222657947592
0.602213200286106
0.578467932160323
-0.952585646243158
-0.001495995943652
0.953491756554203
-0.576024762546945
-0.604599114862410
0.942224613775866
0.033902756057003
-0.962759186055467
0.549231195078573
0.630095149698373
-0.930873748644201
-0.066273900400000
0.971015210763879
-0.521860645254558
-0.654929252388075
0.918544975241646
0.098575422202412
-0.978251157500226
0.493941866584269
0.679075334029151
-0.905251245280990
-0.130773387834382
0.984459424705055
-0.465504188506334
-0.702508028503867
0.891006524188356
0.162833972454302
-0.989633490424239
0.436577485577665
0.725202719127426
-0.875825776431860
-0.194723495543399
0.993767919160593
-0.407192146088827
-0.747135564508126
0.859724949801210
0.226408456287597
-0.996858367583936
0.377379040140595
0.768283523593553
-0.842720958654016
-0.257855568771251
0.998901589093857
-0.347169487214397
-0.788624379875538
0.824831666147034
0.289031796944474
-0.999895437230425
0.316595223269717
0.808136764729654
-0.806075865470075
-0.319904389329070
0.999838867929058
-0.285688367405014
-0.826800179863235
0.786473260103413
0.350440913424517
-0.998731940617343
0.254481388115527
0.844595018849532
-0.766044443118960
-0.380609289778883
0.996575818152632
-0.223007069184669
-0.861502587724552
0.744810875546271
0.410377825689799
-0.993372765600398
0.191298475243112
0.877505124625949
-0.722794863827417
-0.439715248498089
0.989126147854723
-0.159388917033817
-0.892585818452147
0.700019536383311
0.468590738440751
-0.983840426103443
0.127311916418525
0.906728826522715
-0.676508819316996
-0.496973961027560
0.977521153141461
-0.095101171161461
-0.919919291221851
0.652287411278136
0.524835098908882
-0.970174967537437
0.062790519529353
0.932143355606500
-0.627380757516644
-0.552144883199305
0.961809586659752
-0.030413904743190
-0.943388177963543
0.601815023152024
0.578874624225122
-0.952433798569317
-0.001994660679604
0.953641945300212
-0.575617065685675
-0.604996241664188
0.942057452787301
0.034401130656931
-0.962893885754197
0.548814406786700
0.630482294044681
-0.930691449948057
-0.066771461308018
0.971134279909648
-0.521435203379458
-0.655306007573301
0.918347730347632
0.099071646717096
-0.978354471007617
0.493508218064334
0.679441304261522
-0.905039261400340
-0.131267754658228
0.984546874040390
-0.465062788901266
-0.702862829321754
0.890780024015874
0.163325962241586
-0.989704983719628
0.436128798589591
0.725545977802968
-0.875584997912102
-0.195212591445538
0.993823381310392
-0.406736643075771
-0.747466920438639
0.859470145878633
0.226894144495889
-0.996897740323617
0.376917199621005
0.768602628680517
-0.842452397007154
-0.258337339056871
0.998924831061296
-0.346701794364237
-0.788930898890429
0.824549628907165
0.289509143194813
-0.999902524009304
0.316122169412977
0.808430375665950
-0.805780648924949
-0.320376810078758
0.999829792074516
-0.285210449497785
-0.827080574274567
0.786165174386199
0.350907912382561
-0.998706711663819
0.253999108223720
0.844861902173860
-0.765723811882043
-0.381070376350242
0.996534462603827
-0.222520933956360
-0.861755679593784
0.744478035621437
0.410832515490555
-0.993315326901432
0.190808995376511
0.877744159160110
-0.722450164872161
-0.440163063864095
0.989052686346542
-0.158896606741101
-0.892810544538886
0.699663340513372
0.469031208929646
-0.983751018959353
0.126817292884978
0.906939008081200
-0.676141500725775
-0.497406623913278
0.977415894286083
-0.094604754002485
-0.920114707450665
0.651909355843749
0.525259499667157
-0.970053967548090
0.062292830244832
0.932323801215516
-0.626992362396812
-0.552560575985466
0.961672972650258
-0.029915466169411
-0.943553463389688
0.601416696366331
0.579281172342653
-0.952281714056391
-0.002493324919435
0.953791896906710
-0.575209225687185
-0.605393218023288
0.941890057539837
0.034899496702538
-0.963028346012757
0.548397482022548
0.630869281610763
-0.930508919819364
-0.067269005612045
0.971253107566073
-0.521009631840582
-0.655682599805281
0.918150257090635
0.099567846595790
-0.978457541230242
0.493074446825152
0.679807105539074
-0.904827052465993
-0.131762088840192
0.984634078551154
-0.464621273650200
-0.703217455360737
0.890553302335498
0.163817911415160
-0.989776230907790
0.435680003150659
0.725889056058890
-0.875344001663063
-0.195701638804582
0.993878596328824
-0.406281038920725
-0.747798090498512
0.859215128234014
0.227379776282921
-0.996936865167462
0.376455265374337
0.768921542641231
-0.842183625869887
-0.258819045102559
0.998947824628825
-0.346234015300579
-0.789237221724091
0.824267386628722
0.289986417453593
-0.999909362145144
0.315649036947107
0.808723785571999
-0.805485232008611
-0.320849151161109
0.999820467595024
-0.284732460668160
-0.827360763017962
0.785856893175362
0.351374824081396
-0.998681234364611
0.253516765170537
0.845128575408741
-0.765402990234597
-0.381531368161974
0.996492859249511
-0.222034743394266
-0.862008557172578
0.744145010569353
0.411287103130708
-0.993257641197462
0.190319468061956
0.877982975427967
-0.722105286267190
-0.440610769775848
0.988978978893307
-0.158404256935998
-0.893035048612909
0.699306970660056
0.469471562785928
-0.983661367188578
0.126322637816006
0.907148964113633
-0.675774014000205
-0.497839163110246
0.977310392379380
-0.094108313318403
-0.920309894877018
0.651531138300838
0.525683769810486
-0.969932726338065
0.061795125470237
0.932504014986112
-0.626603811364497
-0.552976131367989
0.961536119504164
-0.029417020156520
-0.943718514184962
0.601018220027896
0.579687576411912
-0.952129392742131
-0.002991988539258
0.953941611336341
-0.574801242652982
-0.605790043840816
0.941722428075138
0.035397854069668
-0.963162566797681
0.547980420889984
0.631256112300298
-0.930326158303593
-0.067766533188585
0.971371693703633
-0.520583930743564
-0.656059028990455
0.917952555519669
0.100064021715219
-0.978560368142519
0.492640552974491
0.680172737770928
-0.904614618530767
-0.132256390257123
0.984721038215644
-0.464179642863127
-0.703571906532550
0.890326359203710
0.164309819852580
-0.989847231970977
0.435231099372265
0.726231953809957
-0.875102787744560
-0.196190637499032
0.993933564202186
-0.405825333736881
-0.748129074605546
0.858959896930709
0.227865351528154
-0.996975742105732
0.375993237515668
0.769240265396320
-0.841914645309173
-0.259300686788420
0.998970569790713
-0.345766150139852
-0.789543348300214
0.823984939381953
0.290463619602241
-0.999915951636248
0.315175825989650
0.809016994374975
-0.805189614794454
-0.321321412458884
0.999810894492901
-0.284254401034781
-0.827640746023809
0.785548416547702
0.351841648404811
-0.998655508726066
0.253034359076031
0.845395038487741
-0.765081978256475
-0.381992265099235
0.996451008100012
-0.221548497619508
-0.862261220397995
0.743811800472756
0.411741588497114
-0.993199708502820
0.189829893421290
0.878221573370189
-0.721760228098343
-0.441058366122122
0.988905025513380
-0.157911867740716
-0.893259330618289
0.698950426911817
0.469911799899895
-0.983571470813368
0.125827951334841
0.907358694567899
-0.675406359231835
-0.498271578510806
0.977204647447564
-0.093611849232777
-0.920504853452415
0.651152758743539
0.526107909233464
-0.969811243937539
0.061297405329216
0.932683996873433
-0.626215104516141
-0.553391549243348
0.961399027255441
-0.028918566828692
-0.943883330308400
0.600619594235987
0.580093836332025
-0.951976834664483
-0.003490651415298
0.954091088551910
-0.574393116684614
-0.606186719018183
0.941554564434925
0.035896202634511
-0.963296548075563
0.547563223492620
0.631642786017008
-0.930143165446151
-0.068264043913692
0.971490038292894
-0.520158100194454
-0.656435295035389
0.917754625683986
0.100560171952226
-0.978662951718832
0.492206536620048
0.680538200865997
-0.904401959647537
-0.132750658786217
0.984807753012216
-0.463737896649768
-0.703926182748973
0.890099194676890
0.164801687431413
-0.989917986891549
0.434782087366241
0.726574670971059
-0.874861356216685
-0.196679587407514
0.993988284916783
-0.405369527637348
-0.748459872677286
0.858704452032070
0.228350870110620
-0.997014371128750
0.375531116159786
0.769558796866454
-0.841645455391838
-0.259782263994575
0.998993066541310
-0.345298198998504
-0.789849278542743
0.823702287237158
0.290940749522309
-0.999922292480974
0.314702536658064
0.809310002001831
-0.804893797355854
-0.321793593854431
0.999801072770521
-0.283776270716743
-0.827920523222614
0.785239744579857
0.352308385236615
-0.998629534754576
0.252551890060270
0.845661291344658
-0.764760776027574
-0.382453067047520
0.996408909165773
-0.221062196752889
-0.862513669207262
0.743478405414352
0.412195971476861
-0.993141528831885
0.189340271576140
0.878459952927553
-0.721414990451346
-0.441505852791816
0.988830826225134
-0.157419439278144
-0.893483390499303
0.698593709357642
0.470351920162174
-0.983481329856160
0.125333233564382
0.907568199391654
-0.675038536512005
-0.498703870007530
0.977098659516882
-0.093115361868946
-0.920699583128466
0.650774217265858
0.526531917830814
-0.969689520376692
0.060799669945309
0.932863746832766
-0.625826241948758
-0.553806829508338
0.961261695938302
-0.028420106309764
-0.944047911718865
0.600220819089640
0.580499952001600
-0.951824039861348
-0.003989313423100
0.954240328516314
-0.573984847883473
-0.606583243456931
0.941386466660904
0.036394542273369
-0.963430289813116
0.547145889934011
0.632029302664826
-0.929959941292458
-0.068761537663765
0.971608141304319
-0.519732140299047
-0.656811397846174
0.917556467632761
0.101056297182983
-0.978765291933693
0.491772397870144
0.680903494733485
-0.904189075869134
-0.133244894304793
0.984894222919327
-0.463296035119767
-0.704280283921989
0.889871808811425
0.165293514029458
-0.989988495651943
0.434332967244140
0.726917207456660
-0.874619707139420
-0.197168488407996
0.994042758459021
-0.404913620735886
-0.748790484631548
0.858448793601850
0.228836331909697
-0.997052752226920
0.375068901421392
0.769877136972498
-0.841376056184697
-0.260263776601383
0.999015314875033
-0.344830161992794
-0.790155012375742
0.823419430264558
0.291417807094716
-0.999928384677747
0.314229169070470
0.809602808379773
-0.804597779766640
-0.322265695230441
0.999791002430335
-0.283298069832832
-0.828200094544549
0.784930877348442
0.352775034460852
-0.998603312456588
0.252069358243118
0.845927333913407
-0.764439383627694
-0.382913773892452
0.996366562457245
-0.220575840915113
-0.862765903537605
0.743144825477351
0.412650251956958
-0.993083102199178
0.188850602648262
0.878698114040565
-0.721069573412048
-0.441953229673249
0.988756381047019
-0.156926971670509
-0.893707228200338
0.698236818086072
0.470791923463523
-0.983390944339329
0.124838484627424
0.907777478532897
-0.674670545932014
-0.499136037492921
0.976992428613786
-0.092618851350373
-0.920894083856571
0.650395513961925
0.526955795496713
-0.969567555685792
0.060301919442741
0.933043264819411
-0.625437223758869
-0.554221972059882
0.961124125586835
-0.027921638723457
-0.944212258375507
0.599821894687834
0.580905923319832
-0.951671008370652
-0.004487974438891
0.954389331192307
-0.573576436351084
-0.606979617058095
0.941218134794874
0.036892872861869
-0.963563791977083
0.546728420318314
0.632415662147639
-0.929776485888243
-0.069259014315321
0.971726002708595
-0.519306051163069
-0.657187337329458
0.917358081415177
0.101552397284347
-0.978867388761703
0.491338136832537
0.681268619282722
-0.903975967248497
-0.133739096689497
0.984980447915473
-0.462854058383405
-0.704634209963546
0.889644201664065
0.165785299524416
-0.990058758234562
0.433883739117642
0.727259563181739
-0.874377840572745
-0.197657340379126
0.994096984815378
-0.404457613145658
-0.749120910386270
0.858192921703507
0.229321736804888
-0.997090885390699
0.374606593415848
0.770195285635292
-0.841106447754986
-0.260745224489106
0.999037314786328
-0.344362039239107
-0.790460549722907
0.823136368534492
0.291894792201050
-0.999934228225055
0.313755723344365
0.809895413436123
-0.804301562100288
-0.322737716469734
0.999780683474845
-0.282819798501744
-0.828479459920223
0.784621814930546
0.353241595961482
-0.998576841838645
0.251586763744566
0.846193166127589
-0.764117801136755
-0.383374385519049
0.996323967984957
-0.220089430227566
-0.863017923326415
0.742811060744550
0.413104429824648
-0.993024428619200
0.188360886759195
0.878936056650110
-0.720723977066186
-0.442400496655376
0.988681689997514
-0.156434465040272
-0.893930843665529
0.697879753185855
0.471231809694126
-0.983300314285350
0.124343704647446
0.907986531939587
-0.674302387583703
-0.499568080859513
0.976885954764644
-0.092122317800295
-0.921088355588452
0.650016648925738
0.527379542125950
-0.969445349895114
0.059804153945059
0.933222550788810
-0.625048050043208
-0.554636976794368
0.960986316235250
-0.027423164194180
-0.944376370237459
0.599422821130134
0.581311750185770
-0.951517740230588
-0.004986634338669
0.954538096542904
-0.573167882188819
-0.607375839723291
0.941049568878618
0.037391194276319
-0.963697054534327
0.546310814749150
0.632801864369548
-0.929592799279041
-0.069756473744200
0.971843622476411
-0.518879832892865
-0.657563113391757
0.917159467080748
0.102048472132952
-0.978969242177378
0.490903753615214
0.681633574422581
-0.903762633838521
-0.134233265817666
0.985066427979254
-0.462411966550384
-0.704987960785793
0.889416373291304
0.166277043794220
-0.990128774621967
0.433434403098253
0.727601738061163
-0.874135756577023
-0.198146143199345
0.994150963972320
-0.404001504980056
-0.749451149858985
0.857936836400668
0.229807084675046
-0.997128770610602
0.374144192257902
0.770513242775866
-0.840836630169626
-0.261226607538244
0.999059066269736
-0.343893830853635
-0.790765890508400
0.822853102117218
0.292371704722702
-0.999939823121439
0.313282199597479
0.810187817097854
-0.804005144430457
-0.323209657454502
0.999770115906615
-0.282341456842845
-0.828758619280167
