0.000000000000000
0.995974293995238
0.178556894798637
-0.963962860695852
-0.351374824081343
0.900968867902418
0.512899277405906
-0.809016994374946
-0.657938725939712
0.691062648986864
0.781831482468029
-0.550896981452103
-0.880595531856737
0.393025031653921
0.951056516295153
-0.222520933956315
-0.990949761767934
0.044864830350512
0.998993066541314
0.134233265817655
-0.974927912181822
-0.309016994374950
0.919527772551451
0.473868662472998
-0.834573253721301
-0.623489801858735
0.722794863827387
0.753071466003610
-0.587785252292471
-0.858448793601867
0.433883739117559
0.936234870639736
-0.266036845566673
-0.983929588598629
0.089639308903428
0.999999999999999
0.089639308903435
-0.983929588598628
-0.266036845566674
0.936234870639736
0.433883739117560
-0.858448793601863
-0.587785252292477
0.753071466003610
0.722794863827388
-0.623489801858735
-0.834573253721301
0.473868662472997
0.919527772551451
-0.309016994374943
-0.974927912181824
0.134233265817647
0.998993066541314
0.044864830350513
-0.990949761767934
-0.222520933956316
0.951056516295152
0.393025031653928
-0.880595531856734
-0.550896981452109
0.781831482468031
0.691062648986863
-0.657938725939712
-0.809016994374948
0.512899277405902
0.900968867902421
-0.351374824081335
-0.963962860695855
0.178556894798626
0.995974293995238
0.000000000000000
-0.995974293995238
-0.178556894798641
0.963962860695851
0.351374824081350
-0.900968867902414
-0.512899277405903
0.809016994374947
0.657938725939713
-0.691062648986862
-0.781831482468032
0.550896981452097
0.880595531856741
-0.393025031653914
-0.951056516295156
0.222520933956315
0.990949761767934
-0.044864830350497
-0.998993066541314
-0.134233265817648
0.974927912181824
0.309016994374944
-0.919527772551450
-0.473868662472998
0.834573253721301
0.623489801858736
-0.722794863827387
-0.753071466003615
0.587785252292465
0.858448793601871
-0.433883739117546
-0.936234870639742
0.266036845566659
0.983929588598632
-0.089639308903413
-0.999999999999999
-0.089639308903429
0.983929588598629
0.266036845566674
-0.936234870639736
-0.433883739117560
0.858448793601863
0.587785252292478
-0.753071466003605
-0.722794863827398
0.623489801858723
0.834573253721309
-0.473868662472984
-0.919527772551457
0.309016994374929
0.974927912181821
-0.134233265817661
-0.998993066541313
-0.044864830350513
0.990949761767934
0.222520933956316
-0.951056516295151
-0.393025031653928
0.880595531856734
0.550896981452110
-0.781831482468022
-0.691062648986873
0.657938725939701
0.809016994374956
-0.512899277405890
-0.900968867902427
0.351374824081322
0.963962860695851
-0.178556894798639
-0.995974293995238
-0.000000000000001
0.995974293995238
0.178556894798641
-0.963962860695851
-0.351374824081350
0.900968867902414
0.512899277405916
-0.809016994374939
-0.657938725939724
0.691062648986851
0.781831482468041
-0.550896981452084
-0.880595531856735
0.393025031653927
0.951056516295152
-0.222520933956314
-0.990949761767934
0.044864830350511
0.998993066541313
0.134233265817663
-0.974927912181821
-0.309016994374958
0.919527772551445
0.473868662473011
-0.834573253721293
-0.623489801858747
0.722794863827377
0.753071466003625
-0.587785252292453
-0.858448793601864
0.433883739117558
0.936234870639737
-0.266036845566672
-0.983929588598635
0.089639308903399
0.999999999999999
0.089639308903415
-0.983929588598632
-0.266036845566661
0.936234870639741
0.433883739117548
-0.858448793601870
-0.587785252292467
0.753071466003614
0.722794863827388
-0.623489801858734
-0.834573253721302
0.473868662472996
0.919527772551451
-0.309016994374942
-0.974927912181824
0.134233265817646
0.998993066541314
0.044864830350528
-0.990949761767932
-0.222520933956330
0.951056516295147
0.393025031653942
-0.880595531856727
-0.550896981452122
0.781831482468013
0.691062648986884
-0.657938725939690
-0.809016994374965
0.512899277405877
0.900968867902433
-0.351374824081308
-0.963962860695863
0.178556894798597
0.995974293995237
-0.000000000000013
-0.995974293995239
-0.178556894798628
0.963962860695854
0.351374824081337
-0.900968867902420
-0.512899277405904
0.809016994374947
0.657938725939713
-0.691062648986861
-0.781831482468032
0.550896981452096
0.880595531856741
-0.393025031653913
-0.951056516295157
0.222520933956300
0.990949761767936
-0.044864830350496
-0.998993066541313
-0.134233265817677
0.974927912181817
0.309016994374972
-0.919527772551439
-0.473868662473024
0.834573253721285
0.623489801858759
-0.722794863827367
-0.753071466003634
0.587785252292441
0.858448793601886
-0.433883739117571
-0.936234870639732
0.266036845566685
0.983929588598627
-0.089639308903441
-0.999999999999999
-0.089639308903430
0.983929588598629
0.266036845566675
-0.936234870639736
-0.433883739117561
0.858448793601862
0.587785252292479
-0.753071466003604
-0.722794863827398
0.623489801858723
0.834573253721310
-0.473868662472984
-0.919527772551457
0.309016994374928
0.974927912181828
-0.134233265817632
-0.998993066541315
-0.044864830350542
0.990949761767930
0.222520933956345
-0.951056516295142
-0.393025031653955
0.880595531856720
0.550896981452134
-0.781831482468004
-0.691062648986895
0.657938725939679
0.809016994374940
-0.512899277405913
-0.900968867902415
0.351374824081347
0.963962860695851
-0.178556894798638
-0.995974293995238
-0.000000000000002
0.995974293995238
0.178556894798642
-0.963962860695850
-0.351374824081351
0.900968867902413
0.512899277405917
-0.809016994374938
-0.657938725939724
0.691062648986851
0.781831482468042
-0.550896981452084
-0.880595531856748
0.393025031653900
0.951056516295161
-0.222520933956285
-0.990949761767938
0.044864830350482
0.998993066541312
0.134233265817692
-0.974927912181814
-0.309016994374986
0.919527772551433
0.473868662473037
-0.834573253721308
-0.623489801858726
0.722794863827396
0.753071466003607
-0.587785252292475
-0.858448793601864
0.433883739117558
0.936234870639737
-0.266036845566671
-0.983929588598630
0.089639308903426
0.999999999999999
0.089639308903445
-0.983929588598626
-0.266036845566689
0.936234870639730
0.433883739117574
-0.858448793601855
-0.587785252292490
0.753071466003594
0.722794863827409
-0.623489801858711
-0.834573253721318
0.473868662472971
0.919527772551463
-0.309016994374914
-0.974927912181831
0.134233265817617
0.998993066541315
0.044864830350557
-0.990949761767928
-0.222520933956359
0.951056516295138
0.393025031653917
-0.880595531856740
-0.550896981452099
0.781831482468030
0.691062648986864
-0.657938725939710
-0.809016994374949
0.512899277405901
0.900968867902421
-0.351374824081280
-0.963962860695855
0.178556894798568
0.995974293995239
0.000000000000073
-0.995974293995236
-0.178556894798601
0.963962860695846
0.351374824081312
-0.900968867902407
-0.512899277405880
0.809016994374929
0.657938725939693
-0.691062648986840
-0.781831482468015
0.550896981452071
0.880595531856728
-0.393025031653886
-0.951056516295148
0.222520933956271
0.990949761767932
-0.044864830350467
-0.998993066541314
-0.134233265817706
0.974927912181823
0.309016994375000
-0.919527772551450
-0.473868662473050
0.834573253721300
0.623489801858782
-0.722794863827386
-0.753071466003654
0.587785252292464
0.858448793601901
-0.433883739117544
-0.936234870639762
0.266036845566657
0.983929588598642
-0.089639308903411
-0.999999999999999
-0.089639308903459
0.983929588598634
0.266036845566703
-0.936234870639745
-0.433883739117588
0.858448793601876
0.587785252292502
-0.753071466003622
-0.722794863827419
0.623489801858744
0.834573253721326
-0.473868662473008
-0.919527772551469
0.309016994374954
0.974927912181834
-0.134233265817659
-0.998993066541316
-0.044864830350515
0.990949761767926
0.222520933956318
-0.951056516295133
-0.393025031653930
0.880595531856706
0.550896981452111
-0.781831482467986
-0.691062648986875
0.657938725939657
0.809016994374958
-0.512899277405839
-0.900968867902428
0.351374824081267
0.963962860695859
-0.178556894798665
-0.995974293995241
0.000000000000025
0.995974293995235
0.178556894798615
-0.963962860695842
-0.351374824081325
0.900968867902401
0.512899277405893
-0.809016994374921
-0.657938725939704
0.691062648986829
0.781831482468025
-0.550896981452059
-0.880595531856735
0.393025031653872
0.951056516295153
-0.222520933956257
-0.990949761767934
0.044864830350452
0.998993066541313
0.134233265817721
-0.974927912181820
-0.309016994375014
0.919527772551444
0.473868662473063
-0.834573253721292
-0.623489801858793
0.722794863827375
0.753071466003663
-0.587785252292452
-0.858448793601850
0.433883739117531
0.936234870639727
-0.266036845566643
-0.983929588598625
0.089639308903397
0.999999999999999
0.089639308903474
-0.983929588598631
-0.266036845566717
0.936234870639740
0.433883739117601
-0.858448793601869
-0.587785252292514
0.753071466003612
0.722794863827429
-0.623489801858733
-0.834573253721334
0.473868662472995
0.919527772551474
-0.309016994374940
-0.974927912181837
0.134233265817644
0.998993066541317
0.044864830350530
-0.990949761767924
-0.222520933956332
0.951056516295129
0.393025031653944
-0.880595531856699
-0.550896981452124
0.781831482468047
0.691062648986885
-0.657938725939731
-0.809016994374966
0.512899277405924
0.900968867902434
-0.351374824081359
-0.963962860695863
0.178556894798651
0.995974293995242
-0.000000000000011
-0.995974293995234
-0.178556894798629
0.963962860695839
0.351374824081339
-0.900968867902394
-0.512899277405906
0.809016994374912
0.657938725939715
-0.691062648986819
-0.781831482468034
0.550896981452047
0.880595531856742
-0.393025031653859
-0.951056516295157
0.222520933956242
0.990949761767936
-0.044864830350438
-0.998993066541313
-0.134233265817736
0.974927912181817
0.309016994375027
