0.000000000000000
0.696091827363989
-0.999522099554693
0.739127475930342
-0.061795125470202
-0.650395513961876
0.995701636221687
-0.779337964931474
0.123354052049831
0.602213200286083
-0.988075312474495
0.816569598217090
-0.184441483668973
-0.551729053112689
0.976672278334167
-0.850680065687339
0.244823926448196
0.499136037492958
-0.961536119504149
0.881538987243269
-0.304270581179856
-0.444635179184929
0.942724690773081
-0.909028411137386
0.362554225509610
0.388434796274695
-0.920309894877022
0.933043264819445
-0.419452082446179
-0.330749702924249
0.894377407666336
-0.953491756554185
0.474746671879543
0.271800388289470
-0.865026350627753
0.970295726275994
-0.528226641853076
-0.211812173746607
0.832368912013277
-0.983390944339327
0.579687576411981
0.151014351648635
-0.796529918024198
0.992727357023034
-0.628932776940314
-0.089639308903441
0.757646355689097
-0.998269277850215
0.675774014000208
0.027921638723568
-0.715866849259718
0.999995523992272
-0.720032246799341
0.033902756056966
0.671351092125998
-0.997899497235826
0.761538307536739
-0.095597564671810
-0.624269236421596
0.991989209203003
-0.800133548011205
0.156926971670506
0.574801242653080
-0.982287250728691
0.835670446020761
-0.217656558273568
-0.523136191838701
0.968830705511808
-0.868013169235261
0.277554198388933
0.469471562785904
-0.951671008370679
0.897038094386960
-0.336390945865367
-0.414012477270051
0.930873748644206
-0.922634279794505
0.393941909590941
0.356970915999487
-0.906518419490417
0.944703889414169
-0.449987113092106
-0.298564908363898
0.878698114040556
-0.963162566797655
0.504312335347574
0.239017699062599
-0.847519169570123
0.977939757526856
-0.556709929603209
-0.178556894798652
0.813100761047028
-0.988978978893314
0.606979617058043
0.117413594300017
-0.775574445610217
0.996238035791515
-0.654929252388081
-0.055821504993162
0.735083659720186
-0.999689182000815
0.700375558181357
-0.005983950294381
-0.691783170903222
0.999319226239544
-0.743144825477378
0.067766533188510
0.645838486185012
-0.995129582585909
0.783073577733166
-0.129290092740018
-0.597425219474899
0.987136265072985
-0.820009195677939
0.190319468062027
0.546728420318374
-0.975369826478426
0.853810500668340
-0.250621387183107
-0.493941866584218
0.959875241542889
-0.884348294314079
0.309965358680390
0.439267323789376
-0.940711735063538
0.911505852311663
-0.368124552684642
-0.382913773892367
0.917952555519690
-0.935179370598541
0.424876667889849
0.325096616503828
-0.891684695095885
0.955278362122333
-0.480004781253078
-0.266036845566683
0.862008557172530
-0.971726002708583
0.533298177137562
0.205960204653208
-0.829037572555058
0.984459424705050
-0.584553152728767
-0.145096324107627
0.792897765908496
-0.993429957280055
0.633573796645677
0.083677843332341
-0.753727274054649
0.998603312456594
-0.680172737770907
-0.021939521572671
0.711675817973063
-0.999959716170870
0.724171861437452
-0.039882659401067
-0.666904130524180
0.997493983854522
-0.765402990234600
0.101552397284320
0.619583342081499
-0.991215540251543
0.803708526830768
-0.162833972454292
-0.569894326421813
0.981148383394176
-0.838942056356208
0.223493148958479
0.518027009373141
-0.967330992875478
0.870968906043101
-0.283298069832746
-0.464179642863134
0.949816182769151
-0.899666659983954
0.342020143325659
0.408558047142710
-0.928670899758842
0.924925627040599
-0.399434916642512
-0.351374824081371
0.903975967248499
-0.946649260115694
0.455322933868995
0.292848544541199
-0.875825776431853
0.964754525183618
-0.509470574795345
-0.233202912935633
0.844327925502015
-0.979172218670627
0.561670871434743
0.172665912166326
-0.809602808379813
0.989847231970979
-0.611724299114976
-0.111468932206322
0.771783154533419
-0.996738762088011
0.659439539119600
0.049845885660700
-0.731013521647802
0.999820467595023
-0.704634209963599
0.011967686315579
0.687449743083335
-0.999080569319851
0.747135564508150
-0.073735514324045
-0.641258332235495
0.994521895368277
-0.786781150250531
0.135221503812942
0.592615846072381
-0.986161870314184
0.823419430264533
-0.196190637499126
-0.541708210282726
0.974032448597810
-0.856910362418581
0.256409873671998
0.488730008614238
-0.958179992386583
0.887125934657348
-0.315649036947121
-0.433883739117554
0.938665094365420
-0.913950654301087
0.373681698062462
0.377379040140699
-0.915562346134088
0.937281989491899
-0.430286039357567
-0.319431889029719
0.888960053096203
-0.957030761100400
0.485245702624138
0.260263776601459
-0.858959896930649
0.973121483594291
-0.538350616090679
-0.200100860540576
0.825676546934614
-0.985492653565717
0.589397797376924
0.139173100960146
-0.789237221724069
0.994096984815366
-0.638192129352138
-0.077713381426547
0.749781202967764
-0.998901589093852
0.684547105928632
0.015956618811702
-0.707459303011768
0.999888101810273
-0.728285544942826
0.045861134627660
0.662433288431518
-0.997052752226925
0.769240265396264
-0.107503593510534
-0.614875261712440
0.990406377872178
-0.807254726470145
0.168735142482092
0.564967003424994
-0.979974383116313
0.842183625869919
-0.229321736804806
-0.512899277405921
0.965796642068670
-0.873893455212326
0.289031796944409
0.458871101604267
-0.947927346167125
0.902263010333657
-0.347637093734926
-0.403088987376302
0.926434797042904
-0.927183854566764
0.404913620735855
0.345766150139912
-0.901401145451670
0.948560733217856
-0.460642450450610
-0.287121694403156
0.872922077269836
-0.966311937657204
0.514610571130157
0.227379776282951
-0.841106447755020
0.980369617633532
-0.566611700966027
-0.166768746716154
0.806075865470101
-0.990680040617089
0.616447076559481
0.105520278635174
-0.767964227459564
0.997203797181177
-0.663926212652205
-0.043868481447734
0.726917207456668
-0.999915951636247
0.708867630216940
-0.017950993798085
-0.683091699075642
0.998806137341435
-0.751099550122260
0.079701855139577
0.636655216119301
-0.993878596328825
0.790460549722883
-0.141148072876736
-0.587785252292505
0.985152163089208
-0.826800179863222
0.202054781745304
0.536668602769457
-0.972660192581120
0.859979539938264
-0.262189178640830
-0.483500650209014
0.956450432738650
-0.889871808811430
0.321321412458866
0.428484617944751
-0.936584841964802
0.916362729562226
-0.379225462652884
-0.371830793207223
0.913139352308748
-0.939351046208929
0.435680003150671
0.313755723344381
-0.886203579231227
0.958748890738508
-0.490469248326019
-0.254481388115637
0.855880479068604
-0.974482118963730
0.543383777794799
0.194234351219994
-0.822285955503506
0.986490593923512
-0.594221336879597
-0.133244894304760
0.785548416547700
-0.994728415744058
0.642787609686524
0.071746136761414
-0.745808283729299
0.999164097081313
-0.688896961836171
-0.009973144676476
0.703217455360711
-0.999780683474845
0.732373150012751
-0.051837967659584
-0.657938725939758
0.996575818152639
-0.773049995616490
0.113450940249984
0.610145163901275
-0.989561751039380
0.810772019947066
-0.174630270445058
-0.560019450100021
0.978765291933729
-0.845395038487754
0.235142113102584
0.507753179550772
-0.964227708033398
0.876786712020717
-0.294755174410838
-0.453546129097350
0.946004566200073
-0.904827052466018
0.353241595961509
0.397605493806819
-0.924165520566726
0.929408881510474
-0.410377825689737
-0.340145095010644
0.898794046299165
-0.950438240274662
0.465945472355798
0.281384563016740
-0.869987120530042
0.967834748450646
-0.519732140298920
-0.221548497619461
0.837854851683754
-0.981531911539130
0.571532241275903
0.160865609613754
-0.802520058610535
0.991477375010464
-0.621147780278318
-0.099567846595822
0.764117801136722
-0.997633124419043
0.668389112327152
0.037889506392931
-0.722794863827449
0.999975630705394
-0.713075667351167
0.023933658491733
0.678709194932905
-0.998495940131153
0.755036640377478
-0.085665341992598
-0.632029302664924
0.993199708502812
-0.794111644398353
0.147069587712922
0.582933611109083
-0.984107179553616
0.830151323416252
-0.207911690817670
-0.531609778236693
0.971253107566075
-0.863017923326337
0.267959095144357
0.478253978621366
-0.954686624531145
0.892585818452086
-0.326982282099360
-0.423070153602599
0.934471052351322
-0.918741991723535
0.384755647944993
0.366269231763517
-0.910683660806163
0.941386466660869
-0.441058366122205
-0.308068322699958
0.883415372204721
-0.960432689513935
0.495675231314043
0.248689887164820
-0.852770413853987
0.975807860095307
-0.548397482022464
-0.188360886759324
0.818865919672033
-0.987453210044193
0.599023598515617
0.127311916418639
-0.781831482468024
0.995324227455852
-0.647360073093959
-0.065776323012043
0.741808658601476
-0.999390827019096
0.693222149733922
0.003989313423068
-0.698950426911978
0.999637465011021
-0.736434530278261
0.057812944478512
0.653420603990069
-0.996063198709716
0.776832044476780
-0.119394224540132
-0.605393218023260
0.988681689997548
-0.814260281314351
0.180519145250611
0.555051843608839
-0.977521153141456
0.848576179215480
-0.240954069435883
-0.502588900079171
0.962624246950022
-0.879648572866642
0.300467997289382
0.448204916018851
-0.944047911718884
0.907358694567861
-0.358833449319389
-0.392107762787098
0.921863151588476
-0.931600628197983
0.415827335842059
0.334511859971940
-0.896154763145917
0.952281714056340
-0.471231809694050
-0.275637355817156
0.867021011307376
-0.969322903035176
0.524835098908822
0.215709285751427
-0.834573253721372
0.982659058768023
-0.576432316169663
-0.154956712238553
0.798935515127344
-0.992239206600160
0.625826241948819
0.093611849232956
-0.760244013297657
0.998026728428261
-0.672828078337010
-0.031909174591264
0.718646638372988
-0.999999502665477
0.717258170684882
-0.029915466169377
-0.674302387583834
0.998149988796541
-0.758946694294585
0.091625761342622
0.627380757516681
-0.992485256199847
0.797734303538609
-0.152985836283893
-0.578061096249596
0.983026957126148
-0.833472740925902
0.213761154992132
0.526531917830826
-0.969811243937549
0.866025403784367
-0.273719416573515
-0.472990181723914
0.952888630922480
-0.895267866396158
0.332631443164181
0.417640539972138
-0.932323801215561
0.921088355588436
-0.390272055913804
-0.360694554957870
0.908195359559784
-0.943388177963497
0.446420935683846
0.302369890750572
-0.880595531856754
0.962082097133117
-0.500863465172464
-0.242889481131191
0.849629812652015
-0.977098659516908
0.553391549243236
0.182480677475471
-0.815416561904647
0.988380467458420
-0.603804410325505
-0.121374379749748
0.778086552580948
-0.995884398615958
0.651909355843758
0.059804153945191
-0.737782470802796
0.999581770788451
-0.697522514745637
0.001994660679602
0.694658370459084
-0.999458451547164
0.740469540309681
-0.063785851132584
-0.648879084367448
0.995514912254022
-0.780586276549383
0.125333233564188
0.600619594235986
-0.987766226259858
0.817719385664402
-0.186401556029806
-0.550064361831410
0.976242011289665
-0.851726934142988
0.246757397690279
0.497406623913347
-0.960986316235249
0.882478935272532
-0.306170061015384
-0.442847653627033
0.942057452787332
-0.909857845986194
0.364412453575797
0.386595991179792
-0.919527772551517
0.933759016147266
-0.421261956056654
-0.328866646738682
0.893483390499330
-0.954091088551883
0.476501273172294
0.269880278600075
-0.864023855812221
0.970776348122924
-0.529919264233119
-0.209862349769242
0.831261771375150
-0.983751018959343
0.581311750185699
0.149042266176239
-0.795322363375933
0.992965508106525
-0.630482294044714
-0.087652499818595
0.756343002654892
-0.998384595114680
0.677242951731367
0.025927700186571
-0.714472679632867
0.999987566661691
-0.721414990451241
0.035896202634557
0.669871434827139
-0.997768295725418
0.762829571862292
-0.097582899759062
-0.622709747129855
0.991735265002998
-0.801328397423540
0.158896606740955
0.573167882188965
-0.981911534487430
0.836764313458915
-0.219602964810962
-0.521435203379596
0.968334653325769
-0.869001873620662
0.279469936662819
0.467709448003001
-0.951056516295177
0.897917856604822
-0.338268693368487
-0.412195971476874
0.930143165446168
-0.923401737138377
0.395774489027779
0.355106962408207
-0.905674537670609
0.945356108439533
-0.451767519812800
-0.296660631545677
0.877744159160116
-0.963697054534255
0.506033764121102
0.237080377715471
-0.846458787921278
0.978354471007611
-0.558365800629551
-0.176593933926862
0.811938005715952
-0.989272332962978
0.608563601118131
0.115432496909291
-0.774313760984853
0.996408909165764
-0.656435295035286
-0.053829843412289
0.733729864502918
-0.999736921552071
0.701797902883924
-0.007978563357499
-0.690341439691987
0.999243649493386
-0.744478035621368
0.069756473744067
0.644314329694464
-0.994930978418590
0.784312557402896
-0.131267754658113
-0.595824463473286
0.986815392607235
-0.821149209133672
0.192277292145498
0.545057183359391
-0.974927912181820
0.854847190448043
-0.252551890060299
-0.492206536620246
0.959313974540071
-0.885277697888771
0.311861161409450
0.437474533754547
-0.940033260679771
0.912324417231447
-0.369978408957744
-0.381070376350316
0.917159467080837
-0.935883968070806
0.426681491730844
0.323209657454563
-0.890780024015865
0.955866298971207
-0.481753674101678
-0.264113537514924
0.860995761366668
-0.972195031668985
0.534984454218111
0.204007899039880
-0.827920523222648
0.984807753012200
-0.586170368601236
-0.143122483211188
0.791680732735906
-0.993656253522168
0.635115769842176
0.081690011745126
-0.752414908895746
0.998706711663810
-0.681633574422516
-0.019945297363265
0.710273137068124
-0.999939823121438
0.725545977802841
-0.041875653729170
-0.665416495326379
0.997350874585442
-0.766685134042667
0.103536543928816
0.618016438763813
-0.990949761767950
0.804893797355898
-0.164801687431233
-0.568254144143309
0.980760951578520
-0.840025923150723
0.225436911090851
0.516319817386156
-0.966823388604464
0.871947226253788
-0.285210449497751
-0.462411966550543
0.949190346253564
-0.900535694187328
0.343893830853618
0.406736643075815
-0.927929223127348
0.925682053535832
-0.401262750256311
-0.349506654194941
0.903121285404183
-0.947290187621358
0.457097927058682
0.290940749522324
-0.874861356216708
0.965277503888921
-0.511185943021985
-0.231262784929930
0.843257453209772
-0.979575249599341
0.563320058063507
0.170700866905903
-0.808430375666024
0.990128774621961
-0.613301000476477
-0.109486480664099
0.770513242775791
-0.996897740323606
0.660937728603796
0.047853605341340
-0.729650984817496
0.999856273754321
-0.706048161055762
0.013962180339145
0.685999789191266
-0.998993066541315
0.748459872677195
-0.075724598517016
-0.639726503425941
0.994311418112911
-0.788010753606724
0.137197575318683
0.591007997439113
-0.985829223087114
0.824549628907107
-0.198146143199213
-0.540030487489736
0.973578902873157
-0.857936836400564
0.258337339056867
0.486988824404500
-0.957607281747668
0.888044760497529
-0.317541094684763
-0.432085748801971
0.937975407878433
-0.914758319980684
0.375531116159602
0.375531116159786
-0.914758319980764
0.937975407878365
-0.432085748801997
-0.317541094684951
0.888044760497621
-0.957607281747611
0.486988824404326
0.258337339057060
-0.857936836400666
0.973578902873164
-0.540030487489569
-0.198146143199408
0.824549628907219
-0.985829223087081
0.591007997438953
0.137197575318880
-0.788010753606706
0.994311418112890
-0.639726503425788
-0.075724598517214
0.748459872677327
-0.998993066541306
0.685999789191121
0.013962180339116
-0.706048161055902
0.999856273754320
-0.729650984817360
0.047853605341142
0.660937728603946
-0.996897740323622
0.770513242775665
-0.109486480663901
-0.613301000476455
0.990128774621989
-0.808430375665907
0.170700866905707
0.563320058063672
-0.979575249599381
0.843257453209665
-0.231262784929958
-0.511185943022156
0.965277503888973
-0.874861356216611
0.290940749522134
0.457097927058859
-0.947290187621422
0.903121285404195
-0.349506654194755
-0.401262750256493
0.925682053535907
-0.927929223127274
0.406736643075634
0.343893830853805
-0.900535694187315
0.949190346253501
-0.462411966550367
-0.285210449497942
0.871947226253885
-0.966823388604413
0.516319817385986
0.225436911090823
-0.840025923150831
0.980760951578481
-0.568254144143146
-0.164801687431429
0.804893797356016
-0.990949761767924
0.618016438763835
0.103536543929013
-0.766685134042649
0.997350874585428
-0.665416495326230
-0.041875653729369
0.725545977802978
-0.999939823121436
0.710273137068144
-0.019945297363066
-0.681633574422662
0.998706711663820
-0.752414908895765
0.081690011744702
0.635115769842330
-0.993656253522190
0.791680732735924
-0.143122483211216
-0.586170368601581
0.984807753012235
-0.827920523222536
0.204007899039908
0.534984454218087
-0.972195031669032
0.860995761366567
-0.264113537514732
-0.481753674101653
0.955866298971332
-0.890780024015775
0.323209657454374
0.426681491730819
-0.935883968070796
0.917159467080668
-0.381070376350133
-0.369978408957929
0.912324417231436
-0.940033260679625
0.437474533754368
0.311861161409639
-0.885277697888863
0.959313974540079
-0.492206536619875
-0.252551890060492
0.854847190448146
-0.974927912181826
0.545057183359415
0.192277292145693
-0.821149209133786
0.986815392607203
-0.595824463473308
-0.131267754658535
0.784312557403019
-0.994930978418570
0.644314329694485
0.069756473744038
-0.744478035621652
0.999243649493379
-0.690341439691843
-0.007978563357470
0.701797902883903
-0.999736921552075
0.733729864502783
-0.053829843412090
-0.656435295035264
0.996408909165800
-0.774313760984727
0.115432496909093
0.608563601118108
-0.989272332962973
0.811938005715703
-0.176593933926666
-0.558365800629716
0.978354471007605
-0.846458787921294
0.237080377715278
0.506033764121273
-0.963697054534308
0.877744159160129
-0.296660631545270
-0.451767519812978
0.945356108439598
-0.905674537670621
0.355106962408234
0.395774489028171
-0.923401737138453
0.930143165446095
-0.412195971476900
-0.338268693368888
0.897917856604909
-0.951056516295116
0.467709448002826
0.279469936662792
-0.869001873620873
0.968334653325719
-0.521435203379426
-0.219602964810934
0.836764313458899
-0.981911534487393
0.573167882188802
0.158896606741151
-0.801328397423523
0.991735265002943
-0.622709747129699
-0.097582899759260
0.762829571862274
-0.997768295725420
0.669871434826823
0.035896202634756
-0.721414990451379
0.999987566661691
-0.714472679632887
0.025927700186372
0.677242951731513
-0.998384595114692
0.756343002654911
-0.087652499818170
-0.630482294044869
0.992965508106548
-0.795322363375950
0.149042266176267
0.581311750186046
-0.983751018959379
0.831261771375039
-0.209862349769270
-0.529919264233481
0.970776348122972
-0.864023855812121
0.269880278599884
0.476501273172269
-0.954091088552010
0.893483390499241
-0.328866646738494
-0.421261956056628
0.933759016147255
-0.919527772551350
0.386595991179608
0.364412453575983
-0.909857845986182
0.942057452787189
-0.442847653626854
-0.306170061015573
0.882478935272519
-0.960986316235257
0.497406623912977
0.246757397690472
-0.851726934143092
0.976242011289671
-0.550064361831434
-0.186401556030001
0.817719385664516
-0.987766226259827
0.600619594236009
0.125333233564611
-0.780586276549507
0.995514912254003
-0.648879084367470
-0.063785851132556
0.740469540309967
-0.999458451547158
0.694658370458941
0.001994660679573
-0.697522514745617
0.999581770788457
-0.737782470802661
0.059804153944992
0.651909355843736
-0.995884398615997
0.778086552580823
