0.000000000000000
0.946327383799163
-0.611724299115006
-0.550896981452102
0.967834748450666
-0.074730093586425
-0.919527772551450
0.669130606358858
0.486988824404366
-0.983929588598629
0.149042266176176
0.887585789004552
-0.722794863827390
-0.420357228309565
0.994521895368272
-0.222520933956315
-0.850680065687338
0.772416959224600
0.351374824081340
-0.999552432283502
0.294755174410907
0.809016994374944
-0.817719385664433
-0.280427389305998
0.998993066541314
-0.365341024366393
-0.762829571862266
0.858448793601865
0.207911690817759
-0.992846926341836
0.433883739117559
0.712376096951343
-0.894377407666337
-0.134233265817652
0.981148383394171
-0.500000000000003
-0.657938725939709
0.925304300473998
0.059804153945029
-0.963962860695851
0.563320058063627
0.599821894687907
-0.951056516295155
0.014959407015272
0.941386466660899
-0.623489801858740
-0.538350616090674
0.971490038292869
-0.089639308903430
-0.913545457642601
0.680172737770917
0.473868662473000
-0.986490593923520
0.163817911415137
0.880595531856737
-0.733051871829826
-0.406736643075799
0.995974293995238
-0.237080377715499
-0.842720958654037
0.781831482468031
0.337329987382827
-0.999888101810272
0.309016994374951
0.800133548011203
-0.826238774315997
-0.266036845566669
0.998210129767734
-0.379225462652934
-0.753071466003605
0.866025403784442
0.193255917795545
-0.990949761767933
0.447313148315641
0.701797902883984
-0.900968867902423
-0.119394224540233
0.978147600733802
-0.512899277405916
-0.646599601215789
0.930873748644208
0.044864830350501
-0.959875241542884
0.575617065685685
0.587785252292460
-0.955572805786144
0.029915466169415
0.936234870639730
-0.635115769842191
-0.525683769810489
0.974927912181827
-0.104528463267672
-0.907358694567856
0.691062648986878
0.460642450450614
-0.988830826225131
0.178556894798629
0.873408200617132
-0.743144825477389
-0.393025031653928
0.997203797181179
-0.251586763744504
-0.834573253721304
0.791071034656338
0.323209657454463
-0.999999999999999
0.323209657454458
0.791071034656341
-0.834573253721301
-0.251586763744509
0.997203797181179
-0.393025031653924
-0.743144825477393
0.873408200617130
0.178556894798634
-0.988830826225127
0.460642450450635
0.691062648986861
-0.907358694567866
-0.104528463267649
0.974927912181821
-0.525683769810509
-0.635115769842173
0.936234870639739
0.029915466169391
-0.955572805786137
0.587785252292479
0.575617065685666
-0.959875241542891
0.044864830350525
0.930873748644200
-0.646599601215807
-0.512899277405896
0.978147600733807
-0.119394224540257
-0.900968867902413
0.701797902884000
0.447313148315620
-0.990949761767936
0.193255917795568
0.866025403784430
-0.753071466003621
-0.379225462652913
0.998210129767735
-0.266036845566692
-0.826238774315984
0.800133548011217
0.309016994374929
-0.999888101810272
0.337329987382849
0.781831482468016
-0.842720958654050
-0.237080377715476
0.995974293995236
-0.406736643075821
-0.733051871829810
0.880595531856748
0.163817911415113
-0.986490593923516
0.473868662473021
0.680172737770900
-0.913545457642611
-0.089639308903406
0.971490038292860
-0.538350616090705
-0.623489801858711
0.941386466660912
0.014959407015234
-0.951056516295143
0.599821894687938
0.563320058063596
-0.963962860695861
0.059804153945066
0.925304300473983
-0.657938725939737
-0.499999999999970
0.981148383394178
-0.134233265817690
-0.894377407666320
0.712376096951369
0.433883739117525
-0.992846926341841
0.207911690817796
0.858448793601846
-0.762829571862291
-0.365341024366358
0.998993066541315
-0.280427389306041
-0.817719385664407
0.809016994374971
0.294755174410864
-0.999552432283501
0.351374824081329
0.772416959224607
-0.850680065687332
-0.222520933956327
0.994521895368274
-0.420357228309555
-0.722794863827398
0.887585789004548
0.149042266176184
-0.983929588598630
0.486988824404359
0.669130606358864
-0.919527772551447
-0.074730093586432
0.967834748450667
-0.550896981452097
-0.611724299115010
0.946327383799161
0.000000000000005
-0.946327383799165
0.611724299115003
0.550896981452105
-0.967834748450665
0.074730093586422
0.919527772551450
-0.669130606358857
-0.486988824404367
0.983929588598629
-0.149042266176175
-0.887585789004553
0.722794863827392
0.420357228309563
-0.994521895368273
0.222520933956317
0.850680065687337
-0.772416959224601
-0.351374824081338
0.999552432283503
-0.294755174410909
-0.809016994374943
0.817719385664434
0.280427389305996
-0.998993066541313
0.365341024366402
0.762829571862260
-0.858448793601870
-0.207911690817750
0.992846926341835
-0.433883739117567
-0.712376096951336
0.894377407666341
0.134233265817643
-0.981148383394169
0.500000000000011
0.657938725939702
-0.925304300474001
-0.059804153945019
0.963962860695848
-0.563320058063634
-0.599821894687900
0.951056516295158
-0.014959407015281
-0.941386466660896
0.623489801858747
0.538350616090666
-0.971490038292871
0.089639308903453
0.913545457642592
-0.680172737770934
-0.473868662472979
0.986490593923524
-0.163817911415160
-0.880595531856726
0.733051871829842
0.406736643075778
-0.995974293995240
0.237080377715522
0.842720958654024
-0.781831482468045
-0.337329987382805
0.999888101810273
-0.309016994374973
-0.800133548011189
0.826238774316010
0.266036845566647
-0.998210129767732
0.379225462652956
0.753071466003590
-0.866025403784453
-0.193255917795522
0.990949761767929
-0.447313148315662
-0.701797902883967
0.900968867902433
0.119394224540210
-0.978147600733797
0.512899277405936
0.646599601215772
-0.930873748644217
-0.044864830350478
0.959875241542878
-0.575617065685704
-0.587785252292441
0.955572805786151
-0.029915466169438
-0.936234870639722
0.635115769842210
0.525683769810469
-0.974927912181832
0.104528463267695
0.907358694567846
-0.691062648986895
-0.460642450450593
0.988830826225134
-0.178556894798681
-0.873408200617107
0.743144825477424
0.393025031653881
-0.997203797181183
0.251586763744554
0.834573253721275
-0.791071034656370
-0.323209657454413
0.999999999999999
-0.323209657454507
-0.791071034656310
0.834573253721330
0.251586763744458
-0.997203797181175
0.393025031653972
0.743144825477358
-0.873408200617155
-0.178556894798583
0.988830826225119
-0.460642450450681
-0.691062648986824
0.907358694567888
0.104528463267597
-0.974927912181810
0.525683769810553
0.635115769842133
-0.936234870639757
-0.029915466169339
0.955572805786122
-0.587785252292521
-0.575617065685623
0.959875241542905
-0.044864830350577
-0.930873748644181
0.646599601215847
0.512899277405851
-0.978147600733818
0.119394224540308
0.900968867902390
-0.701797902884037
-0.447313148315573
0.990949761767943
-0.193255917795619
-0.866025403784404
0.753071466003655
0.379225462652864
-0.998210129767738
0.266036845566742
0.826238774315954
-0.800133548011248
-0.309016994374879
0.999888101810271
-0.337329987382898
-0.781831482467984
0.842720958654078
0.237080377715426
-0.995974293995231
0.406736643075868
0.733051871829774
-0.880595531856773
-0.163817911415062
0.986490593923508
-0.473868662473066
-0.680172737770862
0.913545457642632
0.089639308903355
-0.971490038292848
0.538350616090749
0.623489801858670
-0.941386466660930
-0.014959407015182
0.951056516295127
-0.599821894687979
-0.563320058063553
0.963962860695875
-0.059804153945118
-0.925304300473964
0.657938725939690
0.500000000000024
-0.981148383394166
0.134233265817629
0.894377407666348
-0.712376096951326
-0.433883739117580
0.992846926341833
-0.207911690817735
-0.858448793601877
0.762829571862251
0.365341024366416
-0.998993066541313
0.280427389305982
0.817719385664443
-0.809016994374934
-0.294755174410923
0.999552432283503
-0.351374824081324
-0.772416959224611
0.850680065687329
0.222520933956331
-0.994521895368274
0.420357228309550
0.722794863827402
-0.887585789004546
-0.149042266176189
0.983929588598631
-0.486988824404355
-0.669130606358868
0.919527772551445
0.074730093586437
-0.967834748450668
0.550896981452093
0.611724299115014
-0.946327383799160
-0.000000000000010
0.946327383799166
-0.611724299114999
-0.550896981452109
0.967834748450664
-0.074730093586417
-0.919527772551452
0.669130606358853
0.486988824404372
-0.983929588598628
0.149042266176170
0.887585789004555
-0.722794863827388
-0.420357228309568
0.994521895368272
-0.222520933956312
-0.850680065687339
0.772416959224598
0.351374824081343
-0.999552432283502
0.294755174410904
0.809016994374946
-0.817719385664431
-0.280427389306000
0.998993066541313
-0.365341024366398
-0.762829571862263
0.858448793601867
0.207911690817755
-0.992846926341836
0.433883739117563
0.712376096951340
-0.894377407666339
-0.134233265817648
0.981148383394170
-0.500000000000007
-0.657938725939705
0.925304300473999
0.059804153945024
-0.963962860695850
0.563320058063631
0.599821894687904
-0.951056516295156
0.014959407015276
0.941386466660898
-0.623489801858743
-0.538350616090670
0.971490038292870
-0.089639308903448
-0.913545457642594
0.680172737770931
0.473868662472984
-0.986490593923523
0.163817911415155
0.880595531856728
-0.733051871829838
-0.406736643075782
0.995974293995240
-0.237080377715517
-0.842720958654027
0.781831482468042
0.337329987382809
-0.999888101810273
0.309016994374969
0.800133548011192
-0.826238774316008
-0.266036845566651
0.998210129767733
-0.379225462652952
-0.753071466003593
0.866025403784451
0.193255917795527
-0.990949761767930
0.447313148315657
0.701797902883970
-0.900968867902431
-0.119394224540215
0.978147600733798
-0.512899277405932
-0.646599601215775
0.930873748644215
0.044864830350483
-0.959875241542879
0.575617065685700
0.587785252292445
-0.955572805786150
0.029915466169433
0.936234870639724
-0.635115769842206
-0.525683769810473
0.974927912181831
-0.104528463267691
-0.907358694567848
0.691062648986892
0.460642450450597
-0.988830826225133
0.178556894798676
0.873408200617109
-0.743144825477421
-0.393025031653885
0.997203797181182
-0.251586763744549
-0.834573253721278
0.791071034656367
0.323209657454418
-0.999999999999999
0.323209657454502
0.791071034656313
-0.834573253721327
-0.251586763744463
0.997203797181176
-0.393025031653967
-0.743144825477361
0.873408200617153
0.178556894798588
-0.988830826225120
0.460642450450676
0.691062648986827
-0.907358694567886
-0.104528463267602
0.974927912181811
-0.525683769810549
-0.635115769842137
0.936234870639755
0.029915466169344
-0.955572805786124
0.587785252292517
0.575617065685627
-0.959875241542904
0.044864830350572
0.930873748644182
-0.646599601215843
-0.512899277405855
0.978147600733817
-0.119394224540303
-0.900968867902392
0.701797902884034
0.447313148315577
-0.990949761767942
0.193255917795614
0.866025403784406
-0.753071466003652
-0.379225462652869
0.998210129767738
-0.266036845566737
-0.826238774315957
0.800133548011245
0.309016994374884
-0.999888101810271
0.337329987382893
0.781831482467987
-0.842720958654075
-0.237080377715430
0.995974293995232
-0.406736643075864
-0.733051871829778
0.880595531856771
0.163817911415067
-0.986490593923509
0.473868662473062
0.680172737770865
-0.913545457642630
-0.089639308903360
0.971490038292849
-0.538350616090745
-0.623489801858674
0.941386466660928
0.014959407015187
-0.951056516295129
0.599821894687975
0.563320058063557
-0.963962860695873
0.059804153945113
0.925304300473966
-0.657938725939772
-0.499999999999929
0.981148383394187
-0.134233265817737
-0.894377407666299
0.712376096951402
0.433883739117482
-0.992846926341846
0.207911690817842
0.858448793601822
-0.762829571862321
-0.365341024366315
0.998993066541318
-0.280427389306086
-0.817719385664380
0.809016994374998
0.294755174410819
-0.999552432283500
0.351374824081426
0.772416959224541
-0.850680065687386
-0.222520933956225
0.994521895368263
-0.420357228309649
-0.722794863827327
0.887585789004596
0.149042266176082
-0.983929588598612
0.486988824404450
0.669130606358787
-0.919527772551487
-0.074730093586328
0.967834748450641
-0.550896981452183
-0.611724299114928
0.946327383799195
-0.000000000000099
-0.946327383799131
0.611724299115085
0.550896981452018
-0.967834748450691
0.074730093586525
0.919527772551410
-0.669130606358934
-0.486988824404277
0.983929588598647
-0.149042266176277
-0.887585789004505
0.722794863827463
0.420357228309469
-0.994521895368283
0.222520933956418
0.850680065687282
-0.772416959224667
-0.351374824081241
0.999552432283506
-0.294755174411008
-0.809016994374882
0.817719385664494
0.280427389305896
-0.998993066541309
0.365341024366499
0.762829571862193
-0.858448793601923
-0.207911690817648
0.992846926341823
-0.433883739117661
-0.712376096951263
0.894377407666388
0.134233265817540
-0.981148383394149
0.500000000000101
0.657938725939623
-0.925304300474041
-0.059804153944916
0.963962860695821
-0.563320058063720
-0.599821894687817
0.951056516295190
-0.014959407015385
-0.941386466660861
0.623489801858829
0.538350616090578
-0.971490038292896
0.089639308903557
0.913545457642549
-0.680172737771010
-0.473868662472888
0.986490593923541
-0.163817911415262
-0.880595531856677
0.733051871829912
0.406736643075683
-0.995974293995250
0.237080377715623
0.842720958653968
-0.781831482468110
-0.337329987382707
0.999888101810274
-0.309016994375072
-0.800133548011126
0.826238774316069
0.266036845566546
-0.998210129767726
0.379225462653052
0.753071466003521
-0.866025403784505
-0.193255917795420
0.990949761767915
-0.447313148315755
-0.701797902883893
0.900968867902478
0.119394224540107
-0.978147600733776
0.512899277406025
0.646599601215692
-0.930873748644255
-0.044864830350374
0.959875241542848
-0.575617065685789
-0.587785252292357
0.955572805786182
-0.029915466169542
-0.936234870639686
0.635115769842290
0.525683769810381
-0.974927912181855
0.104528463267799
0.907358694567802
-0.691062648986970
-0.460642450450501
0.988830826225150
-0.178556894798783
-0.873408200617056
0.743144825477494
0.393025031653785
-0.997203797181190
0.251586763744655
0.834573253721218
-0.791071034656434
-0.323209657454315
0.999999999999999
-0.323209657454605
-0.791071034656246
0.834573253721387
0.251586763744358
-0.997203797181167
0.393025031654067
0.743144825477288
-0.873408200617206
-0.178556894798481
0.988830826225104
-0.460642450450773
-0.691062648986749
0.907358694567931
0.104528463267494
-0.974927912181787
0.525683769810642
0.635115769842053
-0.936234870639793
-0.029915466169235
0.955572805786091
-0.587785252292605
-0.575617065685538
0.959875241542934
-0.044864830350681
-0.930873748644143
0.646599601215926
0.512899277405762
-0.978147600733840
0.119394224540411
0.900968867902345
-0.701797902884111
-0.447313148315480
0.990949761767926
-0.193255917795498
-0.866025403784466
0.753071466003574
0.379225462652979
-0.998210129767731
0.266036845566623
0.826238774316024
-0.800133548011174
-0.309016994374997
0.999888101810273
-0.337329987382781
-0.781831482468061
0.842720958654011
0.237080377715545
-0.995974293995242
0.406736643075755
0.733051871829858
-0.880595531856715
-0.163817911415184
0.986490593923528
-0.473868662472958
-0.680172737770952
0.913545457642582
0.089639308903478
-0.971490038292877
0.538350616090645
0.623489801858766
-0.941386466660888
-0.014959407015305
0.951056516295165
-0.599821894687880
-0.563320058063655
0.963962860695842
-0.059804153944995
-0.925304300474011
0.657938725939683
0.500000000000032
-0.981148383394164
0.134233265817619
0.894377407666352
-0.712376096951319
-0.433883739117589
0.992846926341832
-0.207911690817726
-0.858448793601882
0.762829571862244
0.365341024366425
-0.998993066541312
0.280427389305972
0.817719385664448
-0.809016994374929
-0.294755174410933
0.999552432283503
-0.351374824081315
-0.772416959224617
0.850680065687324
0.222520933956341
-0.994521895368275
0.420357228309541
0.722794863827409
-0.887585789004542
-0.149042266176199
0.983929588598633
-0.486988824404346
-0.669130606358875
0.919527772551441
0.074730093586446
-0.967834748450671
0.550896981452084
0.611724299115022
-0.946327383799157
-0.000000000000020
0.946327383799169
-0.611724299114991
-0.550896981452117
0.967834748450661
-0.074730093586407
-0.919527772551456
0.669130606358846
0.486988824404380
-0.983929588598626
0.149042266176160
0.887585789004560
-0.722794863827382
-0.420357228309577
0.994521895368271
-0.222520933956303
-0.850680065687345
0.772416959224592
0.351374824081352
-0.999552432283502
0.294755174410895
0.809016994374952
-0.817719385664426
-0.280427389306010
0.998993066541314
-0.365341024366388
-0.762829571862270
0.858448793601862
0.207911690817764
-0.992846926341837
0.433883739117554
0.712376096951347
-0.894377407666335
-0.134233265817658
0.981148383394172
-0.499999999999998
-0.657938725939713
0.925304300473996
0.059804153945034
-0.963962860695852
0.563320058063622
0.599821894687912
-0.951056516295153
0.014959407015266
0.941386466660901
-0.623489801858736
-0.538350616090678
0.971490038292868
-0.089639308903439
-0.913545457642598
0.680172737770923
0.473868662472992
-0.986490593923522
0.163817911415145
0.880595531856733
-0.733051871829832
-0.406736643075791
0.995974293995239
-0.237080377715507
-0.842720958654032
0.781831482468036
0.337329987382818
-0.999888101810273
0.309016994374959
0.800133548011197
-0.826238774316002
-0.266036845566661
0.998210129767733
-0.379225462652942
-0.753071466003600
0.866025403784446
0.193255917795536
-0.990949761767931
0.447313148315649
0.701797902883977
-0.900968867902427
-0.119394224540225
0.978147600733800
-0.512899277405923
-0.646599601215783
0.930873748644211
0.044864830350493
-0.959875241542882
0.575617065685692
0.587785252292453
-0.955572805786147
0.029915466169423
0.936234870639727
-0.635115769842198
-0.525683769810482
0.974927912181829
-0.104528463267681
-0.907358694567852
0.691062648986885
0.460642450450606
-0.988830826225132
0.178556894798666
0.873408200617114
-0.743144825477414
-0.393025031653894
0.997203797181182
-0.251586763744540
-0.834573253721283
0.791071034656361
0.323209657454427
-0.999999999999999
0.323209657454493
0.791071034656319
-0.834573253721322
-0.251586763744473
0.997203797181176
-0.393025031653958
-0.743144825477368
0.873408200617148
0.178556894798598
-0.988830826225122
0.460642450450668
0.691062648986834
-0.907358694567881
-0.104528463267612
0.974927912181813
-0.525683769810541
-0.635115769842144
0.936234870639752
0.029915466169354
-0.955572805786126
0.587785252292510
0.575617065685635
-0.959875241542901
0.044864830350562
0.930873748644186
-0.646599601215836
-0.512899277405864
0.978147600733815
-0.119394224540294
-0.900968867902396
0.701797902884027
0.447313148315586
-0.990949761767941
0.193255917795605
0.866025403784411
-0.753071466003645
-0.379225462652878
0.998210129767737
-0.266036845566728
-0.826238774315963
0.800133548011239
0.309016994374893
-0.999888101810272
0.337329987382884
0.781831482467993
-0.842720958654070
-0.237080377715440
0.995974293995233
-0.406736643075855
-0.733051871829784
0.880595531856766
0.163817911415077
-0.986490593923510
0.473868662473053
0.680172737770872
-0.913545457642626
-0.089639308903369
0.971490038292851
-0.538350616090737
-0.623489801858681
0.941386466660925
0.014959407015197
-0.951056516295132
0.599821894687968
0.563320058063565
-0.963962860695871
0.059804153945104
0.925304300473969
-0.657938725939765
-0.499999999999938
0.981148383394185
-0.134233265817727
-0.894377407666303
0.712376096951395
0.433883739117491
-0.992846926341845
0.207911690817832
0.858448793601827
