0.000000000000000
0.740804596286749
-0.995227399981830
0.596224874965614
0.194234351219972
-0.857167300702112
0.957319497532066
-0.428935133403146
-0.381070376350275
0.940880768954226
-0.882947592858926
0.245307385878800
0.553391549243347
-0.988756381047005
0.774944488704179
-0.052335956242939
-0.704634209963596
0.998970569790714
-0.637423989748685
-0.142628933705515
0.829037572555042
-0.971134279909634
0.475624209070271
0.332161131883705
-0.921863151588503
0.906307787036647
-0.295708050044043
-0.509041415750372
0.979575249599343
-0.806960312143794
0.104528463267644
0.666532470249457
-0.999975630705394
0.676875969682658
0.090632580197781
-0.798635510047291
0.982287250728686
-0.521009631840568
-0.282341456842883
0.900318771402195
-0.927183854566785
0.345298198998534
0.463296035119873
-0.967709170481973
0.836764313458956
-0.156434465040224
-0.626603811364463
0.998239827923764
-0.714472679632792
-0.038387809087533
0.766044443118984
-0.990747840471441
0.564967003424932
0.231747903494161
-0.876306680043864
0.945518575599311
-0.393941909590952
-0.416280792260397
0.953190667792953
-0.864274801953694
0.207911690817741
0.584957674987228
-0.993767919160597
0.750111069630451
-0.013962180339135
-0.731353701619175
0.996492859249503
-0.607375839723283
-0.180519145250562
0.849892692986863
-0.961261695938318
0.441505852791723
0.368124552684698
-0.936059535738979
0.889416373291288
-0.258819045102505
-0.541708210282751
0.986572161606970
-0.783693457325833
0.066273900399992
0.694658370459001
-0.999506560365730
0.648119901063129
0.128795596577562
-0.821149209133718
0.974370064785229
-0.487859659138713
-0.318959309298088
0.916362729562246
-0.912120116172266
0.309016994374934
0.496973961027565
-0.976672278334169
0.815127795728549
-0.118403968306496
-0.656059028990509
0.999780683474845
-0.687087510804402
-0.076719028126844
0.790155012375704
-0.984807753012203
0.532876276070713
0.268919820615282
-0.894154236839374
0.932323801215507
-0.358367949545290
-0.450877540689438
0.964095404234111
-0.844327925502012
0.170209499166002
0.615661475325680
-0.997314477224457
0.724171861437469
0.024432178152648
-0.756995055651751
0.992546151641322
-0.576432316169756
-0.218143241396584
0.869494929505238
-0.949972051524639
0.406736643075766
0.403545296352421
-0.948876011644506
0.871213811120173
-0.221548497619439
-0.573576436351067
0.992114701314480
-0.759271307334865
0.027921638723549
0.721760228098374
-0.997564050259822
0.618408395357542
0.166768746716114
-0.842452397007152
0.965016494472308
-0.453990499739541
-0.355106962408140
0.931055815862528
-0.895711760239412
0.272280247040576
0.529919264233201
-0.984195607969250
0.792289643355160
-0.080198924328813
-0.684547105928720
0.999847695156389
-0.658689460118650
-0.114937150492904
0.813100761047048
-0.977415894286088
0.499999999999972
0.305695304963134
-0.910683660806188
0.917754625683970
-0.322265695230488
-0.484809620246355
0.973578902873164
-0.823136368534431
0.132256390257107
0.645457687723960
-0.999390827019095
0.697165102854557
0.062790519529320
-0.781520472418821
0.987136265072986
-0.544639035015026
-0.255445757935789
0.887815385136425
-0.937281989491873
0.371367835550188
0.438371146789120
-0.960293685676955
0.851726934143024
-0.183951350612679
-0.604599114862406
0.996194698091748
-0.733729864502852
-0.010471784116279
0.747798090498552
-0.994150963972311
0.587785252292451
0.204496051841814
-0.862513669207268
0.954240328516270
-0.419452082446160
-0.390731128489289
0.944376370237485
-0.877982975427974
0.235142113102580
0.562083377852137
-0.990268068741570
0.768283523593520
-0.041875653729141
-0.712026045991036
0.998440764181977
-0.629320391049796
-0.152985836284088
0.834847863263432
-0.968583161128619
0.466386640339851
0.342020143325708
-0.925870584810009
0.901832526405096
-0.285688367404939
-0.518027009373159
0.981627183447669
-0.800731370948715
0.094108313318486
0.674302387583742
-0.999993907657789
0.669130606358841
0.101056297182966
-0.804893797355924
0.980271174621718
-0.512042864870559
-0.292371704722747
0.904827052466023
-0.923210217112977
0.335451569750196
0.472550764869107
-0.970295726276010
0.830984469274296
-0.146083028562414
-0.634730513202263
0.998806137341433
-0.707106781186553
-0.048849769795602
0.772733573497342
-0.989272332962990
0.556295615500319
0.241921895599649
-0.881303452065035
0.942057452787266
-0.384295322659722
-0.425779291565150
0.956304755963059
-0.858959896930622
0.197657340379048
0.593418886603764
-0.994880708828795
0.743144825477344
-0.003490651415152
-0.738455340625930
0.995561964603073
-0.599023598515533
-0.190808995376607
0.855364260160537
-0.958322574465115
0.432085748801930
0.377840786818518
-0.939692620785926
0.884580975215059
-0.248689887164807
-0.550480740085034
0.988228381446559
-0.777145961456943
0.055821504993123
0.702153052995189
-0.999122830098856
0.640109699484928
0.139173100960097
-0.827080574274578
0.971961000578539
-0.478691857940583
-0.328866646738606
0.920504853452448
-0.907777478532899
0.299040792256069
0.506033764121177
-0.978867388761687
0.809016994374940
-0.107999355706013
-0.663926212652247
0.999945169365511
-0.679441304261513
-0.087155742747660
0.796529918024195
-0.982935349149554
0.523985905970083
0.278991106039223
-0.898794046299162
0.928485826880917
-0.348572047321720
-0.460199784783939
0.966823388604483
-0.838670567945372
0.159881187691743
0.623879596709456
-0.998026728428276
0.716910607650422
0.034899496702585
-0.763796028634695
0.991215540251530
-0.567843745053036
-0.228350870110730
0.874619707139431
-0.946649260115672
0.397147890634716
0.413104429824603
-0.952129392742158
0.866025403784406
-0.211324796455328
-0.582122970157337
0.993372765600402
-0.752414908895687
0.017452406437230
0.728968627421446
-0.996778878456242
0.610145163901230
0.177084740319628
-0.848048096156448
0.962217993529273
-0.444635179184892
-0.364876784337654
0.934825676396026
-0.891006524188352
0.262189178640835
0.538770785006887
-0.985996037070508
0.785856893175386
-0.069756473744103
-0.692143173870421
0.999610115040353
-0.650774217265838
-0.125333233564318
0.819152044288998
-0.975149354305560
0.490903753615133
0.315649036947108
-0.914959667849826
0.913545457642599
-0.312334918512232
-0.493941866584229
0.975916761938770
-0.817144898335066
0.121869343405043
0.653420603990183
-0.999701489781185
0.689619543735597
0.073238197127728
-0.788010753606780
0.985407898483473
-0.535826794978919
-0.265556117486894
0.892585818452164
-0.933580426497171
0.361624570082015
0.447759087838841
-0.963162566797678
0.846193166127522
-0.173648177666857
-0.612907053653033
0.997052752226925
-0.726574670970928
-0.020942419883423
0.754709580222813
-0.992965508106529
0.579281172342629
0.214735327167119
-0.867765453368955
0.951056516295136
-0.409923033841525
-0.400349032556940
0.947768410009600
-0.872922077269787
0.224951054343823
0.570713567684465
-0.991671162383094
0.761538307536712
-0.031410759078093
-0.719339800338674
0.997801468292047
-0.621147780278287
-0.163325962241649
0.840566603495697
-0.965925826289061
0.457097927058675
0.351841648404719
-0.929776485888257
0.897258369674321
-0.275637355816987
-0.526955795496686
0.983571470813386
-0.794414620535414
0.083677843332198
0.681998360062583
-0.999902524009302
0.661311865323567
0.111468932206434
-0.811063818989389
0.978147600733783
-0.503019946630145
-0.302369890750541
0.909236109047109
-0.919135339255195
0.325568154457066
0.481753674101796
-0.972775878209417
0.825113498278244
-0.135715572434218
-0.642787609686604
0.999262916410623
-0.699663340513307
-0.059306373576040
0.779337964931521
-0.987688340595125
0.547563223492489
0.252069358243182
-0.886203579231245
0.938493022759532
-0.374606593415852
-0.435231099372383
0.959313974540073
-0.853550797275296
0.187381314585669
0.601815023152091
-0.995884398615974
0.736097087119700
0.006981260298009
-0.745475999682892
0.994521895368268
-0.590605667619891
-0.201077921146003
0.860742027003962
-0.955278362122332
0.422618261740669
0.387515586452131
-0.943222657947610
0.879648572866603
-0.238533457578556
-0.559192903470765
0.989776230907791
-0.770513242775776
0.045362988129237
0.709570736536531
-0.998629534754572
0.632029302664754
0.149535343443830
-0.832921240710165
0.969445349895109
-0.469471562785788
-0.338737920245398
0.924546033612355
-0.903335292863253
0.289031796944477
0.515038074910047
-0.980955155349189
0.802817475191121
-0.097582899759163
-0.671720589322978
0.999999999999999
-0.671720589323004
-0.097582899759127
0.802817475191099
-0.980955155349196
0.515038074910078
0.289031796944442
-0.903335292863286
0.924546033612325
-0.338737920245326
-0.469471562785856
0.969445349895184
-0.832921240709997
0.149535343443529
0.632029302664990
-0.998629534754582
0.709570736536396
0.045362988129428
-0.770513242775898
0.989776230907764
-0.559192903470607
-0.238533457578742
0.879648572866694
-0.943222657947546
0.387515586451955
0.422618261740842
-0.955278362122389
0.860742027003865
-0.201077921145816
-0.590605667620045
0.994521895368288
-0.745475999682765
0.006981260297818
0.736097087119829
-0.995884398615957
0.601815023151938
0.187381314585857
-0.853550797275396
0.959313974540020
-0.435231099372211
-0.374606593416029
0.938493022759598
-0.886203579231157
0.252069358242997
0.547563223492649
-0.987688340595155
0.779337964931402
-0.059306373575849
-0.699663340513444
0.999262916410616
-0.642787609686457
-0.135715572434407
0.825113498278352
-0.972775878209372
0.481753674101629
0.325568154457247
-0.919135339255270
0.909236109047029
-0.302369890750359
-0.503019946630310
0.978147600733822
-0.811063818989277
0.111468932206244
0.661311865323711
-0.999902524009304
0.681998360062443
0.083677843332388
-0.794414620535461
0.983571470813372
-0.526955795496620
-0.275637355817061
0.897258369674355
-0.929776485888228
0.351841648404646
0.457097927058744
-0.965925826289081
0.840566603495655
-0.163325962241572
-0.621147780278348
0.997801468292052
-0.719339800338620
-0.031410759078170
0.761538307536762
-0.991671162383085
0.570713567684402
0.224951054343898
-0.872922077269824
0.947768410009575
-0.400349032556869
-0.409923033841596
0.951056516295160
-0.867765453368917
0.214735327167044
0.579281172342693
-0.992965508106538
0.754709580222762
-0.020942419883346
-0.726574670970981
0.997052752226919
-0.612907053652972
-0.173648177666933
0.846193166127564
-0.963162566797657
0.447759087838772
0.361624570082087
-0.933580426497198
0.892585818452129
-0.265556117486819
-0.535826794978985
0.985407898483487
-0.788010753606732
0.073238197127651
0.689619543735653
-0.999701489781183
0.653420603989952
0.121869343405345
-0.817144898335242
0.975916761938704
-0.493941866584062
-0.312334918512414
0.913545457642677
-0.914959667849748
0.315649036946926
0.490903753615300
-0.975149354305602
0.819152044288888
-0.125333233564129
-0.650774217265983
0.999610115040358
-0.692143173870283
-0.069756473744293
0.785856893175504
-0.985996037070476
0.538770785006726
0.262189178641019
-0.891006524188439
0.934825676395958
-0.364876784337476
-0.444635179185063
0.962217993529325
-0.848048096156347
0.177084740319439
0.610145163901381
-0.996778878456258
0.728968627421315
0.017452406437421
-0.752414908895813
0.993372765600380
-0.582122970157182
-0.211324796455515
0.866025403784501
-0.952129392742099
0.413104429824429
0.397147890634891
-0.946649260115734
0.874619707139338
-0.228350870110544
-0.567843745053194
0.991215540251555
-0.763796028634571
0.034899496702394
0.716910607650555
-0.998026728428264
0.623879596709307
0.159881187691932
-0.838670567945476
0.966823388604434
-0.460199784783769
-0.348572047321900
0.928485826880945
-0.898794046299128
0.278991106039148
0.523985905970148
-0.982935349149568
0.796529918024148
-0.087155742747583
-0.679441304261570
0.999945169365510
-0.663926212652189
-0.107999355706090
0.809016994374985
-0.978867388761671
0.506033764121110
0.299040792256143
-0.907777478532932
0.920504853452418
-0.328866646738533
-0.478691857940651
0.971961000578557
-0.827080574274535
0.139173100960021
0.640109699484988
-0.999122830098859
0.702153052995134
0.055821504993200
-0.777145961456992
0.988228381446547
-0.550480740084969
-0.248689887164882
0.884580975215095
-0.939692620785899
0.377840786818446
0.432085748802000
-0.958322574465137
0.855364260160497
-0.190808995376531
-0.599023598515595
0.995561964603080
-0.738455340625878
-0.003490651415229
0.743144825477396
-0.994880708828787
0.593418886603701
0.197657340379124
-0.858959896930661
0.956304755963036
-0.425779291564874
-0.384295322660003
0.942057452787368
-0.881303452064891
0.241921895599463
0.556295615500477
-0.989272332963017
0.772733573497221
-0.048849769795411
-0.707106781186688
0.998806137341423
-0.634730513202115
-0.146083028562603
0.830984469274434
-0.970295726275950
0.472550764868888
0.335451569750430
-0.923210217113051
0.904827052465941
-0.292371704722565
-0.512042864870723
0.980271174621756
-0.804893797355810
0.101056297182776
0.669130606358983
-0.999993907657790
0.674302387583601
0.094108313318677
-0.800731370948829
0.981627183447633
-0.518027009372996
-0.285688367405122
0.901832526405179
-0.925870584809937
0.342020143325529
0.466386640340020
-0.968583161128666
0.834847863263327
-0.152985836283899
-0.629320391049944
0.998440764181988
-0.712026045990902
-0.041875653729332
0.768283523593606
-0.990268068741551
0.562083377852026
0.235142113102710
-0.877982975428038
0.944376370237441
-0.390731128489165
-0.419452082446282
0.954240328516310
-0.862513669207200
0.204496051841683
0.587785252292559
-0.994150963972326
0.747798090498463
-0.010471784116145
-0.733729864502943
0.996194698091736
-0.604599114862299
-0.183951350612811
0.851726934143094
-0.960293685676917
0.438371146788999
0.371367835550313
-0.937281989491919
0.887815385136363
-0.255445757935714
-0.544639035015091
0.987136265072999
-0.781520472418773
0.062790519529243
0.697165102854613
-0.999390827019092
0.645457687723901
0.132256390257184
-0.823136368534475
0.973578902873146
-0.484809620246288
-0.322265695230562
0.917754625684001
-0.910683660806156
0.305695304963060
0.500000000000039
-0.977415894286104
0.813100761047003
-0.114937150492827
-0.658689460118708
0.999847695156391
-0.684547105928664
-0.080198924328890
0.792289643355208
-0.984195607969236
0.529919264233183
0.272280247040596
-0.895711760239421
0.931055815862521
-0.355106962408121
-0.453990499739559
0.965016494472314
-0.842452397007141
0.166768746715870
0.618408395357737
-0.997564050259839
0.721760228098203
0.027921638723796
-0.759271307335027
0.992114701314449
-0.573576436350864
-0.221548497619681
0.871213811120295
-0.948876011644428
0.403545296352195
0.406736643075993
-0.949972051524717
0.869494929505116
-0.218143241396342
-0.576432316169958
0.992546151641346
-0.756995055651626
0.024432178152457
0.724171861437601
-0.997314477224443
0.615661475325508
0.170209499166218
-0.844327925502114
0.964095404234060
-0.450877540689268
-0.358367949545468
0.932323801215576
-0.894154236839289
0.268919820615098
0.532876276070875
-0.984807753012237
0.790155012375587
-0.076719028126653
-0.687087510804541
0.999780683474841
-0.656059028990386
-0.118403968306657
0.815127795728643
-0.976672278334134
0.496973961027424
0.309016994375089
-0.912120116172332
0.916362729562181
-0.318959309297934
-0.487859659138855
0.974370064785265
-0.821149209133625
0.128795596577429
0.648119901063231
-0.999506560365735
0.694658370458904
0.066273900400126
-0.783693457325916
0.986572161606948
-0.541708210282638
-0.258819045102635
0.889416373291350
-0.936059535738932
0.368124552684573
0.441505852791844
-0.961261695938348
0.849892692986807
-0.180519145250458
-0.607375839723367
0.996492859249512
-0.731353701619103
-0.013962180339241
0.750111069630521
-0.993767919160585
0.584957674987142
0.207911690817845
-0.864274801953747
0.953190667792921
-0.416280792260327
-0.393941909591023
0.945518575599341
-0.876306680043827
0.231747903494086
0.564967003424996
-0.990747840471452
0.766044443118934
-0.038387809087455
-0.714472679632847
0.998239827923761
-0.626603811364414
-0.156434465040286
0.836764313458991
-0.967709170481957
0.463296035119817
0.345298198998580
-0.927183854566804
0.900318771402173
-0.282341456842836
-0.521009631840610
0.982287250728695
-0.798635510047271
0.090632580197746
0.676875969682683
-0.999975630705394
0.666532470249431
0.104528463267679
-0.806960312143949
0.979575249599293
-0.509041415750158
-0.295708050044280
0.906307787036752
-0.921863151588406
0.332161131883478
0.475624209070483
-0.971134279909691
0.829037572554911
-0.142628933705284
-0.637423989748865
0.998970569790724
-0.704634209963435
-0.052335956243165
0.774944488704318
-0.988756381046972
0.553391549243353
0.245307385878789
-0.882947592858919
0.940880768954231
-0.381070376350292
-0.428935133403126
0.957319497532059
-0.857167300702125
0.194234351219999
0.596224874965591
-0.995227399981827
0.740804596286772
-0.000000000000036
-0.740804596286724
0.995227399981834
-0.596224874965649
-0.194234351219928
0.857167300702087
-0.957319497532080
0.428935133403191
0.381070376350225
-0.940880768954206
0.882947592858953
-0.245307385878860
-0.553391549243293
0.988756381046995
-0.774944488704220
0.052335956243011
0.704634209963545
-0.998970569790717
0.637423989748746
0.142628933705437
-0.829037572554998
0.971134279909654
-0.475624209069947
-0.332161131884053
0.921863151588643
-0.906307787036494
0.295708050043698
0.509041415750683
-0.979575249599416
0.806960312143589
-0.104528463267299
-0.666532470249716
0.999975630705396
-0.676875969682402
-0.090632580198127
0.798635510047500
-0.982287250728623
0.521009631840284
0.282341456843202
-0.900318771402340
0.927183854566661
-0.345298198998221
-0.463296035120155
0.967709170482053
-0.836764313458781
0.156434465039909
0.626603811364712
-0.998239827923783
0.714472679632579
0.038387809087837
-0.766044443119180
0.990747840471400
-0.564967003424681
-0.231747903494458
0.876306680044011
-0.945518575599216
0.393941909590672
0.416280792260674
-0.953190667793036
0.864274801953555
-0.207911690817471
-0.584957674987452
0.993767919160628
-0.750111069630268
0.013962180338859
0.731353701619364
-0.996492859249480
0.607375839723063
0.180519145250834
-0.849892692987009
0.961261695938242
-0.441505852791501
-0.368124552684929
0.936059535739067
-0.889416373291175
0.258819045102266
0.541708210282959
-0.986572161607011
0.783693457325679
-0.066273900399745
-0.694658370459179
0.999506560365723
-0.648119901062940
-0.128795596577808
0.821149209133843
-0.974370064785180
0.487859659138522
0.318959309298296
-0.916362729562334
0.912120116172176
-0.309016994374726
-0.496973961027755
0.976672278334216
-0.815127795728422
0.118403968306278
0.656059028990675
-0.999780683474849
0.687087510804264
0.076719028127034
-0.790155012375821
0.984807753012170
-0.532876276070552
-0.268919820615466
0.894154236839460
-0.932323801215438
0.358367949545111
0.450877540689609
-0.964095404234162
0.844327925501909
-0.170209499165841
-0.615661475325809
0.997314477224471
-0.724171861437337
-0.024432178152839
0.756995055651876
-0.992546151641299
0.576432316169646
0.218143241396715
-0.869494929505305
0.949972051524597
-0.406736643075644
-0.403545296352544
0.948876011644548
-0.871213811120108
