0.000000000000000
0.580905923319849
-0.945680807639535
0.958607023676476
-0.614875261712435
0.042373876588200
0.545893073330302
-0.931055815862528
0.969811243937546
-0.647740067614432
0.084671634772622
0.509899607151706
-0.914758319980692
0.979273341697731
-0.679441304261515
0.126817292884946
0.472990181723963
-0.896817596035589
0.986976319697494
-0.709922025069475
0.168735142482142
0.435231099372329
-0.877265871885024
0.992906340675843
-0.739127475930341
0.210349884345493
0.396690188705091
-0.856138269310462
0.997052752226919
-0.767005193570036
0.251586763744505
0.357436682769502
-0.833472740925947
0.999408105935469
-0.793505099790894
0.292371704722732
0.317541094684848
-0.809310002001837
0.999968170756824
-0.818579591429735
0.332631443164277
0.277075090976057
-0.783693457325842
0.998731940617346
-0.842183625869909
0.372293658401940
0.236111362835381
-0.756669123232743
0.995701636221688
-0.864274801953701
0.411287103130606
0.194723495543420
-0.728285544942848
0.990882701063628
-0.884813436149735
0.449541731392493
0.152985836284044
-0.698593709357686
0.984283791647636
-0.903762633838574
0.486988824404361
0.110973360590674
-0.667646953469570
0.975916761938748
-0.921088355588449
0.523561114000637
0.068761537663817
-0.635500868549587
0.965796642068663
-0.936759478302063
0.559192903470739
0.026426194801809
-0.602213200286088
0.953941611336341
-0.950747851124635
0.593820185573494
-0.015956618811714
-0.567843745053108
0.940372965551576
-0.963028346012746
0.627380757516684
-0.058310768718929
-0.532454242495014
0.925115078780224
-0.973578902873157
0.659814332695170
-0.100560171952125
-0.496108264620366
0.908195359559800
-0.982380569190501
0.691062648986856
-0.142628933705501
-0.458871101604205
0.889644201664087
-0.989417534072676
0.721069573411984
-0.184441483668965
-0.420809644503903
0.869494929505224
-0.994677156652776
0.749781202967726
-0.225922711779023
-0.381992265099273
0.847783738271318
-0.998149988796537
0.777145961456962
-0.266998103142897
-0.342488693072777
0.824549628907147
-0.999829792074516
0.803114692137293
-0.307593871893519
-0.302369890750457
0.799834338054728
-0.999713548968503
0.827640746023856
-0.347637093734926
-0.261707925628613
0.773682263079608
-0.997801468292050
0.850680065687331
-0.387055836939975
-0.220575840915202
0.746140382317566
-0.994096984815367
0.872191264396597
-0.425779291565059
-0.179047524318512
0.717258170684975
-0.988606753095266
0.892135700463876
-0.463737896649695
-0.137197575318823
0.687087510804434
-0.981340635521232
0.910477546658808
-0.500863465172508
-0.095101171161469
0.655682599805304
-0.972311684599098
0.927183854566780
-0.537089306539133
-0.052833931812034
0.623099851966583
-0.961536119504153
0.942224613775873
-0.572350346382001
-0.010471784116263
0.589397797376991
-0.949033296945785
0.955572805786134
-0.606583243456826
0.031909174591287
0.554636976794325
-0.934825676396020
0.967204452544317
-0.639726503425779
0.074232813184859
0.518879832892933
-0.918938779744400
0.977098659516904
-0.671720589322976
0.116423103505804
0.482190598094691
-0.901401145451681
0.985237653224055
-0.702508028503832
0.158404256935927
0.444635179184945
-0.882244277284710
0.991606813167027
-0.732033515886171
0.200100860540537
0.406281038920723
-0.861502587724562
0.996194698091743
-0.760244013297627
0.241438012536627
0.367197074843867
-0.839213336149612
0.998993066541313
-0.787088844750879
0.282341456842856
0.327453495516782
-0.815416561904567
0.999996891660591
-0.812519787475568
0.322737716469619
0.287121694403138
-0.790155012375703
0.999204370226179
-0.836491158543377
0.362554225509594
0.246274121620070
-0.763474066201511
0.996616925885650
-0.858959896930652
0.401719459491666
0.204984153792253
-0.735421651756678
0.992239206600174
-0.879885640871166
0.440163063864060
0.163325962241646
-0.706048161055848
0.986079076295157
-0.899230800360068
0.477815980375943
0.121374379749679
-0.675406359231867
0.978147600733810
-0.916960624678783
0.514610571130113
0.079204766131284
-0.643551289750808
0.968459027639224
-0.933043264819434
0.550480740084926
0.036892872861848
-0.610540175534900
0.957030761100419
-0.947449830697080
0.585362051785806
-0.005485292998608
-0.576432316169814
0.943883330308394
-0.960154443046345
0.619191847113826
-0.047853605341149
-0.541288981381535
0.929040352678512
-0.971134279909642
0.651909355843758
-0.090135955757454
-0.505173300974524
0.912528491425395
-0.980369617633530
0.683455805808956
-0.132256390257094
-0.468150151428568
0.894377407666349
-0.987843866299382
0.713774528476679
-0.174139245707416
-0.430286039357586
0.874619707139436
-0.993543599524644
0.742811060744575
-0.215709285751401
-0.391648982040129
0.853290881632170
-0.997458578581333
0.770513242775769
-0.256891835958878
-0.352308385236584
0.830429245225888
-0.999581770788449
0.796831311696442
-0.297612917967869
-0.312334918512207
0.806075865470079
-0.999909362145145
0.821717990987300
-0.337799382375561
-0.271800388289496
0.780274489610461
-0.998440764181982
0.845128575408735
-0.377379040140616
-0.230777608858346
0.753071466003631
-0.995178615018046
0.867021011307327
-0.416280792260320
-0.189340271576158
0.724515660859255
-0.990128774621976
0.887355972159124
-0.454434757489208
-0.147562812492434
0.694658370459020
-0.983300314285354
0.906096929213784
-0.491772397870186
-0.105520278635206
0.663553229010278
-0.974705500327477
0.923210217112989
-0.528226641853055
-0.063288193199918
0.631256112300265
-0.964359772060782
0.938665094365404
-0.563732004778822
-0.020942419883392
0.597825037323695
-0.952281714056391
0.952433798569294
-0.598224706513000
0.021440973393854
0.563320058063651
-0.938493022759587
0.964491596283462
-0.631642786017006
0.063785851132603
0.527803157613288
-0.923018467515410
0.974816827457173
-0.663926212652214
0.106016147021336
0.491338136832543
-0.905885846074283
0.983390944339320
-0.695016994016276
0.148056000577886
0.453990499739529
-0.887125934657402
0.990198544796745
-0.724859280117715
0.189829893421347
0.415827335842067
-0.866772432671694
0.995227399981827
-0.753399463702025
0.231262784929915
0.376917199621093
-0.844861902173892
0.998468476299785
-0.780586276549351
0.272280247040482
0.337329987382866
-0.821433702192341
0.999915951636246
-0.806370881570405
0.312808597947426
0.297136811700806
-0.796529918024219
0.999567225815809
-0.830706960534912
0.352775034460860
0.256409873672067
-0.770195285635386
0.997422925272836
-0.853550797275335
0.392107762787026
0.215222333218717
-0.742477111298943
0.993486901926190
-0.874861356216666
0.430736127495435
0.173648177666971
-0.713425186616671
0.987766226259841
-0.894600356090867
0.468590738440681
0.131762088840123
-0.683091699075652
0.980271174621740
-0.912732338703369
0.505603595411379
0.089639308903476
-0.651531138300988
0.971015210763891
-0.929224732628397
0.541708210282703
0.047355505202689
-0.618800198173392
0.960014961656769
-0.944047911718836
0.576839726452662
0.004986634338802
-0.584957674987204
0.947290187621408
-0.957175248325291
0.610935035347185
-0.037391194276338
-0.550064361831379
0.932863746832815
-0.968583161128619
0.643932889785169
-0.079701855139608
-0.514182939383493
0.916761554258690
-0.978251157500236
0.675774014000184
-0.121869343405046
-0.477377863313354
0.899012535107117
-0.986161870314177
0.706401210120778
-0.163817911415092
-0.439715248498119
0.879648572866638
-0.992301089144599
0.735759460917817
-0.205472204769829
-0.401262750256517
0.858704452032166
-0.996657785792643
0.763796028634648
-0.246757397690248
-0.362089442815849
0.836217795619866
-0.999224134096954
0.790460549722859
-0.287599327431917
-0.322265695230556
0.812228997583100
-0.999995523992272
0.815705125313078
-0.327924627507051
-0.281863044974836
0.786781150250563
-0.998970569790719
0.839484407258112
-0.367660859476882
-0.240954069435941
0.759919966917142
-0.996151112670964
0.861755679593757
-0.406736643075755
-0.199612255539410
0.731693699726773
-0.991542217370803
0.882478935272484
-0.445081784436496
-0.157911867740998
0.702153052995157
-0.985152163089207
0.901616948029662
-0.482627402182665
-0.115927814621229
0.671351092126041
-0.976992428613824
0.919135339255169
-0.519306051163173
-0.073735514324111
0.639343148287667
-0.967077671701060
0.935002639749564
-0.555051843608731
-0.031410759078237
0.606186719018362
-0.955425702745793
0.949190346253521
-0.589800567488678
0.010970420952070
0.571941364940523
-0.942057452787314
0.961672972650226
-0.623489801858602
0.053331894243025
0.536668602769512
-0.926996935910006
0.972428095747125
-0.656059028990509
0.095597564671767
0.500431794806863
-0.910271206105552
0.981436395555740
-0.687449743083278
0.137691508210885
0.463296035119809
-0.891910308674332
0.988681689997518
-0.717605555360733
0.179538109314932
0.425328032610035
-0.871947226253889
0.994150963972302
-0.746472295365188
0.221062196752796
0.386595991179805
-0.850417819569901
0.997834392738099
-0.773998108266227
0.262189178640810
0.347169487214524
-0.827360763017954
0.999725359559777
-0.800133548011172
0.302845176437381
0.307119344598861
-0.802817475191114
0.999820467595025
-0.824831666146975
0.342957157654184
0.266517507491884
-0.776832044476806
0.998119545996334
-0.848048096156334
0.382453067047596
0.225436911090897
-0.749451149859035
0.994625650217831
-0.869741133155694
0.421261956056578
0.183951350612833
-0.720723977066369
0.989345056526703
-0.889871808811441
0.459314110250411
0.142135348732701
-0.690702130216891
0.982287250728699
-0.908403961341455
0.496541174560576
0.100064021715303
-0.659439539119678
0.973464911128349
-0.925304300474016
0.532876276070727
0.057812944478623
-0.626992362396909
0.962893885754251
-0.940542467248619
0.568254144143213
0.015458014835562
-0.593418886603659
0.950593163890360
-0.954091088551905
0.602611227669305
-0.026924682845488
-0.558779421525287
0.936584841964818
-0.965925826289037
0.635885809228753
-0.069259014315187
-0.523136191838746
0.920894083856596
-0.976025421103585
0.668018115955496
-0.111468932206263
-0.486553225335867
0.903549075692460
-0.984371730566859
0.698950426911849
-0.153478612642721
-0.449096237906718
0.884580975215086
-0.990949761767925
0.728627176774913
-0.195212591445543
-0.410832515490519
0.864023855812219
-0.995747698246426
0.756995055651639
-0.236595899692258
-0.371830793207225
0.841914645309235
-0.998756921218924
0.784003104842318
-0.277554198388870
-0.332161131883818
0.818293059633677
-0.999972025061269
0.809602808379770
-0.318013912007974
-0.291894792200987
0.793201531471323
-0.999390827019097
0.833748180181978
-0.357902360656534
-0.251104106684517
0.766685134042686
-0.997014371128754
0.856395846658816
-0.397147890634771
-0.209862349769305
0.738791500134832
-0.992846926341858
0.877505124625959
-0.435680003150607
-0.168243606173534
0.709570736536488
-0.986895978856722
0.897038094386938
-0.473429480961580
-0.126322637816216
0.679075334029114
-0.979172218670644
0.914959667849773
-0.510328512712734
-0.084174749518234
0.647360073094029
-0.969689520376717
0.931237651557671
-0.546310814749123
-0.041875653729269
0.614481925508003
-0.958464918240222
0.945842804519879
-0.581311750185775
0.000498665479776
0.580499952001723
-0.945518575599320
0.958748890738501
-0.615268445017510
0.042872088910248
0.545475196165737
-0.930873748644229
0.969932726338055
-0.648119901062990
0.085168498971945
0.509470574795429
-0.914556744641151
0.979374221211605
-0.679807105539097
0.127311916418479
0.472550764869167
-0.896596874675102
0.987056415109553
-0.710273137068006
0.169226636831843
0.434782087366217
-0.877026400996773
0.992965508106527
-0.739463267929034
0.210837366614436
0.396232388131543
-0.855880479068595
0.997090885390692
-0.767325062368367
0.252069358243097
0.356970915999558
-0.833197094412520
0.999425136331745
-0.793808470791713
0.292848544541093
0.317068198399642
-0.809016994374924
0.999964067793018
-0.818865919671900
0.333101671730181
0.276595914663844
-0.783383614930449
0.998706711663822
-0.842452397007076
0.372756431019510
0.235626767265334
-0.756343002654922
0.995655326598536
-0.864525533178265
0.411741588497049
0.194234351220046
-0.727943732010001
0.990815393959212
-0.885045677060236
0.449987113092052
0.152493021882797
-0.698236818086209
0.984195607969244
-0.903975967248446
0.487424302374669
0.110477761379529
-0.667275624961695
0.975807860095323
-0.921282398275769
0.523985905969916
0.068264043913703
-0.635115769842238
0.965667217686269
-0.936933881697920
0.559606246363216
0.025927700186687
-0.601815023152156
0.953791896906749
-0.950902301939031
0.594221336879590
-0.016455218819977
-0.567433204758753
0.940203230014548
-0.963162566797636
0.627768996627396
-0.058808578459142
-0.532032076515355
0.924925627040629
-0.973692652520751
0.660188962196515
-0.101056297182923
-0.495675231314167
0.907986531939678
-0.982473643366381
0.691422995912155
-0.143122483211039
-0.458427978851772
0.889416373291282
-0.989489765582886
0.721414990451271
-0.184931570860536
-0.420357228309742
0.869248509639818
-0.994728415744050
0.750111069630367
-0.226408456287673
-0.381531368161974
0.847519169570168
-0.998180183389502
0.777459685186278
-0.267478632400219
-0.342020143325746
0.824267386628809
-0.999838867929058
0.803411709375130
-0.308068322699756
-0.301894529874035
0.799534929205726
-0.999701489781183
0.827920523222525
-0.348104613809358
-0.261226607538109
0.773366225503528
-0.997768295725420
0.850942100268467
-0.387515586451920
-0.220089430227614
0.745808283729322
-0.994042758459043
0.872435085653935
-0.426230444642706
-0.178556894798720
0.716910607650581
-0.988531570358884
0.892360870408464
-0.464179642863041
-0.136703608310214
0.686725107669327
-0.981244631459421
0.910683660806141
-0.501295010989801
-0.094604754002736
0.655306007573293
-0.972195031668999
0.927370542663271
-0.537509876752315
-0.052335956242974
0.622709747129931
-0.961399027255511
0.942391540463967
-0.572759185498677
-0.009973144676580
0.588994880701359
-0.948876011644487
0.955719671206789
-0.606979617057977
0.032407582169570
0.554221972059946
-0.934648480581921
0.967330992875448
-0.640109699484843
0.074730093586449
0.518453485594259
-0.918741991723584
0.977204647447523
-0.672089919484896
0.116918363439763
0.481753674101793
-0.901185118724734
0.985322898362558
-0.702862829321748
0.158896606741015
0.444188463367175
-0.882009399911707
0.991671162383085
-0.732373150012710
0.200589415783128
0.405825333736789
-0.861249281627865
0.996238035791509
-0.760567870630304
0.241921895599469
0.366733198900956
-0.838942056356279
0.999015314875022
-0.787396343528025
0.282819798501794
0.326982282099436
-0.815127795728639
0.999998010662406
-0.812810375320955
0.323209657454373
0.286643989976590
-0.789849278542783
0.999184357885975
-0.836764313458910
0.363018918047968
0.245790784309688
-0.763151913917358
0.996575818152640
-0.859215128233919
0.402176068832436
0.204496051841826
-0.735083659720239
0.992177077318328
-0.880122490076875
0.440610769775850
0.162833972454377
-0.705694936419845
0.985996037070501
-0.899448842003745
0.478253978621235
0.120879385912476
-0.675038536512091
0.978043800734084
-0.917159467080730
0.515038074909923
0.078707657427101
-0.643169529686301
0.968334653325789
-0.933222550788726
0.550896981451927
0.036394542273307
-0.610145163901343
0.956886035893315
-0.947609238173055
0.585766283023836
-0.005983950294289
-0.576024762546927
0.943718514185056
-0.960293685676931
0.619583342081243
-0.048351693579983
-0.540869617879318
0.928855741706777
-0.971253107566050
0.652287411278176
-0.090632580197570
-0.504742880917601
0.912324417231400
-0.980467816859478
0.683819742589331
-0.132750658786005
-0.467709448002931
0.894154236839335
-0.987921260694480
0.714123692844318
-0.174630270444794
-0.429835844221679
0.874377840572796
-0.993600050061292
0.743144825477327
-0.216196184644466
-0.391190103902946
0.853030753803486
-0.997493983854531
0.770831008314724
-0.257373734365315
-0.351841648404955
0.830151323416349
-0.999596067197819
0.797132507222792
-0.298088950228338
-0.311861161409839
0.805780648925064
-0.999902524009303
0.822002075447754
-0.338268693368496
-0.271320461950429
0.779962508642840
-0.998412803784633
0.845395038487816
-0.377840786818320
-0.230292375399717
0.752743281041157
-0.995129582585920
0.867269374343321
-0.416734145163162
-0.188850602648239
0.724171861437694
-0.990058758234581
0.887585789004558
-0.454878902235630
-0.147069587713052
0.694299574162797
-0.983209439716778
0.906307787036629
-0.492206536620225
-0.105024384009636
0.663180080364199
-0.974593930820469
0.923401737138354
-0.528649994740335
-0.062790519529531
0.630869281610785
-0.964227708033476
0.938836932555930
-0.564143811312479
-0.020443861165462
0.597425219474958
-0.952129392742118
0.952585646243079
-0.598624226943396
0.021939521572761
0.562907971269215
-0.938320717781187
0.964623180668583
-0.632029302664768
0.064283493204060
0.527379542126147
-0.922826488393343
0.974927912181748
-0.664299031197426
0.106511989044945
0.490903753615382
-0.905674537670664
0.983481329856179
-0.695375444745548
0.148549151846655
0.453546129097168
-0.886895676556490
0.990268068741570
-0.725202719127236
0.190319468061943
0.415373776020956
-0.866523638498120
0.995275937465120
-0.753727274054402
0.231747903493997
0.376455265374387
-0.844595018849664
0.998495940131145
-0.780897869382119
0.272760038084281
0.336860508507243
-0.821149209133636
0.999922292480972
-0.806665697152815
0.313282199597166
0.296660631545650
-0.796228326280934
0.999552432283509
-0.830984469274298
0.353241595961210
0.255927847624511
-0.769877136972494
0.997387023937913
-0.853810500668289
0.392566446029763
0.214735327167282
-0.742142977223550
0.993429957280041
-0.875102787744506
0.431186108523510
0.173157066446130
-0.713075667351246
0.987688340595127
-0.894823082057551
0.469031208929612
0.131267754658569
-0.682727422479797
0.980172487848542
-0.912935959014585
0.506033764121066
0.089142639758908
-0.651152758743745
0.970895900158432
-0.929408881510540
0.542127304478766
0.046857393288237
-0.618408395357776
0.959875241542920
-0.944212258375529
0.577246993294346
0.004487974438982
-0.584553152729048
0.947130308985666
-0.957319497532066
0.611329743239739
-0.037889506392749
-0.549647846794635
0.932683996873509
-0.968707053763078
0.644314329694580
-0.080198924328688
-0.513755179776208
0.916562255870090
-0.978354471007588
0.676141500725784
-0.122364276755495
-0.476939627542511
0.898794046299316
-0.986244419107011
0.706754083527004
-0.164309819852216
-0.439267323789488
0.879411286122213
-0.992362724936214
0.736097087119693
-0.205960204653303
-0.400805941240504
0.858448793601867
-0.996698397863445
0.764117801136633
-0.247240612400100
-0.361624570082307
0.835944224756322
-0.999243649493372
0.790765890508307
-0.288076888944372
-0.321793593854722
0.811938005715925
-0.999993907657789
0.815993485882418
-0.328395677953465
-0.281384563016592
0.786473260103557
-0.998947824628823
0.839755269614094
-0.368124552684567
-0.240470066417698
0.759595731569429
-0.996107279539977
0.862008557172342
-0.407192146088641
-0.199123600901024
0.731353701619368
-0.991477375010491
0.882713373816706
-0.445528279010772
-0.157419439278273
0.701797902883915
-0.985066427979264
0.901832526405110
-0.483064086256650
