0.000000000000000
0.871947226253862
-0.853810500668346
-0.035896202634583
0.888960053096193
-0.834573253721301
-0.071746136761382
0.904827052466020
-0.814260281314376
-0.107503593510527
0.919527772551451
-0.792897765908470
-0.143122483211125
0.933043264819445
-0.770513242775785
-0.178556894798645
0.945356108439570
-0.747135564508145
-0.213761154992118
0.956450432738634
-0.722794863827385
-0.248689887164862
0.966311937657226
-0.697522514745693
-0.283298069832759
0.974927912181825
-0.671351092125998
-0.317541094684857
0.982287250728690
-0.644314329694485
-0.351374824081358
0.988380467458431
-0.616447076559458
-0.384755647944954
0.993199708502813
-0.587785252292459
-0.417640539972139
0.996738762088015
-0.558365800629645
-0.449987113092131
0.998993066541314
-0.528226641853064
-0.481753674101728
0.999959716170870
-0.497406623913199
-0.512899277405921
0.999637465011019
-0.465945472355811
-0.543383777794823
0.998026728428269
-0.433883739117541
-0.573167882188941
0.995129582585909
-0.401262750256454
-0.602213200286103
0.990949761767931
-0.368124552684655
-0.630482294044737
0.985492653565722
-0.334511859971819
-0.657938725939737
0.978765291933705
-0.300467997289436
-0.684547105928714
0.970776348122910
-0.266036845566656
-0.710273137068084
0.961536119504139
-0.231262784929930
-0.735083659720205
0.951056516295142
-0.196190637499070
-0.758946694294566
0.939351046208910
-0.160865609613670
-0.781831482468042
0.926434797042871
-0.125333233564273
-0.803708526830802
0.912324417231436
-0.089639308903399
-0.824549628907155
0.897038094386947
-0.053829843412090
-0.844327925502030
0.880595531856714
-0.017950993798056
-0.863017923326366
0.863017923326323
0.017950993798141
-0.880595531856754
0.844327925502000
0.053829843412175
-0.897038094386985
0.824549628907123
0.089639308903484
-0.912324417231471
0.803708526830768
0.125333233564357
-0.926434797042904
0.781831482468006
0.160865609613754
-0.939351046208939
0.758946694294529
0.196190637499126
-0.951056516295168
0.735083659720147
0.231262784929985
-0.961536119504163
0.710273137068024
0.266036845566711
-0.970776348122931
0.684547105928652
0.300467997289490
-0.978765291933723
0.657938725939673
0.334511859971886
-0.985492653565736
0.630482294044670
0.368124552684721
-0.990949761767943
0.602213200286035
0.401262750256519
-0.995129582585914
0.573167882188895
0.433883739117631
-0.998026728428275
0.543383777794751
0.465945472355874
-0.999637465011021
0.512899277405872
0.497406623913248
-0.999959716170869
0.481753674101653
0.528226641853137
-0.998993066541311
0.449987113092080
0.558365800629692
-0.996738762088007
0.417640539972061
0.587785252292528
-0.993199708502805
0.384755647944888
0.616447076559503
-0.988380467458424
0.351374824081265
0.644314329694550
-0.982287250728675
0.317541094684789
0.671351092126040
-0.974927912181814
0.283298069832664
0.697522514745759
-0.966311937657204
0.248689887164793
0.722794863827429
-0.956450432738617
0.213761154992021
0.747135564508207
-0.945356108439542
0.178556894798568
0.770513242775828
-0.933043264819424
0.143122483211075
0.792897765908531
-0.919527772551417
0.107503593510449
0.814260281314417
-0.904827052465993
0.071746136761329
0.834573253721356
-0.888960053096151
0.035896202634500
0.853810500668385
-0.871947226253830
-0.000000000000057
0.871947226253913
-0.853810500668296
-0.035896202634670
0.888960053096229
-0.834573253721262
-0.071746136761442
0.904827052466042
-0.814260281314318
-0.107503593510619
0.919527772551484
-0.792897765908427
-0.143122483211188
0.933043264819465
-0.770513242775719
-0.178556894798736
0.945356108439598
-0.747135564508093
-0.213761154992188
0.956450432738650
-0.722794863827350
-0.248689887164958
0.966311937657248
-0.697522514745637
-0.283298069832827
0.974927912181839
-0.671351092125955
-0.317541094684951
0.982287250728707
-0.644314329694420
-0.351374824081424
0.988380467458442
-0.616447076559414
-0.384755647944993
0.993199708502825
-0.587785252292390
-0.417640539972216
0.996738762088020
-0.558365800629598
-0.449987113092182
0.998993066541319
-0.528226641852992
-0.481753674101802
0.999959716170871
-0.497406623913149
-0.512899277405970
0.999637465011017
-0.465945472355723
-0.543383777794894
0.998026728428264
-0.433883739117477
-0.573167882188988
0.995129582585903
-0.401262750256363
-0.602213200286171
0.990949761767920
-0.368124552684589
-0.630482294044781
0.985492653565712
-0.334511859971725
-0.657938725939801
0.978765291933688
-0.300467997289355
-0.684547105928756
0.970776348122897
-0.266036845566546
-0.710273137068144
0.961536119504116
-0.231262784929847
-0.735083659720243
0.951056516295124
-0.196190637499014
-0.758946694294603
0.939351046208900
-0.160865609613642
-0.781831482468130
0.926434797042829
-0.125333233564160
-0.803708526830869
0.912324417231401
-0.089639308903314
-0.824549628907203
0.897038094386922
-0.053829843412033
-0.844327925502060
0.880595531856700
-0.017950993798028
-0.863017923326380
0.863017923326265
0.017950993798255
-0.880595531856808
0.844327925501939
0.053829843412260
-0.897038094387023
0.824549628907075
0.089639308903540
-0.912324417231494
0.803708526830734
0.125333233564385
-0.926434797042914
0.781831482467989
0.160865609613866
-0.939351046208978
0.758946694294455
0.196190637499237
-0.951056516295195
0.735083659720089
0.231262784930068
-0.961536119504178
0.710273137067984
0.266036845566766
-0.970776348122938
0.684547105928632
0.300467997289517
-0.978765291933746
0.657938725939587
0.334511859971993
-0.985492653565751
0.630482294044604
0.368124552684800
-0.990949761767950
0.602213200285990
0.401262750256571
-0.995129582585920
0.573167882188848
0.433883739117631
-0.998026728428282
0.543383777794656
0.465945472355974
-0.999637465011024
0.512899277405775
0.497406623913347
-0.999959716170869
0.481753674101603
0.528226641853185
-0.998993066541309
0.449987113092030
0.558365800629740
-0.996738762088007
0.417640539971958
0.587785252292620
-0.993199708502792
0.384755647944783
0.616447076559593
-0.988380467458407
0.351374824081212
0.644314329694594
-0.982287250728665
0.317541094684736
0.671351092126082
-0.974927912181801
0.283298069832664
0.697522514745841
-0.966311937657175
0.248689887164683
0.722794863827507
-0.956450432738584
0.213761154991966
0.747135564508244
-0.945356108439524
0.178556894798512
0.770513242775864
-0.933043264819404
0.143122483211019
0.792897765908531
-0.919527772551372
0.107503593510336
0.814260281314483
-0.904827052465945
0.071746136761215
0.834573253721388
-0.888960053096125
0.035896202634443
0.853810500668414
-0.871947226253802
-0.000000000000114
0.871947226253913
-0.853810500668237
-0.035896202634784
0.888960053096281
-0.834573253721200
-0.071746136761555
0.904827052466090
-0.814260281314285
-0.107503593510675
0.919527772551506
-0.792897765908393
-0.143122483211244
0.933043264819486
-0.770513242775719
-0.178556894798847
0.945356108439635
-0.747135564508018
-0.213761154992299
0.956450432738683
-0.722794863827272
-0.248689887165013
0.966311937657263
-0.697522514745597
-0.283298069832882
0.974927912181851
-0.671351092125913
-0.317541094684951
0.982287250728729
-0.644314329694333
-0.351374824081531
0.988380467458459
-0.616447076559324
-0.384755647945098
0.993199708502831
-0.587785252292344
-0.417640539972268
0.996738762088025
-0.558365800629551
-0.449987113092233
0.998993066541319
-0.528226641852895
-0.481753674101902
0.999959716170872
-0.497406623913051
-0.512899277406067
0.999637465011015
-0.465945472355673
-0.543383777794942
0.998026728428261
-0.433883739117426
-0.573167882189035
0.995129582585898
-0.401262750256363
-0.602213200286262
0.990949761767905
-0.368124552684483
-0.630482294044869
0.985492653565693
-0.334511859971672
-0.657938725939844
0.978765291933676
-0.300467997289300
-0.684547105928797
0.970776348122883
-0.266036845566546
-0.710273137068144
0.961536119504085
-0.231262784929736
-0.735083659720320
0.951056516295089
-0.196190637498903
-0.758946694294677
0.939351046208861
-0.160865609613530
-0.781831482468130
0.926434797042829
-0.125333233564160
-0.803708526830869
0.912324417231354
-0.089639308903201
-0.824549628907267
0.897038094386872
-0.053829843411920
-0.844327925502121
0.880595531856646
-0.017950993797914
-0.863017923326438
0.863017923326265
0.017950993798255
-0.880595531856808
0.844327925501939
0.053829843412374
-0.897038094387073
0.824549628907010
0.089639308903653
-0.912324417231540
0.803708526830667
0.125333233564498
-0.926434797042957
0.781831482467918
0.160865609613866
-0.939351046208978
0.758946694294455
0.196190637499237
-0.951056516295230
0.735083659720012
0.231262784930179
-0.961536119504210
0.710273137067904
0.266036845566875
-0.970776348122965
0.684547105928549
0.300467997289626
-0.978765291933746
0.657938725939587
0.334511859971993
-0.985492653565751
0.630482294044516
0.368124552684906
-0.990949761767966
0.602213200285899
0.401262750256676
-0.995129582585931
0.573167882188755
0.433883739117733
-0.998026728428282
0.543383777794656
0.465945472355974
-0.999637465011024
0.512899277405677
0.497406623913445
-0.999959716170868
0.481753674101504
0.528226641853281
-0.998993066541304
0.449987113091928
0.558365800629834
-0.996738762087998
0.417640539971958
0.587785252292620
-0.993199708502792
0.384755647944783
0.616447076559593
-0.988380467458407
0.351374824081212
0.644314329694594
-0.982287250728665
0.317541094684736
0.671351092126082
-0.974927912181750
0.283298069832446
0.697522514745922
-0.966311937657146
0.248689887164573
0.722794863827586
-0.956450432738551
0.213761154991855
0.747135564508320
-0.945356108439487
0.178556894798400
0.770513242775936
