0.000000000000000
0.608167831851787
0.965537553173971
0.924735945302240
0.502588900079051
-0.126817292884947
-0.703926182748943
-0.990747840471442
-0.869001873620735
-0.388894256356596
0.251586763744507
0.788317664755527
0.999959716170870
0.799235321538324
0.268919820615268
-0.372293658401942
-0.859979539938273
-0.993024428619200
-0.716562866343794
-0.144602917697804
0.486988824404364
0.917754625683979
0.970053967548098
0.622319487445622
0.017950993798103
-0.593820185573496
-0.960709980668813
-0.931419255684620
-0.518027009373135
0.108990799406023
0.691062648986860
0.988151969821052
0.877744159160100
0.405369527637441
-0.234172629481217
-0.777145961456966
-0.999637465011020
-0.809895413436062
-0.286166214270803
0.355573083550935
0.850680065687335
0.994981000601599
0.728968627421416
0.162341942175474
-0.471231809694073
-0.910477546658812
-0.974257768312792
-0.636270591783859
-0.035896202634593
0.579281172342672
0.955572805786136
0.937802403039831
0.533298177137571
-0.091129182100657
-0.677976410513212
-0.985237653224057
-0.886203579231219
-0.421714162855315
0.216683029776435
0.765723811882019
0.998993066541313
0.820294505083372
0.303320386816861
-0.338737920245283
-0.841106447755010
-0.996616925885649
-0.741139468049863
-0.180028649666462
0.455322933869002
0.902907053368364
0.978147600733807
0.650016648925833
0.053829843412141
-0.564555477561927
-0.950127684053196
-0.943883330308372
-0.548397482022580
0.073238197127614
0.664671684553415
0.982005829860193
0.894377407666342
0.437922894720382
-0.199123600901004
-0.754054896979912
-0.998026728428270
-0.830429245225913
-0.320376810078743
0.321793593854432
0.831261771375068
0.997931677271291
0.753071466003620
0.197657340379144
-0.439267323789370
-0.895045585511165
-0.981722211257636
-0.663553229010225
-0.071746136761401
0.549647846794666
0.944376370237475
0.949660077825433
0.563320058063640
-0.055323610109828
-0.651152758743561
-0.978457541230243
-0.902263010333666
-0.453990499739564
0.181500001629200
0.742142977223496
0.996738762088012
0.840296367800342
0.337329987382845
-0.304745564927194
-0.821149209133690
-0.998924831061299
-0.764760776027608
-0.215222333218649
0.423070153602573
0.886895676556405
0.984980447915486
0.676875969682681
0.089639308903458
-0.534563084235719
-0.938320717781184
-0.955130783952430
-0.578061096249577
0.037391194276304
0.637423989748675
0.974593930820401
0.909857845986209
0.469911799899924
-0.163817911415106
-0.729991891397374
-0.995129582585908
-0.849892692986875
-0.354174455328045
0.287599327431989
0.810772019947075
0.999596067197818
0.776203631076373
0.232717967617618
-0.406736643075776
-0.878459952927498
-0.987921260694518
-0.689980577501600
-0.107503593510551
0.519306051163149
0.931962678203960
0.960293685676951
0.592615846072374
-0.019446728601643
-0.623489801858706
-0.970416243733759
-0.917159467080778
-0.485681664337328
0.146083028562377
0.717605555360790
0.993199708502809
0.859215128234008
0.370904785546308
-0.270360406986323
-0.800133548011189
-0.999945169365512
-0.787396343528033
-0.250138605360451
0.390272055913725
0.869741133155675
0.990543701876221
0.702862829321794
0.125333233564332
-0.503881664371613
-0.925304300473982
-0.965147119180900
-0.606979617058070
0.001495995943662
0.609354685562779
0.965925826289059
0.924165520566718
0.501295010989959
-0.128301068387806
-0.704987960785696
-0.990949761767930
-0.868260669255155
-0.387515586452136
0.253034359076099
0.789237221724061
0.999972025061268
0.798335306372723
0.267478632400276
-0.373681698062474
-0.860742027003922
-0.992846926341841
-0.715518573655435
-0.143122483211164
0.488294894587909
0.918347730347631
0.969689520376694
0.621147780278334
0.016455218820154
-0.595023196101995
-0.961124125586827
-0.930873748644220
-0.516746808236018
0.110477761379528
0.692143173870371
0.988380467458425
0.877026400996786
0.404001504980043
-0.235626767265281
-0.778086552580922
-0.999676625630462
-0.809016994374970
-0.284732460668172
0.356970915999459
0.851465534561453
0.994830191844723
0.727943732009935
0.160865609613744
-0.472550764869028
-0.911095209678008
-0.973919425411314
-0.635115769842203
-0.034401130656997
0.580499952001529
0.956012689043019
0.937281989491907
0.532032076515385
-0.092618851350281
-0.679075334029068
-0.985492653565720
-0.885509498577890
-0.420357228309615
0.218143241396506
0.766685134042613
0.999059066269734
0.819437965209755
0.301894529873951
-0.340145095010522
-0.841914645309145
-0.996492859249508
-0.740134300202299
-0.178556894798684
0.456654348983372
0.903549075692464
0.977835471138037
0.648879084367508
0.052335956242989
-0.565789633582167
-0.950593163890346
-0.943388177963548
-0.547145889934136
0.074730093586382
0.665788652557969
0.982287250728681
0.893707228200305
0.436577485577721
-0.200589415783234
-0.755036640377487
-0.998119545996324
-0.829594860571854
-0.318959309298121
0.323209657454399
0.832092437156127
0.997834392738114
0.752086349649530
0.196190637499145
-0.440610769775828
-0.895711760239392
-0.981436395555750
-0.662433288431524
-0.070253915826953
0.550896981452053
0.944867296647432
0.949190346253553
0.562083377852182
-0.056817252993000
-0.652287411278079
-0.978765291933697
-0.901616948029729
-0.452657049577071
0.182970947394014
0.743144825477359
0.996858367583926
0.839484407258101
0.335921299574183
-0.306170061015394
-0.822002075447881
-0.998854359982402
-0.763796028634669
-0.213761154992166
0.424425197516658
0.887585789004532
0.984721038215636
0.675774014000267
0.088149235093019
-0.535826794978945
-0.938836932555961
-0.954686624531140
-0.576839726452797
0.038886102236338
0.638575961155331
0.974927912181808
0.909236109047089
0.468590738440772
-0.165293514029414
-0.731013521647753
-0.995275937465119
-0.849103418222218
-0.352775034460899
0.289031796944406
0.811646811946165
0.999552432283504
0.775259563548083
0.231262784930005
-0.408102848235416
-0.879173780697030
-0.987688340595146
-0.688896961836280
-0.106016147021480
0.520583930743555
0.932504014986059
0.959875241542904
0.591410180293962
-0.020942419883280
-0.624658720898434
-0.970776348122900
-0.916562255869996
-0.484373417312255
0.147562812492384
0.718646638372888
0.993372765600388
0.858448793601905
0.369515082603855
-0.271800388289398
-0.801029983781083
-0.999928384677748
-0.786473260103495
-0.248689887164910
0.391648982039987
0.870478446205511
0.990337346439126
0.701797902884042
0.123848893747296
-0.505173300974445
-0.925870584809965
-0.964754525183636
-0.605790043840874
0.002991988539277
0.610540175534876
0.966311937657204
0.923593027544033
0.500000000000056
-0.129784556752213
-0.706048161055790
-0.991149465313779
-0.867517521717756
-0.386136049285803
0.254481388115494
0.790155012375638
0.999982096009159
0.797433504528626
0.266036845566732
-0.375068901421442
-0.861502587724511
-0.992667202067980
-0.714472679632854
-0.141641728415672
0.489599871964994
0.918938779744362
0.969322903035182
0.619974682979145
0.014959407015345
-0.596224874965564
-0.961536119504127
-0.930326158303609
-0.515465450616915
0.111964476103230
0.693222149733941
0.988606753095253
0.876306680043902
0.402632578165178
-0.237080377715425
-0.779025402343192
-0.999713548968501
-0.808136764729710
-0.283298069832835
0.358367949545233
0.852249097851347
0.994677156652784
0.726917207456665
0.159388917033958
-0.473868662472938
-0.911710833661461
-0.973578902873173
-0.633959526508217
-0.032905981689502
0.581717432498529
0.956450432738600
0.936759478302086
0.530764785202661
-0.094108313318435
-0.680172737770852
-0.985745448369776
-0.884813436149763
-0.418999353002256
0.219602964810873
0.767644740357954
0.999122830098853
0.818579591429767
0.300467997289512
-0.341551508529285
-0.842720958653993
-0.996366562457250
-0.739127475930414
-0.177084740319642
0.457984742103004
0.904189075869104
0.977521153141480
0.647740067614511
0.050841951945678
-0.567022523362337
-0.951056516295128
-0.942890914311157
-0.545893073330385
0.076221822798775
0.666904130524135
0.982566473233273
0.893035048612923
0.435231099372414
-0.202054781745283
-0.756016693999212
-0.998210129767730
-0.828758619280262
-0.317541094684933
0.324624997709505
0.832921240710067
0.997734875046460
0.751099550122352
0.194723495543502
-0.441953229673136
-0.896375930360099
-0.981148383394184
-0.661311865323709
-0.068761537663896
0.552144883199178
0.945356108439532
0.948718490388819
0.560845439695224
-0.058310768718855
-0.653420603990033
-0.979070852155420
-0.900968867902469
-0.451322586365761
0.184441483668897
0.744145010569291
0.996975742105714
0.838670567945485
0.334511859971908
-0.307593871893458
-0.822853102117215
-0.998781653462339
-0.762829571862337
-0.212299498367111
0.425779291565005
0.888273915031117
0.984459424705065
0.674670545932153
0.086658964004184
-0.537089306539086
-0.939351046208894
-0.954240328516304
-0.575617065685758
0.040380923169034
0.639726503425740
0.975259711649565
0.908612337232911
0.467268628273151
-0.166768746715992
-0.732033515886140
-0.995420064911694
-0.848312243159774
-0.351374824081434
0.290463619602182
0.812519787475512
0.999506560365733
0.774313760984906
0.229807084675111
-0.409468140058794
-0.879885640871123
-0.987453210044213
-0.687811804416016
-0.104528463267744
0.521860645254460
0.933043264819403
0.959454649203168
0.590203190936518
-0.022438064295717
-0.625826241948737
-0.971134279909609
-0.915962993388214
-0.483064086256970
0.149042266176090
0.719686113050123
0.993543599524636
0.857680537757003
0.368124552684744
-0.273239761301841
-0.801924626841768
-0.999909362145145
-0.785548416547778
-0.247240612400170
0.393025031653851
0.871213811120145
