0.000000000000000
0.974032448597810
0.441058366122206
-0.774313760984853
-0.791680732735924
0.415827335842031
0.979974383116319
0.027921638723569
-0.967330992875470
-0.465945472355826
0.756343002654871
0.808430375665925
-0.390272055913751
-0.985152163089199
-0.055821504993165
0.959875241542887
0.490469248326072
-0.737782470802755
-0.824549628907142
0.364412453575926
0.989561751039377
0.083677843332318
-0.951671008370678
-0.514610571130138
0.718646638372927
0.840025923150772
-0.338268693368587
-0.993199708502813
-0.111468932206327
0.942724690773079
0.538350616090687
-0.698950426911894
-0.854847190448105
0.311861161409522
0.996063198709709
0.139173100960069
-0.933043264819441
-0.561670871434771
0.678709194932878
0.869001873620737
-0.285210449497794
-0.998149988796538
-0.166768746716108
0.922634279794500
0.584553152728774
-0.657938725939707
-0.882478935272512
0.258337339056887
0.999458451547163
0.194234351219973
-0.911505852311671
-0.606979617058052
0.636655216119312
0.895267866396152
-0.231262784929940
-0.999987566661691
-0.221548497619470
0.899666659983948
0.628932776940325
-0.614875261712427
-0.907358694567869
0.204007899039873
0.999736921552070
0.248689887164860
-0.887125934657381
-0.650395513961883
0.592615846072342
0.918741991723555
-0.176593933926824
-0.998706711663818
-0.275637355817006
0.873893455212345
0.671351092126012
-0.569894326421795
-0.929408881510499
0.149042266176169
0.996897740323616
0.302369890750454
-0.859979539938268
-0.691783170903218
0.546728420318329
0.939351046208924
-0.121374379749647
-0.994311418112900
-0.328866646738594
0.845395038487742
0.711675817973082
-0.523136191838689
-0.948560733217861
0.093611849232824
0.990949761767932
0.355106962408150
-0.830151323416284
-0.731013521647793
0.499136037492949
0.957030761100414
-0.065776323011894
-0.986815392607208
-0.381070376350276
0.814260281314367
0.749781202967738
-0.474746671879525
-0.964754525183624
0.037889506392863
0.981911534487436
0.406736643075804
-0.797734303538607
-0.767964227459559
0.449987113092098
0.971726002708596
-0.009973144676491
-0.976242011289665
-0.432085748801988
0.780586276549361
0.785548416547714
-0.424876667889813
-0.977939757526862
-0.017950993798101
0.969811243937541
0.457097927058701
-0.762829571862249
-0.802520058610499
0.399434916642525
0.983390944339330
0.045861134627708
-0.962624246950005
-0.481753674101724
0.744478035621454
0.818865919671952
-0.373681698062498
-0.988075312474498
-0.073735514324068
0.954686624531116
0.506033764121175
-0.725545977802908
-0.834573253721312
0.347637093734933
0.991989209203004
0.101552397284374
-0.946004566200069
-0.529919264233217
0.706048161055829
0.849629812651974
-0.321321412458843
-0.995129582585913
-0.129290092740046
0.936584841964786
0.553391549243358
-0.685999789191167
-0.864023855812197
0.294755174410894
0.997493983854523
0.156926971670537
-0.926434797042875
-0.576432316169809
0.665416495326255
0.877744159160108
-0.267959095144384
-0.999080569319850
-0.184441483668993
0.915562346134045
0.599023598515603
-0.644314329694486
-0.890780024015872
0.240954069435879
0.999888101810273
0.211812173746615
-0.903975967248476
-0.621147780278329
0.622709747129853
0.903121285404203
-0.213761154992098
-0.999915951636247
-0.239017699062610
0.891684695095872
0.642787609686559
-0.600619594235959
-0.914758319980704
0.186401556029741
0.999164097081315
0.266036845566698
-0.878698114040541
-0.663926212652262
0.578061096249543
0.925682053535862
-0.158896606741082
-0.997633124419045
-0.292848544541189
0.865026350627742
0.684547105928710
-0.555051843608759
-0.935883968070846
0.131267754658238
0.995324227455863
0.319431889029739
-0.850680065687315
-0.704634209963597
0.531609778236681
0.945356108439580
-0.103536543928910
-0.992239206600169
-0.345766150139961
0.835670446020738
0.724171861437471
-0.507753179550733
-0.954091088551935
0.075724598517079
0.988380467458427
0.371830793207195
-0.820009195677914
-0.743144825477399
0.483500650208948
0.962082097133173
-0.047853605341174
-0.983751018959346
-0.397605493806820
0.803708526830758
0.761538307536743
-0.458871101604171
-0.969322903035178
0.019945297363294
0.978354471007608
0.423070153602629
-0.786781150250500
-0.779337964931481
0.433883739117531
0.975807860095316
0.007978563357501
-0.972195031668974
-0.448204916018908
0.769240265396212
0.796529918024205
-0.408558047142658
-0.981531911539144
-0.035896202634590
0.965277503888960
0.472990181723998
-0.751099550122298
-0.813100761047037
0.382913773892338
0.986490593923529
0.063785851132648
-0.957607281747645
-0.497406623913259
0.732373150012769
0.829037572555052
-0.356970915999455
-0.990680040617108
-0.091625761342717
0.949190346253528
0.521435203379536
-0.713075667351164
-0.844327925502026
0.330749702924214
0.994096984815372
0.119394224540259
-0.940033260679722
-0.545057183359359
0.693222149733979
0.858959896930676
-0.304270581179818
-0.996738762088018
-0.147069587712967
0.930143165446103
0.568254144143304
-0.672828078337045
-0.872922077269822
0.277554198388892
0.998603312456597
0.174630270445133
-0.919527772551436
-0.591007997439133
0.651909355843770
0.886203579231227
-0.250621387183090
-0.999689182000817
-0.202054781745409
0.908195359559780
0.613301000476499
-0.630482294044702
-0.898794046299179
0.223493148958431
0.999995523992272
0.229321736804831
-0.896154763145899
-0.635115769842222
0.608563601118093
0.910683660806190
-0.196190637499047
-0.999522099554693
-0.256409873672053
0.883415372204687
0.656435295035354
-0.586170368601357
-0.921863151588513
0.168735142482094
0.998269277850215
0.283298069832776
-0.869987120529990
-0.677242951731457
0.563320058063605
0.932323801215525
-0.141148072876707
-0.996238035791516
-0.309965358680450
0.855880479068534
0.697522514745747
-0.540030487489641
-0.942057452787309
0.113450940249924
0.993429957280053
0.336390945865402
-0.841106447754991
-0.717258170685010
0.516319817386033
0.951056516295165
-0.085665341992619
-0.989847231970980
-0.362554225509647
0.825676546934566
0.736434530278407
-0.492206536620093
-0.959313974540069
0.057812944478503
0.985492653565722
0.388434796274728
-0.809602808379778
-0.755036640377528
0.467709448002819
0.966823388604470
-0.029915466169336
-0.980369617633531
-0.414012477270067
0.792897765908441
0.773049995616558
-0.442847653627023
-0.973578902873170
0.001994660679529
0.974482118963723
0.439267323789420
-0.775574445610175
-0.790460549722898
0.417640539972100
0.979575249599353
0.025927700186675
-0.967834748450659
-0.464179642863154
0.757646355689052
0.807254726470178
-0.392107762787031
-0.984807753012216
-0.053829843412197
0.960432689513908
0.488730008614236
-0.739127475930301
-0.823419430264551
0.366269231763419
0.989272332962995
0.081690011745066
-0.952281714056370
-0.512899277405946
0.720032246799299
0.838942056356243
-0.340145095010516
-0.992965508106543
-0.109486480664013
0.943388177963520
0.536668602769508
-0.700375558181322
-0.853810500668360
0.313755723344330
0.995884398615975
0.137197575318826
-0.933759016147279
-0.560019450100003
0.680172737770869
0.868013169235280
-0.287121694403074
-0.998026728428274
-0.164801687431406
0.923401737138379
0.582933611109091
-0.659439539119580
-0.881538987243283
0.260263776601402
0.999390827019097
0.192277292145478
-0.912324417231414
-0.605393218023293
0.638192129352137
0.894377407666376
-0.233202912935545
-0.999975630705394
-0.219602964811028
0.900535694187303
0.627380757516693
-0.616447076559410
-0.906518419490426
0.205960204653200
0.999780683474843
0.246757397690320
-0.888044760497568
-0.648879084367527
0.594221336879637
0.917952555519722
-0.178556894798584
-0.998806137341432
-0.273719416573640
0.874861356216664
0.669871434827028
-0.571532241275872
-0.928670899758841
0.151014351648634
0.997052752226914
0.300467997289482
-0.860995761366577
-0.690341439691943
0.548397482022548
0.938665094365450
-0.123354052049775
-0.994521895368271
-0.326982282099435
0.846458787921197
0.710273137068063
-0.524835098908833
-0.947927346167144
0.095597564671818
0.991215540251531
0.353241595961559
-0.831261771375079
-0.729650984817497
0.500863465172497
0.956450432738660
-0.067766533188458
-0.987136265072983
-0.379225462653016
0.815416561904522
0.748459872677312
-0.476501273172250
-0.964227708033400
0.039882659401098
0.982287250728673
0.404913620735961
-0.798935515127366
-0.766685134042691
0.451767519812778
0.971253107566099
-0.011967686315521
-0.976672278334161
-0.430286039357650
0.781831482467992
0.784312557402903
-0.426681491730742
-0.977521153141471
-0.015956618811734
0.970295726275975
0.455322933869053
-0.764117801136705
-0.801328397423600
0.401262750256439
0.983026957126178
0.043868481447741
-0.963162566797649
-0.480004781253163
0.745808283729224
0.817719385664444
-0.375531116159650
-0.987766226259843
-0.071746136761395
0.955278362122316
0.504312335347636
-0.726917207456607
-0.833472740925991
0.349506654194827
0.991735265002983
0.099567846595891
-0.946649260115684
-0.528226641853176
0.707459303011723
0.848576179215552
-0.323209657454364
-0.994930978418587
-0.127311916418570
0.937281989491858
0.551729053112733
-0.687449743083308
-0.863017923326393
0.296660631545501
0.997350874585438
0.154956712238571
-0.927183854566772
-0.574801242653169
0.666904130524129
0.876786712020758
-0.269880278599813
-0.998993066541317
-0.182480677475464
0.916362729562199
0.597425219474920
-0.645838486185001
-0.889871808811509
0.242889481131172
0.999856273754320
0.209862349769321
-0.904827052466000
-0.619583342081589
0.624269236421538
0.902263010333672
-0.215709285751322
-0.999939823121438
-0.237080377715525
0.892585818452078
0.641258332235520
-0.602213200286064
-0.913950654301136
0.188360886759243
0.999243649493385
0.264113537514843
-0.879648572866593
-0.662433288431481
0.579687576411916
0.924925627040614
-0.160865609613586
-0.997768295725409
-0.290940749522220
0.866025403784384
0.683091699075670
-0.556709929603187
-0.935179370598586
0.133244894304616
0.995514912254012
0.317541094684932
-0.851726934143019
-0.703217455360720
0.533298177137489
0.944703889414184
-0.105520278635055
-0.992485256199823
-0.343893830853762
0.836764313458900
0.722794863827440
-0.509470574795342
-0.953491756554217
0.077713381426453
0.988681689997522
0.369978408957968
-0.821149209133671
-0.741808658601450
0.485245702624107
0.961536119504161
-0.049845885660575
-0.984107179553591
-0.395774489027977
0.804893797355845
0.760244013297689
-0.460642450450601
-0.968830705511836
0.021939521572571
0.978765291933705
0.421261956056723
-0.788010753606684
-0.778086552580963
0.435680003150583
0.975369826478438
0.005983950294398
-0.972660192581099
-0.446420935683891
0.770513242775712
0.795322363376001
-0.410377825689774
-0.981148383394193
-0.033902756057043
0.965796642068653
0.471231809694173
-0.752414908895681
-0.811938005715870
0.384755647944845
0.986161870314194
0.061795125470220
-0.958179992386539
-0.495675231314141
0.733729864502791
0.827920523222619
-0.358833449319475
-0.990406377872191
-0.089639308903510
0.949816182769128
0.519732140299092
-0.714472679632754
-0.843257453209730
0.332631443164185
0.993878596328833
0.117413594300018
-0.940711735063503
-0.543383777794851
0.694658370458904
0.857936836400672
-0.306170061015411
-0.996575818152643
-0.145096324107687
0.930873748644188
0.566611700966151
-0.674302387583668
-0.871947226253878
0.279469936662763
0.998495940131154
0.172665912166305
-0.920309894876982
-0.589397797377025
0.653420603990090
0.885277697888897
-0.252551890060267
-0.999637465011023
-0.200100860540641
0.909028411137369
0.611724299115100
-0.632029302664790
-0.897917856604830
0.225436911090732
0.999999502665477
0.227379776282991
-0.897038094386922
-0.633573796645735
0.610145163901248
0.909857845986239
-0.198146143199342
-0.999581770788446
-0.254481388115652
0.884348294314064
0.654929252388182
-0.587785252292406
-0.921088355588468
0.170700866905749
0.998384595114685
0.281384563016730
-0.870968906043070
-0.675774014000267
0.564967003424914
0.931600628198045
-0.143122483211059
-0.996408909165764
-0.308068322699924
0.856910362418561
0.696091827364080
-0.541708210282666
-0.941386466660918
0.115432496909074
0.993656253522170
0.334511859971882
-0.842183625869851
-0.715866849259769
0.518027009373102
0.950438240274699
-0.087652499818403
-0.990128774621968
-0.360694554957895
0.826800179863229
0.735083659720265
-0.493941866584151
-0.958748890738535
0.059804153944910
0.985829223087074
0.386595991179794
-0.810772019947021
-0.753727274054673
0.469471562785858
0.966311937657251
-0.031909174591235
-0.980760951578478
-0.412195971476956
0.794111644398322
0.771783154533497
-0.444635179184841
-0.973121483594301
0.003989313422952
0.974927912181803
0.437474533754605
-0.776832044476693
-0.789237221724129
0.419452082446139
0.979172218670654
0.023933658491824
-0.968334653325756
-0.462411966550477
0.758946694294511
0.806075865470077
-0.393941909590859
-0.984459424705058
-0.051837967659763
0.960986316235211
0.486988824404413
-0.740469540309699
-0.822285955503532
0.368124552684635
0.988978978893335
0.079701855139731
-0.952888630922445
-0.511185943022146
0.721414990451277
0.837854851683766
-0.342020143325570
-0.992727357023042
-0.107503593510662
0.944047911718818
0.534984454218248
-0.701797902883898
-0.852770413853985
0.315649036947055
0.995701636221699
0.135221503813044
-0.934471052351299
-0.558365800629758
0.681633574422508
0.867021011307361
-0.289031796944367
-0.997899497235830
-0.162833972454425
0.924165520566668
0.581311750185882
-0.660937728603722
-0.880595531856782
0.262189178640812
0.999319226239548
0.190319468062134
-0.913139352308697
-0.603804410325573
0.639726503425731
0.893483390499345
-0.235142113102480
-0.999959716170871
-0.217656558273594
0.901401145451627
0.625826241948865
-0.618016438763708
-0.905674537670661
0.207911690817702
0.999820467595021
0.244823926448286
-0.888960053096169
-0.647360073094072
0.595824463473199
0.917159467080785
-0.180519145250444
-0.998901589093852
-0.271800388289502
0.875825776431802
0.668389112327243
-0.573167882188804
-0.927929223127332
0.152985836283976
0.997203797181169
0.298564908363986
-0.862008557172489
-0.688896961836324
0.550064361831268
0.937975407878410
-0.125333233564183
-0.994728415744050
-0.325096616503864
0.847519169570064
0.708867630216991
-0.526531917830606
-0.947290187621428
0.097582899759082
0.991477375010457
0.351374824081330
-0.832368912013245
-0.728285544942936
0.502588900079068
0.955866298971264
-0.069756473743999
-0.987453210044170
-0.377379040140687
0.816569598217022
0.747135564508277
-0.478253978621284
-0.963697054534330
0.041875653729014
0.982659058768023
0.403088987376371
-0.800133548011099
-0.765402990234633
0.453546129097188
0.970776348122958
-0.013962180339128
-0.977098659516889
-0.428484617944899
0.783073577733159
0.783073577733217
-0.428484617944609
-0.977098659516909
-0.013962180339221
0.970776348122881
0.453546129097271
-0.765402990234573
-0.800133548011291
0.403088987376285
0.982659058768040
0.041875653729335
-0.963697054534245
-0.478253978621366
0.747135564508064
0.816569598217207
-0.377379040140601
-0.987453210044221
-0.069756473744319
0.955866298971236
0.502588900079148
-0.728285544942716
-0.832368912013296
0.351374824081243
0.991477375010499
0.097582899759175
-0.947290187621362
-0.526531917830878
0.708867630216925
0.847519169570173
-0.325096616503669
-0.994728415744059
-0.125333233564388
0.937975407878338
0.550064361831345
-0.688896961836174
-0.862008557172594
0.298564908363897
0.997203797181184
0.152985836284180
-0.927929223127297
-0.573167882188974
0.668389112327089
0.875825776431957
-0.271800388289412
-0.998901589093861
-0.180519145250759
0.917159467080748
0.595824463473365
-0.647360073093828
-0.888960053096211
0.244823926448086
0.999820467595027
0.207911690817793
-0.905674537670573
-0.618016438763960
0.625826241948793
0.901401145451717
-0.217656558273392
-0.999959716170870
-0.235142113102681
0.893483390499252
0.639726503425803
-0.603804410325408
-0.913139352308781
0.190319468062043
0.999319226239540
0.262189178641012
-0.880595531856738
-0.660937728603877
0.581311750185714
0.924165520566704
-0.162833972454221
-0.997899497235817
-0.289031796944674
0.867021011307314
0.681633574422660
-0.558365800629492
-0.934471052351333
0.135221503812839
0.995701636221669
0.315649036947143
-0.852770413853877
-0.701797902884126
0.534984454218169
0.944047911718886
-0.107503593510343
-0.992727357023031
-0.342020143325764
0.837854851683653
0.721414990451342
-0.511185943021968
-0.952888630922508
0.079701855139638
0.988978978893304
0.368124552684828
-0.822285955503479
-0.740469540309837
0.486988824404232
0.960986316235236
-0.051837967659557
-0.984459424705022
-0.393941909591153
0.806075865470022
0.758946694294646
-0.462411966550193
-0.968334653325780
0.023933658491618
0.979172218670589
0.419452082446224
-0.789237221724002
-0.776832044476895
0.437474533754521
0.974927912181849
0.003989313423272
-0.973121483594280
-0.444635179185026
0.771783154533294
0.794111644398379
-0.412195971476768
-0.980760951578518
-0.031909174591328
0.966311937657198
0.469471562786040
-0.753727274054611
-0.810772019947142
0.386595991179603
0.985829223087090
0.059804153945116
-0.958748890738476
-0.493941866584232
0.735083659720125
0.826800179863346
-0.360694554957596
-0.990128774621981
-0.087652499818609
0.950438240274600
0.518027009373182
-0.715866849259624
-0.842183625870024
0.334511859971795
0.993656253522193
0.115432496909392
-0.941386466660887
-0.541708210282840
0.696091827363850
0.856910362418609
-0.308068322699728
-0.996408909165791
-0.143122483211151
0.931600628197970
0.564967003425085
-0.675774014000199
-0.870968906043171
0.281384563016532
0.998384595114690
0.170700866905953
-0.921088355588388
-0.587785252292481
0.654929252388026
0.884348294314160
-0.254481388115562
-0.999581770788452
-0.198146143199544
0.909857845986106
0.610145163901322
-0.633573796645575
-0.897038094387063
0.227379776282901
0.999999502665477
0.225436911091044
-0.897917856604790
-0.632029302664950
0.611724299114846
0.909028411137407
-0.200100860540438
-0.999637465011015
-0.252551890060357
0.885277697888801
0.653420603990247
-0.589397797376950
-0.920309894877063
0.172665912166101
0.998495940131149
0.279469936662961
-0.871947226253777
-0.674302387583737
0.566611700965981
0.930873748644264
-0.145096324107595
-0.996575818152626
-0.306170061015608
0.857936836400507
0.694658370459053
-0.543383777794678
-0.940711735063611
0.117413594299925
0.993878596328810
0.332631443164487
-0.843257453209680
-0.714472679632899
0.519732140298818
0.949816182769158
-0.089639308903304
-0.990406377872147
-0.358833449319562
0.827920523222503
0.733729864503009
-0.495675231314060
-0.958179992386598
0.061795125470014
0.986161870314179
0.384755647945036
-0.811938005715750
-0.752414908895742
0.471231809693990
0.965796642068706
-0.033902756056950
-0.981148383394153
-0.410377825689963
0.795322363375945
0.770513242775844
-0.446420935683706
-0.972660192581173
0.005983950294305
0.975369826478393
0.435680003150872
-0.778086552580905
-0.788010753606811
0.421261956056432
0.978765291933724
0.021939521572778
-0.968830705511757
-0.460642450450683
0.760244013297555
0.804893797356035
-0.395774489027892
