0.000000000000000
0.990949761767934
0.266036845566675
-0.919527772551450
-0.512899277405906
0.781831482468029
0.722794863827391
-0.587785252292472
-0.880595531856737
0.351374824081342
0.974927912181823
-0.089639308903433
-0.998993066541314
-0.178556894798637
0.951056516295152
0.433883739117558
-0.834573253721301
-0.657938725939713
0.657938725939711
0.834573253721302
-0.433883739117557
-0.951056516295153
0.178556894798635
0.998993066541314
0.089639308903435
-0.974927912181822
-0.351374824081344
0.880595531856736
0.587785252292474
-0.722794863827390
-0.781831482468030
0.512899277405904
0.919527772551450
-0.266036845566673
-0.990949761767934
-0.000000000000002
0.990949761767933
0.266036845566677
-0.919527772551449
-0.512899277405907
0.781831482468028
0.722794863827392
-0.587785252292471
-0.880595531856738
0.351374824081340
0.974927912181823
-0.089639308903431
-0.998993066541313
-0.178556894798639
0.951056516295152
0.433883739117560
-0.834573253721300
-0.657938725939714
0.657938725939710
0.834573253721303
-0.433883739117555
-0.951056516295154
0.178556894798633
0.998993066541314
0.089639308903437
-0.974927912181822
-0.351374824081346
0.880595531856735
0.587785252292475
-0.722794863827388
-0.781831482468031
0.512899277405902
0.919527772551451
-0.266036845566671
-0.990949761767934
-0.000000000000004
0.990949761767933
0.266036845566679
-0.919527772551448
-0.512899277405909
0.781831482468026
0.722794863827394
-0.587785252292469
-0.880595531856739
0.351374824081338
0.974927912181824
-0.089639308903429
-0.998993066541313
-0.178556894798641
0.951056516295151
0.433883739117562
-0.834573253721299
-0.657938725939716
0.657938725939708
0.834573253721305
-0.433883739117553
-0.951056516295154
0.178556894798631
0.998993066541314
0.089639308903439
-0.974927912181821
-0.351374824081347
0.880595531856735
0.587785252292477
-0.722794863827387
-0.781831482468032
0.512899277405901
0.919527772551452
-0.266036845566669
-0.990949761767935
-0.000000000000006
0.990949761767933
0.266036845566681
-0.919527772551447
-0.512899277405911
0.781831482468025
0.722794863827395
-0.587785252292467
-0.880595531856740
0.351374824081336
0.974927912181824
-0.089639308903427
-0.998993066541313
-0.178556894798643
0.951056516295151
0.433883739117564
-0.834573253721298
-0.657938725939717
0.657938725939707
0.834573253721306
-0.433883739117551
-0.951056516295155
0.178556894798629
0.998993066541314
0.089639308903441
-0.974927912181821
-0.351374824081349
0.880595531856734
0.587785252292479
-0.722794863827386
-0.781831482468034
0.512899277405899
0.919527772551453
-0.266036845566667
-0.990949761767935
-0.000000000000008
0.990949761767933
0.266036845566683
-0.919527772551447
-0.512899277405912
0.781831482468024
0.722794863827396
-0.587785252292466
-0.880595531856741
0.351374824081335
0.974927912181825
-0.089639308903425
-0.998993066541313
-0.178556894798645
0.951056516295150
0.433883739117566
-0.834573253721297
-0.657938725939719
0.657938725939705
0.834573253721307
-0.433883739117550
-0.951056516295155
0.178556894798628
0.998993066541314
0.089639308903443
-0.974927912181821
-0.351374824081351
0.880595531856733
0.587785252292480
-0.722794863827384
-0.781831482468035
0.512899277405897
0.919527772551454
-0.266036845566666
-0.990949761767935
-0.000000000000010
0.990949761767932
0.266036845566684
-0.919527772551446
-0.512899277405914
0.781831482468023
0.722794863827398
-0.587785252292464
-0.880595531856742
0.351374824081333
0.974927912181825
-0.089639308903423
-0.998993066541313
-0.178556894798647
0.951056516295149
0.433883739117567
-0.834573253721296
-0.657938725939720
0.657938725939704
0.834573253721308
-0.433883739117548
-0.951056516295156
0.178556894798626
0.998993066541314
0.089639308903445
-0.974927912181820
-0.351374824081353
0.880595531856732
0.587785252292482
-0.722794863827383
-0.781831482468036
0.512899277405896
0.919527772551454
-0.266036845566664
-0.990949761767935
-0.000000000000012
0.990949761767932
0.266036845566686
-0.919527772551445
-0.512899277405916
0.781831482468021
0.722794863827399
-0.587785252292463
-0.880595531856743
0.351374824081331
0.974927912181825
-0.089639308903421
-0.998993066541313
-0.178556894798649
0.951056516295149
0.433883739117569
-0.834573253721295
-0.657938725939721
0.657938725939702
0.834573253721309
-0.433883739117546
-0.951056516295157
0.178556894798624
0.998993066541314
0.089639308903446
-0.974927912181820
-0.351374824081355
0.880595531856731
0.587785252292483
-0.722794863827381
-0.781831482468037
0.512899277405894
0.919527772551455
-0.266036845566662
-0.990949761767936
-0.000000000000014
0.990949761767932
0.266036845566688
-0.919527772551444
-0.512899277405918
0.781831482468020
0.722794863827400
-0.587785252292461
-0.880595531856744
0.351374824081329
0.974927912181826
-0.089639308903419
-0.998993066541313
-0.178556894798651
0.951056516295148
0.433883739117571
-0.834573253721294
-0.657938725939723
0.657938725939701
0.834573253721310
-0.433883739117544
-0.951056516295157
0.178556894798622
0.998993066541314
0.089639308903448
-0.974927912181819
-0.351374824081357
0.880595531856730
0.587785252292485
-0.722794863827380
-0.781831482468039
0.512899277405892
0.919527772551456
-0.266036845566660
-0.990949761767936
-0.000000000000016
0.990949761767932
0.266036845566690
-0.919527772551444
-0.512899277405919
0.781831482468019
0.722794863827402
-0.587785252292460
-0.880595531856745
0.351374824081327
0.974927912181826
-0.089639308903417
-0.998993066541313
-0.178556894798653
0.951056516295148
0.433883739117573
-0.834573253721293
-0.657938725939724
0.657938725939699
0.834573253721311
-0.433883739117543
-0.951056516295158
0.178556894798620
0.998993066541314
0.089639308903450
-0.974927912181819
-0.351374824081358
0.880595531856729
0.587785252292487
-0.722794863827379
-0.781831482468040
0.512899277405891
0.919527772551457
-0.266036845566658
-0.990949761767936
-0.000000000000018
0.990949761767931
0.266036845566692
-0.919527772551443
-0.512899277405921
0.781831482468018
0.722794863827403
-0.587785252292458
-0.880595531856746
0.351374824081325
0.974927912181827
-0.089639308903415
-0.998993066541313
-0.178556894798655
0.951056516295147
0.433883739117574
-0.834573253721292
-0.657938725939726
0.657938725939698
0.834573253721312
-0.433883739117541
-0.951056516295158
0.178556894798618
0.998993066541314
0.089639308903452
-0.974927912181818
-0.351374824081360
0.880595531856728
0.587785252292488
-0.722794863827377
-0.781831482468041
0.512899277405889
0.919527772551457
-0.266036845566656
-0.990949761767936
-0.000000000000020
0.990949761767931
0.266036845566694
-0.919527772551442
-0.512899277405923
0.781831482468017
0.722794863827405
-0.587785252292410
-0.880595531856747
0.351374824081377
0.974927912181827
-0.089639308903357
-0.998993066541313
-0.178556894798601
0.951056516295146
0.433883739117627
-0.834573253721290
-0.657938725939685
0.657938725939696
0.834573253721344
-0.433883739117539
-0.951056516295141
0.178556894798616
0.998993066541317
0.089639308903454
-0.974927912181831
-0.351374824081362
0.880595531856700
0.587785252292490
-0.722794863827415
-0.781831482468042
0.512899277405839
0.919527772551458
-0.266036845566709
-0.990949761767937
-0.000000000000078
0.990949761767931
0.266036845566641
-0.919527772551441
-0.512899277405973
0.781831482468015
0.722794863827367
-0.587785252292455
-0.880595531856774
0.351374824081322
0.974927912181815
-0.089639308903411
-0.998993066541310
-0.178556894798658
0.951056516295163
0.433883739117578
-0.834573253721258
-0.657938725939729
0.657938725939738
0.834573253721314
-0.433883739117486
-0.951056516295160
0.178556894798670
0.998993066541315
0.089639308903513
-0.974927912181818
-0.351374824081311
0.880595531856726
0.587785252292537
-0.722794863827375
-0.781831482468008
0.512899277405886
0.919527772551481
-0.266036845566652
-0.990949761767929
-0.000000000000024
0.990949761767923
0.266036845566698
-0.919527772551463
-0.512899277405926
0.781831482467979
0.722794863827407
-0.587785252292499
-0.880595531856748
0.351374824081267
0.974927912181828
-0.089639308903466
-0.998993066541313
-0.178556894798716
0.951056516295145
0.433883739117528
-0.834573253721288
-0.657938725939773
0.657938725939693
0.834573253721284
-0.433883739117535
-0.951056516295178
0.178556894798612
0.998993066541312
0.089639308903458
-0.974927912181804
-0.351374824081366
0.880595531856752
0.587785252292493
-0.722794863827334
-0.781831482468045
0.512899277405933
0.919527772551460
-0.266036845566596
-0.990949761767937
0.000000000000031
0.990949761767930
0.266036845566754
-0.919527772551440
-0.512899277405879
0.781831482468013
0.722794863827448
-0.587785252292452
-0.880595531856722
0.351374824081318
0.974927912181841
-0.089639308903407
-0.998993066541315
-0.178556894798662
0.951056516295127
0.433883739117581
-0.834573253721319
-0.657938725939732
0.657938725939649
0.834573253721316
-0.433883739117585
-0.951056516295161
0.178556894798554
0.998993066541315
0.089639308903404
-0.974927912181817
-0.351374824081421
0.880595531856724
0.587785252292448
-0.722794863827372
-0.781831482468081
0.512899277405882
0.919527772551438
-0.266036845566648
-0.990949761767945
-0.000000000000027
0.990949761767938
0.266036845566701
-0.919527772551417
-0.512899277405929
0.781831482468047
0.722794863827410
-0.587785252292404
-0.880595531856750
0.351374824081369
0.974927912181829
-0.089639308903349
-0.998993066541312
-0.178556894798608
0.951056516295144
0.433883739117634
-0.834573253721286
-0.657938725939690
0.657938725939690
0.834573253721349
-0.433883739117532
-0.951056516295144
