0.000000000000000
0.820864511882118
-0.937629165000494
0.250138605360419
0.651909355843779
-0.994779427478933
0.484373417312197
0.441505852791747
-0.988681689997526
0.687811804415954
0.203031441367178
-0.919723646239241
0.847519169570122
-0.048351693580133
-0.792289643355193
0.953341330705960
-0.296660631545542
-0.614481925507905
0.998550122907319
-0.526107909233523
-0.397605493806791
0.980271174621723
-0.722105286267241
-0.155449335201736
0.899666659983955
-0.872191264396600
0.096590280253160
0.761861407873409
-0.966823388604456
0.342488693072758
0.575617065685683
-0.999984955667193
0.566611700966050
0.352775034460857
-0.969567555685775
0.754709580222765
0.107503593510540
-0.877505124625967
0.894823082057646
-0.144602917697784
-0.729650984817455
0.978043800734073
-0.387515586452086
-0.535405691167543
0.999080569319850
-0.605790043840804
-0.307119344598708
0.956595871676307
-0.785548416547695
-0.059306373575973
0.853290881632163
-0.915361680976488
0.192277292145443
0.695733722557965
-0.986976319697493
0.431635982329605
0.493941866584247
-0.995839079454941
0.643551289750778
0.260745224489173
-0.941386466660911
0.814549655361574
0.010970420952016
-0.827080574274576
0.933759016147286
-0.239501881110710
-0.660188962196510
0.993600050061320
-0.474746671879537
-0.451322586365724
0.990268068741572
-0.679807105539100
-0.213761154992144
0.923974919305659
-0.841645455391798
0.037391194276294
0.798935515127380
-0.949972051524647
0.286166214270765
0.623099851966588
-0.997899497235824
0.516746808235965
0.407647547846464
-0.982380569190506
0.714472679632778
0.166277043794155
-0.904401959647572
0.866772432671628
-0.085665341992649
-0.768921542641209
0.963962860695842
-0.332161131883676
-0.584553152728787
0.999864603720713
-0.557538142399376
-0.363018918048127
0.972195031668989
-0.747466920438601
-0.118403968306523
0.882713373816688
-0.889871808811453
0.133739096689410
0.737108867130254
-0.975698715600376
0.377379040140622
0.544639035015040
-0.999490772632195
0.597025253065912
0.317541094684860
-0.959735282739451
0.778712646036876
0.070253915826924
-0.858959896930683
0.910889548496300
-0.181500001629197
-0.703571906532510
0.985152163089193
-0.421714162855288
-0.503450868096829
0.996778878456249
-0.635115769842139
-0.271320461950508
0.945030468923156
-0.808136764729633
-0.021939521572653
0.833197094412467
-0.929776485888231
0.228836331909771
0.668389112327217
-0.992301089144605
0.465062788901235
0.461085001570741
-0.991735265002990
0.671720589322976
0.224465141658959
-0.928114988519059
0.835670446020754
-0.026426194801762
-0.805485232008634
0.946488439637774
-0.275637355816961
-0.631642786017036
0.997128770610608
-0.507323514818572
-0.417640539972186
0.984371730566864
-0.706754083526975
-0.177084740319644
0.909028411137398
-0.861249281627825
0.074730093586361
0.775889134812417
-0.960986316235224
0.321793593854388
0.593418886603722
-0.999623914312563
0.548397482022514
0.373219110944704
-0.974705500327480
0.740134300202229
0.129290092740062
-0.887815385136423
0.884813436149706
-0.122859179678276
-0.744478035621506
0.973236201460435
-0.367197074843818
-0.553806829508422
0.999780683474846
-0.588188608058716
-0.327924627507254
0.962759186055479
-0.771783154533389
-0.081193002755181
0.864525533178397
-0.906307787036634
0.170700866905809
0.711325412984709
-0.983209439716732
0.411741588497015
0.512899277405971
-0.997598711374514
0.626603811364415
0.281863044974918
-0.948560733217871
0.801626611801806
0.032905981689497
-0.839213336149622
0.925682053535827
-0.218143241396465
-0.676508819317035
0.990882701063619
-0.455322933868941
-0.470791923463467
0.993083102199191
-0.663553229010192
-0.235142113102633
0.932143355606540
-0.829594860571816
0.015458014835399
0.811938005715894
-0.942890914311118
0.265075323371780
0.640109699485006
-0.996238035791514
0.497839163110096
0.427583267489769
-0.986244419107045
0.698950426911859
0.187871124031279
-0.913545457642613
0.855622475997161
-0.063785851132568
-0.782763345811141
0.957894113460905
-0.311387326757090
-0.602213200286109
0.999262916410618
-0.539190819948318
-0.383374385519049
0.977098659516920
-0.732712602022072
-0.140160656625182
0.892810544538913
-0.879648572866580
0.111964476103270
0.751757603384057
-0.970656554687087
0.356970915999452
0.562907971269129
-0.999950266955943
0.579281172342645
0.338268693368647
-0.965667217686255
0.764760776027571
0.092122317800477
-0.869987120530024
0.901616948029665
-0.159881187691773
-0.718993308750860
0.981148383394152
-0.401719459491629
-0.522285957359954
0.998298479539770
-0.618016438763767
-0.292371704722762
0.951976834664505
-0.795019980099440
-0.043868481447698
0.845128575408777
-0.921476211870381
0.207423896524577
0.684547105928765
-0.989345056526693
0.445528279010954
0.480442183779431
-0.994311418112909
0.655306007573246
0.245790784309593
-0.936059535738997
0.823419430264519
-0.004487974438816
-0.818293059633616
0.939179908520370
-0.254481388115457
-0.648499573345673
0.995227399981827
-0.488294894587847
-0.437474533754628
0.987998409425946
-0.691062648986782
-0.198634896747282
0.917952555519700
-0.849892692986803
0.052833931811940
0.789543348300259
-0.954686624531089
0.300943583025096
0.610935035347253
-0.998781653462328
0.529919264233137
0.393483519545713
-0.979374221211621
0.725202719127371
0.151014351648676
-0.897698250837995
0.874377840572763
-0.101056297182902
-0.758946694294634
0.967960085750509
-0.346701794364163
-0.571941364940627
0.999999502665477
-0.570304017961053
-0.348572047321931
0.968459027639253
-0.757646355689059
-0.103040545578767
0.875344001663104
-0.896817596035566
0.149042266176050
0.726574670971036
-0.978969242177360
0.391648982039933
0.531609778236775
-0.998878098732278
0.609354685562706
0.302845176437576
-0.955278362122359
0.788317664755448
0.054825701469452
-0.850942100268570
0.917159467080715
-0.196679587407315
-0.692503004724287
0.987688340595116
-0.435680003150582
-0.490034621073399
0.995420064911714
-0.646979917596182
-0.256409873672085
0.939863057589459
-0.817144898335072
-0.006482606102239
0.824549628907217
-0.935355868898998
0.243856825068067
0.656811397846240
-0.994096984815355
0.478691857940551
0.447313148315756
-0.989633490424252
0.683091699075575
0.209374763007221
-0.922249174357893
0.844060622197754
-0.041875653729058
-0.796228326281034
0.951364235479172
-0.290463619602149
-0.619583342081580
0.998180183389506
-0.520583930743485
-0.403545296352487
0.981531911539148
-0.717605555360710
-0.161849871527626
0.902477915779778
-0.869001873620662
0.090135955757430
0.766044443119023
-0.965147119180852
0.336390945865269
0.580905923319909
-0.999928384677746
0.561258225348152
0.358833449319585
-0.971134279909671
0.750440749765033
0.113946372040147
-0.880595531856809
0.891910308674282
-0.138185406863734
-0.734068587199731
0.976672278334142
-0.381531368161879
-0.540869617879462
0.999337499192703
-0.600619594235908
-0.313282199597580
0.958464918240268
-0.781520472418768
-0.065776323012047
0.856653211049562
-0.912732338703353
0.185911607162759
0.700375558181455
-0.985912752660902
0.425779291564928
0.499568080859699
-0.996408909165782
0.638575961155252
0.266998103143027
-0.943553463389722
0.810772019946996
0.017452406437407
-0.830706960534982
0.931419255684600
-0.233202912935470
-0.665044172627270
0.992846926341830
-0.469031208929549
-0.457097927058773
0.991149465313795
-0.675038536511843
-0.220089430227675
0.926434797042906
-0.838126965541524
0.030912335754032
0.802817475191146
-0.947927346167089
0.279948697791385
0.628157079632749
-0.997458578581322
0.511185943021969
0.413558504966572
-0.983571470813409
0.709922025069409
0.172665912166336
-0.907148964113727
0.863521319028181
-0.079204766131144
-0.773049995616635
0.962217993529258
-0.326039611452284
-0.589800567488877
0.999736921552068
-0.552144883199208
-0.369051664363539
0.973692652520805
-0.743144825477351
-0.124838484627656
0.885741079069697
-0.886895676556384
0.127311916418411
0.741474155515895
-0.974257768312775
0.371367835550103
0.550064361831429
-0.999676625630464
0.591812216084252
0.323681518067714
-0.961536119504167
0.774629221156894
0.076719028126925
-0.862261220397997
0.908195359559735
-0.175121251757901
-0.708163818808719
0.984018506422692
-0.415827335841933
-0.509041415750432
0.997277831864013
-0.630095149698277
-0.277554198389003
0.947130308985659
-0.804301562100217
-0.028420106309776
0.836764313459043
-0.927370542663283
0.222520933956241
0.673196906843557
-0.991477375010461
0.459314110250445
0.466827692348997
-0.992546151641335
0.666904130524125
0.230777608858410
-0.930508919819411
0.832092437156109
-0.019945297363143
-0.809310002001904
0.944376370237454
-0.269400083102931
-0.636655216119410
0.996616925885641
-0.501726432151525
-0.423521940260898
0.985492653565740
-0.702153052995048
-0.183461171813902
0.911710833661529
-0.857936836400603
0.068264043913445
0.779962508642830
-0.959173061326941
0.315649036946984
0.598624226943504
-0.999425136331750
0.542965088338906
0.379225462653115
-0.976133837562953
0.735759460917762
0.135715572434393
-0.890780024015884
0.881774303211533
-0.116423103505620
-0.748790484631710
0.971726002708562
-0.361159607424150
-0.559192903470791
0.999895437230429
-0.582933611108880
-0.334041880251146
0.964491596283506
-0.767644740357950
-0.087652499818525
0.867765453369050
-0.903549075692392
0.164309819852330
0.715866849259812
-0.982005829860178
0.405825333736756
0.518453485594445
-0.998026728428284
0.621538503922604
0.288076888944507
-0.950593163890389
0.797734303538582
0.039384385715801
-0.842720958654154
0.923210217112912
-0.211812173746460
-0.681268619282740
0.989988495651923
-0.449541731392475
-0.476501273172518
0.993823381310407
-0.658689460118573
-0.241438012536748
0.934471052351339
-0.825957763319611
0.008975858480778
0.815705125313244
-0.940711735063486
0.258819045102417
0.645076728758733
-0.995655326598521
0.492206536619924
0.433434403098490
-0.987295228574618
0.694299574162766
0.194234351220043
-0.916162975385092
0.852249097851272
-0.057315105861813
-0.786781150250626
0.956012689042997
-0.305220472894264
-0.607375839723316
0.998993066541303
-0.533719945590427
-0.389353619733359
0.978457541230273
-0.728285544942791
-0.146576326362088
0.895711760239514
-0.876546805016463
0.105520278635019
0.756016693999329
-0.969077286229057
0.350907912382523
0.568254144143454
-0.999993907657790
0.573984847883351
0.344362039239147
-0.967330992875491
0.760567870630370
0.098575422202677
-0.873165247507377
0.898794046299096
-0.153478612642719
-0.723483722445918
0.979874965206526
-0.395774489027721
-0.527803157613378
0.998655508726074
-0.612907053652877
-0.298564908363978
0.953941611336353
-0.791071034656194
-0.050343925062805
0.848576179215624
-0.918938779744343
0.201077921145877
0.689258338483984
-0.988380467458393
0.439715248497945
0.486117505277439
-0.994981000601611
0.650395513961806
0.252069358243166
-0.938320717781275
0.819723682362946
0.001994660679763
-0.822002075447984
0.936933881697874
-0.248206857257411
-0.653420603990292
0.994573896452024
-0.482627402182459
-0.443294700477101
0.988978978893332
-0.686362533768167
-0.204984153792475
0.920504853452522
-0.846458787921131
0.046359269721849
0.793505099790957
-0.952737257040072
0.294755174410663
0.616054352539012
-0.998440764181970
0.524410567641246
0.399434916642620
-0.980663483856323
0.720723977066073
0.157419439278425
-0.900535694187400
0.871213811120119
-0.094604754002433
-0.763151913917379
0.966311937657157
-0.340613984255025
-0.577246993294681
0.999972025061268
-0.564967003424849
-0.354640752961916
0.970053967548160
-0.753399463701866
-0.109486480664181
0.878459952927579
-0.893930843665451
0.142628933705440
0.731013521647969
-0.977626168919256
0.385676011372166
0.537089306539273
-0.999164097081321
0.604201837716479
0.309016994375199
-0.957175248325386
0.784312557402773
0.061297405329279
-0.854329270445724
0.914556744641068
-0.190319468061786
-0.697165102854729
0.986653483962173
-0.429835844221399
-0.495675231314199
0.996018870191130
-0.642023290261144
-0.262670366455484
0.942057452787361
-0.813390944581435
-0.012964939775398
0.828200094544584
-0.933043264819345
0.237564796784369
0.661685837597007
-0.993372765600377
0.472990181723854
0.453101645672999
-0.990543701876254
0.678342887063715
0.215709285751625
-0.924735945302302
0.840566603495616
-0.035397854069598
-0.800133548011372
0.949347159528642
-0.284254401034608
-0.624658720898609
0.997768295725406
-0.515038074909976
-0.409468140059146
0.982751399947663
-0.713075667351024
-0.168243606173576
0.905251245281069
-0.865775963368351
0.083677843332034
0.770195285635480
-0.963430289813066
0.330279061955006
0.586170368601479
-0.999829792074514
0.555881163064647
0.364876784337850
-0.972660192581168
0.746140382317441
0.120384362016383
-0.883648932391968
0.888960053096061
-0.131762088839889
-0.738455340626026
0.975259711649544
-0.375531116159612
-0.546310814749217
0.999552432283511
-0.595423903818669
-0.319431889029916
0.960293685676992
-0.777459685186313
-0.072243508222721
0.859979539938424
-0.910064639197382
0.179538109314884
0.704987960785847
-0.984807753012182
0.419904707586055
0.505173300974755
-0.996936865167477
0.633573796645515
0.273239761302096
-0.945680807639582
0.806960312143738
0.023933658492048
-0.834298436648283
0.929040352678419
-0.226894144495696
-0.669871434827134
0.992052078604170
-0.463296035119595
-0.462854058383684
0.991989209203030
-0.670241599244355
-0.226408456287789
0.928855741706720
-0.834573253721135
0.024432178152388
0.806665697152947
-0.945842804519821
0.273719416573410
0.633187909234228
-0.996975742105698
0.505603595411135
0.419452082446386
-0.984721038215659
0.705341536300298
0.179047524318613
-0.909857845986326
0.860233916226452
-0.072740861719029
-0.777145961457093
0.960432689513872
-0.319904389328983
-0.595023196102286
0.999567225815798
-0.546728420318146
-0.375068901421690
0.975149354305598
-0.738791500134665
-0.131267754658543
0.888731561387472
-0.883882272844453
0.120879385912126
0.745808283729374
-0.972775878209367
0.365341024366101
0.555466572400240
-0.999820467595028
0.586574308417137
0.329808338856645
-0.963296548075588
0.770513242775586
0.083180916338747
-0.865526307662328
0.905463004055239
-0.168735142481979
-0.712725970767160
0.982843496749034
-0.409923033841314
-0.514610571130345
0.997734875046469
-0.625048050043046
-0.283776270716839
0.949190346253639
-0.800432559000490
-0.034899496702749
0.840296367800446
-0.924925627040533
0.216196184644264
0.677976410513292
-0.990611994413012
0.453546129097052
0.472550764869241
-0.993315326901457
0.662059645330348
0.237080377715595
-0.932863746832883
0.828479459920101
-0.013463561730970
-0.813100761047130
0.942224613775832
-0.263151488952032
-0.641640891026183
0.996063198709686
-0.496108264620168
-0.429385542199572
0.986572161606992
-0.697522514745626
-0.189829893421619
0.914354941881277
-0.854588336700846
0.061795125470020
0.784003104842414
-0.957319497532035
0.309491215007570
0.603804410325685
-0.999184357885965
0.537509876752135
0.385215877554066
-0.977521153141484
0.731353701618965
0.142135348733016
-0.893707228200386
0.878698114040457
-0.109982134696110
-0.753071466003685
0.970174967537356
-0.355106962407888
-0.564555477562129
0.999968170756825
-0.577654116593757
-0.340145095010663
0.966183474115461
-0.763474066201323
-0.094108313318744
0.870968906043218
-0.900752393038624
0.157911867740719
0.720378201500253
-0.980760951578431
0.399892024319527
0.523985905970245
-0.998412803784640
0.616447076559374
0.294278626591438
-0.952585646243228
0.793808470791580
0.045861134627900
-0.846193166127649
0.920699583128375
-0.205472204769512
-0.685999789191372
0.989052686346508
-0.443741637093844
-0.482190598094817
0.994521895368286
-0.653798010050416
-0.247723765629424
0.936759478302150
-0.822285955503368
0.002493324919313
0.819437965209805
-0.938493022759445
0.252551890060046
0.650016648926005
-0.995030775365380
0.486553225335616
0.439267323789501
-0.988304547332040
0.689619543735464
0.200589415783513
-0.918741991723631
0.848839904258128
-0.050841951945488
-0.790765890508612
0.954091088551838
-0.299040792255849
-0.612512954419735
0.998681234364604
-0.528226641852968
-0.395316491508484
0.979775303633971
-0.723827881937644
-0.152985836284249
0.898575333990620
-0.873408200617061
0.099071646716742
0.760244013297829
-0.967457292662992
0.344830161992570
0.573576436351192
-0.999995523992271
0.568664401926942
0.350440913424743
-0.968954116344097
0.756343002654730
0.105024384009657
-0.876306680043932
0.895933373087172
-0.147069587712657
-0.727943732010087
0.978560368142468
-0.389812886290170
-0.533298177137684
0.998970569790729
-0.607771911353792
-0.304745564927469
0.955866298971314
-0.787088844750777
-0.056817252993193
0.851988121928178
-0.916362729562118
0.194723495543155
0.693940605217272
-0.987374342073213
0.433883739117422
0.491772397870462
-0.995608769388490
0.645457687723747
0.258337339057111
-0.940542467248686
0.815993485882464
0.008477211973592
-0.825676546934767
0.934648480581815
-0.241921895599443
-0.658314174879938
0.993878596328809
-0.476939627542155
-0.449096237906835
0.989917986891600
-0.681633574422393
-0.211324796455580
0.923018467515457
-0.842989310743617
0.039882659400794
0.797433504528745
-0.950747851124564
0.288554378821249
0.621147780278436
-0.998057915804509
0.518879832892649
0.405369527637688
-0.981911534487484
0.716214946851224
0.163817911415299
-0.903335292863452
0.868013169235110
-0.088149235092692
-0.767325062368496
0.964623180668602
-0.334511859971688
-0.582528363061328
0.999902524009299
-0.559606246363001
-0.360694554958030
0.971608141304407
-0.749120910386096
-0.115927814621591
0.881538987243313
-0.891006524188238
0.136209607307156
0.735421651756803
-0.976242011289582
0.379686832815375
0.542546263866031
-0.999408105935471
0.599023598515386
0.315175825990010
-0.959031909599014
0.780274489610179
0.067766533188619
-0.857680537757091
0.911915588298469
-0.183951350612510
-0.701797902884278
0.985577163588165
-0.423973621602637
-0.501295010989980
0.996575818152654
-0.637039682139123
-0.268919820615438
0.944212258375632
-0.809602808379748
-0.019446728601960
0.831815755385137
-0.930691449947960
0.231262784929554
0.666532470249559
-0.992606800269021
0.467268628273001
0.458871101604425
-0.991412286102228
0.673565567947661
0.222034743394642
-0.927183854566827
0.837037260298466
-0.028918566828197
-0.804005144430553
0.947290187621261
-0.278033236783024
-0.629707848668231
0.997314477224452
-0.509470574795141
-0.415373776021426
0.983929588598662
-0.708515812604885
-0.174630270445227
0.907986531939748
-0.862513669207007
0.077216214377012
0.774313760985118
-0.961672972650214
0.324153298191443
0.591410180293972
-0.999689182000809
0.550480740084612
0.370904785546456
-0.974145229574407
0.741808658601359
0.126817292885255
-0.886665197913742
0.885972439306500
-0.125333233563884
-0.742811060744662
0.973806160042826
-0.369515082603721
-0.551729053112917
0.999725359559788
-0.590203190936295
-0.325568154457524
0.962082097133196
-0.773366225503311
-0.078707657427622
0.863269728510876
-0.907358694567684
0.173157066445691
0.709570736536770
-0.983661367188548
