0.000000000000000
0.655682599805292
-0.990128774621971
0.839484407258076
-0.277554198388931
-0.420357228309568
0.912324417231455
-0.957319497532065
0.533298177137557
0.152000169561271
-0.762829571862270
0.999928384677748
-0.747135564508145
0.128301068387834
0.553391549243353
-0.963962860695854
0.902263010333652
-0.398520403422600
-0.300467997289459
0.852249097851396
-0.986490593923518
0.637423989748682
0.023933658491762
-0.673565567947808
0.993199708502813
-0.826238774315986
0.254481388115549
0.441953229673237
-0.921863151588508
0.950127684053195
-0.512899277405894
-0.175612189523998
0.778086552580963
-0.999355523643320
0.731013521647773
-0.104528463267633
-0.573167882188935
0.970053967548103
-0.891684695095867
0.376455265374375
0.323209657454486
-0.864525533178372
0.982287250728684
-0.618800198173335
-0.047853605341200
0.691062648986879
-0.995701636221690
0.812519787475566
-0.231262784929931
-0.463296035119889
0.930873748644213
-0.942391540464022
0.492206536620088
0.199123600901046
-0.792897765908489
0.998210129767733
-0.714472679632772
0.080695973575177
0.592615846072381
-0.975589328481125
0.880595531856724
-0.354174455327993
-0.345766150139977
0.876306680043883
-0.977521153141452
0.599821894687886
0.071746136761409
-0.708163818808707
0.997633124419049
-0.798335306372673
0.207911690817719
0.484373417312232
-0.939351046208934
0.934115498817168
-0.471231809694034
-0.222520933956361
0.807254726470192
-0.996492859249500
0.697522514745677
-0.056817252992985
-0.611724299115049
0.980565772275229
-0.869001873620711
0.331690738005481
0.368124552684713
-0.887585789004582
0.972195031668966
-0.580499952001529
-0.095597564671869
0.724859280117772
-0.998993066541315
0.783693457325799
-0.184441483668917
-0.505173300974549
0.947290187621410
-0.925304300473978
0.449987113092082
0.245790784309553
-0.821149209133739
0.994204695916444
-0.680172737770879
0.032905981689368
0.630482294044771
-0.984980447915495
0.856910362418555
-0.309016994374889
-0.390272055913803
0.898356398235675
-0.966311937657210
0.560845439695103
0.119394224540284
-0.741139468049897
0.999780683474846
-0.768602628680486
0.160865609613620
0.525683769810544
-0.954686624531145
0.915962993388127
-0.428484617944694
-0.268919820615349
0.834573253721332
-0.991346950662059
0.662433288431441
-0.008975858480928
-0.648879084367553
0.988830826225137
-0.844327925501969
0.286166214270746
0.412195971476932
-0.908612337232916
0.959875241542869
-0.540869617879255
-0.143122483211178
0.756995055651810
-0.999995523992272
0.753071466003561
-0.137197575318710
-0.545893073330357
0.961536119504173
-0.906096929213773
0.406736643075725
0.291894792201134
-0.847519169570163
0.987921260694497
-0.644314329694444
-0.014959407015353
0.666904130524267
-0.992114701314487
0.831261771375018
-0.263151488952062
-0.433883739117644
0.918347730347671
-0.952888630922431
0.520583930743513
0.166768746716180
-0.772416959224664
0.999637465011018
-0.737108867130181
0.113450940249862
0.565789633582285
-0.967834748450693
0.895711760239378
-0.384755647944842
-0.314702536658291
0.859979539938322
-0.983929588598608
0.625826241948749
0.038886102236493
-0.684547105928743
0.994830191844727
-0.817719385664359
0.239986003602477
0.455322933869116
-0.927557000153188
0.945356108439533
-0.499999999999886
-0.190319468062145
0.787396343528087
-0.998706711663814
0.720723977066171
-0.089639308903353
-0.585362051785912
0.973578902873189
-0.884813436149693
0.362554225509503
0.337329987382912
-0.871947226253916
0.979374221211569
-0.606979617057965
-0.062790519529441
0.701797902884058
-0.996975742105731
0.803708526830737
-0.216683029776339
-0.476501273172445
0.936234870639772
-0.937281989491847
0.479129618224812
0.213761154992229
-0.801924626841908
0.997203797181171
-0.703926182748850
0.065776323011791
0.604599114862473
-0.978765291933741
0.873408200617072
-0.340145095010422
-0.359764181061907
0.883415372204768
-0.974257768312768
0.587785252292373
0.086658964004213
-0.718646638373006
0.998550122907324
-0.789237221723979
0.193255917795426
0.497406623913306
-0.944376370237539
0.928670899758773
-0.457984742102967
-0.237080377715575
0.815993485882645
-0.995129582585898
0.686725107669278
-0.041875653729023
-0.623489801858845
0.983390944339347
-0.861502587724454
0.317541094684693
0.381992265099379
-0.894377407666378
0.968583161128587
-0.568254144143146
-0.110477761379675
0.735083659720305
-0.999552432283507
0.774313760984774
-0.169718089100578
-0.518027009373278
0.951976834664516
-0.919527772551407
0.436577485577500
0.260263776601543
-0.829594860571899
0.992485256199821
-0.669130606358730
0.017950993797958
0.642023290261433
-0.987453210044231
0.849103418222111
-0.294755174410787
-0.404001504980181
0.904827052466091
-0.962353650653242
0.548397482022481
0.134233265817839
-0.751099550122400
0.999982096009160
-0.758946694294424
0.146083028562245
0.538350616090796
-0.959031909598994
0.909857845986122
-0.414920112909990
-0.283298069832863
0.842720958654146
-0.989272332962963
0.651152758743471
0.005983950294600
-0.660188962196627
0.990949761767954
-0.836217795619776
0.271800388289275
0.425779291565222
-0.914758319980745
0.955572805786077
-0.528226641852930
-0.157911867740982
0.766685134042718
-0.999838867929054
0.743144825477284
-0.122364276755592
-0.558365800629838
0.965537553174018
-0.899666659983887
0.393025031653818
0.306170061015643
-0.855364260160590
0.985492653565704
-0.632801864369317
-0.029915466169576
0.677976410513327
-0.993878596328851
0.822853102117155
-0.248689887164699
-0.447313148315747
0.924165520566787
-0.948244511287169
0.507753179550630
0.181500001629437
-0.781831482468149
0.999122830098851
-0.726917207456527
0.098575422202237
0.578061096249699
-0.971490038292900
0.888960053096090
-0.370904785546099
-0.328866646738732
0.867517521717835
-0.981148383394132
0.614088436501688
0.053829843412268
-0.695375444745866
0.996238035791533
-0.809016994374855
0.225436911090610
0.468590738440899
-0.933043264819505
0.940372965551525
-0.486988824404175
-0.204984153792413
0.796529918024289
-0.997834392738095
0.710273137067914
-0.074730093586255
-0.597425219475075
0.976885954764693
-0.877744159160008
0.348572047321672
0.351374824081561
-0.879173780697149
0.976242011289632
-0.595023196101836
-0.077713381426732
0.712376096951473
-0.998026728428280
0.794717399127413
-0.202054781745193
-0.489599871965197
0.941386466660986
-0.931962678203894
0.465945472355663
0.228350870110801
-0.810772019947225
0.995974293995220
-0.693222149733865
0.050841951945376
0.616447076559637
-0.981722211257668
0.866025403784307
-0.326039611452125
-0.373681698062684
0.890326359203772
-0.970776348122859
0.575617065685500
0.101552397284542
-0.728968627421589
0.999243649493394
-0.779962508642584
0.178556894798477
0.510328512712905
-0.949190346253603
0.923018467515328
-0.444635179184696
-0.251586763744727
0.824549628907249
-0.993543599524617
0.675774014000039
-0.026924682845454
-0.635115769842314
0.985996037070547
-0.853810500668230
0.303320386816667
0.395774489028189
-0.900968867902522
0.964754525183567
-0.555881163064739
-0.125333233564557
0.745143530261119
-0.999888101810275
0.764760776027423
-0.154956712238257
-0.530764785202776
0.956450432738681
-0.913545457642497
0.423070153602395
0.274678522802571
-0.837854851683896
0.990543701876184
-0.657938725939558
0.002991988539071
0.653420603990296
-0.989704983719665
0.841106447754916
-0.280427389305746
-0.417640539972344
0.911095209678108
-0.958179992386484
0.535826794978784
0.149042266176390
-0.760891538834938
0.999959716170868
-0.749120910386053
0.131267754658034
0.550896981452337
-0.963162566797724
0.903549075692390
-0.401262750256202
-0.297612917968151
0.850680065687460
-0.986976319697463
0.639726503425578
0.020942419883604
-0.671351092126162
0.992846926341872
-0.827920523222424
0.257373734365080
0.439267323789561
-0.920699583128532
0.951056516295077
-0.515465450616675
-0.172665912166569
0.776203631076445
-0.999458451547156
0.733051871829615
-0.107503593510363
-0.570713567684632
0.969322903035247
-0.893035048612804
0.379225462652688
0.320376810079052
-0.863017923326448
0.982843496749042
-0.621147780278031
-0.044864830350725
0.688896961836441
-0.995420064911737
0.814260281314247
-0.234172629480926
-0.460642450450774
0.929776485888339
-0.943388177963424
0.494808795034507
0.196190637499347
-0.791071034656547
0.998384595114679
-0.716562866343602
0.083677843331964
0.590203190936623
-0.974927912181887
0.882009399911438
-0.356970915999281
-0.342957157654416
0.874861356216872
-0.978147600733755
0.602213200285827
0.068761537663981
-0.706048161056011
0.997422925272857
-0.800133548011093
0.210837366614356
0.481753674102021
-0.938320717781260
0.935179370598450
-0.473868662472676
-0.219602964811162
0.805485232008778
-0.996738762087983
0.699663340513197
-0.059804153944719
-0.609354685562942
0.979974383116369
-0.870478446205386
0.334511859971671
0.365341024366642
-0.886203579231374
0.972891321940098
-0.582933611108819
-0.092618851350682
0.722794863827540
-0.998854359982414
0.785548416547474
-0.187381314585497
-0.502588900079320
0.946327383799290
-0.926434797042794
0.452657049576726
0.242889481131397
-0.819437965209882
0.994521895368236
-0.682362976111613
0.035896202634304
0.628157079632985
-0.984459424705085
0.858448793601715
-0.311861161409172
-0.387515586452313
0.897038094387104
-0.967077671700976
0.563320058063420
0.116423103506145
-0.739127475930616
0.999713548968509
-0.770513242775571
0.163817911414946
0.523136191838927
-0.953791896906798
0.917159467080684
-0.431186108523246
-0.266036845567033
0.832921240710223
