0.000000000000000
0.562083377852130
-0.929776485888251
0.975916761938746
-0.684547105928687
0.156434465040229
0.425779291565074
-0.860742027003945
0.998026728428270
-0.790155012375689
0.309016994374944
0.278991106039234
-0.770513242775791
0.995561964603079
-0.876306680043859
0.453990499739541
0.125333233564309
-0.661311865323653
0.968583161128631
-0.940880768954222
0.587785252292468
-0.031410759078124
-0.535826794979004
0.917754625683983
-0.982287250728686
0.707106781186543
-0.187381314585721
-0.397147890634782
0.844327925502022
-0.999506560365730
0.809016994374940
-0.338737920245281
-0.248689887164863
0.750111069630464
-0.992114701314478
0.891006524188365
-0.481753674101712
-0.094108313318530
0.637423989748700
-0.960293685676946
0.951056516295149
-0.612907053652968
0.062790519529305
0.509041415750376
-0.904827052466027
0.987688340595134
-0.728968627421400
0.218143241396528
0.368124552684690
-0.827080574274568
0.999999999999999
-0.827080574274556
0.368124552684671
0.218143241396548
-0.728968627421414
0.987688340595137
-0.904827052466006
0.509041415750346
0.062790519529340
-0.612907053652996
0.951056516295160
-0.960293685676936
0.637423989748673
-0.094108313318495
-0.481753674101730
0.891006524188374
-0.992114701314475
0.750111069630450
-0.248689887164843
-0.338737920245301
0.809016994374952
-0.999506560365731
0.844327925502011
-0.397147890634750
-0.187381314585755
0.707106781186568
-0.982287250728693
0.917754625683970
-0.535826794978975
-0.031410759078152
0.587785252292490
-0.940880768954232
0.968583161128625
-0.661311865323638
0.125333233564288
0.453990499739559
-0.876306680043869
0.995561964603078
-0.770513242775764
0.278991106039193
0.309016994374981
-0.790155012375711
0.998026728428273
-0.860742027003927
0.425779291565045
0.156434465040258
-0.684547105928707
0.975916761938752
-0.929776485888242
0.562083377852112
0.000000000000021
-0.562083377852146
0.929776485888257
-0.975916761938743
0.684547105928677
-0.156434465040218
-0.425779291565083
0.860742027003948
-0.998026728428270
0.790155012375685
-0.309016994374942
-0.278991106039233
0.770513242775826
-0.995561964603084
0.876306680043835
-0.453990499739497
-0.125333233564357
0.661311865323690
-0.968583161128643
0.940880768954208
-0.587785252292434
0.031410759078082
0.535826794979034
-0.917754625683997
0.982287250728680
-0.707106781186519
0.187381314585687
0.397147890634814
-0.844327925502033
0.999506560365729
-0.809016994374928
0.338737920245262
0.248689887164883
-0.750111069630477
0.992114701314480
-0.891006524188356
0.481753674101694
0.094108313318536
-0.637423989748705
0.960293685676947
-0.951056516295147
0.612907053652963
-0.062790519529299
-0.509041415750382
0.904827052466023
-0.987688340595126
0.728968627421366
-0.218143241396480
-0.368124552684735
0.827080574274595
-0.999999999999999
0.827080574274529
-0.368124552684625
-0.218143241396596
0.728968627421447
-0.987688340595145
0.904827052465997
-0.509041415750329
-0.062790519529361
0.612907053653012
-0.951056516295166
0.960293685676930
-0.637423989748657
0.094108313318475
0.481753674101748
-0.891006524188384
0.992114701314472
-0.750111069630436
0.248689887164823
0.338737920245320
-0.809016994374964
0.999506560365731
-0.844327925502000
0.397147890634757
0.187381314585747
-0.707106781186562
0.982287250728702
-0.917754625683950
0.535826794978933
0.031410759078201
-0.587785252292530
0.940880768954248
-0.968583161128613
0.661311865323601
-0.125333233564239
-0.453990499739603
0.876306680043893
-0.995561964603073
0.770513242775751
-0.278991106039174
-0.309016994375001
0.790155012375723
-0.998026728428274
0.860742027003916
-0.425779291565027
-0.156434465040279
0.684547105928722
-0.975916761938756
0.929776485888234
-0.562083377852095
-0.000000000000041
0.562083377852163
-0.929776485888265
0.975916761938726
-0.684547105928662
0.156434465040141
0.425779291565101
-0.860742027003987
0.998026728428269
-0.790155012375638
0.309016994374922
0.278991106039307
-0.770513242775803
0.995561964603086
-0.876306680043853
0.453990499739479
0.125333233564321
-0.661311865323706
0.968583161128634
-0.940880768954201
0.587785252292464
-0.031410759078062
-0.535826794979003
0.917754625684005
-0.982287250728665
0.707106781186504
-0.187381314585611
-0.397147890634833
0.844327925502075
-0.999506560365729
0.809016994374882
-0.338737920245243
-0.248689887164958
0.750111069630491
-0.992114701314490
0.891006524188346
-0.481753674101626
-0.094108313318557
0.637423989748764
-0.960293685676953
0.951056516295123
-0.612907053652947
0.062790519529222
0.509041415750400
-0.904827052466056
0.987688340595132
-0.728968627421352
0.218143241396515
0.368124552684755
-0.827080574274575
0.999999999999999
-0.827080574274549
0.368124552684606
0.218143241396560
-0.728968627421461
0.987688340595139
