0.000000000000000
0.718299789291109
-0.999490772632194
0.672459082520333
0.063785851132640
-0.761215017830410
0.995420064911701
-0.623879596709383
-0.127311916418553
0.801029983781117
-0.987295228574594
0.572759185498698
0.190319468062053
-0.837582529478821
0.975149354305561
-0.519306051163166
-0.252551890060323
0.870723784384597
-0.959031909598963
0.463737896649702
0.313755723344374
-0.900318771402196
0.939008537288528
-0.406281038920699
-0.373681698062510
0.926246956610312
-0.915160788198425
0.347169487214408
0.432085748801994
-0.948402740170911
0.887585789004551
-0.286643989976438
-0.488730008614207
0.966695886414323
-0.856395846658783
0.224951054343858
0.543383777794813
-0.981051891349434
0.821717990987308
-0.162341942175448
-0.595824463473273
0.991412286102170
-0.783693457325831
0.099071646717052
0.645838486185029
-0.997734875046457
0.742477111298907
-0.035397854069671
-0.693222149733997
0.999993907657790
-0.698236818086055
-0.028420106309715
0.737782470802766
-0.998180183389509
0.651152758743556
0.092122317800441
-0.779337964931491
0.992301089144608
-0.601416696366284
-0.155449335201740
0.817719385664437
-0.982380569190500
0.549231195078574
0.218143241396562
-0.852770413853950
0.968459027639225
-0.494808795034633
-0.279948697791505
0.884348294314103
-0.950593163890346
0.438371146789065
0.340613984255247
-0.912324417231461
0.928855741706670
-0.380148108562355
-0.399892024319767
0.936584841964807
-0.903335292863285
0.320376810078694
0.457541391468702
-0.957030761100416
0.874135756577046
-0.259300686788303
-0.513327292414927
0.973578902873166
-0.841376056184740
0.197168488407909
0.567022523362422
-0.986161870314191
0.805189614794386
-0.134233265817610
-0.618408395357569
0.994728415744060
-0.765723811882008
0.070751340439807
0.667275624961704
-0.999243649493387
0.723139383047149
-0.006981260297920
-0.713425186616713
0.999689182000814
-0.677609765371966
-0.056817252993070
0.756669123232758
-0.996063198709706
0.629320391049810
0.120384362016285
-0.796831311696519
0.988380467458423
-0.578467932160315
-0.183461171813831
0.833748180182075
-0.976672278334155
0.525259499667079
0.245790784309547
-0.867269374343319
0.960986316235218
-0.469911799899843
-0.307119344598714
0.897258369674336
-0.941386466660895
0.412650251956986
0.367197074843874
-0.923593027544024
0.917952555519671
-0.353708069622546
-0.425779291565109
0.946166092639907
-0.890780024015839
0.293325311537695
0.482627402182657
-0.964885629795721
0.859979539938244
-0.231747903494097
-0.537509876752347
0.979675398423248
-0.825676546934555
0.169226636831897
0.590203190936518
-0.990475163023579
0.788010753606705
-0.106016147021399
-0.640492736369806
0.997240938513187
-0.747135564508123
0.042373876588159
0.688173694712342
-0.999945169365512
0.703217455360676
0.021440973393886
-0.733051871829864
0.998576841838645
-0.656435295035262
-0.085168498972025
0.774944488704223
-0.993141528831889
0.606979617057987
0.148549151846782
-0.813680925852364
0.983661367188548
-0.555051843608749
-0.211324796455421
0.849103418222212
-0.970174967537420
0.500863465172486
0.273239761301964
-0.881067697735408
0.952737257040075
-0.444635179184878
-0.334041880251041
0.909443580859506
-0.931419255684594
0.386595991179692
0.393483519545739
-0.934115498817214
0.906307787036617
-0.326982282099275
-0.451322586365771
0.954982968272756
-0.877505124625922
0.266036845566587
0.507323514818689
-0.971961000578555
0.845128575408698
-0.204007899039829
-0.561258225348285
0.984980447915492
-0.809310002001802
0.141148072876702
0.612907053653024
-0.993988284916791
0.770195285635281
-0.077713381426446
-0.662059645330506
0.998947824628827
-0.727943732009856
0.013962180339063
0.708515812605213
-0.999838867929056
0.682727422479607
0.049845885660792
-0.752086349649568
0.996657785792638
-0.634730513202231
-0.113450940250029
0.792593803177936
-0.989417534072670
0.584148485111038
0.176593933926888
-0.829873195175252
0.978147600733790
-0.531187347764046
-0.239017699062661
0.863772694816249
-0.962893885754183
0.476062800311847
0.300467997289534
-0.894154236839407
0.943718514184956
-0.418999353002160
-0.360694554957895
0.920894083856567
-0.920699583128382
0.360229412798391
0.419452082446277
-0.943883330308385
0.893930843665448
-0.299992336837114
-0.476501273172435
0.963028346012767
-0.863521319028165
0.238533457578508
0.531609778236813
-0.978251157500251
0.829594860571752
-0.176103083620852
-0.584553152728798
0.989489765582903
-0.792289643355166
0.112955480248251
0.635115769842213
-0.996698397863476
0.751757603383985
-0.049347833863640
-0.683091699075664
0.999847695156392
-0.708163818808624
-0.014460795475291
0.728285544942892
-0.998924831061292
0.661685837596802
0.078210529151153
-0.770513242775841
0.993933564202166
-0.612512954419498
-0.141641728415735
0.809602808379864
-0.984894222919320
0.560845439695081
0.204496051841836
-0.845395038487806
0.971843622476410
-0.506893723931609
-0.266517507491940
0.877744159160153
-0.954834915120007
0.450877540689319
0.327453495516828
-0.906518419490466
0.933937373602044
-0.393025031653798
-0.387055836940065
0.931600628198060
-0.909236109047031
0.333571817464703
0.445081784436677
-0.952888630922504
0.880831724313026
-0.272760038084449
-0.501295010990017
0.970295726276008
-0.848839904258159
0.210837366614561
0.555466572400108
-0.983751018959361
0.813390944581454
-0.148056000577852
-0.607375839723390
0.993199708502821
-0.774629221156898
0.084671634772540
0.656811397846244
-0.998603312456598
0.732712602022020
-0.020942419883261
-0.703571906532593
0.999939823121437
-0.687811804415840
-0.042872088910312
0.747466920438657
-0.997203797181171
0.640109699484909
0.106511989045057
-0.788317664755569
0.990406377872158
-0.589800567488708
-0.169718089100799
0.825957763319672
-0.979575249599315
0.537089306539076
0.232232964430383
-0.860233916226635
0.964754525183582
-0.482190598094589
-0.293802005594063
0.891006524188414
-0.946004566200025
0.425328032609939
0.354174455328172
-0.918150257090672
0.923401737138370
-0.366733198900811
-0.413104429824602
0.941554564434985
-0.897038094386935
0.306644740933208
0.470351920162302
-0.961124125586875
0.867021011307301
-0.245307385878662
-0.525683769810582
0.976779237995955
-0.833472740925892
0.182970947393900
0.578874624225188
-0.988456141807015
0.796529918024129
-0.119889308184352
-0.629707848668057
0.996107279539987
-0.756343002654793
0.056319385995317
0.677976410513314
-0.999701489781184
0.713075667351074
0.007479912757813
-0.723483722445956
0.999224134096950
-0.666904130524074
-0.071248747459315
0.766044443119075
-0.994677156652767
0.618016438763693
0.134727401566560
-0.805485232008697
0.986079076295125
-0.566611700965917
-0.197657340379240
0.841645455391899
-0.973464911128294
0.512899277405749
0.259782263994656
-0.874377840572894
0.956886035893231
-0.457097927058622
-0.320849151161265
0.903549075692519
-0.936409972729474
0.399434916642441
0.380609289779005
-0.929040352678538
0.912120116172207
-0.340145095010456
-0.438819289849377
0.950747851124672
-0.884115393504529
0.279469936662753
0.495242074749781
-0.968583161128661
0.852509861848221
-0.217656558273436
-0.549647846794840
0.982473643366443
-0.817432243633992
0.154956712238353
0.601815023152117
-0.992362724936261
0.779025402343187
-0.091625761342552
-0.651531138300988
0.998210129767744
-0.737445760655743
0.027921638723404
0.698593709357761
-0.999992042657545
0.692862663375166
0.035896202634760
-0.742811060744639
0.997701206263470
-0.645457687723851
-0.099567846596005
0.784003104842408
-0.991346950662044
0.595423903818758
0.162833972454484
-0.822002075447993
0.980955155349172
-0.542965088338977
-0.225436911090939
0.856653211049584
-0.966568143838519
0.488294894587800
0.287121694403224
-0.887815385136480
0.948244511287188
-0.431635982329456
-0.347637093735055
0.915361680976565
-0.926058885850372
0.373219110944501
0.406736643075925
-0.939179908520449
0.900101624737185
-0.313282199597240
-0.464179642863248
0.959173061327046
-0.870478446205473
0.252069358243016
0.519732140299136
-0.975259711649606
0.837309998994431
-0.189829893421217
-0.573167882189063
0.987374342073261
-0.800731370948625
0.126817292884824
0.624269236421743
-0.995467612352980
0.760891538834767
-0.063288193199690
-0.672828078337198
0.999506560365739
-0.717952761591577
-0.000498665480052
0.718646638373073
-0.999474736358000
0.672089919484971
0.064283493204157
-0.761538307536880
0.995372269942033
-0.623489801858644
-0.127806508294016
0.801328397423693
-0.987215869567921
0.572350346381912
0.190808995376727
-0.837854851683883
0.975038754473791
-0.518879832892799
-0.253034359076323
0.870968906043250
-0.958890519391064
0.463296035119728
0.314229169070726
-0.900535694187439
0.938836932555950
-0.405825333736662
-0.374144192258121
0.926434797042993
-0.914959667849778
0.346701794364043
0.432535407828972
-0.948560733217880
0.887355972159107
-0.286166214270618
-0.489165001109504
0.966823388604479
-0.856138269310389
0.224465141658729
0.543802332128956
-0.981148383394189
0.821433702192265
-0.161849871527312
-0.596224874965833
0.991477375010489
-0.783383614930336
0.098575422202221
0.646219124047397
-0.997768295725422
0.742142977223396
-0.034899496702266
-0.693581463711102
0.999995523992272
-0.697879753185681
-0.028918566828932
0.738118997487394
-0.998149988796530
0.650774217265699
0.092618851350580
-0.779650333723909
0.992239206600152
-0.601018220027754
-0.155941919510075
0.818006324354765
-0.982287250728657
0.548814406786484
0.218629870274714
-0.853030753803524
0.968334653325721
-0.494375392276731
-0.280427389306286
0.884580975215143
