0.000000000000000
0.998830372850130
0.096590280253166
-0.989489765582889
-0.192277292145456
0.970895900158418
0.286166214270797
-0.943222657947600
-0.377379040140645
0.906728826522707
0.465062788901250
-0.861755679593752
-0.548397482022570
0.808723785572005
0.626603811364461
-0.748129074605525
-0.698950426911895
0.680538200866027
0.764760776027598
-0.606583243456840
-0.823419430264539
0.526955795496677
0.874377840572805
-0.442400496655399
-0.917159467080769
0.353708069622578
0.951364235479193
-0.261707925628597
-0.976672278334167
0.167260408168143
0.992846926341837
-0.071248747459222
-0.999736921552070
-0.025429199124047
0.997277831864002
0.121869343405149
-0.985492653565725
-0.217169821026520
0.964491596283471
0.310439425274749
-0.934471052351314
-0.400805941240346
0.895711760239412
0.487424302374787
-0.848576179215533
-0.569484493168451
0.793505099790892
0.646219124047181
-0.731013521647785
-0.716910607650482
0.661685837596854
0.780897869382080
-0.586170368601367
-0.837582529478818
0.505173300974496
0.886434498785988
-0.419452082446172
-0.926996935909963
0.329808338856484
0.958890519391089
-0.237080377715493
-0.981816994945415
0.142135348732751
0.995561964603079
-0.045861134627698
-0.999996891660591
-0.050841951945625
0.995080302697609
0.147069587712953
-0.980858175417501
-0.241921895599671
0.957463508684778
0.334511859971848
-0.925115078780217
-0.423973621602937
0.884115393504604
0.509470574795370
-0.834847863263401
-0.590203190936457
0.777773215587044
0.665416495326262
-0.713425186616676
-0.734407127357544
0.642405529846555
0.796529918024196
-0.565378388799121
-0.851203923248289
0.483064086256911
0.897917856604820
-0.396232388131521
-0.936234870639736
0.305695304963112
0.965796642068665
-0.212299498367042
-0.986326722653181
0.116918363439802
0.997633124419046
-0.020443861165181
-0.999610115040353
-0.076221822798905
0.992239206600170
0.172174714950349
-0.975589328481119
-0.266517507491902
0.949816182769136
0.358367949545304
-0.915160788198429
-0.446867097560370
0.871947226253856
0.531187347764109
-0.820579610508393
-0.610540175534939
0.761538307536729
0.684183509326031
-0.695375444745710
-0.751428670181031
0.622709747129855
0.811646811946196
-0.544220751236833
-0.864274801953712
0.460642450450623
0.908820487182089
-0.372756431019479
-0.944867296647451
0.281384563016688
0.972078136985774
-0.187381314585730
-0.990198544796760
0.091625761342697
0.999059066269736
0.004986634338780
-0.998576841838648
-0.101552397284371
0.988756381047005
0.197168488407963
-0.969689520376682
-0.290940749522195
0.941554564434942
0.381992265099281
-0.904614618530812
-0.469471562785896
0.859215128233996
0.552560575985483
-0.805780648924963
-0.630482294044717
0.744810875546268
0.702508028503860
-0.676875969682651
-0.767964227459556
0.602611227669401
0.826238774316005
-0.522711139589880
-0.876786712020745
0.437922894720368
0.919135339255241
-0.349039394155668
-0.952888630922458
0.256891835958965
0.977730941593514
-0.162341942175456
-0.993429957280055
0.066273900399976
0.999838867929058
0.030413904743242
-0.996897740323617
-0.126817292884972
0.984634078551143
0.222034743394287
-0.963162566797657
-0.315175825989589
0.932683996873421
0.405369527637469
-0.893483390499326
-0.491772397870185
0.845927333913360
0.573576436351052
-0.790460549722870
-0.650016648925815
0.727601738061181
0.720378201500064
-0.657938725939712
-0.784003104842336
0.582122970157301
0.840296367800335
-0.500863465172498
-0.888731561387342
0.414920112910116
0.928855741706691
-0.325096616503826
-0.960293685676948
0.232232964430258
0.982751399947619
-0.137197575318781
-0.996018870191122
0.040879176895766
0.999972025061268
0.055821504993161
-0.994573896452044
-0.152000169561306
0.979874965206535
0.246757397690318
-0.956012689043033
-0.339207062888965
0.923210217112968
0.428484617944748
-0.881774303211639
-0.513755179776240
0.832092437156152
0.594221336879672
-0.774629221156993
-0.669130606358865
0.709922025069455
0.737782470802753
-0.638575961155362
-0.799534929205630
0.561258225348242
0.853810500668358
-0.478691857940618
-0.900101624737251
0.391648982040023
0.937975407878391
-0.300943583025157
-0.967077671701085
0.207423896524606
0.987136265072990
-0.111964476103265
-0.997963609153803
0.015458014835416
0.999458451547164
0.081193002755141
-0.991606813167025
-0.177084740319582
0.974482118963724
0.271320461950535
-0.948244511287224
-0.363018918048133
0.913139352308720
0.451322586365709
-0.869494929505202
-0.535405691167534
0.817719385664420
0.614481925507935
-0.758296902119047
-0.687811804415976
0.691783170903215
0.754709580222778
-0.618800198173333
-0.814549655361581
0.540030487489645
0.866772432671666
-0.456210657353160
-0.910889548496322
0.368124552684688
0.946488439637784
-0.276595914663633
-0.973236201460449
0.182480677475423
0.990882701063632
-0.086658964004065
-0.999262916410621
-0.009973144676537
0.998298479539763
0.106511989044968
-0.987998409425941
-0.202054781745403
0.968459027639223
0.295708050044047
-0.939863057589406
-0.386595991179793
0.902477915779745
0.473868662473023
-0.856653211049505
-0.556709929603221
0.802817475191093
0.634345098725647
-0.741474155515812
-0.706048161055861
0.673196906843441
0.771148582173428
-0.598624226943441
-0.829037572555048
0.518453485594203
0.879173780697052
-0.433434403098306
-0.921088355588467
0.344362039239030
0.954389331192293
-0.252069358243123
-0.978765291933713
0.157419439278178
0.993988284916784
-0.061297405329109
-0.999915951636247
-0.035397854069689
0.996492859249501
0.131762088840183
-0.983751018959347
-0.226894144495907
0.961809586659767
0.319904389329113
-0.930873748644189
-0.409923033841574
0.891232802796698
0.496108264620396
-0.843257453209710
-0.577654116593907
0.787396343528015
0.653798010050666
-0.724171861437441
-0.723827881937818
0.654175253533017
0.787088844750919
-0.578061096249550
-0.842989310743820
0.496541174560733
0.891006524188373
-0.410377825689778
-0.930691449948040
0.320376810078710
0.961672972650268
-0.227379776282955
-0.983661367188569
0.132256390257074
0.996451008100019
-0.035896202634548
-0.999922292480974
-0.060799669945413
0.994042758459023
0.156926971670527
-0.978867388761679
-0.251586763744554
0.954538096542895
0.343893830853757
-0.921282398275823
-0.432984959298154
0.879411286122220
0.518027009373133
-0.829316319675337
-0.598224706513019
0.771465964272538
0.672828078337076
-0.706401210120854
-0.741139468049904
0.634730513202237
0.802520058610493
-0.557124105270599
-0.856395846658815
0.474307726148669
0.902263010333645
-0.387055836939941
-0.939692620785913
0.296184377620496
0.968334653325779
-0.202543136739185
-0.987921260694510
0.107007804582337
0.998269277850217
-0.010471784116252
-0.999281934843865
-0.086162163711263
0.990949761767934
0.181990362179929
-0.973350677314608
-0.276116669570927
0.946649260115705
0.367660859476920
-0.911095209678019
-0.455766852278219
0.867021011307315
0.539610720810801
-0.814838826856953
-0.618408395357602
0.755036640377502
0.691422995912166
-0.688173694712259
-0.757971723145474
0.614875261712437
0.817432243634147
-0.535826794978962
-0.869248509639808
0.451767519812836
0.912935959014719
-0.363483520315664
-0.948086046606158
0.271800388289415
0.974370064785238
-0.177575502677177
-0.991542217370811
0.081690011744971
0.999441918203707
0.014959407015330
-0.997995292875420
-0.111468932206320
0.987215869567920
0.206936050651955
-0.967204452544321
-0.300467997289528
0.938148179473152
0.391190103902758
-0.900318771402205
-0.478253978621362
0.854069991746627
0.560845439695146
-0.799834338054685
-0.638192129352166
0.738118997487349
0.709570736536565
-0.669501103834428
-0.774313760984848
0.594622340422347
0.831815755384888
-0.514182939383407
-0.881538987243305
0.428935133403108
0.923018467515399
-0.339676121182951
-0.955866298971262
0.247240612400037
0.979775303633908
-0.152493021882611
-0.994521895368274
0.056319385995515
0.999968170756824
0.040380923169174
-0.996063198709709
-0.136703608310141
0.982843496749087
0.231747903494154
-0.960432689513895
-0.324624997709640
0.929040352678501
0.414466346622263
-0.888960053096172
-0.500431794806775
0.840566603495697
0.581717432498648
-0.784312557402881
-0.657563113391786
0.720723977066209
0.727259563181746
-0.650395513961885
-0.790155012375730
0.573984847883455
0.845661291344693
-0.492206536620054
-0.893259330618304
0.405825333736810
0.932504014986114
-0.315649036947061
-0.963028346012751
0.222520933956231
0.984546874040400
-0.127311916418536
-0.996858367583929
0.030912335754067
0.999847695156390
0.065776323011876
-0.993486901926185
-0.161849871527547
0.977835471138028
0.256409873672095
-0.953039767852593
-0.348572047321813
0.919331670207163
0.437474533754598
-0.877026400996763
-0.522285957360003
0.826519579853788
0.602213200286091
-0.768283523593538
-0.676508819317044
0.702862829321758
0.744478035621461
-0.630869281610702
-0.805485232008615
0.552976131367948
0.858959896930698
-0.469911799899877
-0.904401959647563
0.382453067047529
0.941386466660915
-0.291417807094644
-0.969567555685793
0.197657340379082
0.988681689997527
-0.102048472132936
-0.998550122907323
0.005485292998562
0.999080569319850
0.091129182100723
-0.990268068741566
-0.186891458544624
0.972195031668964
0.280906011087443
-0.945030468923147
-0.372293658402011
0.909028411137373
0.460199784783851
-0.864525533178321
-0.543802332128775
0.811938005715852
0.622319487445686
-0.751757603383987
-0.695016994016353
0.684547105928704
0.761215017830445
-0.610935035347205
-0.820294505083357
0.531609778236646
0.871702971286390
-0.447313148315641
-0.914959667849852
