0.000000000000000
0.935708167678977
-0.660188962196489
-0.469911799899906
0.991735265002983
-0.229807084675019
-0.829594860571831
0.815127795728553
0.254481388115566
-0.994677156652778
0.447313148315632
0.679075334029106
-0.926434797042885
-0.025429199124046
0.944376370237481
-0.640875613985023
-0.492206536620118
0.988151969821053
-0.204984153792226
-0.843525385985092
0.800133548011205
0.278991106039234
-0.996975742105722
0.424425197516714
0.697522514745706
-0.916562255869974
-0.050841951945623
0.952433798569322
-0.621147780278306
-0.514182939383408
0.983929588598629
-0.180028649666440
-0.856910362418591
0.784621814930590
0.303320386816849
-0.998629534754573
0.401262750256465
0.715518573655416
-0.906096929213796
-0.076221822798888
0.959875241542888
-0.601018220027924
-0.535826794979005
0.979070852155440
-0.154956712238486
-0.869741133155697
0.768602628680520
0.327453495516761
-0.999637465011020
0.377840786818457
0.733051871829831
-0.895045585511171
-0.101552397284367
0.966695886414319
-0.580499952001573
-0.557124105270581
0.973578902873157
-0.129784556752281
-0.882009399911614
0.752086349649501
0.351374824081343
-0.999998880997441
0.354174455328004
0.750111069630465
-0.883415372204704
-0.126817292884953
0.972891321940144
-0.559606246363222
-0.578061096249555
0.967457292663053
-0.104528463267659
-0.893707228200287
0.735083659720164
0.375068901421508
-0.999713548968502
0.330279061955169
0.766685134042650
-0.871213811120178
-0.152000169561272
0.978457541230253
-0.538350616090681
-0.598624226943445
0.960709980668816
-0.079204766131194
-0.904827052466028
0.717605555360808
0.398520403422627
-0.998781653462334
0.306170061015445
0.782763345811118
-0.858448793601861
-0.177084740319603
0.983390944339327
-0.516746808235980
-0.618800198173358
0.953341330705958
-0.053829843412104
-0.915361680976494
0.699663340513350
0.421714162855310
-0.997203797181178
0.281863044974845
0.798335306372708
-0.845128575408708
-0.202054781745396
0.987688340595140
-0.494808795034656
-0.638575961155387
0.945356108439568
-0.028420106309691
-0.925304300474005
0.681268619282661
0.444635179184944
-0.994981000601598
0.257373734365288
0.813390944581526
-0.831261771375071
-0.226894144495898
0.991346950662070
-0.472550764869037
-0.657938725939713
0.936759478302061
-0.002991988539330
-0.934648480581914
0.662433288431459
0.467268628273066
-0.992114701314475
0.232717967617588
0.827920523222579
-0.816857349838941
-0.251586763744517
0.994364408338680
-0.449987113092116
-0.676875969682673
0.927557000153146
0.022438064295846
-0.943388177963530
0.643169529686265
0.489599871965070
-0.988606753095259
0.207911690817771
0.841914645309169
-0.801924626841816
-0.276116669570944
0.996738762088017
-0.427132432717204
-0.695375444745710
0.917754625683974
0.047853605341203
-0.951517740230610
0.623489801858736
0.511614467557205
-0.984459424705044
0.182970947394023
0.855364260160528
-0.786473260103450
-0.300467997289462
0.998468476299785
-0.404001504979963
-0.713425186616675
0.907358694567863
0.073238197127646
-0.959031909598972
0.603406832787986
0.533298177137556
-0.979675398423233
0.157911867740818
0.868260669255150
-0.770513242775761
-0.324624997709601
0.999552432283503
-0.380609289778844
-0.731013521647813
0.896375930360128
0.098575422202445
-0.965925826289071
0.582933611109027
0.554636976794341
-0.974257768312792
0.132750658786266
0.880595531856745
-0.754054896979904
-0.348572047321854
0.999989928992004
-0.356970915999481
-0.748129074605540
0.884813436149722
0.123848893747287
-0.972195031668979
0.562083377852120
0.575617065685693
-0.968210038219148
0.107503593510477
0.892360870408479
-0.737108867130234
-0.372293658401971
0.999780683474844
-0.333101671730310
-0.764760776027602
0.872678689965172
0.149042266176206
-0.977835471138035
0.540869617879333
0.596224874965624
-0.961536119504141
0.082187000421195
0.903549075692502
-0.719686113050188
-0.395774489027952
0.998924831061296
-0.309016994374910
-0.780897869382077
0.859979539938271
0.174139245707406
-0.982843496749099
0.519306051163132
0.616447076559468
-0.954240328516273
0.056817252993023
0.914152911751106
-0.701797902883958
-0.418999353002197
0.997422925272832
-0.284732460668100
-0.796529918024218
0.846724199228257
0.199123600901023
-0.987215869567934
0.497406623913196
0.636270591783885
-0.946327383799164
0.031410759078120
0.924165520566715
-0.683455805808993
-0.441953229673267
0.995275937465125
-0.260263776601380
-0.811646811946209
0.832921240710078
0.223979173156893
-0.990949761767934
0.475185499556438
0.655682599805313
-0.937802403039814
0.005983950294333
0.933580426497204
-0.664671684553410
-0.464621273650265
0.992485256199827
-0.235626767265317
-0.826238774316000
0.818579591429724
0.248689887164889
-0.994042758459033
0.452657049577016
0.674670545932085
-0.928670899758817
-0.019446728601705
0.942391540464051
-0.645457687723945
-0.486988824404383
0.989052686346539
-0.210837366614577
-0.840296367800361
0.803708526830782
0.273239761301941
-0.996492859249506
0.429835844221548
0.693222149734026
-0.918938779744388
-0.044864830350597
0.950593163890370
-0.625826241948820
-0.509041415750424
0.984980447915480
-0.185911607162941
-0.853810500668368
0.788317664755530
0.297612917967961
-0.998298479539765
0.406736643075822
0.711325412984689
-0.908612337232873
-0.070253915826975
0.958179992386572
-0.605790043840835
-0.530764785202643
0.980271174621720
-0.160865609613626
-0.866772432671660
0.772416959224609
0.321793593854499
-0.999458451547164
0.383374385518946
0.728968627421432
-0.897698250837948
-0.095597564671876
0.965147119180894
-0.585362051785762
-0.552144883199289
0.974927912181825
-0.135715572434245
-0.879173780697060
0.756016693999197
0.345766150139969
-0.999972025061269
0.359764181061748
0.746140382317568
-0.886203579231173
-0.120879385912368
0.971490038292866
-0.564555477561886
-0.573167882188940
0.968954116344039
-0.110477761379520
-0.891006524188368
0.739127475930295
0.369515082603823
-0.999838867929058
0.335921299574084
0.762829571862269
-0.874135756577019
-0.146083028562440
0.977204647447550
-0.543383777794760
-0.593820185573508
0.962353650653258
-0.085168498971927
-0.902263010333651
0.721760228098322
0.393025031653935
-0.999059066269733
0.311861161409493
0.779025402343241
-0.861502587724521
-0.171192192197991
0.982287250728704
-0.521860645254513
-0.614088436501821
0.955130783952403
-0.059804153945014
-0.912935959014736
0.703926182748913
0.416280792260400
-0.997633124419041
0.287599327431995
0.794717399127610
-0.848312243159703
-0.196190637499098
0.986734560969017
-0.499999999999976
-0.633959526508147
0.947290187621378
-0.034401130656947
-0.923018467515425
0.685636874028411
0.439267323789371
-0.995561964603074
0.263151488952122
0.809895413436104
-0.834573253721283
-0.221062196752784
0.990543701876224
-0.477815980375903
-0.653420603990167
0.938836932555972
-0.008975858481005
-0.932504014986108
0.666904130524170
0.461969759730666
-0.992846926341831
0.238533457578584
0.824549628907177
-0.820294505083355
-0.245790784309575
0.993712209893247
-0.455322933869013
-0.672459082520385
0.929776485888241
0.016455218820206
-0.941386466660919
0.647740067614430
0.484373417312263
-0.989489765582885
0.213761154992019
0.838670567945452
-0.805485232008595
-0.270360406986426
0.996238035791520
-0.432535407828772
-0.691062648986905
0.920114707450643
0.041875653729280
-0.949660077825436
0.628157079632713
0.506463806996974
-0.985492653565723
0.188850602648112
0.852249097851410
-0.790155012375693
-0.294755174410964
0.998119545996329
-0.409468140058810
-0.709219271556572
0.909857845986199
0.067269005612106
-0.957319497532073
0.608167831851715
0.528226641853123
-0.980858175417502
0.163817911415068
0.865276436727958
-0.774313760984793
-0.318959309298117
0.999355523643321
-0.386136049285678
-0.726917207456634
0.899012535107078
0.092618851350375
-0.964359772060791
0.587785252292410
0.549647846794709
-0.975589328481121
0.138679271154379
0.877744159160103
-0.757971723145399
-0.342957157654166
0.999945169365511
-0.362554225509559
-0.744145010569363
0.887585789004514
0.117908795963318
-0.970776348122916
0.567022523362339
0.570713567684447
-0.969689520376664
0.113450940249936
0.889644201664082
-0.741139468049808
-0.366733198900945
0.999888101810271
-0.338737920245246
-0.760891538834819
0.875584997912092
0.143122483211146
-0.976565075805996
0.545893073330258
0.591410180293914
-0.963162566797637
0.088149235092939
0.900968867902461
-0.723827881937779
-0.390272055913760
0.999184357885970
-0.314702536658139
-0.777145961457035
0.863017923326320
0.168243606173425
-0.981722211257649
0.524410567641333
0.611724299115000
-0.956012689043011
0.062790519529296
0.911710833661529
-0.706048161055802
-0.413558504966517
0.997834392738106
-0.290463619602265
-0.792897765908529
0.849892692986839
0.193255917795554
-0.986244419107051
0.502588900079029
0.631642786017062
-0.948244511287210
0.037391194276322
0.921863151588528
-0.687811804415937
-0.436577485577757
0.995839079454935
-0.266036845566667
-0.808136764729709
0.836217795619822
0.218143241396641
-0.990128774621979
0.480442183779327
0.651152758743634
-0.939863057589401
0.011967686315483
0.931419255684639
-0.669130606358846
-0.459314110250588
0.993199708502807
-0.241438012536542
-0.822853102117301
0.822002075447898
0.242889481131306
-0.993372765600400
0.457984742103069
0.670241599244544
-0.930873748644195
-0.013463561731277
0.940372965551588
-0.650016648925819
-0.481753674101777
0.989917986891558
-0.216683029776354
-0.837037260298657
0.807254726470164
0.267478632400315
-0.995974293995241
0.435231099372238
