0.000000000000000
0.991671162383089
0.255445757935791
-0.925870584809994
-0.493941866584231
0.798635510047291
0.699663340513366
-0.618408395357553
-0.858959896930665
0.397147890634778
0.961261695938318
-0.149535343443707
-0.999780683474845
-0.107999355706027
0.971961000578545
0.358367949545303
-0.879648572866614
-0.584957674987219
0.728968627421407
0.772733573497352
-0.529919264233201
-0.909236109047070
0.295708050044041
0.985407898483490
-0.041875653729192
-0.996194698091744
-0.214735327167072
0.940880768954224
0.457097927058697
-0.823136368534438
-0.669130606358862
0.650774217265845
0.836764313458965
-0.435231099372319
-0.948876011644499
0.190808995376534
0.998026728428271
0.066273900400012
-0.980955155349189
-0.318959309298076
0.898794046299163
0.550480740085002
-0.756995055651749
-0.745475999682868
0.564967003424928
0.891006524188373
-0.335451569750242
-0.977415894286098
0.083677843332300
0.998970569790713
0.173648177666947
-0.954240328516271
-0.419452082446194
0.846193166127553
0.637423989748694
-0.681998360062493
-0.813100761047032
0.472550764869046
0.934825676396017
-0.231747903494147
-0.994521895368274
-0.024432178152666
0.988228381446550
0.278991106039243
-0.916362729562233
-0.515038074910067
0.783693457325828
0.716910607650495
-0.599023598515570
-0.871213811120198
0.374606593415892
0.967709170481976
-0.125333233564282
-0.999993907657789
-0.132256390257146
0.965925826289064
0.381070376350285
-0.867765453368921
-0.604599114862385
0.712026045990986
0.788010753606731
-0.509041415750357
-0.919135339255240
0.272280247040556
0.989272332962990
-0.017452406437263
-0.993767919160593
-0.238533457578602
0.932323801215503
0.478691857940627
-0.809016994374932
-0.687087510804441
0.632029302664830
0.849892692986877
-0.413104429824516
-0.956304755963043
0.166768746716073
0.999262916410621
0.090632580197812
-0.975916761938739
-0.342020143325700
0.887815385136385
0.570713567684460
-0.740804596286725
-0.761538307536760
0.544639035014995
0.901832526405130
-0.312334918512221
-0.982287250728690
0.059306373575948
0.997564050259822
0.197657340379141
-0.946649260115690
-0.441505852791760
0.832921240710089
0.656059028990521
-0.663926212652226
-0.827080574274573
0.450877540689411
0.943222657947608
-0.207911690817736
-0.996778878456248
-0.048849769795638
0.984195607969236
0.302369890750470
-0.906307787036637
-0.535826794979020
0.768283523593504
0.733729864502896
-0.579281172342653
-0.882947592858941
0.351841648404670
0.973578902873167
-0.101056297182911
-0.999610115040352
-0.156434465040267
0.959313974540046
0.403545296352425
-0.855364260160485
-0.623879596709417
0.694658370458967
0.802817475191139
-0.487859659138694
-0.928485826880929
0.248689887164811
0.992546151641327
0.006981260298008
-0.990747840471436
-0.262189178640911
0.923210217112961
0.500000000000019
-0.794414620535403
-0.704634209963611
0.612907053652956
0.862513669207270
-0.390731128489249
-0.963162566797665
0.142628933705483
0.999902524009304
0.114937150492896
-0.970295726275988
-0.364876784337649
0.876306680043847
0.590605667619952
-0.724171861437443
-0.777145961456993
0.523985905970047
0.912120116172287
-0.289031796944435
-0.986572161606975
0.034899496702461
0.995561964603075
0.221548497619508
-0.938493022759540
-0.463296035119900
0.819152044288965
0.674302387583756
-0.645457687723914
-0.840566603495709
0.428935133403127
0.951056516295168
-0.183951350612699
-0.998440764181983
-0.073238197127655
0.979575249599332
0.325568154457180
-0.895711760239388
-0.556295615500327
0.752414908895686
0.750111069630478
-0.559192903470698
-0.894154236839381
0.328866646738526
0.978867388761691
-0.076719028126757
-0.998629534754571
-0.180519145250622
0.952129392742127
0.425779291565131
-0.842452397007126
-0.642787609686590
0.676875969682631
0.817144898335168
-0.466386640339854
-0.937281989491915
0.224951054343822
0.995227399981837
0.031410759078173
-0.987136265072975
-0.285688367405018
0.913545457642569
0.521009631840617
-0.779337964931424
-0.721760228098397
0.593418886603682
0.874619707139420
-0.368124552684654
-0.969445349895151
0.118403968306474
0.999945169365511
0.139173100960094
-0.964095404234094
-0.387515586452131
0.864274801953674
0.610145163901293
-0.707106781186503
-0.792289643355211
0.503019946630180
0.921863151588514
-0.265556117486746
-0.990268068741575
0.010471784116179
0.992965508106531
0.245307385878869
-0.929776485888235
-0.484809620246398
0.804893797355888
0.692143173870458
-0.626603811364425
-0.853550797275365
0.406736643075757
0.958322574465154
-0.159881187691787
-0.999506560365733
-0.097582899759199
0.974370064785216
0.348572047321864
-0.884580975215045
-0.576432316169837
0.736097087119677
0.766044443119013
-0.538770785006791
-0.904827052466043
0.305695304963023
0.983571470813396
-0.052335956242855
-0.997052752226915
-0.204496051841823
0.944376370237459
0.447759087838801
-0.829037572555005
-0.661311865323679
0.658689460118630
0.830984469274349
-0.444635179184866
-0.945518575599329
0.201077921145896
0.997314477224460
0.055821504993236
-0.982935349149545
-0.309016994375017
0.903335292863280
0.541708210282803
-0.763796028634610
-0.738455340625935
0.573576436351005
0.886203579231250
-0.345298198998486
-0.975149354305580
0.094108313318461
0.999390827019092
0.163325962241677
-0.957319497532042
-0.409923033841624
0.851726934143001
0.629320391049883
-0.689619543735605
-0.806960312143837
0.481753674101636
0.931055815862550
-0.241921895599578
-0.993372765600403
-0.013962180339239
0.989776230907779
0.268919820615357
-0.920504853452413
-0.506033764121247
0.790155012375647
0.709570736536590
-0.607375839723229
-0.866025403784460
0.384295322659736
0.965016494472323
-0.135715572434230
-0.999975630705394
-0.121869343405224
0.968583161128618
0.371367835550308
-0.872922077269784
-0.596224874965680
0.719339800338614
0.781520472418869
-0.518027009373083
-0.914959667849858
0.282341456842822
0.987688340595150
-0.027921638723510
-0.994880708828778
-0.228350870110714
0.936059535738941
0.469471562785945
-0.815127795728500
-0.679441304261563
0.640109699484883
0.844327925502049
-0.422618261740613
-0.953190667792966
0.177084740319488
0.998806137341436
0.080198924328957
-0.978147600733790
-0.332161131883798
0.892585818452092
0.562083377852215
-0.747798090498481
-0.754709580222840
0.553391549243280
0.897258369674374
-0.322265695230436
-0.980271174621742
0.069756473744045
0.998239827923758
0.187381314585805
-0.949972051524634
-0.432085748802058
0.838670567945392
0.648119901063196
-0.671720589322946
-0.821149209133753
0.460199784783798
0.939692620785938
-0.218143241396482
-0.995884398615978
-0.038387809087583
0.985996037070488
0.292371704722799
-0.910683660806137
-0.526955795496783
0.774944488704154
0.726574670971023
-0.587785252292393
-0.877982975428041
0.361624570082052
0.971134279909652
-0.111468932206224
-0.999847695156388
-0.146083028562458
0.962217993529264
0.393941909591048
-0.860742027003874
-0.615661475325697
0.702153052995105
0.796529918024262
-0.496973961027435
-0.924546033612333
0.258819045102440
0.991215540251556
-0.003490651415082
-0.992114701314470
-0.252069358243198
0.927183854566743
0.490903753615267
-0.800731370948696
-0.697165102854629
0.621147780278216
0.857167300702130
-0.400349032556835
-0.960293685676968
0.152985836283916
0.999701489781183
0.104528463267722
-0.972775878209373
-0.355106962408256
0.881303452064971
0.582122970157348
-0.731353701619100
-0.770513242775872
0.532876276070690
0.907777478532940
-0.299040792255986
-0.984807753012230
0.045362988129204
0.996492859249497
0.211324796455495
-0.942057452787250
-0.453990499739594
0.825113498278247
0.666532470249536
-0.653420603989997
-0.834847863263437
0.438371146788999
0.947768410009622
-0.194234351219829
-0.997801468292053
-0.062790519529404
0.981627183447640
0.315649036947244
-0.900318771402164
-0.547563223492628
0.759271307334800
0.743144825477496
-0.567843745053044
-0.889416373291341
0.338737920245172
0.976672278334200
-0.087155742747586
-0.999122830098853
-0.170209499166161
0.955278362122329
0.416280792260469
-0.848048096156369
-0.634730513202371
0.684547105928652
0.811063818989372
-0.475624209070179
-0.933580426497250
0.235142113102538
0.994150963972323
0.020942419883469
-0.988756381046984
-0.275637355817054
0.917754625683946
0.512042864870670
-0.785856893175311
-0.714472679632845
0.601815023151976
0.869494929505277
-0.377840786818329
-0.966823388604475
0.128795596577470
0.999999999999999
0.128795596577714
-0.966823388604441
-0.377840786818557
0.869494929505156
0.601815023152172
-0.714472679632753
-0.785856893175463
0.512042864870459
0.917754625684044
-0.275637355816927
-0.988756381047020
0.020942419883223
0.994150963972297
0.235142113102666
-0.933580426497162
-0.475624209070396
0.811063818989228
0.684547105928748
-0.634730513202181
-0.848048096156500
0.416280792260349
0.955278362122368
-0.170209499165919
-0.999122830098863
-0.087155742747718
0.976672278334148
0.338737920245403
-0.889416373291229
-0.567843745053153
0.743144825477331
0.759271307334960
-0.547563223492423
-0.900318771402222
0.315649036947010
0.981627183447687
-0.062790519529158
-0.997801468292044
-0.194234351220070
0.947768410009543
0.438371146789220
-0.834847863263364
-0.653420603990184
0.666532470249352
0.825113498278386
-0.453990499739476
-0.942057452787332
0.211324796455254
0.996492859249517
0.045362988129336
-0.984807753012188
-0.299040792256221
0.907777478532836
0.532876276070802
-0.770513242775715
-0.731353701619268
0.582122970157148
0.881303452065034
-0.355106962408026
-0.972775878209430
0.104528463267477
0.999701489781180
