0.000000000000000
0.999581770788450
-0.057812944478562
-0.996238035791517
0.115432496909192
0.989561751039376
-0.172665912166279
-0.979575249599343
0.229321736804807
0.966311937657223
-0.285210449497800
-0.949816182769140
0.340145095010554
0.930143165446117
-0.393941909590950
-0.907358694567865
0.446420935683848
0.881538987243269
-0.497406623913219
-0.852770413853939
0.546728420318340
0.821149209133704
-0.594221336879650
-0.786781150250537
0.639726503425792
0.749781202967735
-0.683091699075618
-0.710273137068057
0.724171861437465
0.668389112327194
-0.762829571862262
-0.624269236421599
0.798935515127364
0.578061096249561
-0.832368912013278
-0.529919264233207
0.863017923326347
0.480004781253078
-0.890780024015859
-0.428484617944755
0.915562346134056
0.375531116159741
-0.937281989491889
-0.321321412458856
0.955866298971246
0.266036845566684
-0.971253107566070
-0.209862349769239
0.983390944339326
0.152985836284042
-0.992239206600170
-0.095597564671829
0.997768295725414
0.037889506392876
-0.999959716170870
0.019945297363295
0.998806137341433
-0.077713381426510
-0.994311418112902
0.135221503812951
0.986490593923523
-0.192277292145454
-0.975369826478427
0.248689887164849
0.960986316235238
-0.304270581179847
-0.943388177963535
0.358833449319503
0.922634279794504
-0.412195971476859
-0.898794046299169
0.464179642863109
0.871947226253866
-0.514610571130124
-0.842183625869920
0.563320058063620
0.809602808379811
-0.610145163901262
-0.774313760984858
0.654929252388081
0.736434530278370
-0.697522514745701
-0.696091827363991
0.737782470802753
0.653420603990110
-0.775574445610206
-0.608563601118115
0.810772019947082
0.561670871434783
-0.843257453209705
-0.512899277405923
0.872922077269798
0.462411966550404
-0.899666659983952
-0.410377825689810
0.923401737138393
0.356970915999493
-0.944047911718848
-0.302369890750452
0.961536119504145
0.246757397690306
-0.975807860095303
-0.190319468062065
0.986815392607208
0.133244894304695
-0.994521895368270
-0.075724598517104
0.998901589093855
0.017950993798098
-0.999939823121439
0.039882659401100
0.997633124419046
-0.097582899759140
-0.991989209203003
0.154956712238479
0.983026957126160
-0.211812173746579
-0.970776348122922
0.267959095144374
0.955278362122350
-0.323209657454435
-0.936584841964796
0.377379040140643
0.914758319980693
-0.430286039357554
-0.889871808811472
0.481753674101705
0.862008557172524
-0.531609778236686
-0.831261771375086
0.579687576411966
0.797734303538632
-0.625826241948796
-0.761538307536752
0.669871434827004
0.722794863827411
-0.711675817973068
-0.681633574422568
0.751099550122294
0.638192129352157
-0.788010753606714
-0.592615846072364
0.822285955503474
0.545057183359334
-0.853810500668336
-0.495675231314117
0.882478935272496
0.444635179184951
-0.908195359559783
-0.392107762787092
0.930873748644202
0.338268693368597
-0.950438240274664
-0.283298069832760
0.966823388604455
0.227379776282976
-0.979974383116316
-0.170700866905883
0.989847231970979
0.113450940250003
-0.996408909165773
-0.055821504993192
0.999637465011020
-0.001994660679562
-0.999522099554694
0.059804153944998
0.996063198709709
-0.117413594299955
-0.989272332962989
0.174630270445071
0.979172218670634
-0.231262784929960
-0.965796642068667
0.287121694403120
0.949190346253546
-0.342020143325668
-0.929408881510509
0.395774489027934
0.906518419490426
-0.448204916018865
-0.880595531856756
0.499136037492943
0.851726934143070
-0.548397482022554
-0.820009195677970
0.595824463473249
0.785548416547705
-0.641258332235452
-0.748459872677302
0.684547105928666
0.708867630216941
-0.725545977802905
-0.666904130524189
0.764117801136683
0.622709747129873
-0.800133548011180
-0.576432316169806
0.833472740925919
0.528226641853102
-0.864023855812160
-0.478253978621340
0.891684695095877
0.426681491730852
-0.916362729562238
-0.373681698062533
0.937975407878390
0.319431889029748
-0.956450432738627
-0.264113537514799
0.971726002708589
0.207911690817804
-0.983751018959346
-0.151014351648683
0.992485256199829
0.093611849232831
-0.997899497235824
-0.035896202634584
0.999975630705394
-0.021939521572633
-0.998706711663820
0.079701855139642
0.994096984815370
-0.137197575318793
-0.986161870314192
0.194234351219953
0.974927912181834
-0.250621387183111
-0.960432689513931
0.306170061015431
0.942724690773080
-0.360694554957774
-0.921863151588502
0.414012477269999
0.897917856604818
-0.465945472355789
-0.870968906043130
0.516319817386016
0.841106447755027
-0.564967003424897
-0.808430375665938
0.611724299114964
0.773049995616566
-0.656435295035310
-0.735083659720197
0.698950426911891
0.694658370459022
-0.739127475930337
-0.651909355843808
0.776832044476762
0.606979617058082
-0.811938005715846
-0.560019450100000
0.844327925502003
0.511185943022094
-0.873893455212337
-0.460642450450682
0.900535694187308
0.408558047142690
-0.924165520566694
-0.355106962408144
0.944703889414157
0.300467997289463
-0.962082097133150
-0.244823926448213
0.976242011289658
0.188360886759317
-0.987136265072979
-0.131267754658257
0.994728415744052
0.073735514324088
-0.998993066541311
-0.015956618811756
0.999915951636247
-0.041875653729162
-0.997493983854522
0.099567846595775
0.991735265002985
-0.156926971670477
-0.982659058768032
0.213761154992065
0.970295726276001
-0.269880278599862
-0.954686624531132
0.325096616503770
0.935883968070845
-0.379225462652923
-0.913950654301112
0.432085748801973
0.888960053096211
-0.483500650208957
-0.860995761366653
0.533298177137545
0.830151323416321
-0.581311750185813
-0.796529918024228
0.627380757516671
0.760244013297678
-0.671351092125980
-0.721414990451370
0.713075667351142
0.680172737770925
-0.752414908895697
-0.636655216119329
0.789237221724052
0.591007997439105
-0.823419430264511
-0.543383777794823
0.854847190448076
0.493941866584253
-0.883415372204680
-0.442847653627078
0.909028411137362
0.390272055913783
-0.931600628198005
-0.336390945865409
0.951056516295149
0.281384563016738
-0.967330992875466
-0.225436911090887
0.980369617633532
0.168735142482196
-0.990128774621968
-0.111468932206381
0.996575818152626
0.053829843412131
-0.999689182000814
0.003989313423016
0.999458451547167
-0.061795125470191
-0.995884398615973
0.119394224540172
0.988978978893316
-0.176593933926807
-0.978765291933721
0.233202912935513
0.965277503888966
-0.289031796944444
-0.948560733217878
0.343893830853642
0.928670899758829
-0.397605493806754
-0.905674537670648
0.449987113092135
0.879648572866623
-0.500863465172483
-0.850680065687379
0.550064361831348
0.818865919671957
-0.597425219474830
-0.784312557402943
0.642787609686538
0.747135564508170
-0.685999789191126
-0.707459303011837
0.726917207456607
0.665416495326290
-0.765402990234572
-0.621147780278300
0.801328397423542
0.574801242653117
-0.834573253721258
-0.526531917830728
0.865026350627736
0.476501273172377
-0.892585818452085
-0.424876667889842
0.917159467080753
0.371830793207226
-0.938665094365383
-0.317541094684856
0.957030761100399
0.262189178640936
-0.972195031668981
-0.205960204653215
0.984107179553596
0.149042266176256
-0.992727357023034
-0.091625761342735
0.998026728428267
0.033902756057062
-0.999987566661691
0.023933658491712
0.998603312456597
-0.081690011744896
-0.993878596328828
0.139173100960019
0.985829223087101
-0.196190637499101
-0.974482118963734
0.252551890060264
0.959875241542912
-0.308068322699832
-0.942057452787307
0.362554225509556
0.921088355588488
-0.415827335842022
-0.897038094386986
0.467709448002781
0.869987120530063
-0.518027009373113
-0.840025923150798
0.566611700965990
0.807254726470165
-0.613301000476434
-0.771783154533448
0.657938725939645
0.733729864502880
-0.700375558181343
-0.693222149734033
0.740469540309718
0.650395513961887
-0.778086552580922
-0.605393218023309
0.813100761047031
0.558365800629681
-0.845395038487721
-0.509470574795440
0.874861356216686
0.458871101604223
-0.901401145451646
-0.406736643075884
0.924925627040595
0.353241595961563
-0.945356108439545
-0.298564908363991
0.962624246950006
0.242889481131268
-0.976672278334150
-0.186401556029755
0.987453210044198
0.129290092740089
-0.994930978418572
-0.071746136761383
0.999080569319847
0.013962180339211
-0.999888101810274
0.043868481447657
0.997350874585441
-0.101552397284290
-0.991477375010489
0.158896606741082
0.982287250728697
-0.215709285751349
-0.969811243937546
0.271800388289437
0.954091088551941
-0.326982282099264
-0.935179370598554
0.381070376350239
0.913139352308744
-0.433883739117468
-0.888044760497621
0.485245702624145
0.859979539938314
-0.534984454218109
-0.829037572555055
0.582933611109003
0.795322363376005
-0.628932776940317
-0.758946694294576
0.672828078337005
0.720032246799408
-0.714472679632795
-0.678709194932911
0.753727274054575
0.635115769842257
-0.790460549722876
-0.589397797377017
0.824549628907094
0.541708210282833
-0.855880479068543
-0.492206536620168
0.884348294314045
0.441058366122210
-0.909857845986183
-0.388434796274756
0.932323801215476
0.334511859971858
-0.951671008370665
-0.279469936662938
0.967834748450639
0.223493148958499
-0.980760951578473
-0.166768746716185
0.990406377872175
0.109486480664028
-0.996738762088009
-0.051837967659722
0.999736921552070
-0.005983950294345
-0.999390827019097
0.063785851132538
0.995701636221689
-0.121374379749607
-0.988681689997538
0.178556894798529
0.978354471007618
-0.235142113102535
-0.964754525183644
0.290940749522184
0.947927346167142
-0.345766150139872
-0.927929223127329
0.399434916642515
0.904827052466037
-0.451767519812742
-0.878698114040596
0.502588900079032
0.849629812651991
-0.551729053112620
-0.817719385664495
0.599023598515562
0.783073577733203
-0.644314329694425
-0.745808283729271
0.687449743083290
0.706048161055879
-0.728285544942776
-0.663926212652253
0.766685134042614
0.619583342081558
-0.802520058610428
-0.573167882188941
0.835670446020734
0.524835098908977
-0.866025403784380
-0.474746671879574
0.893483390499299
0.423070153602680
-0.917952555519680
-0.369978408957916
0.939351046208898
0.315649036947199
-0.957607281747647
-0.260263776601440
0.972660192581101
0.204007899039982
-0.984459424705043
-0.147069587713007
0.992965508106526
0.089639308903552
-0.998149988796536
-0.031909174591371
0.999995523992272
-0.025927700186594
-0.998495940131153
0.083677843332241
0.993656253522191
-0.141148072876738
-0.985492653565735
0.198146143199316
0.974032448597835
-0.254481388115535
-0.959313974540074
0.309965358680334
0.941386466660905
-0.364412453575891
-0.920309894877048
0.417640539972040
0.896154763145924
-0.469471562785848
-0.869001873620773
0.519732140298905
0.838942056356244
-0.568254144143217
-0.806075865470113
0.614875261712343
0.770513242775810
-0.659439539119584
-0.732373150012836
0.701797902883982
0.691783170903238
-0.741808658601390
-0.648879084367560
0.779337964931461
0.603804410325517
-0.814260281314331
-0.556709929603302
0.846458787921209
0.507753179550804
-0.875825776431812
-0.457097927058801
0.902263010333640
0.404913620735987
-0.925682053535813
-0.351374824081357
0.946004566200063
0.296660631545618
-0.963162566797628
-0.240954069435916
0.977098659516897
0.184441483669060
-0.987766226259817
-0.127311916418582
0.995129582585904
0.069756473744218
-0.999164097081311
-0.011967686315628
0.999856273754321
-0.045861134627600
-0.997203797181181
0.103536543928858
0.991215540251551
-0.160865609613590
-0.981911534487444
0.217656558273506
0.969322903035189
-0.273719416573443
-0.953491756554196
0.328866646738521
0.934471052351349
-0.382913773892252
-0.912324417231471
0.435680003150601
0.887125934657433
-0.486988824404348
-0.858959896930690
0.536668602769397
0.827920523222635
-0.584553152728746
-0.794111644398397
0.630482294044642
0.757646355689170
-0.674302387583694
-0.718646638372975
0.715866849259648
0.677242951731424
-0.755036640377489
-0.633573796645745
0.791680732735858
0.587785252292493
-0.825676546934563
-0.540030487489733
0.856910362418529
0.490469248326100
-0.885277697888824
-0.439267323789468
0.910683660806125
0.386595991179792
-0.933043264819417
-0.332631443164379
0.952281714056339
0.277554198388981
-0.968334653325773
-0.221548497619576
0.981148383394166
0.164801687431556
-0.990680040617089
-0.107503593510531
0.996897740323605
0.049845885660764
-0.999780683474845
0.007978563357366
0.999319226239545
-0.065776323011702
-0.995514912254024
0.123354052049809
0.988380467458455
-0.180519145250477
-0.977939757526859
0.237080377715356
0.964227708033404
-0.292848544541184
-0.947290187621433
0.347637093734901
0.927183854566856
-0.401262750256381
-0.903975967248487
0.453546129097130
0.877744159160134
-0.504312335347597
-0.848576179215611
0.553391549243296
0.816569598217076
-0.600619594235876
-0.781831482468051
0.645838486184877
0.744478035621537
-0.688896961836221
-0.704634209963706
0.729650984817400
0.662433288431468
-0.767964227459466
-0.618016438763858
0.803708526830807
0.571532241276030
-0.836764313458944
-0.523136191838841
0.867021011307298
0.472990181723969
-0.894377407666268
-0.421261956056694
0.918741991723554
0.368124552684798
-0.940033260679716
-0.313755723344551
0.958179992386535
0.258337339056914
-0.973121483594249
-0.202054781745472
0.984807753012207
0.145096324107752
-0.993199708502804
-0.087652499818449
0.998269277850208
0.029915466169440
-0.999999502665477
0.027921638723466
0.998384595114691
-0.085665341992514
-0.993429957280064
0.143122483211122
0.985152163089223
-0.200100860540500
-0.973578902873154
0.256409873671912
0.958748890738531
-0.311861161409356
-0.940711735063568
0.366269231763441
0.919527772551512
-0.419452082446108
-0.895267866396144
0.471231809693959
0.868013169235293
-0.521435203379329
-0.837854851683811
0.569894326421781
0.804893797356018
-0.616447076559397
-0.769240265396254
0.660937728603708
0.731013521647838
-0.703217455360721
-0.690341439691991
0.743144825477361
0.647360073094124
-0.780586276549307
-0.602213200286102
0.815416561904455
0.555051843608847
-0.847519169570122
-0.506033764121291
0.876786712020711
0.455322933868997
-0.903121285404137
-0.403088987376314
0.926434797042816
0.349506654194964
-0.946649260115689
-0.294755174411062
0.963697054534278
0.239017699062588
-0.977521153141430
-0.182480677475499
0.988075312474499
0.125333233564424
-0.995324227455861
-0.067766533188702
0.999243649493381
0.009973144676508
-0.999820467595027
0.047853605341099
0.997052752226919
-0.105520278635036
-0.990949761767941
0.162833972454088
0.981531911539157
-0.219602964810916
-0.968830705511853
0.275637355816909
0.952888630922460
-0.330749702924104
-0.933759016147317
0.384755647944946
0.911505852311727
-0.437474533754517
-0.886203579231304
0.488730008614100
0.857936836400641
-0.538350616090537
-0.826800179863312
0.586170368601367
0.792897765908566
-0.632029302664799
-0.756343002654862
0.675774014000123
0.717258170684996
-0.717258170684833
-0.675774014000295
0.756343002654858
0.632029302664979
-0.792897765908424
-0.586170368601372
0.826800179863181
0.538350616090734
-0.857936836400521
-0.488730008614304
0.886203579231196
0.437474533754726
-0.911505852311631
-0.384755647944952
0.933759016147234
0.330749702924324
-0.952888630922459
-0.275637355817133
0.968830705511795
0.219602964811143
-0.981531911539112
-0.162833972454318
0.990949761767910
0.105520278635268
-0.997052752226918
-0.047853605341332
0.999820467595023
-0.009973144676503
-0.999243649493391
0.067766533188469
0.995324227455883
-0.125333233564193
-0.988075312474500
0.182480677475269
0.977521153141480
-0.239017699062583
-0.963697054534341
0.294755174410839
0.946649260115691
-0.349506654194745
-0.926434797042904
0.403088987376101
0.903121285404237
-0.455322933868992
-0.876786712020823
0.506033764121090
0.847519169570126
-0.555051843608653
-0.815416561904590
0.602213200285916
0.780586276549452
-0.647360073093946
-0.743144825477517
0.690341439691823
0.703217455360725
-0.731013521647679
-0.660937728603883
0.769240265396250
0.616447076559580
-0.804893797355879
-0.569894326421973
0.837854851683684
0.521435203379528
-0.868013169235177
-0.471231809694165
0.895267866396142
0.419452082446320
-0.919527772551420
-0.366269231763446
0.940711735063489
0.311861161409578
-0.958748890738465
-0.256409873672138
0.973578902873152
0.200100860540728
-0.985152163089183
-0.143122483211128
0.993429957280037
0.085665341992746
-0.998384595114677
-0.027921638723699
0.999999502665477
-0.029915466169207
-0.998269277850222
0.087652499818443
0.993199708502832
-0.145096324107521
-0.984807753012208
0.202054781745244
0.973121483594303
-0.258337339056689
-0.958179992386601
0.313755723344330
0.940033260679796
-0.368124552684581
-0.918741991723557
0.421261956056482
0.894377407666372
-0.472990181723963
-0.867021011307414
0.523136191838643
0.836764313459072
-0.571532241275838
-0.803708526830810
0.618016438763675
0.767964227459616
-0.662433288431464
-0.729650984817559
0.704634209963540
0.688896961836225
-0.744478035621381
-0.645838486185055
0.781831482467905
0.600619594236063
-0.816569598217072
-0.553391549243490
0.848576179215488
0.504312335347602
-0.877744159160023
-0.453546129097338
0.903975967248387
0.401262750256595
-0.927183854566768
-0.347637093735120
0.947290187621359
0.292848544541190
-0.964227708033342
-0.237080377715583
0.977939757526858
0.180519145250706
-0.988380467458420
-0.123354052050041
0.995514912254002
0.065776323011935
-0.999319226239536
-0.007978563357600
0.999780683474845
-0.049845885660531
-0.996897740323623
0.107503593510525
0.990680040617120
-0.164801687431326
-0.981148383394211
0.221548497619348
0.968334653325775
-0.277554198388757
-0.952281714056410
0.332631443164266
0.933043264819501
-0.386595991179682
-0.910683660806268
0.439267323789259
0.885277697888880
-0.490469248325896
-0.856910362418649
0.540030487489632
0.825676546934695
-0.587785252292396
-0.791680732735931
0.633573796645565
0.755036640377567
-0.677242951731252
-0.715866849259811
0.718646638372892
0.674302387583866
-0.757646355689018
-0.630482294044735
0.794111644398256
0.584553152728843
-0.827920523222568
-0.536668602769594
0.858959896930629
0.486988824404551
-0.887125934657325
-0.435680003150708
0.912324417231376
0.382913773892468
-0.934471052351306
-0.328866646738741
0.953491756554160
0.273719416573558
-0.969322903035132
-0.217656558273623
0.981911534487400
0.160865609613820
-0.991215540251535
-0.103536543929090
0.997203797181172
0.045861134627720
-0.999856273754318
0.011967686315508
0.999164097081325
-0.069756473743986
-0.995129582585916
0.127311916418350
0.987766226259853
-0.184441483668942
-0.977098659516946
0.240954069435800
0.963162566797661
-0.296660631545396
-0.946004566200101
0.351374824081138
0.925682053535901
-0.404913620735877
-0.902263010333741
0.457097927058593
0.875825776431870
-0.507753179550603
-0.846458787921272
0.556709929603203
0.814260281314466
-0.603804410325422
-0.779337964931607
0.648879084367383
0.741808658601470
-0.691783170903070
-0.701797902884067
0.732373150012755
0.659439539119759
-0.770513242775734
-0.614875261712616
0.806075865469974
0.568254144143315
-0.838942056356117
-0.519732140299105
0.869001873620714
0.469471562786054
-0.896154763145871
-0.417640539972148
0.920309894876957
0.364412453576003
-0.941386466660826
-0.309965358680556
0.959313974540040
0.254481388115761
