0.000000000000000
0.808430375665925
-0.951671008370678
0.311861161409528
0.584553152728771
-0.999987566661691
0.592615846072353
0.302369890750444
-0.948560733217859
0.814260281314378
-0.009973144676492
-0.802520058610492
0.954686624531125
-0.321321412458853
-0.576432316169792
0.999888101810272
-0.600619594235971
-0.292848544541161
0.945356108439568
-0.820009195677944
0.019945297363297
0.796529918024194
-0.957607281747652
0.330749702924251
0.568254144143259
-0.999689182000815
0.608563601118109
0.283298069832749
-0.942057452787295
0.825676546934594
-0.029915466169393
-0.790460549722889
0.960432689513916
-0.340145095010558
-0.560019450099954
0.999390827019095
-0.616447076559469
-0.273719416573555
0.938665094365414
-0.831261771375074
0.039882659401103
0.784312557402890
-0.963162566797658
0.349506654194873
0.551729053112691
-0.998993066541314
0.624269236421600
0.264113537514753
-0.935179370598548
0.836764313458960
-0.049845885660698
-0.778086552580948
0.965796642068663
-0.358833449319513
-0.543383777794805
0.998495940131151
-0.632029302664855
-0.254481388115556
0.931600628198009
-0.842183625869920
0.059804153945024
0.771783154533415
-0.968334653325764
0.368124552684677
0.534984454218198
-0.997899497235825
0.639726503425800
0.244823926448186
-0.927929223127287
0.847519169570119
-0.069756473744118
-0.765402990234620
0.970776348122917
-0.377379040140647
-0.526531917830727
0.997203797181178
-0.647360073093986
-0.235142113102575
0.924165520566711
-0.852770413853935
0.079701855139649
0.758946694294555
-0.973121483594289
0.386595991179758
0.518027009373122
-0.996408909165774
0.654929252388101
0.225436911090851
-0.920309894877024
0.857936836400625
-0.089639308903433
-0.752414908895722
0.975369826478428
-0.395774489027946
-0.509470574795358
0.995514912254013
-0.662433288431489
-0.215709285751436
0.916362729562240
-0.863017923326349
0.099567846595819
0.745808283729262
-0.977521153141462
0.404913620735935
0.500863465172509
-0.994521895368270
0.669871434827019
0.205960204653198
-0.912324417231454
0.868013169235268
-0.109486480664002
-0.739127475930337
0.979575249599345
-0.414012477270046
-0.492206536620101
0.993429957280055
-0.677242951731409
-0.196190637499096
0.908195359559782
-0.872922077269812
0.119394224540225
0.732373150012763
-0.981531911539132
0.423070153602612
0.483500650208976
-0.992239206600168
0.684547105928687
0.186401556029729
-0.903975967248476
0.877744159160087
-0.129290092740045
-0.725545977802938
0.983390944339330
-0.432085748801975
-0.474746671879524
0.990949761767934
-0.691783170903230
-0.176593933926822
0.899666659983959
-0.882478935272513
0.139173100960052
0.718646638372914
-0.985152163089197
0.441058366122227
0.465945472355825
-0.989561751039371
0.698950426911899
0.166768746716122
-0.895267866396143
0.887125934657378
-0.149042266176192
-0.711675817973075
0.986815392607215
-0.449987113092120
-0.457097927058667
0.988075312474494
-0.706048161055817
-0.156926971670510
0.890780024015867
-0.891684695095885
0.158896606741096
0.704634209963577
-0.988380467458430
0.458871101604222
0.448204916018869
-0.986490593923524
0.713075667351175
0.147069587712964
-0.886203579231206
0.896154763145913
-0.168735142482169
-0.697522514745703
0.989847231970987
-0.467709448002849
-0.439267323789402
0.984807753012205
-0.720032246799333
-0.137197575318790
0.881538987243272
-0.900535694187332
0.178556894798635
0.690341439691874
-0.991215540251541
0.476501273172309
0.430286039357550
-0.983026957126160
0.726917207456626
0.127311916418557
-0.876786712020731
0.904827052466018
-0.188360886759326
-0.683091699075618
0.992485256199837
-0.485245702624196
-0.421261956056644
0.981148383394168
-0.733729864502870
-0.117413594299972
0.871947226253862
-0.909028411137400
0.198146143199402
0.675774014000190
-0.993656253522180
0.493941866584218
0.412195971476847
-0.979172218670632
0.740469540309799
0.107503593510526
-0.867021011307328
0.913139352308718
-0.207911690817795
-0.668389112327182
0.994728415744057
-0.502588900079065
-0.403088987376282
0.977098659516903
-0.747135564508148
-0.097582899759119
0.862008557172515
-0.917159467080782
0.217656558273573
0.660937728603834
-0.995701636221689
0.511185943022043
0.393941909590929
-0.974927912181823
0.753727274054642
0.087652499818463
-0.856910362418570
0.921088355588456
-0.227379776282947
-0.653420603990092
0.996575818152632
-0.519732140298970
-0.384755647944937
0.972660192581112
-0.760244013297680
-0.077713381426537
0.851726934143041
-0.924925627040615
0.237080377715459
0.645838486185020
-0.997350874585439
0.528226641853131
0.375531116159765
-0.970295726275994
0.766685134042667
0.067766533188566
-0.846458787921232
0.928670899758833
-0.246757397690341
-0.638192129352175
0.998026728428270
-0.536668602769492
-0.366269231763397
0.967834748450671
-0.773049995616556
-0.057812944478520
0.841106447755038
-0.932323801215508
0.256409873672051
0.630482294044670
-0.998603312456592
0.545057183359323
0.356970915999455
-0.965277503888949
0.779337964931464
0.047853605341158
-0.835670446020737
0.935883968070822
-0.266036845566673
-0.622709747129840
0.999080569319852
-0.553391549243326
-0.347637093734928
0.962624246950000
-0.785548416547683
-0.037889506392871
0.830151323416281
-0.939351046208941
0.275637355816973
0.614875261712432
-0.999458451547165
0.561670871434826
0.338268693368605
-0.959875241542883
0.791680732735953
0.027921638723602
-0.824549628907141
0.942724690773090
-0.285210449497860
-0.606979617058064
0.999736921552070
-0.569894326421842
-0.328866646738621
0.957030761100414
-0.797734303538634
-0.017950993798042
0.818865919671959
-0.946004566200079
0.294755174410938
0.599023598515531
-0.999915951636247
0.578061096249570
0.319431889029667
-0.954091088551933
0.803708526830787
0.007978563357465
-0.813100761046991
0.949190346253531
-0.304270581179866
-0.591007997439057
0.999995523992272
-0.586170368601365
-0.309965358680399
0.951056516295136
-0.809602808379793
0.001994660679598
0.807254726470146
-0.952281714056400
0.313755723344356
0.582933611109034
-0.999975630705393
0.594221336879626
0.300467997289454
-0.947927346167121
0.815416561904589
-0.011967686315566
-0.801328397423547
0.955278362122355
-0.323209657454422
-0.574801242653084
0.999856273754320
-0.602213200286125
-0.290940749522214
0.944703889414168
-0.821149209133724
0.021939521572706
0.795322363375962
-0.958179992386570
0.332631443164327
0.566611700966085
-0.999637465011020
0.610145163901290
0.281384563016638
-0.941386466660909
0.826800179863268
-0.031909174591347
-0.789237221724103
0.960986316235234
-0.342020143325690
-0.558365800629617
0.999319226239544
-0.618016438763821
-0.271800388289432
0.937975407878370
-0.832368912013270
0.041875653729216
0.783073577733136
-0.963697054534291
0.351374824081340
0.550064361831317
-0.998901589093853
0.625826241948798
0.262189178640855
-0.934471052351300
0.837854851683726
-0.051837967659622
-0.776832044476755
0.966311937657237
-0.360694554957777
-0.541708210282736
0.998384595114687
-0.633573796645737
-0.252551890060332
0.930873748644197
-0.843257453209740
0.061795125470168
0.770513242775790
-0.968830705511816
0.369978408957935
0.533298177137579
-0.997768295725414
0.641258332235504
0.242889481131150
-0.927183854566790
0.848576179215549
-0.071746136761433
-0.764117801136726
0.971253107566074
-0.379225462652961
-0.524835098908847
0.997052752226920
-0.648879084367494
-0.233202912935546
0.923401737138407
-0.853810500668345
0.081690011745024
0.757646355689051
-0.973578902873154
0.388434796274703
0.516319817386019
-0.996238035791511
0.656435295035303
0.223493148958455
-0.919527772551428
0.858959896930649
-0.091625761342708
-0.751099550122276
0.975807860095321
-0.397605493806774
-0.507753179550739
0.995324227455860
-0.663926212652215
-0.213761154992117
0.915562346134047
-0.864023855812217
0.101552397284342
0.744478035621466
-0.977939757526867
0.406736643075866
0.499136037492963
-0.994311418112899
0.671351092126043
0.204007899039901
-0.911505852311671
0.869001873620752
-0.111468932206392
-0.737782470802766
0.979974383116322
-0.415827335842076
-0.490469248326101
0.993199708502812
-0.678709194932902
-0.194234351219913
0.907358694567873
-0.873893455212354
0.121374379749696
0.731013521647740
-0.981911534487437
0.424876667889858
0.481753674101668
-0.991989209203005
0.685999789191174
0.184441483668942
-0.903121285404162
0.878698114040539
-0.131267754658249
-0.724171861437434
0.983751018959343
-0.433883739117555
-0.472990181723937
0.990680040617093
-0.693222149733968
-0.174630270445105
0.898794046299148
-0.883415372204741
0.141148072876750
0.717258170684949
-0.985492653565735
0.442847653627026
0.464179642863114
-0.989272332962982
0.700375558181417
0.164801687431401
-0.894377407666329
0.888044760497584
-0.151014351648711
-0.710273137068059
0.987136265072973
-0.451767519812861
-0.455322933869033
0.987766226259815
-0.707459303011800
-0.154956712238533
0.889871808811420
-0.892585818452134
0.160865609613639
0.703217455360651
-0.988681689997526
0.460642450450562
0.446420935683790
-0.986161870314187
0.714472679632893
0.145096324107560
-0.885277697888870
0.897038094387017
-0.170700866905891
-0.696091827364028
0.990128774621984
-0.469471562785899
-0.437474533754627
0.984459424705035
-0.721414990451320
-0.135221503813053
0.880595531856712
-0.901401145451661
0.180519145250675
0.688896961836205
-0.991477375010469
0.478253978621403
0.428484617944737
-0.982659058768041
0.728285544942898
0.125333233564308
-0.875825776431897
0.905674537670644
-0.190319468062026
-0.681633574422474
0.992727357023039
-0.486988824404331
-0.419452082446082
0.980760951578479
-0.735083659720135
-0.115432496909109
0.870968906043122
-0.909857845986165
0.200100860540622
0.674302387583735
-0.993878596328840
0.495675231314138
0.410377825689842
-0.978765291933688
0.741808658601458
0.105520278635227
-0.866025403784392
0.913950654301101
-0.209862349769168
-0.666904130524129
0.994930978418580
-0.504312335347710
-0.401262750256425
0.976672278334173
-0.748459872677379
-0.095597564671786
0.860995761366655
-0.917952555519723
0.219602964810963
0.659439539119683
-0.995884398615976
0.512899277405902
0.392107762787142
-0.974482118963715
0.755036640377505
0.085665341992555
-0.855880479068537
0.921863151588484
-0.229321736804909
-0.651909355843762
0.996738762088009
-0.521435203379570
-0.382913773892367
0.972195031668998
-0.761538307536779
-0.075724598517095
0.850680065687271
-0.925682053535868
0.239017699062555
0.644314329694410
-0.997493983854523
0.529919264233158
0.373681698062417
-0.969811243937544
0.767964227459506
0.065776323011820
-0.845395038487755
0.929408881510548
-0.248689887164906
-0.636655216119341
0.998149988796545
-0.538350616090710
-0.364412453575973
0.967330992875445
-0.774313760984862
-0.055821504993231
0.840025923150728
-0.933043264819442
0.258337339056807
0.628932776940272
-0.998706711663817
0.546728420318445
0.355106962408099
-0.964754525183632
0.780586276549440
0.045861134627681
-0.834573253721335
0.936584841964826
-0.267959095144398
-0.621147780278372
0.999164097081319
-0.555051843608760
-0.345766150139812
0.962082097133149
-0.786781150250511
-0.035896202634473
0.829037572555026
-0.940033260679713
0.277554198389020
0.613301000476449
-0.999522099554691
0.563320058063681
0.336390945865382
-0.959313974540018
0.792897765908507
0.025927700186638
-0.823419430264473
0.943388177963542
-0.287121694403070
-0.605393218023171
0.999780683474845
-0.571532241275882
-0.326982282099276
0.956450432738632
-0.798935515127315
-0.015956618811664
0.817719385664444
-0.946649260115735
0.296660631545584
0.597425219474907
-0.999939823121440
0.579687576411999
0.317541094684902
-0.953491756554160
0.804893797355915
0.005983950294465
-0.811938005715818
0.949816182769135
-0.306170061015579
-0.589397797376940
0.999999502665477
-0.587785252292561
-0.308068322699809
0.950438240274684
-0.810772019947143
0.003989313423089
0.806075865470105
-0.952888630922479
0.315649036947092
0.581311750185723
-0.999959716170870
0.595824463473243
0.298564908363784
-0.947290187621383
0.816569598217063
-0.013962180339242
-0.800133548011197
0.955866298971228
-0.325096616503898
-0.573167882188925
0.999820467595021
-0.603804410325524
-0.289031796944494
0.944047911718810
-0.822285955503506
0.023933658491708
0.794111644398298
-0.958748890738527
0.334511859971787
0.564967003424868
-0.999581770788450
0.611724299114942
0.279469936662803
-0.940711735063541
0.827920523222644
-0.033902756057017
-0.788010753606743
0.961536119504178
-0.343893830853751
-0.556709929603255
0.999243649493382
-0.619583342081504
-0.269880278599986
0.937281989491866
-0.833472740925939
0.043868481447804
0.781831482467996
-0.964227708033380
0.353241595961633
0.548397482022541
-0.998806137341435
0.627380757516767
0.260263776601378
-0.933759016147316
0.838942056356272
-0.053829843412123
-0.775574445610123
0.966823388604473
-0.362554225509593
-0.540030487489558
0.998269277850213
-0.635115769842145
-0.250621387183034
0.930143165446108
-0.844327925501981
0.063785851132722
0.769240265396247
-0.969322903035148
0.371830793207225
0.531609778236714
-0.997633124419037
0.642787609686574
0.240954069435929
-0.926434797042846
0.849629812651978
-0.073735514324004
-0.762829571862208
0.971726002708594
-0.381070376350205
-0.523136191838633
0.996897740323618
-0.650395513961977
-0.231262784929901
0.922634279794515
-0.854847190448163
0.083677843332348
0.756343002654905
-0.974032448597831
0.390272055913764
0.514610571130193
-0.996063198709702
0.657938725939708
0.221548497619330
-0.918741991723526
0.859979539938262
-0.093611849232954
-0.749781202967707
0.976242011289659
-0.399434916642620
-0.506033764121146
0.995129582585916
-0.665416495326323
-0.211812173746595
0.914758319980724
-0.865026350627782
0.103536543928890
0.743144825477308
-0.978354471007622
0.408558047142653
0.497406623913127
-0.994096984815363
0.672828078337011
0.202054781745301
-0.910683660806173
0.869987120529976
-0.113450940250050
-0.736434530278369
0.980369617633562
-0.417640539972178
-0.488730008614224
0.992965508106522
-0.680172737770943
-0.192277292145504
0.906518419490371
-0.874861356216693
0.123354052049764
0.729650984817397
-0.982287250728687
0.426681491730952
0.480004781253021
-0.991735265002986
0.687449743083405
0.182480677475401
-0.902263010333675
0.879648572866664
-0.133244894304694
-0.722794863827434
0.984107179553620
-0.435680003150669
-0.471231809693951
0.990406377872166
-0.694658370458984
-0.172665912166154
0.897917856604794
-0.884348294314070
0.143122483211227
0.715866849259699
-0.985829223087079
0.444635179185007
0.462411966550376
-0.988978978893328
0.701797902884041
0.162833972454296
-0.893483390499267
0.888960053096216
-0.152985836284008
-0.708867630216858
0.987453210044207
-0.453546129097231
-0.453546129097190
0.987453210044200
-0.708867630216890
-0.152985836283962
0.888960053096195
-0.893483390499390
0.162833972454341
0.701797902884008
-0.988978978893335
0.462411966550417
0.444635179184966
-0.985829223087071
0.715866849259732
0.143122483211181
-0.884348294314048
0.897917856604814
-0.172665912166423
-0.694658370458951
0.990406377872172
-0.471231809694192
-0.435680003150627
0.984107179553612
-0.722794863827465
-0.133244894304649
0.879648572866642
-0.902263010333695
0.182480677475447
0.687449743083372
-0.991735265002992
0.480004781253062
0.426681491730705
-0.982287250728678
0.729650984817429
0.123354052049719
-0.874861356216671
0.906518419490390
-0.192277292145549
-0.680172737770909
0.992965508106528
-0.488730008614264
-0.417640539972136
0.980369617633508
-0.736434530278400
-0.113450940250004
0.869987120529953
-0.910683660806192
0.202054781745346
0.672828078336977
-0.994096984815368
0.497406623913167
0.408558047142611
-0.978354471007612
0.743144825477491
0.103536543928844
-0.865026350627759
0.914758319980743
-0.211812173746640
-0.665416495326288
0.995129582585921
-0.506033764121186
-0.399434916642578
0.976242011289649
-0.749781202967738
-0.093611849232908
0.859979539938239
-0.918741991723544
0.221548497619597
0.657938725939674
-0.996063198709706
0.514610571130232
0.390272055913721
-0.974032448597821
0.756343002654935
0.083677843332302
-0.854847190448139
0.922634279794532
-0.231262784929946
-0.650395513961770
0.996897740323621
-0.523136191838672
-0.381070376350162
0.971726002708584
-0.762829571862237
-0.073735514323958
0.849629812651953
-0.926434797042863
0.240954069435973
0.642787609686538
-0.997633124419055
0.531609778236753
0.371830793207182
-0.969322903035136
0.769240265396276
0.063785851132676
-0.844327925501956
0.930143165446125
-0.250621387183078
-0.635115769842110
0.998269277850216
-0.540030487489597
-0.362554225509550
0.966823388604462
-0.775574445610295
-0.053829843412077
0.838942056356247
-0.933759016147332
0.260263776601423
0.627380757516731
-0.998806137341438
0.548397482022579
0.353241595961590
-0.964227708033368
0.781831482468025
0.043868481447531
-0.833472740925914
0.937281989491882
-0.269880278600030
-0.619583342081468
0.999243649493384
-0.556709929603293
-0.343893830853708
0.961536119504165
-0.788010753606772
-0.033902756056971
0.827920523222490
-0.940711735063557
0.279469936662847
0.611724299114906
-0.999581770788451
0.564967003424906
0.334511859971744
-0.958748890738513
0.794111644398326
0.023933658491662
-0.822285955503480
0.944047911718900
-0.289031796944538
-0.603804410325487
0.999820467595026
-0.573167882188963
-0.325096616503855
0.955866298971215
-0.800133548011224
-0.013962180338968
0.816569598217167
-0.947290187621398
0.298564908364045
0.595824463473389
-0.999959716170870
0.581311750185945
0.315649036947264
-0.952888630922465
0.806075865470132
0.003989313422815
-0.810772019947116
0.950438240274698
-0.308068322700069
-0.587785252292524
0.999999502665477
-0.589397797377160
-0.306170061015536
0.949816182769120
-0.811938005715977
0.005983950294284
0.804893797355887
-0.953491756554242
0.317541094684730
0.579687576411961
-0.999939823121437
0.597425219474762
0.296660631545540
-0.946649260115647
0.817719385664340
-0.015956618811710
-0.798935515127287
0.956450432738579
-0.326982282099320
-0.571532241275844
0.999780683474839
-0.605393218023208
-0.287121694403026
0.943388177963452
-0.823419430264499
0.025927700186684
0.792897765908340
-0.959313974540031
0.336390945865426
0.563320058063455
-0.999522099554697
0.613301000476486
0.277554198388757
-0.940033260679775
0.829037572555051
-0.035896202634746
-0.786781150250623
0.962082097133162
-0.345766150140069
-0.555051843608911
0.999164097081317
-0.621147780278408
-0.267959095144573
0.936584841964810
-0.834573253721361
0.045861134627954
0.780586276549411
-0.964754525183644
0.355106962408355
0.546728420318407
-0.998706711663815
0.628932776940485
0.258337339056982
-0.933043264819425
0.840025923150877
-0.055821504993050
-0.774313760984833
0.967330992875515
-0.364412453575804
-0.538350616090672
0.998149988796529
-0.636655216119201
-0.248689887164861
0.929408881510447
-0.845395038487658
0.065776323011866
0.767964227459476
-0.969811243937611
0.373681698062460
0.529919264233119
-0.997493983854504
0.644314329694445
0.239017699062510
-0.925682053535764
0.850680065687295
-0.075724598517141
-0.761538307536601
0.972195031668955
