0.000000000000000
0.751757603384019
0.991477375010476
0.555881163064884
-0.258337339056890
-0.896596874675020
-0.924165520566707
-0.322265695230510
0.499136037492955
0.980565772275219
0.794111644398360
0.066771461307957
-0.706048161055831
-0.997963609153802
-0.610145163901266
0.193255917795553
0.865026350627750
0.947609238173049
0.384755647944935
-0.440163063864083
-0.965277503888967
-0.832921240710099
-0.133244894304672
0.657187337329462
0.999995523992272
0.661685837596857
-0.127311916418551
-0.829594860571831
-0.966823388604458
-0.445528279010981
0.379225462652928
0.945680807639536
0.868013169235266
0.199123600901018
-0.605393218023251
-0.997564050259823
-0.710273137068056
0.060799669945396
0.790460549722891
0.981722211257632
0.504312335347591
-0.316595223269708
-0.921863151588500
-0.899230800360079
-0.264113537514754
0.550896981452105
0.990680040617101
0.755690197347018
0.005983950294385
-0.747798090498531
-0.992239206600170
-0.560845439695160
0.252551890060320
0.893930843665501
0.926434797042886
0.327924627507205
-0.493941866584235
-0.979374221211597
-0.797734303538618
-0.072740861719259
0.701797902883991
0.998327432985149
0.614875261712431
-0.187381314585728
-0.862008557172519
-0.949503736732325
-0.390272055913750
0.434782087366260
0.963697054534302
0.836217795619838
0.139173100960063
-0.652665304509930
-0.999959716170870
-0.666160644229902
0.121374379749660
0.826238774315996
0.968334653325762
0.450877540689422
-0.373681698062509
-0.943718514184989
-0.870968906043121
-0.204984153792226
0.600619594235973
0.997128770610610
0.714472679632802
-0.054825701469359
-0.786781150250532
-0.982843496749094
-0.509470574795359
0.310913414672957
0.919527772551453
0.901832526405110
0.269880278599909
-0.545893073330305
-0.989847231970983
-0.759595731569276
-0.011967686315587
0.743811800472719
0.992965508106536
0.565789633582205
-0.246757397690303
-0.891232802796712
-0.928670899758824
-0.333571817464837
0.488730008614202
0.978147600733805
0.801328397423551
0.078707657427118
-0.697522514745702
-0.998655508726066
-0.619583342081499
0.181500001629227
0.858959896930669
0.951364235479190
0.395774489027931
-0.429385542199415
-0.962082097133164
-0.839484407258074
-0.145096324107604
0.648119901063132
0.999888101810272
0.670611596994812
-0.115432496909191
-0.822853102117271
-0.969811243937544
-0.456210657353154
0.368124552684685
0.941722428075175
0.873893455212347
0.210837366614615
-0.595824463473269
-0.996657785792647
-0.718646638372926
0.048849769795613
0.783073577733173
0.983929588598627
0.514610571130126
-0.305220472894343
-0.917159467080771
-0.904401959647562
-0.275637355816994
0.540869617879336
0.988978978893318
0.763474066201495
0.017950993798096
-0.739798876047583
-0.993656253522178
-0.570713567684422
0.240954069435904
0.888502848680047
0.930873748644200
0.339207062888948
-0.483500650208987
-0.976885954764648
-0.804893797355903
-0.084671634772621
0.693222149733995
0.998947824628823
0.624269236421588
-0.175612189523973
-0.855880479068563
-0.953190667792947
-0.401262750256466
0.423973621602954
0.960432689513918
0.842720958654028
0.151014351648629
-0.643551289750802
-0.999780683474845
-0.675038536511927
0.109486480663996
0.819437965209738
0.971253107566074
0.461527438034026
-0.362554225509610
-0.939692620785910
-0.876786712020733
-0.216683029776442
0.591007997439105
0.996151112670950
0.722794863827380
-0.042872088910205
-0.779337964931481
-0.984980447915483
-0.519732140298989
0.299516601786614
0.914758319980695
0.906939008081206
0.281384563016691
-0.535826794979012
-0.988075312474496
-0.767325062368330
-0.023933658491749
0.735759460917858
0.994311418112901
0.575617065685663
-0.235142113102586
-0.885741079069654
-0.933043264819435
-0.344830161992766
0.478253978621335
0.975589328481119
0.808430375665914
0.090632580197778
-0.688896961836241
-0.999204370226178
-0.628932776940308
0.169718089100667
0.852770413853944
0.954982968272732
0.406736643075792
-0.418546519366806
-0.958748890738522
-0.845927333913342
-0.156926971670518
0.638959634165668
0.999637465011020
0.679441304261505
-0.103536543928906
-0.815993485882559
-0.972660192581120
-0.466827692348853
0.356970915999510
0.937629165000497
0.879648572866606
0.222520933956309
-0.586170368601386
-0.995608769388462
-0.726917207456603
0.036892872861822
0.775574445610220
0.985996037070504
0.524835098908895
-0.293802005593937
-0.912324417231457
-0.909443580859472
-0.287121694403111
0.530764785202618
0.987136265072988
0.771148582173400
0.029915466169397
-0.731693699726827
-0.994930978418581
-0.580499952001563
0.229321736804805
0.882947592858931
0.935179370598543
0.350440913424461
-0.472990181723980
-0.974257768312791
-0.811938005715845
-0.096590280253163
0.684547105928699
0.999425136331751
0.633573796645675
-0.163817911415136
-0.849629812651969
-0.956741072739878
-0.412195971476855
0.413104429824561
0.957030761100413
0.849103418222182
0.162833972454280
-0.634345098725661
-0.999458451547164
-0.683819742589309
0.097582899759149
0.812519787475588
0.974032448597804
0.472111230506225
-0.351374824081364
-0.935532134607122
-0.882478935272498
-0.228350870110650
0.581311750185847
0.995030775365401
0.731013521647779
-0.030912335754124
-0.771783154533420
-0.986976319697495
-0.529919264233195
0.288076888944399
0.909857845986202
0.911915588298657
0.292848544541158
-0.525683769810521
-0.986161870314185
-0.774944488704168
-0.035896202634580
0.727601738061201
0.995514912254014
0.585362051785817
-0.223493148958502
-0.880122490076979
-0.937281989491883
-0.356039116274349
0.467709448002863
0.972891321940145
0.815416561904543
0.102544521605563
-0.680172737770931
-0.999610115040353
-0.638192129352139
0.157911867740862
0.846458787921245
0.958464918240236
0.417640539972122
-0.407647547846462
-0.955278362122353
-0.852249097851394
-0.168735142482141
0.629707848667981
0.999243649493387
0.688173694712319
-0.091625761342704
-0.809016994374954
-0.975369826478421
-0.477377863313280
0.345766150139928
0.933401604696211
0.885277697888844
0.234172629481191
-0.576432316169785
-0.994417151298566
-0.735083659720165
0.024930691738102
0.767964227459580
0.987921260694513
0.534984454218190
-0.282341456842900
-0.907358694567880
-0.914354941881175
-0.298564908363888
0.520583930743625
0.985152163089204
0.778712646036900
0.041875653729197
-0.723483722445870
-0.996063198709706
-0.590203190936422
0.217656558273560
0.877265871885027
0.939351046208915
0.361624570082058
-0.462411966550376
-0.971490038292868
-0.818865919671932
-0.108495091045583
0.675774014000208
0.999759299728270
0.642787609686528
-0.152000169561294
-0.843257453209736
-0.960154443046354
-0.423070153602587
0.402176068832438
0.953491756554196
0.855364260160510
0.174630270445110
-0.625048050043193
-0.998993066541315
-0.692503004724215
0.085665341992677
0.805485232008608
0.976672278334161
0.482627402182576
-0.340145095010550
-0.931237651557741
-0.888044760497604
-0.239986003602532
0.571532241275929
0.993767919160596
0.739127475930332
-0.018948155004299
-0.764117801136736
-0.988830826225128
-0.540030487489650
0.276595914663687
0.904827052466035
0.916761554258675
0.304270581179849
-0.515465450616875
-0.984107179553611
-0.782452919241452
-0.047853605341173
0.719339800338661
0.996575818152630
0.595023196102003
-0.211812173746594
-0.874377840572808
-0.941386466660894
-0.367197074843813
0.457097927058688
0.970053967548098
0.822285955503473
0.114441775495400
-0.671351092126037
-0.999872685053500
-0.647360073093966
0.146083028562439
0.840025923150792
0.961809586659767
0.428484617944742
-0.396690188705109
-0.951671008370689
-0.858448793601869
-0.180519145250555
0.620365869709281
0.998706711663820
0.696807517601247
-0.079701855139653
-0.801924626841831
-0.977939757526853
-0.487859659138698
0.334511859971841
0.929040352678505
0.890780024015850
0.245790784309454
-0.566611700966049
-0.993083102199184
-0.743144825477382
0.012964939775308
0.760244013297668
0.989704983719634
0.545057183359309
-0.270840468143029
-0.902263010333673
-0.919135339255236
-0.309965358680414
0.510328512712713
0.983026957126163
0.786165174386173
0.053829843412125
-0.715170120125061
-0.997052752226917
-0.599821894687880
0.205960204653192
0.871458499554894
0.943388177963523
0.372756431019440
-0.451767519812802
-0.968583161128632
-0.825676546934584
-0.120384362016216
0.666904130524217
0.999950266955942
0.651909355843767
-0.140160656625173
-0.836764313458983
-0.963430289813122
-0.433883739117549
0.391190103902772
0.949816182769151
0.861502587724555
0.186401556029754
-0.615661475325672
-0.998384595114691
-0.701087079207455
0.073735514324060
0.798335306372709
0.979172218670625
0.493074446825083
-0.328866646738579
-0.926809786739342
-0.893483390499317
-0.251586763744474
0.561670871434809
0.992362724936243
0.747135564508137
-0.006981260297992
-0.756343002654901
-0.990543701876216
-0.550064361831331
0.265075323371850
0.899666659983968
0.921476211870409
0.315649036947095
-0.505173300974518
-0.981911534487445
-0.789849278542768
-0.059804153945031
0.710974831112902
0.997493983854519
0.604599114862341
-0.200100860540555
-0.868507953366994
-0.945356108439560
-0.378302439539615
0.446420935683844
0.967077671701077
0.829037572555030
0.126322637816003
-0.662433288431509
-0.999992042657546
-0.656435295035299
0.134233265817683
0.833472740925968
0.965016494472311
0.439267323789374
-0.385676011372361
-0.947927346167142
-0.864525533178336
-0.192277292145450
0.610935035347235
0.998026728428273
0.705341536300377
-0.067766533188521
-0.794717399127563
-0.980369617633530
-0.498271578510711
0.323209657454456
0.924546033612316
