0.000000000000000
0.755036640377519
-0.990128774621971
0.543383777794805
0.277554198388933
-0.907358694567864
0.912324417231453
-0.289031796944470
-0.533298177137561
0.988380467458430
-0.762829571862267
0.011967686315586
0.747135564508149
-0.991735265002983
0.553391549243342
0.266036845566676
-0.902263010333657
0.917159467080768
-0.300467997289453
-0.523136191838691
0.986490593923520
-0.770513242775786
0.023933658491748
0.739127475930344
-0.993199708502812
0.563320058063622
0.254481388115564
-0.897038094386967
0.921863151588498
-0.311861161409531
-0.512899277405908
0.984459424705047
-0.778086552580950
0.035896202634575
0.731013521647789
-0.994521895368272
0.573167882188924
0.242889481131225
-0.891684695095875
0.926434797042886
-0.323209657454465
-0.502588900079051
0.982287250728689
-0.785548416547708
0.047853605341171
0.722794863827389
-0.995701636221687
0.582933611109052
0.231262784929953
-0.886203579231217
0.930873748644203
-0.334511859971839
-0.492206536620115
0.979974383116320
-0.792897765908477
0.059804153945032
0.714472679632809
-0.996738762088014
0.592615846072358
0.219602964810961
-0.880595531856740
0.935179370598552
-0.345766150139943
-0.481753674101723
0.977521153141461
-0.800133548011209
0.071746136761365
0.706048161055836
-0.997633124419046
0.602213200286089
0.207911690817770
-0.874861356216688
0.939351046208924
-0.356970915999474
-0.471231809694086
0.974927912181823
-0.807254726470172
0.083677843332303
0.697522514745705
-0.998384595114690
0.611724299115015
0.196190637499103
-0.869001873620735
0.943388177963534
-0.368124552684665
-0.460642450450636
0.972195031668979
-0.814260281314384
0.095597564671811
0.688896961836231
-0.998993066541314
0.621147780278299
0.184441483668983
-0.863017923326349
0.947290187621397
-0.379225462652918
-0.449987113092123
0.969322903035166
-0.821149209133694
0.107503593510517
0.680172737770918
-0.999458451547164
0.630482294044704
0.172665912166283
-0.856910362418587
0.951056516295148
-0.390272055913743
-0.439267323789384
0.966311937657221
-0.827920523222564
0.119394224540239
0.671351092126001
-0.999780683474844
0.639726503425786
0.160865609613700
-0.850680065687335
0.954686624531128
-0.401262750256494
-0.428484617944775
0.963162566797662
-0.834573253721296
0.131267754658230
0.662433288431471
-0.999959716170870
0.648879084367498
0.149042266176202
-0.844327925502025
0.958179992386562
-0.412195971476859
-0.417640539972127
0.959875241542885
-0.841106447755028
0.143122483211091
0.653420603990121
-0.999995523992272
0.657938725939708
0.137197575318805
-0.837854851683742
0.961536119504153
-0.423070153602568
-0.406736643075820
0.956450432738635
-0.847519169570121
0.154956712238495
0.644314329694486
-0.999888101810272
0.666904130524160
0.125333233564327
-0.831261771375085
0.964754525183619
-0.433883739117558
-0.395774489027930
0.952888630922452
-0.853810500668330
0.166768746716078
0.635115769842191
-0.999637465011020
0.675774014000217
0.113450940249972
-0.824549628907131
0.967834748450671
-0.444635179184904
-0.384755647944952
0.949190346253540
-0.859979539938274
0.178556894798643
0.625826241948803
-0.999243649493384
0.684547105928669
0.101552397284382
-0.817719385664437
0.970776348122917
-0.455322933869018
-0.373681698062489
0.945356108439561
-0.866025403784424
0.190319468062029
0.616447076559478
-0.998706711663819
0.693222149733988
0.089639308903421
-0.810772019947078
0.973578902873153
-0.465945472355806
-0.362554225509627
0.941386466660904
-0.871947226253863
0.202054781745400
0.606979617058032
-0.998026728428272
0.701797902883975
0.077713381426530
-0.803708526830791
0.976242011289669
-0.476501273172336
-0.351374824081325
0.937281989491901
-0.877744159160086
0.213761154992100
0.597425219474879
-0.997203797181179
0.710273137068063
0.065776323011874
-0.796529918024215
0.978765291933706
-0.486988824404353
-0.340145095010562
0.933043264819443
-0.883415372204710
0.225436911090856
0.587785252292499
-0.996238035791519
0.718646638372915
0.053829843412137
-0.789237221724079
0.981148383394173
-0.497406623913234
-0.328866646738615
0.928670899758837
-0.888960053096184
0.237080377715487
0.578061096249558
-0.995129582585910
0.726917207456623
0.041875653729235
-0.781831482468046
0.983390944339323
-0.507753179550744
-0.317541094684847
0.924165520566706
-0.894377407666342
0.248689887164875
0.568254144143239
-0.993878596328822
0.735083659720206
0.029915466169460
-0.774313760984887
0.985492653565718
-0.518027009373098
-0.306170061015485
0.919527772551458
-0.899666659983945
0.260263776601387
0.558365800629660
-0.992485256199831
0.743144825477406
0.017950993798071
-0.766685134042622
0.987453210044209
-0.528226641853030
-0.294755174410957
0.914758319980711
-0.904827052466002
0.271800388289436
0.548397482022588
-0.990949761767936
0.751099550122294
0.005983950294385
-0.758946694294549
0.989272332962990
-0.538350616090702
-0.283298069832718
0.909857845986182
-0.909857845986218
0.283298069832694
0.538350616090724
-0.989272332962993
0.758946694294533
-0.005983950294359
-0.751099550122311
0.990949761767932
-0.548397482022567
-0.271800388289460
0.904827052466013
-0.914758319980700
0.294755174410933
0.528226641853052
-0.987453210044195
0.766685134042605
-0.017950993798045
-0.743144825477423
0.992485256199828
-0.558365800629639
-0.260263776601411
0.899666659983956
-0.919527772551448
0.306170061015461
0.518027009373120
-0.985492653565722
0.774313760984870
-0.029915466169434
-0.735083659720146
0.993878596328819
-0.568254144143218
-0.248689887164899
0.894377407666353
-0.924165520566696
0.317541094684823
0.507753179550765
-0.983390944339328
0.781831482468030
-0.041875653729209
-0.726917207456601
0.995129582585913
-0.578061096249584
-0.237080377715457
0.888960053096222
-0.928670899758806
0.328866646738537
0.497406623913257
-0.981148383394178
0.789237221724064
-0.053829843412112
-0.718646638372933
0.996238035791517
-0.587785252292479
-0.225436911090826
0.883415372204696
-0.933043264819455
0.340145095010591
0.486988824404325
-0.978765291933722
0.796529918024165
-0.065776323011849
-0.710273137068081
0.997203797181177
-0.597425219474859
-0.213761154992125
0.877744159160098
-0.937281989491892
0.351374824081355
0.476501273172308
-0.976242011289662
0.803708526830810
-0.077713381426561
-0.701797902884034
0.998026728428267
-0.606979617058012
-0.202054781745424
0.871947226253876
-0.941386466660895
0.362554225509603
0.465945472355829
-0.973578902873159
0.810772019947097
-0.089639308903452
-0.693222149733965
0.998706711663820
-0.616447076559503
-0.190319468062110
0.866025403784465
-0.945356108439553
0.373681698062466
0.455322933869041
-0.970776348122923
0.817719385664422
-0.101552397284356
-0.684547105928687
0.999243649493386
-0.625826241948827
-0.178556894798612
0.859979539938258
-0.949190346253550
0.384755647944876
0.444635179184978
-0.967834748450678
0.824549628907117
-0.113450940249946
-0.675774014000236
0.999637465011020
-0.635115769842171
-0.166768746716103
0.853810500668343
-0.952888630922461
0.395774489027959
0.433883739117530
-0.964754525183611
0.831261771375039
-0.125333233564245
-0.666904130524221
0.999888101810272
-0.644314329694467
-0.154956712238520
0.847519169570135
-0.956450432738627
0.406736643075797
0.423070153602591
-0.961536119504144
0.837854851683760
-0.137197575318836
-0.657938725939685
0.999995523992272
-0.653420603990058
-0.143122483211172
0.841106447755041
-0.959875241542878
0.417640539972104
0.412195971476882
-0.958179992386569
0.844327925502011
-0.149042266176177
-0.648879084367474
0.999959716170870
-0.662433288431495
-0.131267754658199
0.834573253721279
-0.963162566797640
0.428484617944701
0.401262750256518
-0.954686624531136
0.850680065687322
-0.160865609613675
-0.639726503425805
0.999780683474845
-0.671351092126003
-0.119394224540236
0.827920523222563
-0.966311937657229
0.439267323789412
0.390272055913714
-0.951056516295173
0.856910362418559
-0.172665912166230
-0.630482294044746
0.999458451547165
-0.680172737770900
-0.107503593510543
0.821149209133709
-0.969322903035167
0.449987113092126
0.379225462652915
-0.947290187621387
0.863017923326364
-0.184441483669013
-0.621147780278363
0.998993066541316
-0.688896961836192
-0.095597564671864
0.814260281314399
-0.972195031668973
0.460642450450614
0.368124552684689
-0.943388177963533
0.869001873620736
-0.196190637499106
-0.611724299114990
0.998384595114688
-0.697522514745727
-0.083677843332385
0.807254726470136
-0.974927912181811
0.471231809694139
0.356970915999525
-0.939351046208894
0.874861356216675
-0.207911690817856
-0.602213200286087
0.997633124419053
-0.706048161055838
-0.071746136761475
0.800133548011190
-0.977521153141444
0.481753674101751
0.345766150139993
-0.935179370598531
0.880595531856714
-0.219602964811019
-0.592615846072379
0.996738762088006
-0.714472679632791
-0.059804153945156
0.792897765908475
-0.979974383116298
0.492206536620130
0.334511859971930
-0.930873748644192
0.886203579231179
-0.231262784929998
-0.582933611109095
0.995701636221681
-0.722794863827361
-0.047853605341097
0.785548416547724
-0.982287250728705
0.502588900079041
0.323209657454570
-0.926434797042885
0.891684695095831
-0.242889481131241
-0.573167882188991
0.994521895368269
-0.731013521647743
-0.035896202634529
0.778086552580984
-0.984459424705060
0.512899277405874
0.311861161409447
-0.921863151588508
0.897038094386912
-0.254481388115560
-0.563320058063713
0.993199708502811
-0.739127475930279
-0.023933658491724
0.770513242775839
-0.986490593923527
0.523136191838639
0.300467997289396
-0.917159467080786
0.902263010333688
-0.266036845566645
-0.553391549243268
0.991735265002985
-0.747135564508068
-0.011967686315587
0.762829571862334
-0.988380467458432
0.533298177137485
0.289031796944440
-0.912324417231483
0.907358694567884
-0.277554198388878
-0.543383777794751
0.990128774621977
-0.755036640377572
-0.000000000000025
0.755036640377456
-0.990128774621970
0.543383777794708
0.277554198388927
-0.907358694567906
0.912324417231463
-0.289031796944391
-0.533298177137528
0.988380467458440
-0.762829571862301
0.011967686315536
0.747135564508102
-0.991735265002978
0.553391549243415
0.266036845566694
-0.902263010333710
0.917159467080766
-0.300467997289347
-0.523136191838683
0.986490593923536
-0.770513242775806
0.023933658491673
0.739127475930313
-0.993199708502805
0.563320058063671
0.254481388115609
-0.897038094386934
0.921863151588488
-0.311861161409615
-0.512899277405918
0.984459424705069
-0.778086552580952
0.035896202634478
0.731013521647777
-0.994521895368263
0.573167882188949
0.242889481131291
-0.891684695095854
0.926434797042866
-0.323209657454522
-0.502588900079085
0.982287250728672
-0.785548416547693
0.047853605341046
0.722794863827396
-0.995701636221677
0.582933611109054
0.231262784930047
-0.886203579231203
0.930873748644173
-0.334511859971882
-0.492206536620174
0.979974383116308
-0.792897765908444
0.059804153945105
0.714472679632827
-0.996738762088021
0.592615846072338
0.219602964811069
-0.880595531856738
0.935179370598513
-0.345766150139946
-0.481753674101796
0.977521153141454
-0.800133548011160
0.071746136761424
0.706048161055874
-0.997633124419050
0.602213200286046
0.207911690817684
-0.874861356216700
0.939351046208955
-0.356970915999477
-0.471231809694184
0.974927912181822
-0.807254726470106
0.083677843332335
0.697522514745764
-0.998384595114691
0.611724299114950
0.196190637499045
-0.869001873620761
0.943388177963554
-0.368124552684642
-0.460642450450558
0.972195031668985
-0.814260281314303
0.095597564671814
0.688896961836312
-0.998993066541314
0.621147780278234
0.184441483668952
-0.863017923326390
0.947290187621407
-0.379225462652868
-0.449987113092070
0.969322903035180
-0.821149209133745
0.107503593510492
0.680172737770854
-0.999458451547163
0.630482294044618
0.172665912166280
-0.856910362418644
0.951056516295157
-0.390272055913667
-0.439267323789356
0.966311937657242
-0.827920523222598
0.119394224540186
0.671351092125957
-0.999780683474844
0.639726503425853
0.160865609613725
-0.850680065687289
0.954686624531121
-0.401262750256367
-0.428484617944747
0.963162566797684
-0.834573253721313
0.131267754658149
0.662433288431448
-0.999959716170870
0.648879084367522
0.149042266176227
-0.844327925501978
0.958179992386555
-0.412195971476939
-0.417640539972150
0.959875241542924
-0.841106447755014
0.143122483211009
0.653420603990097
-0.999995523992272
0.657938725939732
0.137197575318886
-0.837854851683725
0.961536119504130
-0.423070153602648
-0.406736643075843
0.956450432738609
-0.847519169570108
0.154956712238582
0.644314329694506
-0.999888101810274
0.666904130524183
0.125333233564409
-0.831261771375067
0.964754525183598
-0.433883739117587
-0.395774489028006
0.952888630922442
-0.853810500668316
0.166768746716165
0.635115769842210
-0.999637465011018
0.675774014000198
0.113450940250110
-0.824549628907145
0.967834748450636
-0.444635179184933
-0.384755647945028
0.949190346253530
-0.859979539938232
0.178556894798674
0.625826241948867
-0.999243649493383
0.684547105928650
0.101552397284294
-0.817719385664451
0.970776348122938
-0.455322933868995
-0.373681698062618
0.945356108439569
-0.866025403784383
0.190319468062060
0.616447076559543
-0.998706711663817
0.693222149733928
0.089639308903390
-0.810772019947126
0.973578902873173
-0.465945472355784
-0.362554225509545
0.941386466660912
-0.871947226253906
0.202054781745375
0.606979617058142
-0.998026728428270
0.701797902883917
0.077713381426499
-0.803708526830840
0.976242011289676
-0.476501273172264
-0.351374824081296
0.937281989491910
-0.877744159160128
0.213761154992075
0.597425219474808
-0.997203797181181
0.710273137067965
0.065776323011900
-0.796529918024265
0.978765291933712
-0.486988824404281
-0.340145095010532
0.933043264819473
-0.883415372204725
0.225436911090776
0.587785252292428
-0.996238035791521
0.718646638372976
0.053829843412163
-0.789237221724025
0.981148383394168
-0.497406623913114
-0.328866646738585
0.928670899758867
-0.888960053096198
0.237080377715407
0.578061096249533
-0.995129582585918
0.726917207456644
0.041875653729260
-0.781831482467991
0.983390944339319
-0.507753179550820
-0.317541094684871
0.924165520566759
-0.894377407666330
0.248689887164740
0.568254144143260
-0.993878596328837
0.735083659720189
0.029915466169485
-0.774313760984831
0.985492653565714
-0.518027009373173
-0.306170061015509
0.919527772551423
-0.899666659983934
0.260263776601472
0.558365800629681
-0.992485256199848
0.743144825477389
0.017950993798210
-0.766685134042638
0.987453210044187
-0.528226641853105
-0.294755174410981
0.914758319980675
-0.904827052465991
0.271800388289520
0.548397482022610
-0.990949761767924
0.751099550122277
0.005983950294296
-0.758946694294566
0.989272332962969
-0.538350616090681
-0.283298069832852
0.909857845986192
-0.909857845986160
0.283298069832778
0.538350616090745
-0.989272332962981
0.758946694294516
-0.005983950294447
-0.751099550122328
0.990949761767944
-0.548397482022546
-0.271800388289594
0.904827052466023
-0.914758319980644
0.294755174410908
0.528226641853170
-0.987453210044199
0.766685134042589
-0.017950993798134
-0.743144825477440
0.992485256199839
-0.558365800629618
-0.260263776601326
0.899666659983967
-0.919527772551483
0.306170061015437
0.518027009373239
-0.985492653565727
0.774313760984782
-0.029915466169409
-0.735083659720241
0.993878596328829
-0.568254144143197
-0.248689887164814
0.894377407666364
-0.924165520566730
0.317541094684799
0.507753179550689
-0.983390944339332
0.781831482467943
-0.041875653729184
-0.726917207456697
0.995129582585910
-0.578061096249470
-0.237080377715482
0.888960053096233
-0.928670899758839
0.328866646738513
0.497406623913180
-0.981148383394183
0.789237221724118
-0.053829843412086
-0.718646638372871
0.996238035791515
-0.587785252292366
-0.225436911090851
0.883415372204761
-0.933043264819445
0.340145095010460
0.486988824404348
-0.978765291933728
0.796529918024218
-0.065776323011823
-0.710273137068019
0.997203797181175
-0.597425219474929
-0.213761154992150
0.877744159160056
-0.937281989491884
0.351374824081225
0.476501273172331
-0.976242011289692
0.803708526830795
-0.077713381426423
-0.701797902883971
0.998026728428266
-0.606979617058082
-0.202054781745449
0.871947226253832
-0.941386466660887
0.362554225509686
0.465945472355851
-0.973578902873190
0.810772019947082
-0.089639308903314
-0.693222149733983
0.998706711663813
-0.616447076559483
-0.190319468062135
0.866025403784421
-0.945356108439544
0.373681698062547
0.455322933869063
-0.970776348122901
0.817719385664407
-0.101552397284444
-0.684547105928706
0.999243649493380
-0.625826241948807
-0.178556894798749
0.859979539938271
-0.949190346253506
0.384755647944957
0.444635179185001
-0.967834748450656
0.824549628907102
-0.113450940250034
-0.675774014000254
0.999637465011022
-0.635115769842151
-0.166768746716241
0.853810500668356
-0.952888630922488
0.395774489027727
0.433883739117656
-0.964754525183618
0.831261771375151
-0.125333233564107
-0.666904130524240
0.999888101810273
-0.644314329694621
-0.154956712238657
0.847519169570148
-0.956450432738653
0.406736643075981
0.423070153602717
-0.961536119504151
0.837854851683808
-0.137197575318585
-0.657938725939789
0.999995523992272
-0.653420603990211
-0.143122483211310
0.841106447755055
-0.959875241542902
0.417640539972287
0.412195971477009
-0.958179992386577
0.844327925502058
-0.149042266175927
-0.648879084367580
0.999959716170870
-0.662433288431561
-0.131267754658450
0.834573253721355
-0.963162566797664
0.428484617944883
0.401262750256645
-0.954686624531143
0.850680065687368
-0.160865609613874
-0.639726503425912
0.999780683474845
-0.671351092126069
-0.119394224540487
0.827920523222641
-0.966311937657223
0.439267323789491
0.390272055913947
-0.951056516295181
0.856910362418605
-0.172665912166429
-0.630482294044854
0.999458451547165
-0.680172737770964
-0.107503593510342
0.821149209133788
-0.969322903035161
0.449987113092205
0.379225462653149
-0.947290187621432
0.863017923326352
-0.184441483669100
-0.621147780278472
0.998993066541317
-0.688896961836256
-0.095597564671663
0.814260281314480
-0.972195031668967
0.460642450450692
0.368124552684501
-0.943388177963579
0.869001873620723
-0.196190637499193
-0.611724299115190
0.998384595114696
-0.697522514745709
-0.083677843332184
0.807254726470286
-0.974927912181805
0.471231809694117
0.356970915999336
-0.939351046208981
0.874861356216663
-0.207911690817831
-0.602213200285926
0.997633124419055
-0.706048161055820
-0.071746136761274
0.800133548011342
-0.977521153141438
0.481753674101729
0.345766150139804
-0.935179370598621
0.880595531856702
-0.219602964810994
-0.592615846072216
0.996738762088027
-0.714472679632773
-0.059804153944955
0.792897765908629
-0.979974383116293
0.492206536620108
0.334511859971740
-0.930873748644284
0.886203579231167
-0.231262784929973
-0.582933611108931
0.995701636221705
-0.722794863827344
-0.047853605341122
0.785548416547599
-0.982287250728658
0.502588900079019
0.323209657454379
-0.926434797042980
0.891684695095820
-0.242889481131217
-0.573167882188826
0.994521895368295
-0.731013521647725
-0.035896202634555
0.778086552580857
-0.984459424705015
0.512899277405852
0.311861161409471
-0.921863151588430
0.897038094386901
