0.000000000000000
0.625437223758883
-0.976025421103624
0.897698250837942
-0.424876667889836
-0.234657400467718
0.791071034656343
-0.999847695156390
0.769240265396245
-0.200589415783267
-0.456210657353167
0.912528491425409
-0.967834748450663
0.597825037323708
0.034899496702511
-0.652287411278125
0.983026957126159
-0.881774303211641
0.393025031653913
0.268439491255903
-0.811938005715862
0.998629534754572
-0.746472295365142
0.166277043794114
0.486988824404383
-0.926246956610314
0.958464918240231
-0.569484493168433
-0.069756473744145
0.678342887063902
-0.988830826225130
0.864776049423795
-0.360694554957784
-0.301894529873918
0.831815755384884
-0.996194698091742
0.722794863827376
-0.131762088840120
-0.517173670587937
0.938836932555994
-0.947927346167124
0.540450119880598
0.104528463267683
-0.703571906532501
0.993429957280057
-0.846724199228265
0.327924627507175
0.334981756510576
-0.850680065687359
0.992546151641317
-0.698236818086050
0.097086602077260
0.546728420318363
-0.950283080316093
0.936234870639720
-0.510757291371648
-0.139173100960104
0.727943732009935
-0.996818746958193
0.827640746023848
-0.294755174410879
-0.367660859476922
0.868507953367012
-0.987688340595130
0.672828078337022
-0.062292830244815
-0.575617065685701
0.960571454522718
-0.923401737138372
0.480442183779291
0.173648177666979
-0.751428670181050
0.998993066541316
-0.807548940058675
0.261226607538104
0.399892024319796
-0.885277697888881
0.981627183447653
-0.646599601215760
0.027423164194190
0.603804410325512
-0.969689520376696
0.909443580859454
-0.449541731392444
-0.207911690817817
0.773998108266262
-0.999950266955943
0.786473260103419
-0.227379776282917
-0.431635982329681
0.900968867902447
-0.974370064785220
0.619583342081450
0.007479912757790
-0.631256112300280
0.977626168919314
-0.894377407666302
0.418093581652489
0.241921895599734
-0.795624548881820
0.999689182000814
-0.764439383627645
0.193255917795499
0.462854058383497
-0.915562346134078
0.965925826289056
-0.591812216084333
-0.042373876588296
0.657938725939781
-0.984371730566876
0.878221573370187
-0.386136049285670
-0.275637355817075
0.816281643541131
-0.998210129767730
0.741474155515780
-0.158896606741039
-0.493508218064400
0.929040352678523
-0.956304755963018
0.563320058063579
0.077216214377345
-0.683819742589394
0.989917986891576
-0.860995761366582
0.353708069622495
0.309016994375031
-0.835944224756335
0.995514912254006
-0.717605555360757
0.124343704647411
0.523561114000705
-0.941386466660925
0.945518575599295
-0.534141581324876
-0.111964476103366
0.708867630217017
-0.994258180634424
0.842720958653982
-0.320849151161036
-0.342020143325761
0.854588336701010
-0.991606813167017
0.692862663375188
-0.089639308903349
-0.552976131368007
0.952585646243169
-0.933580426497174
0.504312335347532
0.146576326362116
-0.733051871829908
0.997387023937901
-0.823419430264473
0.287599327431910
0.374606593416012
-0.872191264396656
0.986490593923504
-0.667275624961607
0.054825701469265
0.581717432498680
-0.962624246950035
0.920504853452406
-0.473868662472927
-0.181009595945546
0.756343002654959
-0.999300704788402
0.803114692137227
-0.253999108223588
-0.406736643075908
0.888731561387398
-0.980172487848521
0.640875613984941
-0.019945297363193
-0.609750000544554
0.971490038292890
-0.906307787036609
0.442847653626969
0.215222333218708
-0.778712646036982
0.999996891660591
-0.781831482467945
0.220089430227459
0.438371146789192
-0.904189075869192
0.972660192581091
-0.613694794791954
-0.014959407015378
0.637039682139551
-0.979172218670652
0.891006524188320
-0.411287103130519
-0.249172855231301
0.800133548011296
-0.999474736358004
0.759595731569183
-0.185911607162776
-0.469471562786012
0.918544975241689
-0.963962860695817
0.585766283023949
0.049845885660821
-0.663553229010301
0.985661428529882
-0.874619707139340
0.379225462652825
0.282819798501930
-0.820579610508450
0.997734875046445
-0.736434530278295
0.151507279442308
0.500000000000078
-0.931781769052839
0.954091088551898
-0.557124105270505
-0.084671634772813
0.689258338484082
-0.990949761767958
0.857167300702018
-0.346701794364040
-0.316122169413189
0.840025923150863
-0.994779427478916
0.712376096951229
-0.116918363439635
-0.529919264233338
0.943883330308418
-0.943056903383010
0.527803157613084
0.119394224540387
-0.714123692844446
0.995030775365414
-0.838670567945350
0.313755723344246
0.349039394155797
-0.858448793601929
0.990611994413035
-0.687449743083232
0.082187000421117
0.559192903470838
-0.954834915120058
0.930873748644165
-0.497839163110051
-0.153971350836741
0.738118997487480
-0.997899497235839
0.819152044288876
-0.280427389305813
-0.381531368162130
0.875825776431948
-0.985237653224026
0.661685837596721
-0.047355505202409
-0.587785252292616
0.964623180668701
-0.917556467632665
0.467268628272914
0.188360886759457
-0.761215017830513
0.999552432283507
-0.798635510047200
0.246757397690148
0.413558504966654
-0.892135700463947
0.978662951718809
-0.635115769842073
0.012466314595282
0.615661475325760
-0.973236201460480
0.903121285404138
-0.436128798589541
-0.222520933956428
0.783383614930578
-0.999987566661690
0.777145961456832
-0.212786770195350
-0.445081784436783
0.907358694567952
-0.970895900158369
0.607771911353868
0.022438064296005
-0.642787609686689
0.980663483856348
-0.887585789004466
0.404457613145476
0.256409873672205
-0.804597779766774
0.999204370226171
-0.754709580222658
0.178556894798469
0.476062800312067
-0.921476211870470
0.961945961498661
-0.579687576411854
-0.057315105862152
0.669130606358969
-0.986895978856744
0.870968906043053
-0.372293658401815
-0.289986417453716
0.824831666147179
-0.997203797181161
0.731353701619006
-0.144109475329746
-0.506463806997123
0.934471052351396
-0.951824039861252
0.550896981451916
0.092122317800635
-0.694658370459152
0.991926093126592
-0.853290881632045
0.339676121182728
0.323209657454652
-0.844060622197895
0.993988284916763
-0.707106781186411
0.109486480663809
0.536247765548024
-0.946327383799222
0.940542467248560
-0.521435203379347
-0.126817292885119
0.719339800338768
-0.995747698246452
0.834573253721212
-0.306644740933182
-0.356039116274502
0.862261220398039
-0.989561751039338
0.681998360062308
-0.074730093586169
-0.565378388799336
0.957030761100484
-0.928114988518946
0.491338136832299
0.161357760633043
-0.743144825477551
0.998356138179183
-0.814838826856811
0.273239761301702
0.388434796274899
-0.879411286122343
0.983929588598590
-0.656059028990346
0.039882659400896
0.593820185573667
-0.966568143838598
0.914556744641019
-0.460642450450458
-0.195701638804780
0.766044443119099
-0.999748234942510
0.794111644398250
-0.239501881110544
-0.420357228309724
0.895489924657377
-0.977098659516848
0.629320391049620
-0.004986634338482
-0.621538503922954
0.974927912181882
-0.899884254246366
0.429385542199172
0.229807084675271
-0.788010753606879
0.999922292480971
-0.772416959224441
0.205472204769579
0.451767519813024
-0.910477546658914
0.969077286229019
-0.601815023151862
-0.029915466169627
0.648499573345789
-0.982099881040280
0.884115393504507
-0.397605493806590
-0.263632546012043
0.809016994375069
-0.998878098732266
0.749781202967600
-0.171192192197779
-0.482627402182781
0.924355892018114
-0.959875241542803
0.573576436350801
0.064781119290447
-0.674670545932289
0.988075312474540
-0.867269374343144
0.365341024366132
0.297136811701089
-0.829037572555195
0.996616925885625
-0.726231953809808
0.136703608309810
0.512899277406130
-0.937108052109043
0.949503736732245
-0.544639035014815
-0.099567846596064
0.700019536383518
-0.992846926341865
0.849366721041807
-0.332631443164060
-0.330279061955385
0.848048096156546
-0.993141528831871
0.701797902883833
-0.102048472132805
-0.542546263865939
0.948718490388866
-0.937975407878321
0.515038074909781
0.134233265817968
-0.724515660859487
0.996408909165791
-0.830429245225733
0.299516601786440
0.363018918048386
-0.866025403784528
0.988456141806946
-0.676508819316876
0.067269005611755
0.571532241276075
-0.959173061327066
0.925304300473935
-0.484809620246099
-0.168735142482521
0.748129074605702
-0.998756921218940
0.810480019292233
-0.266036845566320
-0.395316491508416
0.882947592859096
-0.982566473233242
0.650395513961606
-0.032407582169477
-0.599821894688192
0.968459027639289
-0.911505852311532
0.453990499739346
0.203031441367504
-0.770831008314962
0.999888101810277
-0.789543348300105
0.232232964429930
0.427132432717381
-0.898794046299304
0.975479698764669
-0.623489801858492
-0.002493324919670
0.627380757516926
-0.976565075806015
0.896596874674889
-0.422618261740538
-0.237080377715777
0.792593803178146
-0.999801072770517
0.767644740357760
-0.198146143199128
-0.458427978851991
0.913545457642709
-0.967204452544225
0.595824463473057
0.037391194276697
-0.654175253533226
0.983481329856233
-0.880595531856620
0.390731128488944
0.270840468143237
-0.813390944581731
0.998495940131138
-0.744810875546038
0.163817911414913
0.489165001109583
-0.927183854566869
0.957750816684834
-0.567433204758605
-0.072243508222942
0.680172737771071
-0.989199363399662
0.863521319028129
-0.358367949545010
-0.304270581180257
0.833197094412616
-0.995974293995201
0.721069573411786
-0.129290092739629
-0.519306051163417
0.939692620786045
-0.947130308985520
0.538350616090350
0.107007804582677
-0.705341536300683
0.993712209893272
-0.845395038487546
0.325568154456907
0.337329987383182
-0.851988121928136
0.992239206600125
-0.696449759074587
0.094604754002178
0.548814406786874
-0.951056516295262
0.935355868898949
-0.508612130123132
-0.141641728415817
0.729650984817683
-0.997014371128762
0.826238774315806
-0.292371704722529
