0.000000000000000
0.928300523118957
-0.690341439691896
-0.414920112910130
0.998901589093855
-0.327924627507203
-0.755036640377521
0.889416373291295
0.093611849232836
-0.959031909598966
0.619583342081495
0.498271578510749
-0.990128774621970
0.238049156779103
0.813100761047030
-0.842720958654036
-0.186401556029765
0.981340635521230
-0.543383777794797
-0.577246993294535
0.972660192581118
-0.146083028562404
-0.864023855812191
0.788624379875522
0.277554198388945
-0.995030775365401
0.462411966550375
0.651152758743581
-0.946649260115692
0.052833931812004
0.907358694567867
-0.727601738061184
-0.366269231763465
0.999982096009160
-0.377379040140631
-0.719339800338657
0.912324417231446
0.040879176895791
-0.942724690773082
0.660188962196477
0.451767519812818
-0.996151112670948
0.289031796944458
0.781209268031045
-0.869987120530003
-0.134233265817668
0.969811243937551
-0.586978102371383
-0.533298177137582
0.983571470813381
-0.198146143199384
-0.836217795619852
0.820009195677932
0.226408456287668
-0.988380467458433
0.508612130123418
0.610145163901286
-0.962353650653274
0.105520278635146
0.883882272844574
-0.762829571862255
-0.316595223269731
0.998269277850216
-0.425779291565046
-0.681633574422581
0.932683996873420
-0.011967686315575
-0.923784088282282
0.698950426911873
0.404001504980017
-0.999390827019094
0.339207062888942
0.747135564508173
-0.894823082057637
-0.081690011745021
0.955572805786146
-0.628932776940307
-0.487859659138765
0.991735265002978
-0.249655761336396
-0.806075865470074
0.849103418222184
0.174630270445154
-0.978969242177377
0.553391549243320
0.567433204758800
-0.975369826478423
0.157911867740795
0.857936836400645
-0.795926536541800
-0.266036845566699
0.993767919160597
-0.472990181723925
-0.642023290261380
0.950438240274657
-0.064781119290126
-0.902263010333678
0.735759460917819
0.355106962408172
-0.999838867929058
0.388434796274669
0.710974831112926
-0.917159467080749
-0.028918566828725
0.938665094365428
-0.669130606358836
-0.441058366122252
0.997128770610606
-0.300467997289413
-0.773682263079622
0.875825776431841
0.122364276755775
-0.966823388604471
0.596625138196314
0.523136191838725
-0.985661428529857
0.209862349769186
0.829594860571858
-0.826800179863238
-0.214735327167100
0.986490593923526
-0.518879832892870
-0.600619594236011
0.965537553173959
-0.117413594299956
-0.878221573370244
0.770513242775752
0.305220472894384
-0.997493983854525
0.436577485577633
0.672828078337079
-0.936933881697887
0.023933658491725
0.919135339255252
-0.707459303011721
-0.393025031653957
0.999736921552069
-0.350440913424444
-0.739127475930376
0.900101624737216
0.069756473744163
-0.951976834664492
0.638192129352128
0.477377863313358
-0.993199708502803
0.261226607538100
0.798935515127404
-0.855364260160491
-0.162833972454336
0.976457630438022
-0.563320058063588
-0.557538142399454
0.977939757526852
-0.169718089100616
-0.851726934143087
0.803114692137276
0.254481388115628
-0.992362724936247
0.483500650208922
0.632801864369540
-0.954091088551910
0.076719028126752
0.897038094386982
-0.743811800472682
-0.343893830853800
0.999552432283504
-0.399434916642464
-0.702508028503870
0.921863151588477
0.016953814736708
-0.934471052351331
0.677976410513169
0.430286039357592
-0.997963609153798
0.311861161409450
0.766044443119008
-0.881538987243235
-0.110477761379603
0.963697054534316
-0.606186719018164
-0.512899277405948
0.987610209324658
-0.221548497619430
-0.822853102117300
0.833472740925899
0.203031441367226
-0.984459424705061
0.529073216169485
0.591007997439142
-0.968583161128609
0.129290092739982
0.872435085653958
-0.778086552580889
-0.293802005593975
0.996575818152640
-0.447313148315584
-0.663926212652298
0.941049568878622
-0.035896202634517
-0.914354941881208
0.715866849259680
0.381992265099334
-0.999939823121437
0.361624570082030
0.731013521647851
-0.905251245280990
-0.057812944478642
0.948244511287258
-0.647360073093925
-0.466827692348942
0.994521895368266
-0.272760038084417
-0.791680732735987
0.861502587724516
0.151014351648724
-0.973806160042919
0.573167882188855
0.547563223492637
-0.980369617633522
0.181500001629124
0.845395038487781
-0.810187817097771
-0.242889481131324
0.990815393959227
-0.493941866584148
-0.623489801858781
0.957607281747628
-0.088645948447534
-0.891684695095910
0.751757603383956
0.332631443164341
-0.999122830098861
0.410377825689711
0.693940605217163
-0.926434797042850
-0.004986634338822
0.930143165446148
-0.686725107669267
-0.419452082446246
0.998655508726061
-0.323209657454398
-0.758296902119108
0.887125934657333
0.098575422202521
-0.960432689513944
0.615661475325605
0.502588900079128
-0.989417534072661
0.233202912935515
0.815993485882611
-0.840025923150733
-0.191298475243177
0.982287250728709
-0.539190819948312
-0.581311750185916
0.971490038292850
-0.141148072876668
-0.866523638498068
0.785548416547657
0.282341456842977
-0.995514912254021
0.457984742102983
0.654929252388178
-0.945030468923118
0.047853605341126
0.909443580859535
-0.724171861437401
-0.370904785546333
0.999999502665477
-0.372756431019375
-0.722794863827442
0.910271206105419
0.045861134627822
-0.944376370237508
0.656435295035270
0.456210657353280
-0.995701636221678
0.284254401034740
0.784312557402980
-0.867517521717662
-0.139173100960141
0.971015210763918
-0.582933611108948
-0.537509876752367
0.982659058768018
-0.193255917795421
-0.838942056356285
0.817144898335089
0.231262784930095
-0.989126147854749
0.504312335347525
0.614088436501950
-0.960986316235202
0.100560171952044
0.886203579231240
-0.759595731569188
-0.321321412458949
0.998550122907324
-0.421261956056496
-0.685273788370326
0.930873748644173
-0.006981260297800
-0.925682053535898
0.695375444745639
0.408558047142742
-0.999204370226173
0.334511859971745
0.750440749765156
-0.892585818452056
-0.086658964004185
0.957030761100436
-0.625048050043051
-0.492206536620231
0.991083143909586
-0.244823926448136
-0.809016994375031
0.846458787921166
0.179538109315172
-0.979974383116350
0.549231195078487
0.571532241276009
-0.974257768312752
0.152985836283906
0.860488078602930
-0.792897765908434
-0.270840468143145
0.994311418112913
-0.468590738440649
-0.645838486185135
0.948876011644456
-0.059804153944944
-0.904401959647637
0.732373150012679
0.359764181061902
-0.999915951636248
0.383834901812863
0.714472679632883
-0.915160788198395
-0.033902756057131
0.940372965551616
-0.665416495326191
-0.445528279011137
0.996738762088002
-0.295708050043946
-0.776832044476815
0.873408200617055
0.127311916418666
-0.968085182350417
0.592615846072221
0.527379542126070
-0.984807753012190
0.204984153792058
0.832368912013357
-0.823984939381934
-0.219602964811020
0.987295228574619
-0.514610571130031
-0.604599114862443
0.964227708033344
-0.112459992158257
-0.880595531856784
0.767325062368227
0.309965358680559
-0.997834392738118
0.432085748801913
0.676508819317120
-0.935179370598508
0.018948155004180
0.921088355588517
-0.703926182748848
-0.397605493806881
0.999610115040348
-0.345766150139795
-0.742477111298991
0.897917856604779
0.074730093586583
-0.953491756554223
0.634345098725577
0.481753674101865
-0.992606800269045
0.256409873671928
0.801924626841933
-0.852770413853860
-0.167752028028113
0.977521153141502
-0.559192903470612
-0.561670871434876
0.976885954764626
-0.164801687431213
-0.854329270445737
0.800133548011142
0.259300686788504
-0.992965508106554
0.479129618224790
0.636655216119472
-0.952585646243095
0.071746136761249
0.899230800360121
-0.740469540309664
-0.348572047321949
0.999689182000818
-0.394858395685982
-0.706048161055941
0.919919291221808
0.021939521572841
-0.936234870639795
0.674302387583624
0.434782087366344
-0.997633124419033
0.307119344598559
0.769240265396320
-0.879173780696961
-0.115432496909350
0.965016494472343
-0.602213200285919
-0.517173670588058
0.986815392607189
-0.216683029776346
-0.825676546934698
0.830706960534851
0.207911690817871
-0.985322898362588
0.524835098908767
0.595023196102139
-0.967330992875418
0.124343704647313
0.874861356216754
-0.774944488704112
-0.298564908364071
0.996975742105734
-0.442847653626946
-0.667646953469712
0.939351046208867
-0.030912335753994
-0.916362729562323
0.712376096951221
0.386595991179884
-0.999872685053498
0.356970915999313
0.734407127357648
-0.903121285404139
-0.062790519529513
0.949816182769192
-0.643551289750688
-0.471231809694267
0.993988284916765
-0.267959095144256
-0.794717399127622
0.858959896930566
0.155941919509962
-0.974927912181850
0.569074518302771
0.551729053112830
-0.979374221211569
0.176593933926615
0.848048096156521
-0.807254726470080
-0.247723765629265
0.991477375010501
-0.489599871964913
-0.627380757516790
0.956158841385679
-0.083677843332144
-0.893930843665562
0.748459872677158
0.337329987383003
-0.999319226239549
0.405825333736704
0.697522514745842
-0.924546033612250
-0.009973144676621
0.931962678204048
-0.683091699075494
-0.423973621603062
0.998384595114677
-0.318486650251507
-0.761538307536835
0.884813436149682
0.103536543929105
-0.961809586659811
0.611724299114902
0.506893723931888
-0.988681689997499
0.228350870110516
0.818865919672071
-0.837309998994419
-0.196190637499248
0.983209439716761
-0.534984454218029
-0.585362051785963
0.970295726275963
-0.136209607307413
-0.869001873620823
0.782452919241355
0.287121694403333
-0.995974293995255
0.453546129097134
0.658689460118773
-0.943388177963464
0.042872088910034
0.911505852311729
-0.720723977066099
-0.375531116159909
0.999992042657545
-0.368124552684465
-0.726231953810126
0.908195359559728
0.050841951945749
-0.946004566200145
0.652665304509797
0.460642450450756
-0.995227399981809
