0.000000000000000
0.772733573497350
-0.980955155349191
0.472550764869053
0.381070376350275
-0.956304755963035
0.832921240710098
-0.101056297182945
-0.704634209963595
0.995561964603079
-0.559192903470744
-0.285688367404974
0.921863151588501
-0.884580975215081
0.201077921145961
0.629320391049838
-0.999975630705394
0.640109699484950
0.187381314585732
-0.877982975427981
0.927183854566785
-0.299040792256080
-0.547563223492551
0.994150963972315
-0.714472679632799
-0.087155742747665
0.825113498278300
-0.960293685676941
0.393941909590945
0.460199784783852
-0.978147600733805
0.781520472418815
-0.013962180339138
-0.763796028634647
0.983571470813383
-0.484809620246325
-0.368124552684692
0.952129392742139
-0.840566603495681
0.114937150492860
0.694658370459003
-0.996778878456245
0.570713567684420
0.272280247040589
-0.916362729562240
0.891006524188365
-0.214735327167056
-0.618408395357560
0.999780683474845
-0.650774217265841
-0.173648177666945
0.871213811120197
-0.932323801215505
0.312334918512226
0.535826794979003
-0.992546151641322
0.724171861437458
0.073238197127646
-0.817144898335129
0.964095404234104
-0.406736643075794
-0.447759087838790
0.975149354305565
-0.790155012375673
0.027921638723554
0.754709580222773
-0.985996037070501
0.496973961027549
0.355106962408158
-0.947768410009588
0.848048096156411
-0.128795596577548
-0.684547105928710
0.997801468292048
-0.582122970157284
-0.258819045102542
0.910683660806180
-0.897258369674316
0.228350870110642
0.607375839723310
-0.999390827019095
0.661311865323647
0.159881187691857
-0.864274801953709
0.937281989491881
-0.325568154457143
-0.523985905970104
0.990747840471445
-0.733729864502872
-0.059306373575983
0.809016994374952
-0.967709170481964
0.419452082446164
0.435231099372354
-0.971961000578549
0.798635510047272
-0.041875653729178
-0.745475999682868
0.988228381446548
-0.509041415750359
-0.342020143325696
0.943222657947606
-0.855364260160488
0.142628933705490
0.674302387583751
-0.998629534754572
0.593418886603690
0.245307385878831
-0.904827052466026
0.903335292863286
-0.241921895599647
-0.596224874965645
0.998806137341434
-0.671720589322980
-0.146083028562440
0.857167300702135
-0.942057452787294
0.338737920245271
0.512042864870603
-0.988756381047013
0.743144825477385
0.045362988129283
-0.800731370948760
0.971134279909634
-0.432085748801963
-0.422618261740733
0.968583161128643
-0.806960312143794
0.055821504993135
0.736097087119764
-0.990268068741569
0.521009631840558
0.328866646738618
-0.938493022759573
0.862513669207250
-0.156434465040202
-0.663926212652275
0.999262916410620
-0.604599114862358
-0.231747903494193
0.898794046299189
-0.909236109047063
0.255445757935763
0.584957674987251
-0.998026728428274
0.681998360062483
0.132256390257159
-0.849892692986891
0.946649260115691
-0.351841648404675
-0.500000000000038
0.986572161606978
-0.752414908895710
-0.031410759078165
0.792289643355222
-0.974370064785232
0.444635179184902
0.409923033841613
-0.965016494472326
0.815127795728542
-0.069756473744089
-0.726574670971011
0.992114701314475
-0.532876276070706
-0.315649036947144
0.933580426497223
-0.869494929505208
0.170209499165997
0.653420603990144
-0.999701489781182
0.615661475325636
0.218143241396585
-0.892585818452152
0.914959667849816
-0.268919820615231
-0.573576436351088
0.997052752226920
-0.692143173870386
-0.118403968306544
0.842452397007179
-0.951056516295147
0.364876784337586
0.487859659138777
-0.984195607969253
0.761538307536718
0.017452406437327
-0.783693457325876
0.977415894286091
-0.457097927058662
-0.397147890634828
0.961261695938337
-0.823136368534426
0.083677843332272
0.716910607650524
-0.993767919160593
0.544639035014997
0.302369890750493
-0.928485826880938
0.876306680043850
-0.183951350612677
-0.642787609686584
0.999945169365511
-0.626603811364433
-0.204496051841840
0.886203579231245
-0.920504853452429
0.282341456842835
0.562083377852179
-0.995884398615976
0.702153052995137
0.104528463267704
-0.834847863263443
0.955278362122335
-0.377840786818427
-0.475624209070327
0.981627183447677
-0.770513242775766
-0.003490651415275
0.774944488704221
-0.980271174621716
0.469471562785853
0.384295322659858
-0.957319497532088
0.830984469274308
-0.097582899759099
-0.707106781186594
0.995227399981828
-0.556295615500269
-0.289031796944527
0.923210217113009
-0.882947592858883
0.197657340379021
0.632029302664858
-0.999993907657790
0.637423989748656
0.190808995376602
-0.879648572866651
0.925870584809960
-0.295708050043944
-0.550480740085003
0.994521895368275
-0.712026045990966
-0.090632580197838
0.827080574274603
-0.959313974540031
0.390731128489175
0.463296035119870
-0.978867388761689
0.779337964931447
-0.010471784116188
-0.766044443119025
0.982935349149537
-0.481753674101621
-0.371367835550243
0.953190667792954
-0.838670567945400
0.111468932206268
0.697165102854617
-0.996492859249496
0.567843745053013
0.275637355817008
-0.917754625683990
0.889416373291278
-0.211324796455332
-0.621147780278368
0.999847695156392
-0.648119901063049
-0.177084740319592
0.872922077269821
-0.931055815862512
0.309016994374892
0.538770785006925
-0.992965508106547
0.721760228098288
0.076719028126827
-0.819152044289005
0.963162566797646
-0.403545296352337
-0.450877540689496
0.975916761938766
-0.788010753606656
0.024432178152645
0.756995055651772
-0.985407898483482
0.493941866584181
0.358367949545368
-0.948876011644524
0.846193166127507
-0.125333233564183
-0.687087510804440
0.997564050259820
-0.579281172342632
-0.262189178640935
0.912120116172309
-0.895711760239365
0.224951054343746
0.610145163901286
-0.999506560365732
0.658689460118637
0.163325962241694
-0.866025403784482
0.936059535738935
-0.322265695230396
-0.526955795496697
0.991215540251546
-0.731353701619131
-0.062790519529386
0.811063818989378
-0.966823388604432
0.416280792260290
0.438371146789098
-0.972775878209405
0.796529918024161
-0.038387809087447
-0.747798090498590
0.987688340595120
-0.506033764121059
-0.345298198998557
0.944376370237493
-0.853550797275297
0.139173100959994
0.676875969682725
-0.998440764181974
0.590605667619827
0.248689887164877
-0.906307787036666
0.901832526405089
-0.238533457578511
-0.599023598515656
0.998970569790718
-0.669130606358768
-0.149535343443732
0.858959896930684
-0.940880768954206
0.335451569750187
0.515038074910129
-0.989272332963003
0.740804596286668
0.048849769795636
-0.802817475191137
0.970295726275982
-0.428935133403081
-0.425779291565152
0.969445349895163
-0.804893797355842
0.052335956242921
0.738455340625909
-0.989776230907780
0.518027009373068
0.332161131883786
-0.939692620785943
0.860742027003882
-0.152985836284015
-0.666532470249481
0.999122830098855
-0.601815023151991
-0.235142113102675
0.900318771402238
-0.907777478532857
0.252069358242981
0.587785252292504
-0.998239827923768
0.679441304261464
0.135715572434391
-0.851726934143101
0.945518575599277
-0.348572047321687
-0.503019946630268
0.987136265072996
-0.750111069630412
-0.034899496702588
0.794414620535480
-0.973578902873132
0.441505852791623
0.413104429824576
-0.965925826289081
0.813100761046986
-0.066273900399913
-0.728968627421481
0.991671162383074
-0.529919264233089
-0.318959309298106
0.934825676396033
-0.867765453368892
0.166768746716016
0.656059028990584
-0.999610115040350
0.612907053652869
0.221548497619504
-0.894154236839392
0.913545457642571
-0.265556117486725
-0.576432316169877
0.997314477224466
-0.689619543735571
-0.121869343405185
0.844327925502043
-0.949972051524630
0.361624570082011
0.490903753615230
-0.984807753012228
0.759271307334792
0.020942419883395
-0.785856893175434
0.976672278334152
-0.453990499739469
-0.400349032556989
0.962217993529317
-0.821149209133626
0.080198924328822
0.719339800338688
-0.993372765600387
0.541708210282667
0.305695304963203
-0.929776485888294
0.874619707139330
-0.180519145250411
-0.645457687723991
0.999902524009302
-0.623879596709318
-0.207911690817859
0.887815385136455
-0.919135339255181
0.278991106039084
0.564967003424981
-0.996194698091751
0.699663340513303
0.107999355706124
-0.836764313459025
0.954240328516236
-0.374606593415772
-0.478691857940653
0.982287250728701
-0.768283523593468
-0.006981260298063
0.777145961457044
-0.979575249599316
0.466386640339758
0.387515586452151
-0.958322574465152
0.829037572554993
-0.094108313318413
-0.709570736536603
0.994880708828774
-0.553391549243218
-0.292371704722787
0.924546033612339
-0.881303452064951
0.194234351219872
0.634730513202358
-0.999999999999999
0.634730513202151
0.194234351220023
-0.881303452065024
0.924546033612280
-0.292371704722640
-0.553391549243441
0.994880708828801
-0.709570736536415
-0.094108313318679
0.829037572555143
-0.958322574465076
0.387515586451905
0.466386640339894
-0.979575249599347
0.777145961456947
-0.006981260297909
-0.768283523593566
0.982287250728672
-0.478691857940518
-0.374606593416020
0.954240328516316
-0.836764313458879
0.107999355705858
0.699663340513495
-0.996194698091727
0.564967003424761
0.278991106039232
-0.919135339255241
0.887815385136384
-0.207911690817709
-0.623879596709439
0.999902524009304
-0.645457687723873
-0.180519145250674
0.874619707139459
-0.929776485888196
0.305695304962948
0.541708210282892
-0.993372765600418
0.719339800338502
0.080198924328862
-0.821149209133714
0.962217993529275
-0.400349032556848
-0.453990499739607
0.976672278334185
-0.785856893175339
0.020942419883241
0.759271307334966
-0.984807753012181
0.490903753614997
0.361624570082261
-0.949972051524713
0.844327925501900
-0.121869343405145
-0.689619543735683
0.997314477224455
-0.576432316169751
-0.265556117486873
0.913545457642634
-0.894154236839323
