0.000000000000000
0.897038094386968
0.792897765908474
-0.196190637499095
-0.966311937657223
-0.657938725939711
0.384755647944936
0.998026728428271
0.497406623913221
-0.558365800629662
-0.990949761767934
-0.317541094684842
0.710273137068058
0.945356108439568
0.125333233564302
-0.834573253721303
-0.863017923326348
0.071746136761381
0.926434797042887
0.747135564508147
-0.266036845566677
-0.982287250728688
-0.602213200286078
0.449987113092124
0.999959716170870
0.433883739117555
-0.616447076559471
-0.978765291933709
-0.248689887164851
0.758946694294557
0.919527772551447
0.053829843412127
-0.871947226253864
-0.824549628907136
0.143122483211122
0.951056516295154
0.697522514745701
-0.334511859971849
-0.993199708502813
-0.543383777794803
0.512899277405910
0.996738762088013
0.368124552684674
-0.671351092126008
-0.961536119504145
-0.178556894798631
0.803708526830793
0.888960053096191
-0.017950993798104
-0.904827052466023
-0.781831482468026
0.213761154992122
0.970776348122918
0.644314329694489
-0.401262750256482
-0.998993066541314
-0.481753674101708
0.573167882188930
0.988380467458429
0.300467997289450
-0.722794863827399
-0.939351046208920
-0.107503593510522
0.844327925502021
0.853810500668342
-0.089639308903438
-0.933043264819448
-0.735083659720169
0.283298069832755
0.985492653565728
0.587785252292464
-0.465945472355831
-0.999637465011020
-0.417640539972119
0.630482294044719
0.974927912181822
0.231262784929939
-0.770513242775794
-0.912324417231451
-0.035896202634567
0.880595531856742
0.814260281314374
-0.160865609613714
-0.956450432738634
-0.684547105928682
0.351374824081359
0.995129582585912
0.528226641853076
-0.528226641853100
-0.995129582585909
-0.351374824081333
0.684547105928692
0.956450432738626
0.160865609613687
-0.814260281314382
-0.880595531856729
0.035896202634595
0.912324417231457
0.770513242775777
-0.231262784929966
-0.974927912181825
-0.630482294044698
0.417640539972145
0.999637465011020
0.465945472355818
-0.587785252292486
-0.985492653565724
-0.283298069832741
0.735083659720188
0.933043264819438
0.089639308903424
-0.853810500668356
-0.844327925502006
0.107503593510535
0.939351046208930
0.722794863827379
-0.300467997289463
-0.988380467458431
-0.573167882188919
0.481753674101739
0.998993066541313
0.401262750256456
-0.644314329694505
-0.970776348122915
-0.213761154992108
0.781831482468048
0.904827052466008
0.017950993798076
-0.888960053096200
-0.803708526830780
0.178556894798645
0.961536119504149
0.671351092125982
-0.368124552684700
-0.996738762088015
-0.512899277405892
0.543383777794815
0.993199708502811
0.334511859971816
-0.697522514745721
-0.951056516295146
-0.143122483211101
0.824549628907148
0.871947226253857
-0.053829843412133
-0.919527772551461
-0.758946694294539
0.248689887164875
0.978765291933714
0.616447076559460
-0.433883739117565
-0.999959716170870
-0.449987113092096
0.602213200286100
0.982287250728684
0.266036845566661
-0.747135564508156
-0.926434797042874
-0.071746136761349
0.863017923326362
0.834573253721290
-0.125333233564321
-0.945356108439572
-0.710273137068050
0.317541094684875
0.990949761767938
0.558365800629642
-0.497406623913239
-0.998026728428270
-0.384755647944925
0.657938725939738
0.966311937657215
0.196190637499069
-0.792897765908488
-0.897038094386960
0.000000000000014
0.897038094386984
0.792897765908454
-0.196190637499124
-0.966311937657229
-0.657938725939696
0.384755647944951
0.998026728428271
0.497406623913190
-0.558365800629688
-0.990949761767930
-0.317541094684822
0.710273137068070
0.945356108439563
0.125333233564266
-0.834573253721321
-0.863017923326334
0.071746136761405
0.926434797042895
0.747135564508137
-0.266036845566687
-0.982287250728695
-0.602213200286056
0.449987113092146
0.999959716170870
0.433883739117540
-0.616447076559481
-0.978765291933702
-0.248689887164820
0.758946694294575
0.919527772551439
0.053829843412106
-0.871947226253870
-0.824549628907132
0.143122483211157
0.951056516295163
0.697522514745681
-0.334511859971868
-0.993199708502814
-0.543383777794791
0.512899277405940
0.996738762088011
0.368124552684648
-0.671351092126024
-0.961536119504141
-0.178556894798618
0.803708526830814
0.888960053096175
-0.017950993798132
-0.904827052466031
-0.781831482468013
0.213761154992135
0.970776348122921
0.644314329694462
-0.401262750256508
-0.998993066541315
-0.481753674101665
0.573167882188941
0.988380467458422
0.300467997289437
-0.722794863827418
-0.939351046208920
-0.107503593510494
0.844327925502044
0.853810500668335
-0.089639308903480
-0.933043264819448
-0.735083659720150
0.283298069832754
0.985492653565731
0.587785252292429
-0.465945472355843
-0.999637465011019
-0.417640539972120
0.630482294044741
0.974927912181809
0.231262784929925
-0.770513242775821
-0.912324417231446
-0.035896202634539
0.880595531856742
0.814260281314358
-0.160865609613756
-0.956450432738638
-0.684547105928652
0.351374824081358
0.995129582585914
0.528226641853077
-0.528226641853112
-0.995129582585905
-0.351374824081320
0.684547105928723
0.956450432738626
0.160865609613659
-0.814260281314415
-0.880595531856722
0.035896202634637
0.912324417231463
0.770513242775759
-0.231262784929965
-0.974927912181831
-0.630482294044665
0.417640539972157
0.999637465011022
0.465945472355806
-0.587785252292509
-0.985492653565724
-0.283298069832715
0.735083659720217
0.933043264819433
0.089639308903382
-0.853810500668356
-0.844327925501991
0.107503593510535
0.939351046208934
0.722794863827350
-0.300467997289476
-0.988380467458437
-0.573167882188908
0.481753674101751
0.998993066541311
0.401262750256444
-0.644314329694537
-0.970776348122911
-0.213761154992067
0.781831482468039
0.904827052466002
0.017950993798034
-0.888960053096207
-0.803708526830755
0.178556894798658
0.961536119504161
0.671351092125993
-0.368124552684713
-0.996738762088019
-0.512899277405880
0.543383777794850
0.993199708502809
0.334511859971803
-0.697522514745751
-0.951056516295141
-0.143122483211060
0.824549628907155
0.871947226253836
-0.053829843412147
-0.919527772551467
-0.758946694294511
0.248689887164888
0.978765291933722
0.616447076559449
-0.433883739117603
-0.999959716170870
-0.449987113092084
0.602213200286134
0.982287250728682
0.266036845566620
-0.747135564508165
-0.926434797042868
-0.071746136761307
0.863017923326369
0.834573253721267
-0.125333233564335
-0.945356108439586
-0.710273137068041
0.317541094684888
0.990949761767943
0.558365800629631
-0.497406623913275
-0.998026728428269
-0.384755647944886
0.657938725939727
0.966311937657211
0.196190637499028
-0.792897765908496
-0.897038094386941
0.000000000000027
0.897038094386991
0.792897765908428
-0.196190637499137
-0.966311937657240
-0.657938725939686
0.384755647944990
0.998026728428272
0.497406623913178
-0.558365800629723
-0.990949761767928
-0.317541094684782
0.710273137068079
0.945356108439549
0.125333233564280
-0.834573253721328
-0.863017923326313
0.071746136761419
0.926434797042911
0.747135564508128
-0.266036845566728
-0.982287250728692
-0.602213200286045
0.449987113092184
0.999959716170870
0.433883739117502
-0.616447076559492
-0.978765291933699
-0.248689887164780
0.758946694294584
0.919527772551423
0.053829843412092
-0.871947226253891
-0.824549628907124
0.143122483211170
0.951056516295176
0.697522514745671
-0.334511859971908
-0.993199708502816
-0.543383777794756
0.512899277405928
0.996738762088010
0.368124552684609
-0.671351092126034
-0.961536119504130
-0.178556894798604
0.803708526830822
0.888960053096155
-0.017950993798145
-0.904827052466049
-0.781831482468004
0.213761154992176
0.970776348122925
0.644314329694452
-0.401262750256546
-0.998993066541316
-0.481753674101653
0.573167882188953
0.988380467458420
0.300467997289424
-0.722794863827428
-0.939351046208896
-0.107503593510480
0.844327925502051
0.853810500668328
-0.089639308903493
-0.933043264819453
-0.735083659720141
0.283298069832822
0.985492653565733
0.587785252292418
-0.465945472355855
-0.999637465011019
-0.417640539972056
0.630482294044752
0.974927912181806
0.231262784929912
-0.770513242775830
-0.912324417231440
-0.035896202634525
0.880595531856775
0.814260281314350
-0.160865609613770
-0.956450432738642
-0.684547105928642
0.351374824081371
0.995129582585916
0.528226641853017
-0.528226641853123
-0.995129582585903
-0.351374824081307
0.684547105928733
0.956450432738605
0.160865609613646
-0.814260281314423
-0.880595531856716
0.035896202634651
0.912324417231468
0.770513242775750
-0.231262784930034
-0.974927912181834
-0.630482294044654
0.417640539972170
0.999637465011022
0.465945472355794
-0.587785252292520
-0.985492653565712
-0.283298069832701
0.735083659720226
0.933043264819428
0.089639308903368
-0.853810500668393
-0.844327925501953
0.107503593510549
0.939351046208939
0.722794863827341
-0.300467997289543
-0.988380467458431
-0.573167882188896
0.481753674101763
0.998993066541310
0.401262750256379
-0.644314329694504
-0.970776348122908
-0.213761154992054
0.781831482468083
0.904827052465972
0.017950993798077
-0.888960053096213
-0.803708526830747
0.178556894798728
0.961536119504180
0.671351092125983
-0.368124552684725
-0.996738762088020
-0.512899277405820
0.543383777794814
0.993199708502808
0.334511859971790
-0.697522514745761
-0.951056516295120
-0.143122483211102
0.824549628907163
0.871947226253829
-0.053829843412217
-0.919527772551494
-0.758946694294539
0.248689887164901
0.978765291933725
0.616447076559393
-0.433883739117666
-0.999959716170870
-0.449987113092072
0.602213200286145
0.982287250728668
0.266036845566662
-0.747135564508174
-0.926434797042863
-0.071746136761293
0.863017923326405
0.834573253721290
-0.125333233564348
