0.000000000000000
0.999909362145144
0.026924682845663
-0.999184357885974
-0.053829843412128
0.997734875046455
0.080695973575217
-0.995561964603079
-0.107503593510525
0.992667202067973
0.134233265817656
-0.989052686346543
-0.160865609613698
0.984721038215626
0.187381314585724
-0.979675398423234
-0.213761154992114
0.973919425411303
0.239986003602566
-0.967457292663056
-0.266036845566676
0.960293685676942
0.291894792201035
-0.952433798569321
-0.317541094684843
0.943883330308366
0.342957157654134
-0.934648480581911
-0.368124552684677
0.924735945302239
0.393025031653927
-0.914152911751093
-0.417640539972131
0.902907053368370
0.441953229673224
-0.891006524188367
-0.465945472355826
0.878459952927507
0.489599871965051
-0.865276436727945
-0.512899277405908
0.851465534561477
0.535826794978996
-0.837037260298629
-0.558365800629665
0.822002075447906
0.580499952001579
-0.806370881570465
-0.602213200286079
0.790155012375690
0.623489801858734
-0.773366225503508
-0.644314329694498
0.756016693999247
0.664671684553421
-0.738118997487342
-0.684547105928687
0.719686113050189
0.703926182748946
-0.700731405818909
-0.722794863827396
0.681268619282669
0.741139468049852
-0.661311865323652
-0.758946694294555
0.640875613985021
0.776203631076355
-0.619974682979084
-0.792897765908471
0.598624226943437
0.809016994374946
-0.576839726452743
-0.824549628907142
0.554636976794305
0.839484407258080
-0.532032076515340
-0.853810500668345
0.509041415750372
0.867517521717717
-0.485681664337305
-0.880595531856739
0.461969759730583
0.893035048612882
-0.437922894720356
-0.904827052466018
0.413558504966507
0.915962993388167
-0.388894256356603
-0.926434797042889
0.363948032196789
0.936234870639740
-0.338737920245292
-0.945356108439573
0.313282199597430
0.953791896906688
-0.287599327432011
-0.961536119504146
0.261707925628589
0.968583161128630
-0.235626767265301
-0.974927912181823
0.209374763007094
0.980565772275220
-0.182970947394060
-0.985492653565727
0.156434465040232
0.989704983719636
-0.129784556752286
-0.993199708502811
0.103040545578636
0.995974293995238
-0.076221822798875
-0.998026728428270
0.049347833863736
0.999355523643320
-0.022438064295815
-0.999959716170870
-0.004487974438920
0.999838867929057
0.031410759078126
-0.998993066541313
-0.058310768718941
0.997422925272834
0.085168498971966
-0.995129582585911
-0.111964476103318
0.992114701314477
0.138679271154450
-0.988380467458429
-0.165293514029475
0.983929588598628
0.191787907539954
-0.978765291933708
-0.218143241396540
0.972891321940141
0.244340406137896
-0.966311937657226
-0.270360406986358
0.959031909598966
0.296184377620487
-0.951056516295153
-0.321793593854462
0.942391540464033
0.347169487214408
-0.933043264819441
-0.372293658401939
0.923018467515393
0.397147890634778
-0.912324417231448
-0.421714162855309
0.900968867902423
0.445974662797073
-0.888960053096195
-0.469911799899914
0.876306680043864
0.493508218064358
-0.863017923326349
-0.516746808235985
0.849103418222190
0.539610720810778
-0.834573253721296
-0.562083377852128
0.819437965209723
0.584148485111088
-0.803708526830794
-0.605790043840824
0.787396343527998
0.626992362396803
-0.770513242775790
-0.647740067614443
0.753071466003591
0.668018115955493
-0.735083659720172
-0.687811804415973
0.716562866343805
0.707106781186545
-0.697522514745692
-0.725889056058908
0.677976410513228
0.744145010569356
-0.657938725939696
-0.761861407873394
0.637423989748691
0.779025402343254
-0.616447076559446
-0.795624548881774
0.595023196102032
0.811646811946207
-0.573167882188937
-0.827080574274559
0.550896981452091
0.841914645309185
-0.528226641853093
-0.856138269310463
0.505173300974482
0.869741133155685
-0.481753674101717
-0.882713373816688
0.457984742103041
0.895045585511169
-0.433883739117553
-0.906728826522716
0.409468140058908
0.917754625683979
-0.384755647944924
-0.928114988519049
0.359764181061817
0.937802403039830
-0.334511859971825
-0.946809845192911
0.309016994374950
0.955130783952426
-0.283298069832721
-0.962759186055457
0.257373734365297
0.969689520376691
-0.231262784929971
-0.975916761938746
0.204984153792218
0.981436395555745
-0.178556894798648
-0.986244419107041
0.152000169561246
0.990337346439115
-0.125333233564308
-0.993712209893243
0.098575422202415
0.996366562457241
-0.071746136761375
-0.998298479539765
0.044864830350535
0.999506560365730
-0.017950993798085
-0.999989928992004
-0.008975858480986
0.999748234942505
0.035896202634603
-0.998781653462335
-0.062790519529310
0.997090885390701
0.089639308903462
-0.994677156652779
-0.116423103505827
0.991542217370801
0.143122483211100
-0.987688340595137
-0.169718089100681
0.983118320656120
0.196190637499083
-0.977835471138025
-0.222520933956334
0.971843622476427
0.248689887164851
-0.965147119180888
-0.274678522802417
0.957750816684933
0.300467997289456
-0.949660077825419
-0.326039611452322
0.940880768954226
0.351374824081354
-0.931419255684607
-0.376455265374380
0.921282398275820
0.401262750256492
-0.910477546658823
-0.425779291565068
0.899012535107116
0.449987113092146
-0.886895676556420
-0.473868662473002
0.874135756577045
0.497406623913204
-0.860742027003945
-0.520583930743618
0.846724199228268
0.543383777794795
-0.832092437156151
-0.565789633582230
0.816857349838967
0.587785252292469
-0.801029983781108
-0.609354685562830
0.784621814930599
0.630482294044716
-0.767644740357998
-0.651152758743557
0.750111069630462
0.671351092126012
-0.732033515886165
-0.691062648986855
0.713425186616680
0.710273137068070
-0.694299574162860
-0.728968627421408
0.674670545932065
0.747135564508167
-0.654552334343444
-0.764760776027600
0.633959526508146
0.781831482468016
-0.612907053652979
-0.798335306372708
0.591410180293886
0.814260281314370
-0.569484493168449
-0.829594860571841
0.547145889934103
0.844327925502012
-0.524410567641355
-0.858448793601879
0.501295010989936
0.871947226253863
-0.477815980375898
-0.884813436149728
0.453990499739551
0.897038094386973
-0.429835844221514
-0.908612337232868
0.405369527637433
0.919527772551457
-0.380609289778883
-0.929776485888249
0.355573083550931
0.939351046208932
-0.330279061955179
-0.948244511287226
0.304745564927202
0.956450432738624
-0.278991106039234
-0.963962860695855
0.253034359076105
0.970776348122928
-0.226894144495818
-0.976885954764639
0.200589415783294
0.982287250728687
-0.174139245707377
-0.986976319697499
0.147562812492414
0.990949761767942
-0.120879385912363
-0.994204695916448
0.094108313318519
0.996738762088014
-0.067269005612012
-0.998550122907322
0.040380923169089
0.999637465011019
-0.013463561731207
-0.999999999999999
-0.013463561731196
0.999637465011019
0.040380923169192
-0.998550122907317
-0.067269005612002
0.996738762088015
0.094108313318509
-0.994204695916449
-0.120879385912352
0.990949761767928
0.147562812492516
-0.986976319697501
-0.174139245707367
0.982287250728689
0.200589415783283
-0.976885954764641
-0.226894144495918
0.970776348122903
0.253034359076095
-0.963962860695858
-0.278991106039224
0.956450432738628
0.304745564927246
-0.948244511287212
-0.330279061955223
0.939351046208936
0.355573083550921
-0.929776485888253
-0.380609289778873
0.919527772551439
0.405369527637475
-0.908612337232849
-0.429835844221504
0.897038094386978
0.453990499739541
-0.884813436149733
-0.477815980375938
0.871947226253841
0.501295010989975
-0.858448793601885
-0.524410567641346
0.844327925502017
0.547145889934094
-0.829594860571816
-0.569484493168486
0.814260281314344
0.591410180293877
-0.798335306372714
-0.612907053652971
0.781831482468023
0.633959526508181
-0.764760776027570
-0.654552334343479
0.747135564508175
0.674670545932057
-0.728968627421415
-0.694299574162852
0.710273137068038
0.713425186616712
-0.691062648986822
-0.732033515886158
0.671351092126020
0.750111069630455
-0.651152758743565
-0.767644740358027
0.630482294044680
0.784621814930627
-0.609354685562838
-0.801029983781101
0.587785252292478
0.816857349838961
-0.565789633582192
-0.832092437156177
0.543383777794756
0.846724199228262
-0.520583930743628
-0.860742027003939
0.497406623913213
0.874135756577068
-0.473868662472961
-0.886895676556441
0.449987113092156
0.899012535107111
-0.425779291565078
-0.910477546658819
0.401262750256450
0.921282398275838
-0.376455265374338
-0.931419255684603
0.351374824081364
0.940880768954222
-0.326039611452333
-0.949660077825433
0.300467997289412
0.957750816684946
-0.274678522802428
-0.965147119180885
0.248689887164861
0.971843622476424
-0.222520933956289
-0.977835471138035
0.196190637499038
0.983118320656118
-0.169718089100692
-0.987688340595136
0.143122483211110
0.991542217370807
-0.116423103505781
-0.994677156652783
0.089639308903473
0.997090885390700
-0.062790519529320
-0.998781653462334
0.035896202634557
0.999748234942507
-0.008975858480940
-0.999989928992004
-0.017950993798074
0.999506560365731
0.044864830350524
-0.998298479539762
-0.071746136761421
0.996366562457237
0.098575422202404
-0.993712209893244
-0.125333233564297
0.990337346439116
0.152000169561292
-0.986244419107033
-0.178556894798693
0.981436395555747
0.204984153792207
-0.975916761938748
-0.231262784929960
0.969689520376680
0.257373734365342
-0.962759186055444
-0.283298069832711
0.955130783952429
0.309016994374940
-0.946809845192914
-0.334511859971868
0.937802403039814
0.359764181061860
-0.928114988519053
-0.384755647944914
0.917754625683983
0.409468140058898
-0.906728826522697
-0.433883739117595
0.895045585511148
0.457984742103031
-0.882713373816693
-0.481753674101708
0.869741133155690
0.505173300974522
-0.856138269310440
-0.528226641853132
0.841914645309191
0.550896981452082
-0.827080574274565
