0.000000000000000
0.959313974540057
-0.541708210282740
-0.653420603990104
0.910683660806176
0.139173100960064
-0.989272332962987
0.419452082446178
0.752414908895723
-0.844327925502015
-0.275637355816997
0.999975630705394
-0.289031796944473
-0.836764313458961
0.761538307536737
0.406736643075800
-0.991215540251541
0.152985836284041
0.904827052466018
-0.663926212652241
-0.529919264233200
0.963162566797658
-0.013962180339146
-0.955278362122343
0.553391549243347
0.642787609686537
-0.916362729562239
-0.125333233564298
0.987136265072986
-0.432085748801984
-0.743144825477393
0.851726934143050
0.262189178640861
-0.999780683474845
0.302369890750451
0.829037572555038
-0.770513242775790
-0.393941909590950
0.992965508106536
-0.166768746716100
-0.898794046299162
0.674302387583729
0.518027009373125
-0.966823388604459
0.027921638723571
0.951056516295153
-0.564967003424936
-0.632029302664842
0.921863151588503
0.111468932206318
-0.984807753012206
0.444635179184930
0.733729864502875
-0.858959896930663
-0.248689887164843
0.999390827019094
-0.315649036947110
-0.821149209133700
0.779337964931476
0.381070376350272
-0.994521895368272
0.180519145250572
0.892585818452120
-0.684547105928694
-0.506033764121157
0.970295726275997
-0.041875653729203
-0.946649260115695
0.576432316169804
0.621147780278312
-0.927183854566790
-0.097582899759156
0.982287250728687
-0.457097927058710
-0.724171861437465
0.866025403784445
0.235142113102591
-0.998806137341433
0.328866646738578
0.813100761047023
-0.788010753606733
-0.368124552684674
0.995884398615971
-0.194234351219971
-0.886203579231208
0.694658370458994
0.493941866584223
-0.973578902873164
0.055821504993168
0.942057452787290
-0.587785252292473
-0.610145163901257
0.932323801215510
0.083677843332306
-0.979575249599339
0.469471562785895
0.714472679632790
-0.872922077269810
-0.221548497619454
0.998026728428271
-0.342020143325678
-0.804893797355900
0.796529918024199
0.355106962408119
-0.997052752226919
0.207911690817774
0.879648572866616
-0.704634209963602
-0.481753674101694
0.976672278334168
-0.069756473744145
-0.937281989491889
0.599023598515598
0.599023598515585
-0.937281989491895
-0.069756473744101
0.976672278334165
-0.481753674101733
-0.704634209963591
0.879648572866624
0.207911690817758
-0.997052752226918
0.355106962408160
0.796529918024190
-0.804893797355926
-0.342020143325663
0.998026728428272
-0.221548497619469
-0.872922077269802
0.714472679632821
0.469471562785881
-0.979575249599348
0.083677843332322
0.932323801215505
-0.610145163901269
-0.587785252292460
0.942057452787305
0.055821504993152
-0.973578902873160
0.493941866584237
0.694658370458982
-0.886203579231229
-0.194234351219984
0.995884398615969
-0.368124552684689
-0.788010753606706
0.813100761047048
0.328866646738590
-0.998806137341433
0.235142113102606
0.866025403784423
-0.724171861437495
-0.457097927058696
0.982287250728689
-0.097582899759171
-0.927183854566774
0.621147780278302
0.576432316169791
-0.946649260115700
-0.041875653729173
0.970295726275986
-0.506033764121158
-0.684547105928683
0.892585818452133
0.180519145250529
-0.994521895368268
0.381070376350273
0.779337964931466
-0.821149209133717
-0.315649036947068
0.999390827019094
-0.248689887164858
-0.858959896930655
0.733729864502895
0.444635179184890
-0.984807753012206
0.111468932206334
0.921863151588492
-0.632029302664876
-0.564967003424900
0.951056516295153
0.027921638723555
-0.966823388604452
0.518027009373162
0.674302387583727
-0.898794046299169
-0.166768746716084
0.992965508106532
-0.393941909590990
-0.770513242775789
0.829037572555047
0.302369890750422
-0.999780683474845
0.262189178640910
0.851726934143045
-0.743144825477404
-0.432085748801957
0.987136265072993
-0.125333233564300
-0.916362729562236
0.642787609686554
0.553391549243316
-0.955278362122356
-0.013962180339145
0.963162566797654
-0.529919264233226
-0.663926212652213
0.904827052466040
0.152985836284033
-0.991215540251538
0.406736643075827
0.761538307536709
-0.836764313458960
-0.289031796944462
0.999975630705394
-0.275637355817032
-0.844327925501989
0.752414908895725
0.419452082446163
-0.989272332962991
0.139173100960104
0.910683660806155
-0.653420603990110
-0.541708210282723
0.959313974540066
-0.000000000000044
-0.959313974540057
0.541708210282749
0.653420603990086
-0.910683660806191
-0.139173100960017
0.989272332962987
-0.419452082446192
-0.752414908895705
0.844327925502036
0.275637355816947
-0.999975630705394
0.289031796944492
0.836764313458942
-0.761538307536766
-0.406736643075798
0.991215540251543
-0.152985836284064
-0.904827052466002
0.663926212652279
0.529919264233199
-0.963162566797662
0.013962180339176
0.955278362122330
-0.553391549243390
-0.642787609686530
0.916362729562248
0.125333233564269
-0.987136265072979
0.432085748801985
0.743144825477383
-0.851726934143062
-0.262189178640825
0.999780683474843
-0.302369890750452
-0.829037572555029
0.770513242775809
0.393941909590909
-0.992965508106536
0.166768746716115
0.898794046299155
-0.674302387583751
-0.518027009373087
0.966823388604460
-0.027921638723587
-0.951056516295143
0.564967003424972
0.632029302664808
-0.921863151588504
-0.111468932206303
0.984807753012201
-0.444635179184918
-0.733729864502874
0.858959896930671
0.248689887164828
-0.999390827019093
0.315649036947152
0.821149209133667
-0.779337964931521
-0.381070376350297
0.994521895368271
-0.180519145250560
-0.892585818452119
0.684547105928706
0.506033764121131
-0.970295726276007
0.041875653729261
0.946649260115672
-0.576432316169863
-0.621147780278322
0.927183854566785
0.097582899759140
-0.982287250728684
0.457097927058724
0.724171861437435
-0.866025403784467
-0.235142113102521
0.998806137341429
-0.328866646738566
-0.813100761047030
0.788010753606725
0.368124552684660
-0.995884398615972
0.194234351220015
0.886203579231188
-0.694658370459046
-0.493941866584160
0.973578902873155
-0.055821504993155
-0.942057452787294
0.587785252292486
0.610145163901244
-0.932323801215526
-0.083677843332262
0.979575249599330
-0.469471562785959
-0.714472679632740
0.872922077269803
0.221548497619466
-0.998026728428270
0.342020143325693
0.804893797355891
-0.796529918024226
-0.355106962408078
0.997052752226925
-0.207911690817845
-0.879648572866622
0.704634209963593
0.481753674101705
-0.976672278334172
0.069756473744160
0.937281989491874
-0.599023598515633
-0.599023598515527
0.937281989491920
0.069756473744142
-0.976672278334168
0.481753674101722
0.704634209963580
-0.879648572866631
-0.207911690817715
0.997052752226915
-0.355106962408202
-0.796529918024146
0.804893797355969
0.342020143325675
-0.998026728428271
0.221548497619484
0.872922077269794
-0.714472679632832
-0.469471562785842
0.979575249599356
-0.083677843332394
-0.932323801215478
0.610145163901259
0.587785252292471
-0.942057452787301
-0.055821504993137
0.973578902873150
-0.493941866584275
-0.694658370458951
0.886203579231249
0.194234351219885
-0.995884398615971
0.368124552684677
0.788010753606714
-0.813100761047041
-0.328866646738548
0.998806137341435
-0.235142113102649
-0.866025403784401
0.724171861437526
0.457097927058606
-0.982287250728687
0.097582899759158
0.927183854566778
-0.621147780278336
-0.576432316169755
0.946649260115714
0.041875653729129
-0.970295726275975
0.506033764121246
0.684547105928692
-0.892585818452127
-0.180519145250541
0.994521895368269
-0.381070376350314
-0.779337964931438
0.821149209133742
0.315649036947026
-0.999390827019098
0.248689887164846
0.858959896930662
-0.733729864502886
-0.444635179184902
0.984807753012214
-0.111468932206378
-0.921863151588474
0.632029302664910
0.564967003424863
-0.951056516295149
-0.027921638723568
0.966823388604455
-0.518027009373151
-0.674302387583695
0.898794046299188
0.166768746716041
-0.992965508106527
0.393941909591031
0.770513242775725
-0.829037572555040
-0.302369890750434
0.999780683474845
-0.262189178640898
-0.851726934143022
0.743144825477433
0.432085748801917
-0.987136265073000
0.125333233564400
0.916362729562241
-0.642787609686544
-0.553391549243327
0.955278362122352
0.013962180339101
-0.963162566797642
0.529919264233263
0.663926212652180
-0.904827052466059
-0.152985836284045
0.991215540251540
-0.406736643075815
-0.761538307536717
0.836764313458984
0.289031796944420
-0.999975630705394
0.275637355817075
0.844327925501965
-0.752414908895792
-0.419452082446175
0.989272332962989
-0.139173100960092
-0.910683660806160
0.653420603990144
0.541708210282686
-0.959313974540078
0.000000000000088
0.959313974540028
-0.541708210282739
-0.653420603990096
0.910683660806186
0.139173100960030
-0.989272332962980
0.419452082446232
0.752414908895675
-0.844327925502060
-0.275637355816905
0.999975630705394
-0.289031796944480
-0.836764313458949
0.761538307536758
0.406736643075758
-0.991215540251548
0.152985836284107
0.904827052465983
-0.663926212652312
-0.529919264233113
0.963162566797659
-0.013962180339164
-0.955278362122334
0.553391549243379
0.642787609686496
-0.916362729562266
-0.125333233564225
0.987136265072972
-0.432085748802076
-0.743144825477391
0.851726934143055
0.262189178640838
-0.999780683474844
0.302369890750494
0.829037572555005
-0.770513242775838
-0.393941909590869
0.992965508106548
-0.166768746716102
-0.898794046299160
0.674302387583741
0.518027009373098
-0.966823388604471
0.027921638723631
0.951056516295130
-0.564967003425009
-0.632029302664774
0.921863151588543
0.111468932206316
-0.984807753012203
0.444635179184958
0.733729864502844
-0.858959896930694
-0.248689887164785
0.999390827019092
-0.315649036947193
-0.821149209133641
0.779337964931478
0.381070376350256
-0.994521895368276
0.180519145250603
0.892585818452099
-0.684547105928738
-0.506033764121093
0.970295726276018
-0.041875653729305
-0.946649260115694
0.576432316169806
0.621147780278287
-0.927183854566802
-0.097582899759096
0.982287250728675
-0.457097927058763
-0.724171861437404
0.866025403784489
0.235142113102588
-0.998806137341432
0.328866646738608
0.813100761047004
-0.788010753606752
-0.368124552684619
0.995884398615976
-0.194234351220058
-0.886203579231167
0.694658370459078
0.493941866584221
-0.973578902873165
0.055821504993199
0.942057452787280
-0.587785252292521
-0.610145163901209
0.932323801215542
0.083677843332218
-0.979575249599321
0.469471562785898
0.714472679632788
-0.872922077269825
-0.221548497619423
0.998026728428267
-0.342020143325734
-0.804893797355865
0.796529918024184
0.355106962408143
-0.997052752226920
0.207911690817777
0.879648572866601
-0.704634209963624
-0.481753674101667
0.976672278334181
-0.069756473744205
-0.937281989491859
0.599023598515669
0.599023598515492
-0.937281989491936
-0.069756473743984
0.976672278334134
-0.481753674101860
-0.704634209963629
0.879648572866598
0.207911690817783
-0.997052752226920
0.355106962408137
0.796529918024188
-0.804893797355928
-0.342020143325634
0.998026728428274
-0.221548497619527
-0.872922077269773
0.714472679632863
0.469471562785803
-0.979575249599365
0.083677843332438
0.932323801215462
-0.610145163901384
-0.587785252292343
0.942057452787354
0.055821504993206
-0.973578902873166
0.493941866584215
0.694658370459001
-0.886203579231217
-0.194234351219953
0.995884398615967
-0.368124552684718
-0.788010753606687
0.813100761047067
0.328866646738507
-0.998806137341438
0.235142113102692
0.866025403784379
-0.724171861437556
-0.457097927058567
0.982287250728717
-0.097582899759315
-0.927183854566719
0.621147780278282
0.576432316169812
-0.946649260115692
-0.041875653729198
0.970295726275992
-0.506033764121186
-0.684547105928660
0.892585818452147
0.180519145250498
-0.994521895368265
0.381070376350355
0.779337964931411
-0.821149209133767
-0.315649036946984
0.999390827019100
-0.248689887164999
-0.858959896930581
0.733729864502994
0.444635179184964
-0.984807753012202
0.111468932206309
0.921863151588501
-0.632029302664856
-0.564967003424921
0.951056516295163
0.027921638723524
-0.966823388604444
0.518027009373189
0.674302387583662
-0.898794046299207
-0.166768746715997
0.992965508106522
-0.393941909591071
-0.770513242775697
0.829037572555128
0.302369890750284
-0.999780683474848
0.262189178640831
0.851726934143058
-0.743144825477387
-0.432085748801980
0.987136265072989
-0.125333233564331
-0.916362729562223
0.642787609686578
0.553391549243290
-0.955278362122365
-0.013962180339057
0.963162566797630
-0.529919264233300
-0.663926212652147
0.904827052466077
0.152985836283889
-0.991215540251519
0.406736643075960
0.761538307536762
-0.836764313458946
-0.289031796944486
0.999975630705394
-0.275637355817008
-0.844327925502003
0.752414908895746
0.419452082446135
-0.989272332962996
0.139173100960135
0.910683660806142
-0.653420603990177
-0.541708210282649
0.959313974540090
-0.000000000000132
-0.959313974540016
0.541708210282871
0.653420603989977
-0.910683660806251
-0.139173100960098
0.989272332962990
-0.419452082446169
-0.752414908895721
0.844327925502023
0.275637355816972
-0.999975630705394
0.289031796944522
0.836764313458925
-0.761538307536786
-0.406736643075718
0.991215540251554
-0.152985836284151
-0.904827052465965
0.663926212652345
0.529919264233076
-0.963162566797701
0.013962180339321
0.955278362122287
-0.553391549243321
-0.642787609686550
0.916362729562238
0.125333233564294
-0.987136265072983
0.432085748802013
0.743144825477362
-0.851726934143078
-0.262189178640795
0.999780683474843
-0.302369890750536
-0.829037572554980
0.770513242775866
0.393941909590828
-0.992965508106553
0.166768746716258
0.898794046299091
-0.674302387583858
-0.518027009373157
0.966823388604453
-0.027921638723561
-0.951056516295151
0.564967003424951
0.632029302664827
-0.921863151588516
-0.111468932206272
0.984807753012196
-0.444635179184998
-0.733729864502814
0.858959896930716
0.248689887164743
-0.999390827019090
0.315649036947235
0.821149209133616
-0.779337964931577
-0.381070376350110
0.994521895368292
-0.180519145250535
-0.892585818452131
0.684547105928687
0.506033764121153
-0.970295726276001
0.041875653729236
0.946649260115680
-0.576432316169842
-0.621147780278252
0.927183854566819
0.097582899759052
-0.982287250728667
0.457097927058803
0.724171861437374
-0.866025403784511
-0.235142113102435
0.998806137341425
-0.328866646738757
-0.813100761046913
0.788010753606710
0.368124552684684
-0.995884398615970
0.194234351219990
0.886203579231200
-0.694658370459027
-0.493941866584182
0.973578902873175
-0.055821504993243
-0.942057452787265
0.587785252292557
0.610145163901174
-0.932323801215558
-0.083677843332174
0.979575249599312
-0.469471562786037
-0.714472679632678
0.872922077269902
0.221548497619491
-0.998026728428271
0.342020143325669
0.804893797355906
-0.796529918024211
-0.355106962408102
0.997052752226923
-0.207911690817820
-0.879648572866580
0.704634209963655
0.481753674101628
-0.976672278334191
0.069756473744249
0.937281989491843
-0.599023598515704
-0.599023598515457
0.937281989491951
0.069756473743940
-0.976672278334125
0.481753674101699
0.704634209963598
-0.879648572866619
-0.207911690817740
0.997052752226917
-0.355106962408178
-0.796529918024161
0.804893797355954
0.342020143325592
-0.998026728428276
0.221548497619570
0.872922077269751
-0.714472679632894
-0.469471562785764
0.979575249599374
-0.083677843332482
-0.932323801215446
0.610145163901419
0.587785252292491
-0.942057452787292
-0.055821504993162
0.973578902873156
-0.493941866584253
-0.694658370458969
0.886203579231237
0.194234351219910
-0.995884398615963
0.368124552684759
0.788010753606660
-0.813100761047092
-0.328866646738465
0.998806137341440
-0.235142113102735
-0.866025403784357
0.724171861437587
0.457097927058528
-0.982287250728725
0.097582899759133
0.927183854566788
-0.621147780278316
-0.576432316169776
0.946649260115706
0.041875653729154
-0.970295726275982
0.506033764121224
0.684547105928628
-0.892585818452167
-0.180519145250455
0.994521895368260
-0.381070376350395
-0.779337964931383
0.821149209133792
0.315649036946942
-0.999390827019101
0.248689887165042
0.858959896930558
-0.733729864502869
-0.444635179184925
0.984807753012210
-0.111468932206353
-0.921863151588484
0.632029302664891
0.564967003424884
-0.951056516295176
-0.027921638723480
0.966823388604433
-0.518027009373227
-0.674302387583630
0.898794046299227
0.166768746715954
-0.992965508106517
0.393941909591112
0.770513242775669
-0.829037572555153
-0.302369890750459
0.999780683474844
-0.262189178640874
-0.851726934143035
0.743144825477416
0.432085748801940
-0.987136265072996
0.125333233564375
0.916362729562205
-0.642787609686612
-0.553391549243254
0.955278362122378
0.013962180339013
-0.963162566797618
0.529919264233338
0.663926212652114
-0.904827052466096
-0.152985836283846
0.991215540251513
-0.406736643075792
-0.761538307536733
0.836764313458970
0.289031796944444
-0.999975630705394
0.275637355817050
0.844327925501979
-0.752414908895775
-0.419452082446095
0.989272332963002
-0.139173100960179
-0.910683660806124
0.653420603990210
0.541708210282612
-0.959313974540103
0.000000000000176
0.959313974540003
-0.541708210282908
-0.653420603990115
0.910683660806176
0.139173100960055
-0.989272332962984
0.419452082446209
0.752414908895692
-0.844327925502046
-0.275637355816929
0.999975630705393
-0.289031796944564
-0.836764313458901
0.761538307536815
0.406736643075677
-0.991215540251560
0.152985836284195
0.904827052465946
-0.663926212652378
-0.529919264233039
0.963162566797713
-0.013962180339138
-0.955278362122341
0.553391549243358
0.642787609686516
-0.916362729562256
-0.125333233564250
0.987136265072976
-0.432085748802053
-0.743144825477332
0.851726934143101
0.262189178640752
-0.999780683474842
0.302369890750578
0.829037572554955
-0.770513242775894
-0.393941909590787
0.992965508106558
-0.166768746716302
-0.898794046299072
0.674302387583722
0.518027009373120
-0.966823388604465
0.027921638723605
0.951056516295137
-0.564967003424988
-0.632029302664793
0.921863151588533
0.111468932206228
-0.984807753012188
0.444635179185037
0.733729864502784
-0.858959896930739
-0.248689887164700
0.999390827019089
-0.315649036947277
-0.821149209133591
0.779337964931604
0.381070376350279
-0.994521895368273
0.180519145250578
0.892585818452111
-0.684547105928720
-0.506033764121115
0.970295726276012
-0.041875653729280
-0.946649260115666
0.576432316169878
0.621147780278218
-0.927183854566835
-0.097582899759008
0.982287250728659
-0.457097927058842
-0.724171861437343
0.866025403784533
0.235142113102392
-0.998806137341423
0.328866646738584
0.813100761047019
-0.788010753606737
-0.368124552684643
0.995884398615974
-0.194234351220033
-0.886203579231179
0.694658370459059
0.493941866584144
-0.973578902873185
0.055821504993288
0.942057452787250
-0.587785252292593
-0.610145163901140
0.932323801215574
0.083677843332130
-0.979575249599303
0.469471562786076
0.714472679632647
-0.872922077269812
-0.221548497619448
0.998026728428269
-0.342020143325710
-0.804893797355880
0.796529918024237
0.355106962408061
-0.997052752226926
0.207911690817863
0.879648572866559
-0.704634209963687
-0.481753674101589
0.976672278334200
-0.069756473744293
-0.937281989491828
0.599023598515739
0.599023598515421
-0.937281989491966
-0.069756473744123
0.976672278334164
-0.481753674101738
-0.704634209963566
0.879648572866640
0.207911690817697
-0.997052752226913
0.355106962408219
0.796529918024135
