0.000000000000000
0.942724690773080
-0.628932776940318
-0.523136191838693
0.977939757526859
-0.129290092740033
-0.891684695095877
0.724171861437466
0.408558047142687
-0.996738762088014
0.256409873672027
0.825676546934596
-0.807254726470167
-0.287121694403118
0.998806137341433
-0.379225462652928
-0.745808283729267
0.876786712020743
0.160865609613698
-0.984107179553606
0.495675231314095
0.653420603990107
-0.931600628198006
-0.031909174591304
0.952888630922457
-0.603804410325476
-0.550064361831344
0.970776348122916
-0.097582899759145
-0.905674537670618
0.701797902883991
0.437474533754562
-0.993656253522179
0.225436911090838
0.843257453209713
-0.788010753606722
-0.317541094684844
0.999856273754320
-0.349506654194864
-0.766685134042646
0.860995761366628
0.192277292145461
-0.989272332962988
0.467709448002837
0.677242951731419
-0.919527772551451
-0.063785851132636
0.962082097133162
-0.578061096249557
-0.576432316169794
0.962624246950010
-0.065776323011888
-0.918741991723550
0.678709194932877
0.465945472355831
-0.989561751039375
0.194234351219963
0.859979539938280
-0.767964227459555
-0.347637093734937
0.999888101810272
-0.319431889029712
-0.786781150250535
0.844327925502012
0.223493148958481
-0.993429957280055
0.439267323789377
0.700375558181365
-0.906518419490413
-0.095597564671817
0.970295726275995
-0.551729053112690
-0.602213200286081
0.953491756554185
-0.033902756056969
-0.930873748644205
0.654929252388086
0.493941866584235
-0.984459424705047
0.162833972454277
0.875825776431860
-0.747135564508142
-0.377379040140655
0.998901589093855
-0.289031796944458
-0.806075865470070
0.826800179863253
0.254481388115582
-0.996575818152634
0.410377825689792
0.722794863827386
-0.892585818452127
-0.127311916418545
0.977521153141460
-0.524835098908907
-0.627380757516691
0.943388177963531
-0.001994660679593
-0.942057452787296
0.630482294044711
0.521435203379501
-0.978354471007611
0.131267754658226
0.890780024015864
-0.725545977802922
-0.406736643075809
0.996897740323616
-0.258337339056878
-0.824549628907148
0.808430375665916
0.285210449497817
-0.998706711663819
0.381070376350257
0.744478035621486
-0.877744159160087
-0.158896606741125
0.983751018959348
-0.497406623913225
-0.651909355843776
0.932323801215512
0.029915466169398
-0.952281714056380
0.605393218023247
0.548397482022571
-0.971253107566072
0.099567846595811
0.904827052466021
-0.703217455360706
-0.435680003150676
0.993878596328825
-0.227379776282950
-0.842183625869919
0.789237221724070
0.315649036947116
-0.999820467595024
0.351374824081353
0.765402990234611
-0.862008557172522
-0.190319468062041
0.988978978893316
-0.469471562785895
-0.675774014000214
0.920309894877022
0.061795125470200
-0.961536119504148
0.579687576411981
0.574801242653079
-0.963162566797656
0.067766533188516
0.917952555519687
-0.680172737770914
-0.464179642863123
0.989847231970981
-0.196190637499085
-0.858959896930669
0.769240265396240
0.345766150139946
-0.999915951636247
0.321321412458836
0.785548416547718
-0.845395038487740
-0.221548497619486
0.993199708502814
-0.441058366122186
-0.698950426911911
0.907358694567854
0.093611849232859
-0.969811243937553
0.553391549243320
0.600619594235994
-0.954091088551914
0.035896202634551
0.930143165446128
-0.656435295035284
-0.492206536620147
0.984807753012201
-0.164801687431349
-0.874861356216705
0.748459872677276
0.375531116159777
-0.998993066541314
0.290940749522201
0.804893797355906
-0.827920523222578
-0.252551890060308
0.996408909165774
-0.412195971476870
-0.721414990451322
0.893483390499329
0.125333233564300
-0.977098659516908
0.526531917830733
0.625826241948814
-0.944047911718850
0.003989313423079
0.941386466660903
-0.632029302664847
-0.519732140299002
0.978765291933709
-0.133244894304667
-0.889871808811472
0.726917207456607
0.404913620735935
-0.997052752226918
0.260263776601379
0.823419430264547
-0.809602808379800
-0.283298069832765
0.998603312456595
-0.382913773892352
-0.743144825477407
0.878698114040536
0.156926971670544
-0.983390944339331
0.499136037492933
0.650395513961896
-0.933043264819433
-0.027921638723597
0.951671008370688
-0.606979617058023
-0.546728420318370
0.971726002708585
-0.101552397284329
-0.903975967248494
0.704634209963568
0.433883739117592
-0.994096984815362
0.229321736804769
0.841106447755039
-0.790460549722862
-0.313755723344412
0.999780683474844
-0.353241595961535
-0.764117801136702
0.863017923326354
0.188360886759290
-0.988681689997525
0.471231809694084
0.674302387583720
-0.921088355588453
-0.059804153945033
0.960986316235236
-0.581311750185831
-0.573167882188924
0.963697054534299
-0.069756473744120
-0.917159467080770
0.681633574422559
0.462411966550390
-0.990128774621970
0.198146143199387
0.857936836400633
-0.770513242775780
-0.343893830853739
0.999939823121438
-0.323209657454444
-0.784312557402902
0.846458787921214
0.219602964810967
-0.992965508106538
0.442847653627031
0.697522514745719
-0.908195359559785
-0.091625761342731
0.969322903035174
-0.555051843608751
-0.599023598515609
0.954686624531115
-0.037889506392888
-0.929408881510510
0.657938725939729
0.490469248326101
-0.985152163089202
0.166768746716065
0.873893455212341
-0.749781202967707
-0.373681698062487
0.999080569319847
-0.292848544541177
-0.803708526830815
0.829037572555047
0.250621387183179
-0.996238035791516
0.414012477269987
0.720032246799339
-0.894377407666313
-0.123354052049829
0.976672278334179
-0.528226641853085
-0.624269236421642
0.944703889414169
-0.005983950294326
-0.940711735063536
0.633573796645638
0.518027009373135
-0.979172218670618
0.135221503812954
0.888960053096223
-0.728285544942837
-0.403088987376337
0.997203797181178
-0.262189178640796
-0.822285955503492
0.810772019947047
0.281384563016713
-0.998495940131155
0.384755647944917
0.741808658601491
-0.879648572866605
-0.154956712238460
0.983026957126162
-0.500863465172549
-0.648879084367502
0.933759016147302
0.025927700186638
-0.951056516295144
0.608563601118081
0.545057183359299
-0.972195031668971
0.103536543928929
0.903121285404206
-0.706048161055845
-0.432085748802017
0.994311418112903
-0.231262784929912
-0.840025923150763
0.791680732735897
0.311861161409516
-0.999736921552071
0.355106962408146
0.762829571862297
-0.864023855812190
-0.186401556029809
0.988380467458429
-0.472990181723915
-0.672828078337050
0.921863151588478
0.057812944478562
-0.960432689513932
0.582933611109046
0.571532241275986
-0.964227708033387
0.071746136761317
0.916362729562241
-0.683091699075574
-0.460642450450640
0.990406377872166
-0.200100860540546
-0.856910362418625
0.771783154533402
0.342020143325736
-0.999959716170870
0.325096616503755
0.783073577733177
-0.847519169570084
-0.217656558273582
0.992727357023044
-0.444635179184906
-0.696091827364047
0.909028411137377
0.089639308903404
-0.968830705511816
0.556709929603232
0.597425219474898
-0.955278362122350
0.039882659401072
0.928670899758818
-0.659439539119606
-0.488730008614179
0.985492653565719
-0.168735142482163
-0.872922077269828
0.751099550122309
0.371830793207204
-0.999164097081317
0.294755174410861
0.802520058610485
-0.830151323416267
-0.248689887164846
0.996063198709713
-0.415827335842038
-0.718646638372963
0.895267866396150
0.121374379749708
-0.976242011289668
0.529919264233157
0.622709747129863
-0.945356108439549
0.007978563357492
0.940033260679753
-0.635115769842174
-0.516319817386109
0.979575249599342
-0.137197575318743
-0.888044760497619
0.729650984817404
0.401262750256485
-0.997350874585432
0.264113537514744
0.821149209133745
-0.811938005715846
-0.279469936662938
0.998384595114691
-0.386595991179682
-0.740469540309798
0.880595531856699
0.152985836284062
-0.982659058768044
0.502588900079027
0.647360073094041
-0.934471052351304
-0.023933658491724
0.950438240274676
-0.610145163901286
-0.543383777794833
0.972660192581124
-0.105520278635137
-0.902263010333648
0.707459303011744
0.430286039357544
-0.994521895368268
0.233202912935607
0.838942056356253
-0.792897765908482
-0.309965358680465
0.999689182000815
-0.356970915999444
-0.761538307536731
0.865026350627724
0.184441483668971
-0.988075312474503
0.474746671879548
0.671351092126044
-0.922634279794503
-0.055821504993221
0.959875241542889
-0.584553152728722
-0.569894326421810
0.964754525183605
-0.073735514324053
-0.915562346134084
0.684547105928682
0.458871101604254
-0.990680040617099
0.202054781745321
0.855880479068565
-0.773049995616503
-0.340145095010569
0.999975630705393
-0.326982282099332
-0.781831482468077
0.848576179215526
0.215709285751506
-0.992485256199835
0.446420935683777
0.694658370459015
-0.909857845986164
-0.087652499818496
0.968334653325786
-0.558365800629637
-0.595824463473338
0.955866298971239
-0.041875653729223
-0.927929223127306
0.660937728603839
0.486988824404399
-0.985829223087091
0.170700866905825
0.871947226253854
-0.752414908895696
-0.369978408957865
0.999243649493384
-0.296660631545557
-0.801328397423581
0.831261771375082
0.246757397690341
-0.995884398615969
0.417640539972084
0.717258170684961
-0.896154763145893
-0.119394224540242
0.975807860095319
-0.531609778236699
-0.621147780278355
0.946004566200077
-0.009973144676432
-0.939351046208924
0.636655216119270
0.514610571130141
-0.979974383116306
0.139173100960056
0.887125934657416
-0.731013521647781
-0.399434916642590
0.997493983854520
-0.266036845566605
-0.820009195677952
0.813100761046983
0.277554198388951
-0.998269277850220
0.388434796274675
0.739127475930396
-0.881538987243257
-0.151014351648714
0.982287250728693
-0.504312335347521
-0.645838486185036
0.935179370598521
0.021939521572670
-0.949816182769168
0.611724299114979
0.541708210282816
