0.000000000000000
0.959173061326987
0.542546263865759
-0.652287411278120
-0.911505852311672
0.136703608310073
0.988830826225127
0.422618261740699
-0.749781202967733
-0.846724199228284
0.270840468143005
0.999922292480974
0.294755174410906
-0.833197094412447
-0.766044443118977
0.399892024319740
0.992239206600171
0.161357760632808
-0.900968867902417
-0.670981427985969
0.521435203379497
0.965925826289068
0.024930691738075
-0.951824039861321
-0.563320058063624
0.633187909234138
0.921476211870409
-0.111964476103306
-0.984807753012207
-0.445081784436595
0.733051871829825
0.859724949801192
-0.246757397690291
-0.999300704788398
-0.318486650251688
0.819152044288990
0.781831482468032
-0.376917199621003
-0.995030775365400
-0.185911607162918
0.889871808811467
0.689258338483950
-0.499999999999997
-0.972078136985773
-0.049845885660701
0.943883330308366
0.583743672234794
-0.613694794792044
-0.930873748644206
0.087155742747654
0.980172487848542
0.467268628273060
-0.715866849259711
-0.872191264396608
0.222520933956310
0.998057915804531
0.342020143325667
-0.804597779766661
-0.797132507222926
0.353708069622577
0.997203797181179
0.210349884345495
-0.878221573370223
-0.707106781186552
0.478253978621314
0.977626168919304
0.074730093586423
-0.935355868899029
-0.603804410325483
0.593820185573497
0.939692620785908
-0.062292830244853
-0.974927912181820
-0.489165001109296
0.698236818086069
0.884115393504610
-0.198146143199398
-0.996194698091744
-0.365341024366402
0.789543348300231
0.811938005715857
-0.330279061955167
-0.998756921218922
-0.234657400467723
0.866025403784435
0.724515660859274
-0.456210657353163
-0.982566473233289
-0.099567846595825
0.926246956610306
0.623489801858735
-0.573576436351046
-0.947927346167134
0.037391194276317
0.969077286229076
0.510757291371687
-0.680172737770908
-0.895489924657305
0.173648177666922
0.993712209893241
0.388434796274697
-0.773998108266227
-0.826238774315993
0.306644740933339
0.999689182000816
0.258819045102537
-0.853290881632147
-0.741474155515834
0.433883739117550
0.986895978856721
0.124343704647488
-0.916562255869975
-0.642787609686537
0.552976131367943
0.955572805786146
-0.012466314595397
-0.962624246950007
-0.532032076515346
0.661685837596852
0.906307787036652
-0.149042266176171
-0.990611994413052
-0.411287103130609
0.757971723145455
0.840025923150782
-0.282819798501810
-0.999999999999999
-0.282819798501839
0.840025923150765
0.757971723145457
-0.411287103130608
-0.990611994413052
-0.149042266176173
0.906307787036639
0.661685837596875
-0.532032076515320
-0.962624246950015
-0.012466314595428
0.955572805786137
0.552976131367945
-0.642787609686535
-0.916562255869976
0.124343704647486
0.986895978856716
0.433883739117577
-0.741474155515813
-0.853290881632163
0.258819045102508
0.999689182000815
0.306644740933341
-0.826238774315992
-0.773998108266228
0.388434796274695
0.993712209893244
0.173648177666952
-0.895489924657292
-0.680172737770931
0.510757291371674
0.969077286229080
0.037391194276333
-0.947927346167129
-0.573576436351047
0.623489801858733
0.926246956610317
-0.099567846595795
-0.982566473233284
-0.456210657353177
0.724515660859263
0.866025403784443
-0.234657400467707
-0.998756921218921
-0.330279061955169
0.811938005715856
0.789543348300250
-0.365341024366374
-0.996194698091746
-0.198146143199414
0.884115393504602
0.698236818086080
-0.489165001109282
-0.974927912181824
-0.062292830244855
0.939692620785908
0.593820185573522
-0.603804410325459
-0.935355868899040
0.074730093586407
0.977626168919301
0.478253978621328
-0.707106781186541
-0.878221573370230
0.210349884345493
0.997203797181177
0.353708069622605
-0.797132507222908
-0.804597779766679
0.342020143325652
0.998057915804532
0.222520933956326
-0.872191264396600
-0.715866849259722
0.467268628273034
0.980172487848543
0.087155742747684
-0.930873748644205
-0.613694794792063
0.583743672234798
0.943883330308372
-0.049845885660657
-0.972078136985771
-0.500000000000030
0.689258338483944
0.889871808811481
-0.185911607162916
-0.995030775365398
-0.376917199620998
0.781831482468018
0.819152044289016
-0.318486650251672
-0.999300704788399
-0.246757397690300
0.859724949801173
0.733051871829826
-0.445081784436568
-0.984807753012206
-0.111964476103329
0.921476211870411
0.633187909234151
-0.563320058063588
-0.951824039861324
0.024930691738037
0.965925826289066
0.521435203379523
-0.670981427985971
-0.900968867902429
0.161357760632813
0.992239206600169
0.399892024319781
-0.766044443118969
-0.833197094412469
0.294755174410897
0.999922292480974
0.270840468143006
-0.846724199228269
-0.749781202967731
0.422618261740679
0.988830826225126
0.136703608310089
-0.911505852311655
-0.652287411278128
0.542546263865729
0.959173061326988
0.000000000000030
-0.959173061326987
-0.542546263865780
0.652287411278125
0.911505852311680
-0.136703608310029
-0.988830826225126
-0.422618261740734
0.749781202967728
0.846724199228301
-0.270840468143003
-0.999922292480973
-0.294755174410901
0.833197094412436
0.766044443119008
-0.399892024319725
-0.992239206600176
-0.161357760632817
0.900968867902402
0.670981427985973
-0.521435203379471
-0.965925826289067
-0.024930691738098
0.951824039861323
0.563320058063638
-0.633187909234104
-0.921476211870412
0.111964476103268
0.984807753012206
0.445081784436622
-0.733051871829824
-0.859724949801204
0.246757397690296
0.999300704788397
0.318486650251730
-0.819152044288981
-0.781831482468056
0.376917199620994
0.995030775365404
0.185911607162920
-0.889871808811453
-0.689258338483947
0.499999999999977
0.972078136985772
0.049845885660717
-0.943883330308351
-0.583743672234801
0.613694794792015
0.930873748644207
-0.087155742747624
-0.980172487848542
-0.467268628273087
0.715866849259719
0.872191264396616
-0.222520933956266
-0.998057915804530
-0.342020143325709
0.804597779766660
0.797132507222944
-0.353708069622575
-0.997203797181182
-0.210349884345496
0.878221573370215
0.707106781186544
-0.478253978621299
-0.977626168919313
-0.074730093586439
0.935355868899019
0.603804410325485
-0.593820185573473
-0.939692620785909
0.062292830244822
0.974927912181823
0.489165001109310
-0.698236818086037
-0.884115393504618
0.198146143199354
0.996194698091743
0.365341024366430
-0.789543348300230
-0.811938005715875
0.330279061955165
0.998756921218923
0.234657400467766
-0.866025403784427
-0.724515660859304
0.456210657353148
0.982566473233295
0.099567846595827
-0.926246956610294
-0.623489801858736
0.573576436351021
0.947927346167130
-0.037391194276301
-0.969077286229065
-0.510757291371701
0.680172737770886
0.895489924657306
-0.173648177666892
-0.993712209893241
-0.388434796274725
0.773998108266225
0.826238774316010
-0.306644740933283
-0.999689182000816
-0.258819045102567
0.853290881632146
0.741474155515854
-0.433883739117548
-0.986895978856726
-0.124343704647490
0.916562255869963
0.642787609686538
-0.552976131367918
-0.955572805786155
0.012466314595395
0.962624246949999
0.532032076515348
-0.661685837596829
-0.906307787036653
0.149042266176141
0.990611994413051
0.411287103130637
-0.757971723145417
-0.840025923150783
0.282819798501781
0.999999999999999
0.282819798501868
-0.840025923150764
-0.757971723145476
0.411287103130606
0.990611994413056
0.149042266176231
-0.906307787036638
-0.661685837596897
0.532032076515319
0.962624246950023
0.012466314595430
-0.955572805786128
-0.552976131367946
0.642787609686512
0.916562255869977
-0.124343704647456
-0.986895978856711
-0.433883739117579
0.741474155515793
0.853290881632164
-0.258819045102534
-0.999689182000815
-0.306644740933370
0.826238774315958
0.773998108266211
-0.388434796274694
-0.993712209893245
-0.173648177666981
0.895489924657266
0.680172737770911
-0.510757291371672
-0.969077286229087
-0.037391194276392
0.947927346167138
0.573576436351049
-0.623489801858710
-0.926246956610329
0.099567846595736
0.982566473233289
0.456210657353179
-0.724515660859242
-0.866025403784473
0.234657400467733
0.998756921218921
0.330279061955198
-0.811938005715822
-0.789543348300286
0.365341024366398
0.996194698091746
0.198146143199444
-0.884115393504575
-0.698236818086061
0.489165001109280
0.974927912181831
0.062292830244913
-0.939692620785878
-0.593820185573500
0.603804410325457
0.935355868899051
-0.074730093586349
-0.977626168919306
-0.478253978621329
0.707106781186519
0.878221573370259
-0.210349884345518
-0.997203797181179
-0.353708069622607
0.797132507222890
0.804597779766714
-0.342020143325677
-0.998057915804532
-0.222520933956355
0.872191264396571
0.715866849259704
-0.467268628273057
-0.980172487848549
-0.087155742747714
0.930873748644173
0.613694794792042
-0.583743672234773
-0.943883330308382
0.049845885660626
0.972078136985778
0.500000000000007
-0.689258338483922
-0.889871808811495
0.185911607162831
0.995030775365401
0.376917199621026
-0.781831482467999
-0.819152044289033
0.318486650251698
0.999300704788398
0.246757397690329
-0.859724949801157
-0.733051871829886
0.445081784436592
0.984807753012212
0.111964476103359
-0.921476211870377
-0.633187909234130
0.563320058063609
0.951824039861334
-0.024930691738007
-0.965925826289044
-0.521435203379500
0.670981427985948
0.900968867902442
-0.161357760632727
-0.992239206600172
-0.399892024319757
0.766044443118949
0.833197094412486
-0.294755174410922
-0.999922292480974
-0.270840468143036
0.846724199228253
0.749781202967788
-0.422618261740703
-0.988830826225131
-0.136703608310119
0.911505852311643
0.652287411278108
-0.542546263865751
-0.959173061326997
-0.000000000000061
0.959173061326962
0.542546263865757
-0.652287411278102
-0.911505852311693
0.136703608309999
0.988830826225130
0.422618261740710
