0.000000000000000
0.933937373602071
0.667646953469565
-0.456654348983424
-0.994096984815366
-0.253999108223707
0.812519787475580
0.834847863263406
-0.215709285751428
-0.989052686346543
-0.491338136832514
0.637808138851424
0.947290187621395
0.039384385715552
-0.919135339255233
-0.696449759074769
0.421261956056628
0.997598711374512
0.291894792201038
-0.788930898890450
-0.855880479068561
0.177084740319578
0.982473643366417
0.525259499667134
-0.606979617058043
-0.959173061326988
-0.078707657427126
0.902907053368368
0.724171861437470
-0.385215877553923
-0.999552432283503
-0.329337533745274
0.764117801136704
0.875584997912131
-0.138185406863805
-0.974370064785233
-0.558365800629670
0.575209225687227
0.969567555685775
0.117908795963287
-0.885277697888848
-0.750770243289704
0.348572047321806
0.999955115891463
0.366269231763461
-0.738118997487333
-0.893930843665506
0.099071646717060
0.964754525183618
0.590605667619935
-0.542546263865752
-0.978457541230251
-0.156926971670535
0.866274628848296
0.776203631076363
-0.311387326757145
-0.998806137341433
-0.402632578165136
0.710974831112881
0.910889548496316
-0.059804153945016
-0.953641945300207
-0.621929073010891
0.509041415750355
0.985829223087090
0.195701638804600
-0.845927333913343
-0.800432559000670
0.273719416573549
0.996107279539970
0.438371146789090
-0.682727422479667
-0.926434797042894
0.020443861165173
0.941049568878653
0.652287411278135
-0.474746671879533
-0.991671162383091
-0.234172629481243
0.824267386628722
0.823419430264552
-0.235626767265297
-0.991862730390567
-0.473429480961711
0.653420603990090
0.940542467248626
0.018948155004294
-0.926996935909957
-0.681633574422575
0.439715248498107
0.995974293995240
0.272280247040589
-0.801328397423538
-0.845128575408732
0.197168488407927
0.986079076295139
0.507753179550771
-0.623099851966557
-0.953190667792954
-0.058310768718959
0.911505852311666
0.709922025069495
-0.404001504979976
-0.998731940617346
-0.309965358680446
0.777145961456957
0.865526307662214
-0.158404256935935
-0.978765291933703
-0.541288981381490
0.591812216084346
0.964359772060794
0.097582899759166
-0.894600356090905
-0.737108867130269
0.367660859476846
0.999939823121439
0.347169487214439
-0.751757603384008
-0.884580975215089
0.119394224540208
0.969932726338078
0.573984847883501
-0.559606246363215
-0.974032448597814
-0.136703608310086
0.876306680043845
0.763151913917356
-0.330749702924224
-0.999596067197817
-0.383834901813017
0.725202719127398
0.902263010333672
-0.080198924328826
-0.959595085281227
-0.605790043840838
0.526531917830716
0.982193688004185
0.175612189524012
-0.856653211049484
-0.788010753606739
0.293325311537720
0.997701206263481
0.419904707586190
-0.697522514745675
-0.918544975241649
0.040879176895749
0.947768410009577
0.636655216119333
-0.492640552974372
-0.988830826225133
-0.214248267717888
0.835670446020748
0.811646811946209
-0.255445757935771
-0.994258180634408
-0.455322933869048
0.668759942492355
0.933401604696219
-0.001495995943677
-0.934471052351297
-0.666532470249485
0.457984742103032
0.993933564202185
0.252551890060347
-0.813390944581512
-0.834023412112285
0.217169821026475
0.989272332962982
0.490034621073379
-0.638959634165632
-0.946809845192925
-0.037889506392912
0.919723646239222
0.695375444745736
-0.422618261740667
-0.997493983854524
-0.290463619602310
0.789849278542766
0.855105831622747
-0.178556894798597
-0.982751399947611
-0.523985905970105
0.608167831851766
0.958748890738535
0.077216214377286
-0.903549075692465
-0.723139383047201
0.386595991179724
0.999506560365731
0.327924627507252
-0.765081978256504
-0.874861356216706
0.139666896157863
0.974705500327462
0.557124105270618
-0.576432316169751
-0.969200215136322
-0.116423103505864
0.885972439306591
0.749781202967755
-0.349973827323134
-0.999968170756823
-0.364876784337663
0.739127475930315
0.893259330618305
-0.100560171952102
-0.965147119180876
-0.589397797377019
0.543802332128700
0.978147600733813
0.155449335201769
-0.867021011307327
-0.775259563548073
0.312808597947441
0.998878098732273
0.401262750256539
-0.712026045990969
-0.910271206105508
0.061297405329098
0.954091088551907
0.620756902174768
-0.510328512712659
-0.985577163588200
-0.194234351220005
0.846724199228253
0.799534929205622
-0.275157973521040
-0.996238035791511
-0.437026064003191
0.683819742589274
0.925870584810005
-0.021939521572586
-0.941554564434916
-0.651152758743606
0.476062800311861
0.991477375010480
0.232717967617646
-0.825113498278280
-0.822569631083477
0.237080377715426
0.992052078604178
0.472111230506290
-0.654552334343412
-0.940033260679751
-0.017452406437361
0.927557000153140
0.680538200866078
-0.441058366122173
-0.995839079454945
-0.270840468143030
0.802222442469362
0.844327925502054
-0.198634896747167
-0.986326722653171
-0.506463806996949
0.624269236421555
0.952737257040114
0.056817252993090
-0.912120116172244
-0.708867630216964
0.405369527637381
0.998655508726070
0.308542696899675
-0.778086552580904
-0.864776049423828
0.159881187691770
0.979070852155435
0.540030487489707
-0.593017440069978
-0.963962860695865
-0.096093934410271
0.895267866396131
0.736097087119775
-0.369051664363332
-0.999922292480974
-0.345766150140003
0.752743281040950
0.883882272844595
-0.120879385912293
-0.970295726275982
-0.572759185498768
0.560845439695124
0.973692652520798
0.135221503813000
-0.877026400996736
-0.762184318760130
0.332161131883654
0.999637465011018
0.382453067047637
-0.726231953809947
-0.901616948029747
0.081690011744938
0.960014961656751
0.604599114862413
-0.527803157613148
-0.981911534487446
-0.174139245707450
0.857424025836131
0.787088844750925
-0.294755174410830
-0.997801468292046
-0.418546519366848
0.698593709357616
0.917952555519708
-0.042373876588118
-0.948244511287210
-0.635500868549637
0.493941866584196
0.988606753095274
0.212786770195647
-0.836491158543360
-0.810772019947136
0.256891835958919
0.994417151298558
0.453990499739628
-0.669871434826980
-0.932863746832808
0.002991988539307
0.935002639749536
0.665416495326333
-0.459314110250457
-0.993767919160605
-0.251104106684561
0.814260281314332
0.833197094412473
-0.218629870274369
-0.989489765582876
-0.488730008614249
0.640109699484891
0.946327383799179
0.036394542273342
-0.920309894876983
-0.694299574162892
0.423973621602855
0.997387023937897
0.289031796944547
-0.790765890508386
-0.854329270445700
0.180028649666354
0.983026957126146
0.522711139589962
-0.609354685562767
-0.958322574465154
-0.075724598517177
0.904189075869111
0.722105286267308
-0.387975239601720
-0.999458451547166
-0.326510987372189
0.766044443118932
0.874135756577101
-0.141148072876699
-0.975038754473789
-0.555881163064927
0.577654116593820
0.968830705511834
0.114937150492933
-0.886665197913470
-0.748790484631638
0.351374824081267
0.999978987688302
0.363483520315741
-0.740134300202209
-0.892585818452153
0.102048472132937
0.965537553173957
0.588188608058805
-0.545057183359235
-0.977835471138040
-0.153971350836623
0.867765453368899
0.774313760984905
-0.314229169070427
-0.998947824628820
-0.399892024319829
0.713075667351123
0.909650826523072
-0.062790519529260
-0.954538096542876
-0.619583342081577
0.511614467557140
0.985322898362570
0.192766628937938
-0.847519169570081
-0.798635510047356
0.276595914663593
0.996366562457234
0.435680003150725
-0.684910532306819
-0.925304300474038
0.023435132879251
0.942057452787262
0.650016648925872
-0.477377863313232
-0.991281368706432
-0.231262784930033
0.825957763319568
0.821717990987360
-0.238533457578486
-0.992239206600163
-0.470791923463507
0.655682599805207
0.939521950311624
0.015956618811826
-0.928114988519012
-0.679441304261584
0.442400496655348
0.995701636221695
0.269400083103186
-0.803114692137257
-0.843525385985144
0.200100860540493
0.986572161606954
0.505173300974598
-0.625437223758820
-0.952281714056411
-0.055323610109918
0.912732338703347
0.707811648915101
-0.406736643075722
-0.998576841838654
-0.307119344598770
0.779025402343184
0.864023855812220
-0.161357760632662
-0.979374221211574
-0.538770785006930
0.594221336879615
0.963563791977137
0.094604754002632
-0.895933373087292
-0.735083659720273
0.370441643310333
0.999902524009304
0.344362039239075
-0.753727274054541
-0.883181592341039
0.122364276755665
0.970656554687072
0.571532241276023
-0.562083377852070
-0.973350677314626
-0.133739096689552
0.877744159160055
0.761215017830444
-0.333571817464717
-0.999676625630460
-0.381070376350336
0.727259563181628
0.900968867902468
-0.083180916338385
-0.960432689513902
-0.603406832788121
0.529073216169437
0.981627183447675
0.172665912166421
-0.858192921703437
-0.786165174386250
0.296184377620434
0.997899497235817
0.417187394438255
-0.699663340513322
-0.917358081415274
0.043868481447563
0.948718490388775
0.634345098725767
-0.495242074749522
-0.988380467458443
-0.211324796455442
0.837309998994448
0.809895413436118
-0.258337339056823
-0.994573896452030
-0.452657049577123
0.670981427985907
0.932323801215530
-0.004487974438794
-0.935532134607084
-0.664299031197597
0.460642450450503
0.993600050061335
0.249655761336499
-0.815127795728461
-0.832368912013349
0.220089430227496
0.989704983719625
0.487424302374910
-0.641258332235389
-0.945842804519908
-0.034899496702657
0.920894083856501
0.693222149734049
-0.425328032609986
-0.997277831864012
-0.287599327432117
0.791680732735880
0.853550797275406
-0.181500001629100
-0.983300314285322
-0.521435203379542
0.610540175534820
0.957894113460948
0.074232813184944
-0.904827052465956
-0.721069573412071
0.389353619733144
0.999408105935474
0.325096616503947
-0.767005193569977
-0.873408200617159
0.142628933705370
