0.000000000000000
0.997240938513185
-0.148056000577923
-0.975259711649582
0.292848544541165
0.931781769052807
-0.431186108523508
-0.867765453368927
0.560019450099961
0.784621814930590
-0.676508819317005
-0.684183509326027
0.778086552580951
0.568664401927212
-0.862513669207258
-0.440610769775880
0.927929223127294
0.302845176437488
-0.972891321940145
-0.158404256935945
0.996408909165775
0.010471784116239
-0.997963609153802
0.137691508210999
0.977521153141460
-0.282819798501828
-0.935532134607117
0.421714162855312
0.872922077269807
-0.551313085829159
-0.791071034656335
0.668759942492386
0.691783170903204
-0.771465964272584
-0.577246993294530
0.857167300702116
0.449987113092115
-0.923974919305653
-0.312808597947459
0.970416243733767
0.168735142482143
-0.995467612352967
-0.020942419883344
0.998576841838648
-0.127311916418560
-0.979675398423233
0.272760038084502
0.939179908520380
-0.412195971476867
-0.877982975427978
0.542546263865760
0.797433504528571
-0.660937728603833
-0.699306970660001
0.764760776027604
0.585766283024045
-0.851726934143051
-0.459314110250508
0.919919291221858
0.322737716469636
-0.967834748450670
-0.179047524318483
0.994417151298567
0.031410759078116
-0.999080569319848
0.116918363439804
0.981722211257632
-0.262670366455267
-0.942724690773078
0.402632578165136
0.882947592858918
-0.533719945590600
-0.803708526830780
0.653043035445243
0.706754083526997
-0.757971723145459
-0.594221336879646
0.846193166127567
0.468590738440713
-0.915762783621232
-0.332631443164279
0.965147119180891
0.189340271576126
-0.993257641197463
-0.041875653729174
0.999474736358008
-0.106511989044961
-0.983661367188560
0.252551890060337
0.946166092639887
-0.393025031653939
-0.887815385136393
0.524835098908917
0.809895413436050
-0.645076728758689
-0.714123692844340
0.751099550122305
0.602611227669393
-0.840566603495687
-0.477815980375911
0.911505852311674
0.342488693072736
-0.962353650653287
-0.199612255539278
0.991989209203005
0.052335956242919
-0.999759299728270
0.096093934410224
0.985492653565722
-0.242405718504648
-0.949503736732320
0.383374385519032
0.892585818452118
-0.515892698144284
-0.815993485882545
0.637039682139474
0.721414990451320
-0.744145010569358
-0.610935035347214
0.834847863263424
0.486988824404338
-0.907148964113684
-0.352308385236528
0.959454649203141
0.209862349769213
-0.990611994413055
-0.062790519529289
0.999934228225053
-0.085665341992698
-0.987215869567928
0.232232964430261
0.952737257040085
-0.373681698062516
-0.897258369674321
0.506893723931717
0.822002075447902
-0.628932776940327
-0.728627176774989
0.737108867130269
0.619191847113776
-0.829037572555059
-0.496108264620330
0.902692596809128
0.362089442815724
-0.956450432738639
-0.220089430227562
0.989126147854736
0.073238197127608
-0.999999502665477
0.075227355405063
0.988830826225125
-0.222034743394296
-0.955866298971243
0.363948032196798
0.901832526405107
-0.497839163110149
-0.827920523222565
0.620756902174782
0.735759460917843
-0.729991891397418
-0.627380757516688
0.823136368534460
0.505173300974498
-0.898137239088910
-0.371830793207165
0.953341330705970
0.230292375399676
-0.987531832467865
-0.083677843332264
0.999955115891464
-0.064781119290200
-0.990337346439115
0.211812173746641
0.958890519391085
-0.354174455328055
-0.906307787036643
0.488730008614232
0.833748180182041
-0.612512954419598
-0.742811060744551
0.722794863827415
0.635500868549577
-0.817144898335146
-0.514182939383355
0.893483390499340
0.381531368161899
-0.950127684053209
-0.240470066417696
0.985829223087092
0.094108313318464
-0.999801072770523
0.054327779195562
0.991735265002980
-0.201566376507201
-0.961809586659761
0.344362039239074
0.910683660806171
-0.479567259365360
-0.839484407258071
0.604201837716567
0.749781202967729
-0.715518573655435
-0.643551289750742
0.811063818989344
0.523136191838643
-0.888731561387359
-0.391190103902699
0.946809845192925
0.250621387183082
-0.984018506422722
-0.104528463267604
0.999537390195219
-0.043868481447717
-0.993024428619198
0.191298475243131
0.964623180668652
-0.334511859971884
-0.914959667849819
0.470351920162266
0.845128575408716
-0.595824463473296
-0.756669123232698
0.708163818808692
0.651531138300867
-0.804893797355931
-0.532032076515287
0.883882272844577
0.400805941240295
-0.943388177963540
-0.260745224489117
0.982099881040242
0.114937150492818
-0.999164097081317
0.033404373026528
0.994204695916449
-0.181009595945513
-0.967330992875467
0.324624997709642
0.919135339255207
-0.461085001570743
-0.850680065687304
0.587381750363273
0.763474066201456
-0.700731405818936
-0.659439539119588
0.798635510047310
0.540869617879285
-0.878936056650130
-0.410377825689761
0.939863057589421
0.270840468142955
-0.980073557338546
-0.125333233564256
0.998681234364614
-0.022936601439404
-0.995275937465124
0.170700866905906
0.969932726338069
-0.314702536658210
-0.923210217112954
0.451767519812841
0.856138269310427
-0.578874624225132
-0.770195285635285
0.693222149734007
0.667275624961636
-0.792289643355208
-0.549647846794635
0.873893455212362
0.419904707586102
-0.936234870639745
-0.280906011087367
0.977939757526863
0.135715572434257
-0.998088854996449
0.012466314595460
0.996238035791511
-0.160373418592619
-0.972428095747095
0.304745564927258
0.927183854566762
-0.442400496655435
-0.861502587724519
0.570304017961120
0.776832044476731
-0.685636874028456
-0.675038536511895
0.785856893175419
0.558365800629616
-0.868755021509346
-0.429385542199361
0.932504014986094
0.290940749522140
-0.975698715600400
-0.146083028562365
0.997387023937898
-0.001994660679638
-0.997090885390696
0.150028383526739
0.974816827457153
-0.294755174410941
-0.931055815862503
0.432984959298170
0.866772432671615
-0.561670871434797
-0.783383614930400
0.677976410513243
0.682727422479632
-0.779337964931491
-0.567022523362347
0.863521319028243
0.438819289849182
-0.928670899758835
-0.300943583025070
0.973350677314635
0.156434465040185
-0.996575818152634
-0.008477211973148
0.997834392738106
-0.139666896157939
-0.977098659516906
0.284732460668216
0.934825676395990
-0.423521940260821
-0.871947226253859
0.552976131368013
0.789849278542760
-0.670241599244516
-0.690341439691896
0.772733573497403
0.575617065685629
-0.858192921703507
-0.448204916018777
0.924735945302270
0.310913414672903
-0.970895900158423
-0.166768746716001
0.995655326598530
0.018948155004226
-0.998468476299783
0.129290092740129
0.979273341697717
-0.274678522802426
-0.938493022759552
0.414012477270115
0.877026400996736
-0.544220751236856
-0.796228326280970
0.662433288431539
0.697879753185775
-0.766044443118994
-0.584148485110997
0.852770413853980
0.457541391468621
-0.920699583128431
-0.320849151161033
0.968334653325784
0.177084740319539
-0.994625650217839
-0.029417020156468
0.998993066541311
-0.118899111206571
-0.981340635521227
0.264594463341375
0.942057452787274
-0.404457613145677
-0.882009399911556
0.535405691167610
0.802520058610457
-0.654552334343456
-0.705341536300329
0.759271307334934
0.592615846072310
-0.847254390118666
-0.466827692348767
0.916562255870006
0.330749702924205
-0.965667217686239
-0.187381314585625
0.993486901926200
0.039882659401063
-0.999408105935468
0.108495091045710
0.983300314285326
-0.254481388115600
-0.945518575599277
0.394858395686239
0.886895676556386
-0.526531917830757
-0.808723785571939
0.646599601215863
0.712725970767030
-0.752414908895740
-0.601018220027836
0.841645455391847
0.476062800311878
-0.912324417231461
-0.340613984255134
0.962893885754224
0.197657340379083
-0.992239206600173
-0.050343925062505
0.999713548968501
-0.098079173175375
-0.985152163089177
0.244340406137983
0.948876011644476
-0.385215877553959
-0.891684695095824
0.517600404335736
0.814838826856911
-0.638575961155396
-0.720032246799266
0.745475999682915
0.609354685562767
-0.835944224756301
-0.485245702624094
0.907986531939652
0.350440913424426
-0.960014961656778
-0.207911690817662
0.990882701063636
0.060799669945353
-0.999909362145142
0.087652499818562
0.986895978856710
-0.234172629481257
-0.952129392742102
0.375531116159822
0.896375930360123
-0.508612130123456
-0.820864511882054
0.630482294044778
0.727259563181693
-0.738455340625899
-0.617624328489533
0.830151323416337
0.494375392276894
-0.903549075692490
-0.360229412798343
0.957030761100432
0.218143241396501
-0.989417534072696
-0.071248747459128
0.999995523992272
-0.077216214377277
-0.988531570358835
0.223979173156934
0.955278362122325
-0.365805173546841
-0.900968867902368
0.499568080859668
0.826800179863231
-0.622319487445640
-0.734407127357469
0.731353701619224
0.625826241948775
-0.824267386628742
-0.503450868096729
0.899012535107154
0.369978408957837
-0.953941611336377
-0.228350870110560
0.987843866299406
0.081690011744957
-0.999972025061270
0.066771461308051
0.990058758234550
-0.213761154992147
-0.958322574465099
0.356039116274438
0.905463004055302
-0.490469248326095
-0.832645179887431
0.614088436501889
0.741474155515791
-0.724171861437560
-0.633959526508079
0.818293059633618
0.512471134855599
-0.894377407666394
-0.379686832815406
0.950747851124659
0.238533457578541
-0.986161870314205
-0.092122317800321
0.999838867929058
-0.056319385995534
-0.991477375010460
0.203519695507957
0.961261695938301
-0.346234015300633
-0.909857845986151
0.481316630312455
0.838398870984661
-0.605790043840929
-0.748459872677230
0.716910607650537
0.642023290261314
-0.812228997583182
-0.521435203379410
0.889644201664116
0.389353619733179
-0.947449830697147
-0.248689887164761
0.984371730566872
0.102544521605529
-0.999596067197821
0.045861134627793
0.992787265119280
-0.193255917795584
-0.964095404234078
