0.000000000000000
0.970536519880772
-0.467709448002844
-0.745143530260971
0.826800179863262
0.346701794364207
-0.993878596328826
0.132256390257122
0.930143165446116
-0.580499952001573
-0.650395513961876
0.893930843665499
0.219602964810950
-0.999759299728270
0.262189178640865
0.873408200617129
-0.683091699075621
-0.544220751236831
0.945356108439568
0.088645948447645
-0.988075312474495
0.387515586452098
0.801328397423554
-0.773682263079600
-0.428484617944754
0.980172487848543
-0.043868481447665
-0.959031909598965
0.506033764121164
0.715170120125052
-0.850680065687338
-0.305220472894340
0.997768295725414
-0.175612189523975
-0.913139352308718
0.615661475325657
0.616447076559468
-0.912732338703385
-0.176593933926834
0.997834392738110
-0.304270581179855
-0.851203923248292
0.714472679632796
0.506893723931706
-0.958748890738519
-0.044864830350523
0.980369617633535
-0.427583267489706
-0.774313760984857
0.800731370948734
0.388434796274696
-0.987921260694512
0.087652499818458
0.945680807639535
-0.543383777794801
-0.683819742589326
0.872922077269809
0.263151488952134
-0.999736921552070
0.218629870274439
0.894377407666337
-0.649637622251890
-0.581311750185841
0.929776485888250
0.133244894304679
-0.993988284916785
0.345766150139934
0.827360763017988
-0.744478035621467
-0.468590738440729
0.970295726275995
0.000997330835796
-0.970776348122916
0.466827692348861
0.745808283729269
-0.826238774315989
-0.347637093734951
0.993767919160593
-0.131267754658239
-0.930508919819367
0.579687576411980
0.651152758743578
-0.893483390499322
-0.220575840915203
0.999780683474845
-0.261226607538142
-0.873893455212349
0.682362976111754
0.545057183359326
-0.945030468923141
-0.089639308903450
0.988228381446551
-0.386595991179756
-0.801924626841824
0.773049995616545
0.429385542199418
-0.979974383116316
0.042872088910186
0.959313974540055
-0.505173300974502
-0.715866849259720
0.850155361981258
0.306170061015468
-0.997701206263481
0.174630270445095
0.913545457642598
-0.614875261712435
-0.617232064632461
0.912324417231450
0.177575502677172
-0.997899497235827
0.303320386816829
0.851726934143046
-0.713774528476697
-0.507753179550759
0.958464918240232
0.045861134627717
-0.980565772275223
0.426681491730830
0.774944488704178
-0.800133548011203
-0.389353619733226
0.987766226259833
-0.086658964004050
-0.946004566200084
0.542546263865762
0.684547105928689
-0.872435085653919
-0.264113537514768
0.999713548968502
-0.217656558273544
-0.894823082057661
0.648879084367483
0.582122970157291
-0.929408881510495
-0.134233265817667
0.994096984815368
-0.344830161992754
-0.827920523222585
0.743811800472719
0.469471562785894
-0.970053967548095
-0.001994660679578
0.971015210763885
-0.465945472355831
-0.746472295365167
0.825676546934594
0.348572047321847
-0.993656253522178
0.130278988491385
0.930873748644210
-0.578874624225108
-0.651909355843799
0.893035048612883
0.221548497619502
-0.999801072770523
0.260263776601404
0.874377840572813
-0.681633574422566
-0.545893073330326
0.944703889414168
0.090632580197818
-0.988380467458432
0.385676011372349
0.802520058610505
-0.772416959224600
-0.430286039357588
0.979775303633912
-0.041875653729160
-0.959595085281239
0.504312335347601
0.716562866343808
-0.849629812651964
-0.307119344598729
0.997633124419045
-0.173648177666890
-0.913950654301104
0.614088436501830
0.618016438763838
-0.911915588298665
-0.178556894798670
0.997963609153803
-0.302369890750458
-0.852249097851400
0.713075667351171
0.508612130123454
-0.958179992386564
-0.046857393288274
0.980760951578486
-0.425779291565084
-0.775574445610224
0.799534929205610
0.390272055913777
-0.987610209324669
0.085665341992640
0.946327383799167
-0.541708210282749
-0.685273788370257
0.871947226253863
0.265075323371855
-0.999689182000815
0.216683029776409
0.895267866396154
-0.648119901063137
-0.582933611109067
0.929040352678502
0.135221503812994
-0.994204695916451
0.343893830853688
0.828479459920251
-0.743144825477399
-0.470351920162254
0.969811243937546
0.002991988539390
-0.971253107566076
0.465062788901213
0.747135564508161
-0.825113498278298
-0.349506654194891
0.993543599524647
-0.129290092739998
-0.931237651557742
0.578061096249521
0.652665304509944
-0.892585818452127
-0.222520933956342
0.999820467595024
-0.259300686788288
-0.874861356216693
0.680903494733522
0.546728420318361
-0.944376370237481
-0.091625761342735
0.988531570358854
-0.384755647944900
-0.803114692137310
0.771783154533417
0.431186108523529
-0.979575249599343
0.040879176895747
0.959875241542890
-0.503450868096784
-0.717258170684976
0.849103418222197
0.308068322699858
-0.997564050259823
0.172665912166246
0.914354941881176
-0.613301000476423
-0.618800198173372
0.911505852311675
0.179538109315124
-0.998026728428271
0.301419093926036
0.852770413853944
-0.712376096951314
-0.509470574795385
0.957894113460921
0.047853605341203
-0.980955155349191
0.424876667889805
0.776203631076360
-0.798935515127339
-0.391190103902770
0.987453210044202
-0.084671634772594
-0.946649260115697
0.540869617879300
0.685999789191182
-0.871458499554865
-0.266036845566697
0.999663820673246
-0.215709285751399
-0.895711760239415
0.647360073093947
0.583743672234802
-0.928670899758809
-0.136209607307649
0.994311418112901
-0.342957157654100
-0.829037572555046
0.742477111298887
0.471231809694095
-0.969567555685775
-0.003989313423050
0.971490038292880
-0.464179642863086
-0.747798090498538
0.824549628907148
0.350440913424539
-0.993429957280049
0.128301068387815
0.931600628198009
-0.577246993294549
-0.653420603990157
0.892135700463862
0.223493148958497
-0.999838867929057
0.258337339056917
0.875344001663091
-0.680172737770891
-0.547563223492561
0.944047911718853
0.092618851350400
-0.988681689997534
0.383834901812971
0.803708526830792
-0.771148582173422
-0.432085748802047
0.979374221211587
-0.039882659401081
-0.960154443046353
0.502588900079071
0.717952761591684
-0.848576179215515
-0.309016994374963
0.997493983854522
-0.171683474920221
-0.914758319980715
0.612512954419541
0.619583342081505
-0.911095209678030
-0.180519145250634
0.998088854996451
-0.300467997289426
-0.853290881632156
0.711675817973085
0.510328512712755
-0.957607281747640
-0.048849769795633
0.981148383394171
-0.423973621602960
-0.776832044476809
0.798335306372678
0.392107762787076
-0.987295228574596
0.083677843332237
0.946970194829531
-0.540030487489635
-0.686725107669352
0.870968906043132
0.266998103142978
-0.999637465011019
0.214735327167040
0.896154763145916
-0.646599601215818
-0.584553152728823
0.928300523118942
0.137197575318824
-0.994417151298564
0.342020143325591
0.829594860571863
-0.741808658601416
-0.472111230506242
0.969322903035171
0.004986634338833
-0.971726002708605
0.463296035119838
0.748459872677304
-0.823984939382007
-0.351374824081406
0.993315326901431
-0.127311916418530
-0.931962678203971
0.576432316169816
0.654175253533080
-0.891684695095860
-0.224465141658935
0.999856273754320
-0.257373734365226
-0.875825776431882
0.679441304261494
0.548397482022574
-0.943718514184993
-0.093611849232904
0.988830826225135
-0.382913773892348
-0.804301562100283
0.770513242775804
0.432984959298195
-0.979172218670622
0.038886102236369
0.960432689513914
-0.501726432151591
-0.718646638372967
0.848048096156407
0.309965358680430
-0.997422925272834
0.170700866905790
0.915160788198448
-0.611724299114985
-0.620365869709268
0.910683660806185
0.181500001629283
-0.998149988796541
0.299516601786600
0.853810500668344
-0.710974831112831
-0.511185943022102
0.957319497532056
0.049845885660710
-0.981340635521227
0.423070153602525
0.777459685186435
-0.797734303538602
-0.393025031653928
0.987136265072990
-0.082683968660177
-0.947290187621409
0.539190819948360
0.687449743083316
-0.870478446205562
-0.267959095144457
0.999610115040352
-0.213761154992099
-0.896596874675016
0.645838486184952
0.585362051785873
-0.927929223127281
-0.138185406863818
0.994521895368271
-0.341082788800287
-0.830151323416321
0.741139468049837
0.472990181723963
-0.969077286229082
-0.005983950294452
0.971961000578555
-0.462411966550365
-0.749120910386204
0.823419430264490
0.352308385236613
-0.993199708502808
0.126322637816024
0.932323801215507
-0.575617065685610
-0.654929252388130
0.891232802796695
0.225436911090846
-0.999872685053500
0.256409873671960
0.876306680043885
-0.678709194932864
-0.549231195078587
0.943388177963502
0.094604754002600
-0.988978978893323
0.381992265099248
0.804893797355908
-0.769877136972444
-0.433883739117609
0.978969242177364
-0.037889506392854
-0.960709980668811
0.500863465172458
0.719339800338685
-0.847519169570111
-0.310913414672950
0.997350874585431
-0.169718089100603
-0.915562346134075
0.610935035347205
0.621147780278305
-0.910271206105447
-0.182480677475499
0.998210129767736
-0.298564908363883
-0.854329270445658
0.710273137068002
0.512042864870617
-0.957030761100403
-0.050841951945626
0.981531911539131
-0.422166264787407
-0.778086552580979
0.797132507222908
0.393941909590949
-0.986976319697481
0.081690011744932
0.947609238173062
-0.538350616090669
-0.688173694712302
0.869987120529973
0.268919820615320
-0.999581770788449
0.212786770195554
0.897038094386961
-0.645076728758624
-0.586170368601411
0.927557000153147
0.139173100960066
-0.994625650217847
0.340145095010491
0.830706960534958
-0.740469540309771
-0.473868662472993
0.968830705511788
0.006981260298021
-0.972195031668987
0.461527438034025
0.749781202967725
-0.822853102117221
-0.353241595961575
0.993083102199180
-0.125333233564300
-0.932683996873461
0.574801242653020
0.655682599805326
-0.890780024015850
-0.226408456287640
0.999888101810274
-0.255445757935729
-0.876786712020761
0.677976410513209
0.550064361831334
-0.943056903383033
-0.095597564671876
0.989126147854737
-0.381070376350267
-0.805485232008590
0.769240265396201
0.434782087366298
-0.978765291933705
0.036892872861821
0.960986316235261
-0.499999999999942
-0.720032246799372
0.846989399982733
0.311861161409522
-0.997277831863996
0.168735142482086
0.915962993388180
-0.610145163901258
-0.621929073010874
0.909857845986167
0.183461171813834
-0.998269277850217
0.297612917967894
0.854847190448152
-0.709570736536471
-0.512899277405944
0.956741072739879
0.051837967659627
-0.981722211257650
0.421261956056575
0.778712646036917
-0.796529918024187
-0.394858395686147
0.986815392607198
-0.080695973575162
-0.947927346167141
0.537509876752286
0.688896961836300
-0.869494929505182
-0.269880278599961
0.999552432283502
-0.211812173746596
-0.897478421842932
0.644314329694443
0.586978102371429
-0.927183854566780
-0.140160656625139
0.994728415744067
-0.339207062888900
-0.831261771375096
0.739798876047576
0.474746671879533
-0.968583161128640
-0.007978563357433
0.972428095747144
-0.460642450450528
-0.750440749765169
0.822285955503444
0.354174455328056
-0.992965508106534
0.124343704647488
0.933043264819433
-0.573984847883521
-0.656435295035424
0.890326359203640
0.227379776283062
-0.999902524009304
0.254481388115511
0.877265871885037
-0.677242951731407
-0.550896981452088
0.942724690773094
0.096590280253101
-0.989272332963007
0.380148108562274
0.806075865470114
-0.768602628680479
-0.435680003150705
0.978560368142510
-0.035896202634589
-0.961261695938309
0.499136037493003
0.720723977066352
-0.846458787921158
-0.312808597947558
0.997203797181173
-0.167752028027947
-0.916362729562250
0.609354685562805
0.622709747129847
-0.909443580859500
-0.184441483669132
0.998327432985156
-0.296660631545441
-0.855364260160550
0.708867630216895
0.513755179776239
-0.956450432738627
-0.052833931812007
0.981911534487432
-0.420357228309619
-0.779337964931564
0.795926536541745
0.395774489028027
-0.986653483962192
0.079701855139605
0.948244511287233
-0.536668602769467
-0.689619543735651
0.869001873620758
0.270840468143154
-0.999522099554689
0.210837366614515
0.897917856604850
-0.643551289750745
-0.587785252292500
0.926809786739335
0.141148072876746
-0.994830191844713
0.338268693368650
0.831815755384946
-0.739127475930264
-0.475624209070356
0.968334653325748
0.008975858481042
-0.972660192581124
0.459757004680447
0.751099550122280
-0.821717990987347
-0.355106962408278
0.992846926341821
-0.123354052049730
-0.933401604696236
0.573167882188877
0.657187337329484
-0.889871808811465
-0.228350870110638
0.999915951636246
-0.253516765170425
-0.877744159160162
0.676508819316921
0.551729053112763
-0.942391540464012
-0.097582899759190
0.989417534072680
-0.379225462652935
-0.806665697152794
0.767964227459589
0.436577485577802
-0.978354471007587
0.034899496702402
0.961536119504168
-0.498271578510701
-0.721414990451345
0.845927333913351
0.313755723344349
-0.997128770610613
0.166768746715947
0.916761554258725
-0.608563601118019
-0.623489801858799
0.909028411137362
0.185421612065973
-0.998384595114690
0.295708050044057
0.855880479068539
-0.708163818808711
-0.514610571130257
0.956158841385705
0.053829843412223
-0.982099881040251
0.419452082446134
0.779962508642720
-0.795322363375954
-0.396690188705065
0.986490593923529
-0.078707657426966
-0.948560733217900
0.535826794978907
0.690341439691955
-0.868507953366960
-0.271800388289498
0.999490772632193
-0.209862349769254
-0.898356398235622
0.642787609686413
0.588591817561868
-0.926434797042843
-0.142135348732846
0.994930978418588
-0.337329987382789
-0.832368912013289
0.738455340625886
0.476501273172301
-0.968085182350410
-0.009973144676643
0.972891321940173
-0.458871101604105
-0.751757603384071
0.821149209133673
0.356039116274384
-0.992727357023034
0.122364276755741
0.933759016147276
-0.572350346381884
-0.657938725939815
0.889416373291245
0.229321736804894
-0.999928384677748
0.252551890060279
0.878221573370235
-0.675774014000223
-0.552560575985439
0.942057452787315
0.098575422202589
-0.989561751039394
0.378302439539558
0.807254726470210
-0.767325062368309
-0.437474533754584
0.978147600733804
-0.033902756056993
-0.961809586659753
0.497406623913086
0.722105286267338
-0.845395038487691
-0.314702536658252
0.997052752226915
-0.165785299524461
-0.917159467080772
0.607771911354039
0.624269236421570
-0.908612337232804
-0.186401556029899
0.998440764181987
-0.294755174410814
-0.856395846658829
0.707459303011738
0.515465450616877
-0.955866298971249
-0.054825701469334
0.982287250728678
-0.418546519366648
-0.780586276549456
0.794717399127491
0.397605493806862
-0.986326722653172
0.077713381426484
0.948876011644498
-0.534984454218213
-0.691062648986835
0.868013169235186
0.272760038084629
-0.999458451547160
0.208887124180188
0.898794046299195
-0.642023290261319
-0.589397797376992
0.926058885850423
0.143122483211090
-0.995030775365395
0.336390945865232
0.832921240710168
-0.737782470802688
-0.477377863313381
0.967834748450652
0.010970420952038
-0.973121483594289
0.457984742103084
0.752414908895695
-0.820579610508300
-0.356970915999615
0.992606800269048
-0.121374379749568
-0.934115498817210
0.571532241275905
0.658689460118691
-0.888960053096197
-0.230292375399696
0.999939823121440
-0.251586763744367
-0.878698114040604
0.675038536511866
0.553391549243405
-0.941722428075156
-0.099567846595841
0.989704983719634
-0.377379040140666
-0.807842952836206
0.766685134042544
0.438371146789195
-0.977939757526836
0.032905981689335
0.962082097133178
-0.496541174560696
-0.722794863827398
0.844861902173879
0.315649036947067
-0.996975742105709
0.164801687431245
0.917556467632780
-0.606979617057973
-0.625048050043233
0.908195359559776
0.187381314585745
-0.998495940131151
0.293802005593940
0.856910362418563
-0.706754083526898
-0.516319817386164
0.955572805786109
0.055821504993243
-0.982473643366428
0.417640539972102
0.781209268031044
-0.794111644398371
-0.398520403422574
0.986161870314158
-0.076719028126681
-0.949190346253573
0.534141581324852
0.691783170903255
-0.867517521717696
-0.273719416573574
0.999425136331751
-0.207911690817789
-0.899230800360154
0.641258332235358
0.590203190936556
-0.925682053535812
-0.144109475330055
0.995129582585915
-0.335451569750228
-0.833472740925947
0.737108867130258
0.478253978621279
-0.967583351875631
-0.011967686315722
0.973350677314643
-0.457097927058617
-0.753071466003651
0.820009195677920
0.357902360656715
-0.992485256199834
0.120384362016283
0.934471052351375
-0.570713567684312
-0.659439539119723
0.888502848679998
0.231262784930022
-0.999950266955942
0.250621387183110
0.879173780697053
-0.674302387583741
-0.554221972059928
0.941386466660850
0.100560171952265
-0.989847231970998
0.376455265374315
0.808430375665959
-0.766044443118955
-0.439267323789393
0.977730941593513
-0.031909174591343
-0.962353650653324
0.495675231313975
0.723483722445941
-0.844327925501964
-0.316595223269772
0.996897740323613
-0.163817911415117
-0.917952555519683
0.606186719018252
0.625826241948951
-0.907777478532844
-0.188360886759422
0.998550122907325
-0.292848544541089
-0.857424025836204
0.706048161055809
0.517173670587918
-0.955278362122348
-0.056817252993003
0.982659058768058
-0.416734145163233
-0.781831482468100
0.793505099790842
0.399434916642586
-0.985996037070497
0.075724598517062
0.949503736732323
-0.533298177137587
-0.692503004724371
0.867021011307269
0.274678522802509
-0.999390827019091
0.206936050651845
0.899666659983973
-0.640492736369760
-0.591007997439094
0.925304300474004
0.145096324107787
-0.995227399981846
0.334511859971719
0.834023412112319
-0.736434530278303
-0.479129618224948
0.967330992875461
0.012964939775292
-0.973578902873157
0.456210657353194
0.753727274054733
-0.819437965209649
-0.358833449319628
0.992362724936231
-0.119394224540173
-0.934825676396030
0.569894326421788
0.660188962196489
-0.888044760497625
-0.232232964430416
0.999959716170872
-0.249655761336296
-0.879648572866666
0.673565567947736
0.555051843608822
-0.941049568878645
-0.101552397284373
0.989988495651930
-0.375531116159776
-0.809016994375043
0.765402990234527
0.440163063864186
-0.977521153141441
0.030912335754056
0.962624246950023
-0.494808795034642
-0.724171861437464
0.843793109003322
0.317541094685010
-0.996818746958178
0.162833972454160
0.918347730347686
-0.605393218023186
-0.626603811364502
0.907358694567851
0.189340271576132
-0.998603312456593
0.291894792200856
0.857936836400709
-0.705341536300311
-0.518027009373226
0.954982968272705
0.057812944478627
-0.982843496749101
0.415827335842018
0.782452919241441
-0.792897765908494
-0.400349032557051
0.985829223087063
-0.074730093586302
-0.949816182769171
0.532454242494943
0.693222149734021
-0.866523638497997
-0.275637355817001
0.999355523643321
-0.205960204653017
-0.900101624737316
0.639726503425691
0.591812216084455
-0.924925627040566
-0.146083028562472
0.995324227455868
-0.333571817464832
-0.834573253721295
0.735759460917872
0.480004781253219
-0.967077671701039
-0.013962180339264
0.973806160042927
-0.455322933868950
-0.754382332396478
0.818865919671930
0.359764181061805
-0.992239206600174
0.118403968306324
0.935179370598606
-0.569074518302832
-0.660937728603902
0.887585789004516
0.233202912935648
-0.999968170756824
0.248689887164846
0.880122490076967
-0.672828078336913
-0.555881163065020
0.940711735063488
0.102544521605681
-0.990128774621984
0.374606593415849
0.809602808379834
-0.764760776027585
-0.441058366122201
0.977310392379387
-0.029915466169225
-0.962893885754245
0.493941866584121
0.724859280117811
