0.000000000000000
0.369051664363411
0.685999789191171
0.906096929213798
0.998269277850215
0.949503736732325
0.766685134042644
0.475624209070275
0.117413594299996
-0.257373734365302
-0.595824463473267
-0.850155361981261
-0.984459424705048
-0.979775303633913
-0.836764313458961
-0.575617065685673
-0.233202912935592
0.142135348732755
0.497406623913222
0.782452919241445
0.957030761100411
0.996492859249503
0.895267866396148
0.667646953469565
0.345766150139933
-0.024930691738072
-0.392107762787063
-0.703926182748944
-0.916362729562238
-0.999425136331751
-0.941386466660903
-0.750440749765107
-0.453546129097275
-0.092618851350323
0.281384563016696
0.615661475325657
0.863017923326350
0.988531570358854
0.974482118963728
0.822853102117265
0.555051843608775
0.208887124180279
-0.166768746716102
-0.518879832892917
-0.797734303538618
-0.963962860695852
-0.994096984815366
-0.883882272844564
-0.648879084367482
-0.322265695230512
0.049845885660695
0.414920112910129
0.721414990451327
0.926058885850421
0.999959716170870
0.932683996873428
0.733729864502878
0.431186108523508
0.067766533188521
-0.305220472894333
-0.635115769842176
-0.875344001663060
-0.991989209203002
-0.968583161128630
-0.808430375665925
-0.534141581324930
-0.184441483668979
0.191298475243088
0.540030487489660
0.812519787475581
0.970295726275995
0.991083143909599
0.871947226253861
0.629707848667968
0.298564908363895
-0.074730093586422
-0.437474533754559
-0.738455340625881
-0.935179370598551
-0.999872685053500
-0.923401737138394
-0.716562866343793
-0.408558047142689
-0.042872088910205
0.328866646738582
0.654175253533030
0.887125934657384
0.994830191844717
0.962082097133163
0.793505099790897
0.512899277405910
0.159881187691837
-0.215709285751430
-0.560845439695161
-0.826800179863262
-0.976025421103622
-0.987453210044202
-0.859470145878642
-0.610145163901270
-0.274678522802390
0.099567846595812
0.459757004680442
0.755036640377520
0.943718514184985
0.999164097081316
0.913545457642602
0.698950426911896
0.385676011372338
0.017950993798100
-0.352308385236556
-0.672828078337049
-0.898356398235639
-0.997052752226919
-0.954982968272732
-0.778086552580951
-0.491338136832515
-0.135221503812963
0.239986003602560
0.581311750185830
0.840566603495683
0.981148383394171
0.983209439716739
0.846458787921227
0.590203190936458
0.250621387183133
-0.124343704647481
-0.481753674101714
-0.771148582173408
-0.951671008370678
-0.997834392738110
-0.903121285404192
-0.680903494733556
-0.362554225509620
0.006981260297959
0.375531116159740
0.691062648986861
0.909028411137387
0.998655508726065
0.947290187621395
0.762184318760074
0.469471562785894
0.110477761379567
-0.264113537514754
-0.601416696366309
-0.853810500668347
-0.985661428529861
-0.978354471007612
-0.832921240710101
-0.569894326421809
-0.226408456287648
0.149042266176171
0.503450868096818
0.786781150250530
0.959031909598964
0.995884398615970
0.892135700463884
0.662433288431475
0.339207062888959
-0.031909174591303
-0.398520403422606
-0.708867630216936
-0.919135339255233
-0.999637465011020
-0.939008537288532
-0.745808283729270
-0.447313148315635
-0.085665341992677
0.288076888944372
0.621147780278309
0.866523638498007
0.989561751039374
0.972891321940144
0.818865919671946
0.549231195078596
0.202054781745387
-0.173648177666927
-0.524835098908898
-0.801924626841825
-0.965796642068661
-0.993315326901437
-0.880595531856742
-0.643551289750789
-0.315649036947106
0.056817252993036
0.421261956056633
0.726231953809991
0.928670899758824
0.999998010662407
0.930143165446116
0.728968627421414
0.424876667889847
0.060799669945393
-0.311861161409524
-0.640492736369775
-0.878698114040547
-0.992846926341836
-0.966823388604460
-0.804301562100290
-0.528226641853084
-0.177575502677164
0.198146143199388
0.545893073330302
0.816569598217089
0.971961000578543
0.990128774621971
0.868507953366989
0.624269236421603
0.291894792201043
-0.081690011744995
-0.443741637094020
-0.743144825477387
-0.937629165000494
-0.999736921552070
-0.920699583128426
-0.711675817973068
-0.402176068832419
-0.035896202634588
0.335451569750245
0.659439539119632
0.890326359203696
0.995514912254013
0.960154443046352
0.789237221724081
0.506893723931712
0.152985836284049
-0.222520933956313
-0.566611700966052
-0.830706960534928
-0.977521153141461
-0.986326722653182
-0.855880479068562
-0.604599114862373
-0.267959095144398
0.106511989044931
0.465945472355814
0.759595731569277
0.946004566200076
0.998854359982400
0.910683660806176
0.693940605217112
0.379225462652936
0.010970420952007
-0.358833449319514
-0.677976410513215
-0.901401145451668
-0.997564050259823
-0.952888630922459
-0.773682263079605
-0.485245702624185
-0.128301068387846
0.246757397690286
0.586978102371397
0.844327925502013
0.982473643366416
0.981911534487441
0.842720958654039
0.584553152728775
0.243856825068136
-0.131267754658234
-0.487859659138729
-0.775574445610207
-0.953791896906687
-0.997350874585438
-0.900101624737250
-0.675774014000225
-0.356039116274357
0.013962180339140
0.381992265099254
0.696091827363990
0.911915588298664
0.998993066541313
0.945030468923149
0.757646355689092
0.463296035119867
0.103536543928917
-0.270840468143005
-0.606979617058043
-0.857424025836171
-0.986815392607211
-0.976885954764647
-0.829037572555045
-0.564143811312481
-0.219602964810949
0.155941919509801
0.509470574795359
0.791071034656340
0.960986316235235
0.995227399981831
0.888960053096192
0.657187337329463
0.332631443164288
-0.038886102236374
-0.404913620735923
-0.713774528476695
-0.921863151588496
-0.999801072770523
-0.936584841964798
-0.741139468049860
-0.441058366122217
-0.078707657427122
0.294755174410897
0.626603811364451
0.869987120530012
0.990543701876215
0.971253107566076
0.814838826856944
0.543383777794808
0.195212591445502
-0.180519145250548
-0.530764785202600
-0.806075865470057
-0.967583351875669
-0.992485256199833
-0.877265871885025
-0.638192129352157
-0.309016994374946
0.063785851132635
0.427583267489701
0.731013521647781
0.931237651557737
0.999987566661691
0.927557000153161
0.724171861437467
0.418546519366791
0.053829843412137
-0.318486650251671
-0.645838486185012
-0.882009399911608
-0.993656253522178
-0.965016494472311
-0.800133548011209
-0.522285957359941
-0.170700866905864
0.204984153792226
0.551729053112681
0.820579610508383
0.973578902873159
0.989126147854733
0.865026350627755
0.618800198173371
0.285210449497821
-0.088645948447645
-0.449987113092121
-0.747798090498528
-0.940033260679729
-0.999552432283503
-0.917952555519691
-0.706754083527000
-0.395774489027936
-0.028918566828687
0.342020143325663
0.664671684553418
0.893483390499321
0.996151112670948
0.958179992386564
0.784930877348521
0.500863465172525
0.146083028562418
-0.229321736804798
-0.572350346382003
-0.834573253721291
-0.978969242177371
-0.985152163089198
-0.852249097851392
-0.599023598515592
-0.261226607538150
0.113450940249963
0.472111230506215
0.764117801136710
0.948244511287225
0.998495940131151
0.907777478532912
0.688896961836240
0.372756431019491
0.003989313423074
-0.365341024366397
-0.683091699075620
-0.904401959647562
-0.998026728428270
-0.950747851124642
-0.769240265396260
-0.479129618224890
-0.121374379749654
0.253516765170577
0.592615846072346
0.848048096156419
0.983751018959346
0.980565772275223
0.838942056356228
0.578874624225104
0.237080377715502
-0.138185406863801
-0.493941866584219
-0.779962508642695
-0.955866298971242
-0.996818746958190
-0.897038094386968
-0.670611596994816
-0.349506654194876
0.020942419883343
0.388434796274677
0.701087079207491
0.914758319980692
0.999281934843867
0.942724690773082
0.753071466003618
0.457097927058708
0.096590280253185
-0.277554198388937
-0.612512954419568
-0.860995761366629
-0.987921260694511
-0.975369826478429
-0.825113498278304
-0.558365800629679
-0.212786770195559
0.162833972454283
0.515465450616853
0.795322363375947
0.962893885754201
0.994521895368274
0.885741079069660
0.651909355843777
0.326039611452344
-0.045861134627695
-0.411287103130601
-0.718646638372916
-0.924546033612305
-0.999915951636247
-0.934115498817188
-0.736434530278364
-0.434782087366261
-0.071746136761391
0.301419093926053
0.632029302664834
0.873408200617131
0.991477375010475
0.969567555685775
0.810772019947095
0.537509876752303
0.188360886759314
-0.187381314585703
-0.536668602769469
-0.810187817097819
-0.969322903035166
-0.991606813167031
-0.873893455212357
-0.632801864369495
-0.302369890750466
0.070751340439837
0.433883739117555
0.735759460917843
0.933759016147288
0.999928384677748
0.924925627040606
0.719339800338648
0.412195971476863
0.046857393288242
-0.325096616503817
-0.651152758743563
-0.885277697888846
-0.994417151298563
-0.963162566797656
-0.795926536541819
-0.516319817386059
-0.163817911415147
0.211812173746583
0.557538142399386
0.824549628907127
0.975149354305563
0.988075312474496
0.861502587724555
0.613301000476465
0.278512206039649
-0.095597564671801
-0.456210657353167
-0.752414908895724
-0.942391540464033
-0.999319226239544
-0.915160788198433
-0.701797902884002
-0.389353619733238
-0.021939521572636
0.348572047321814
0.669871434827020
0.896596874675016
0.996738762088012
0.956158841385745
0.780586276549389
0.494808795034657
0.139173100960067
-0.236111362835369
-0.578061096249548
-0.838398870984683
-0.980369617633532
-0.983929588598633
-0.848576179215537
-0.593418886603704
-0.254481388115572
0.120384362016237
0.478253978621304
0.768602628680508
0.950438240274668
0.998088854996448
0.904827052466021
0.683819742589326
0.366269231763466
-0.002991988539339
-0.371830793207145
-0.688173694712311
-0.907358694567863
-0.998440764181980
