0.000000000000000
0.965147119180891
-0.505173300974501
-0.700731405818913
0.871947226253862
0.244340406137893
-0.999838867929057
0.278991106039229
0.853810500668346
-0.725889056058888
-0.473868662472997
0.973919425411303
-0.035896202634581
-0.955130783952422
0.535826794978996
0.674670545932074
-0.888960053096193
-0.209374763007084
0.998550122907320
-0.313282199597431
-0.834573253721301
0.750111069630458
0.441953229673224
-0.981436395555739
0.071746136761376
0.943883330308366
-0.565789633582212
-0.647740067614431
0.904827052466018
0.174139245707386
-0.995974293995238
0.347169487214421
0.814260281314377
-0.773366225503509
-0.409468140058889
0.987688340595136
-0.107503593510527
-0.931419255684615
0.595023196102034
0.619974682979090
-0.919527772551451
-0.138679271154442
0.992114701314477
-0.380609289778866
-0.792897765908471
0.795624548881778
0.376455265374392
-0.992667202067973
0.143122483211113
0.917754625683981
-0.623489801858734
-0.591410180293904
0.933043264819442
0.103040545578643
-0.986976319697494
0.413558504966527
0.770513242775790
-0.816857349838956
-0.342957157654126
0.996366562457242
-0.178556894798636
-0.902907053368370
0.651152758743578
0.562083377852132
-0.945356108439568
-0.067269005612034
0.980565772275220
-0.445974662797067
-0.747135564508147
0.837037260298633
0.309016994374950
-0.998781653462335
0.213761154992119
0.886895676556417
-0.677976410513230
-0.532032076515334
0.956450432738628
0.031410759078118
-0.972891321940144
0.477815980375906
0.722794863827385
-0.856138269310460
-0.274678522802401
0.999909362145144
-0.248689887164851
-0.869741133155687
0.703926182748947
0.501295010989930
-0.966311937657226
0.004487974438927
0.963962860695854
-0.509041415750379
-0.697522514745702
0.874135756577050
0.239986003602558
-0.999748234942506
0.283298069832737
0.851465534561472
-0.728968627421408
-0.469911799899893
0.974927912181823
-0.040380923169142
-0.953791896906688
0.539610720810785
0.671351092126010
-0.891006524188371
-0.204984153792231
0.998298479539765
-0.317541094684851
-0.832092437156155
0.753071466003620
0.437922894720361
-0.982287250728687
0.076221822798898
0.942391540464033
-0.569484493168445
-0.644314329694485
0.906728826522707
0.169718089100678
-0.995561964603078
0.351374824081341
0.811646811946201
-0.776203631076356
-0.405369527637439
0.988380467458432
-0.111964476103312
-0.929776485888253
0.598624226943444
0.616447076559468
-0.921282398275818
-0.134233265817645
0.991542217370804
-0.384755647944926
-0.790155012375685
0.798335306372699
0.372293658401930
-0.993199708502813
0.147562812492453
0.915962993388160
-0.626992362396820
-0.587785252292478
0.934648480581914
0.098575422202414
-0.986244419107041
0.417640539972139
0.767644740357993
-0.819437965209725
-0.338737920245284
0.996738762088016
-0.182970947394042
-0.900968867902416
0.654552334343452
0.558365800629674
-0.946809845192918
-0.062790519529292
0.979675398423238
-0.449987113092122
-0.744145010569339
0.839484407258066
0.304745564927221
-0.998993066541314
0.218143241396521
0.884813436149739
-0.681268619282676
-0.528226641853104
0.957750816684928
0.026924682845650
-0.971843622476415
0.481753674101708
0.719686113050182
-0.858448793601880
-0.270360406986362
0.999959716170870
-0.253034359076157
-0.867517521717723
0.707106781186551
0.497406623913200
-0.967457292663052
0.008975858481002
0.962759186055454
-0.512899277405891
-0.694299574162844
0.876306680043872
0.235626767265334
-0.999637465011020
0.287599327432034
0.849103418222204
-0.732033515886183
-0.465945472355811
0.975916761938741
-0.044864830350510
-0.952433798569318
0.543383777794784
0.668018115955506
-0.893035048612890
-0.200589415783244
0.998026728428271
-0.321793593854458
-0.829594860571815
0.756016693999245
0.433883739117551
-0.983118320656130
0.080695973575204
0.940880768954223
-0.573167882188941
-0.640875613985035
0.908612337232875
0.165293514029464
-0.995129582585912
0.355573083550942
0.809016994374936
-0.779025402343233
-0.401262750256475
0.989052686346546
-0.116423103505801
-0.928114988519040
0.602213200286093
0.612907053652995
-0.923018467515394
-0.129784556752276
0.990949761767930
-0.388894256356587
-0.787396343528005
0.801029983781132
0.368124552684687
-0.993712209893242
0.152000169561293
0.914152911751097
-0.630482294044717
-0.584148485111067
0.936234870639731
0.094108313318511
-0.985492653565722
0.421714162855292
0.764760776027597
-0.822002075447920
-0.334511859971863
0.997090885390702
-0.187381314585742
-0.899012535107131
0.657938725939710
0.554636976794297
-0.948244511287218
-0.058310768718944
0.978765291933708
-0.453990499739574
-0.741139468049859
0.841914645309175
0.300467997289424
-0.999184357885973
0.222520933956323
0.882713373816669
-0.684547105928680
-0.524410567641360
0.959031909598972
0.022438064295819
-0.970776348122916
0.485681664337328
0.716562866343803
-0.860742027003944
-0.266036845566655
0.999989928992004
-0.257373734365302
-0.865276436727936
0.710273137068042
0.493508218064348
-0.968583161128634
0.013463561731163
0.961536119504149
-0.516746808236006
-0.691062648986841
0.878459952927506
0.231262784929940
-0.999506560365730
0.291894792201025
0.846724199228278
-0.735083659720195
-0.461969759730599
0.976885954764648
-0.049347833863720
-0.951056516295157
0.547145889934090
0.664671684553407
-0.895045585511192
-0.196190637499036
0.997734875046458
-0.326039611452325
-0.827080574274560
0.758946694294567
0.429835844221505
-0.983929588598639
0.085168498971920
0.939351046208930
-0.576839726452741
-0.637423989748678
0.910477546658829
0.160865609613648
-0.994677156652782
0.359764181061782
0.806370881570467
-0.781831482468036
-0.397147890634754
0.989704983719641
-0.120879385912277
-0.926434797042898
0.605790043840810
0.609354685562803
-0.924735945302249
-0.125333233564262
0.990337346439109
-0.393025031653891
-0.784621814930601
0.803708526830789
0.363948032196765
-0.994204695916455
0.156434465040287
0.912324417231469
-0.633959526508145
-0.580499952001575
0.937802403039834
0.089639308903400
-0.984721038215617
0.425779291565033
0.761861407873422
-0.824549628907136
-0.330279061955156
0.997422925272835
-0.191787907540007
-0.897038094386989
0.661311865323629
0.550896981452111
-0.949660077825427
-0.053829843412103
0.977835471138017
-0.457984742103122
-0.738118997487363
0.844327925502006
0.296184377620475
-0.999355523643321
0.226894144495914
0.880595531856710
-0.687811804415930
-0.520583930743625
0.960293685676942
0.017950993798081
-0.969689520376677
0.489599871965098
0.713425186616712
-0.863017923326337
-0.261707925628606
0.999999999999999
-0.261707925628629
-0.863017923326325
0.713425186616649
0.489599871965077
-0.969689520376683
0.017950993798105
0.960293685676935
-0.520583930743646
-0.687811804415912
0.880595531856722
0.226894144495891
-0.999355523643320
0.296184377620498
0.844327925501993
-0.738118997487379
-0.457984742103100
0.977835471138022
-0.053829843412127
-0.949660077825420
0.550896981452132
0.661311865323611
-0.897038094386949
-0.191787907539983
0.997422925272833
-0.330279061955179
-0.824549628907122
0.761861407873438
0.425779291565114
-0.984721038215621
0.089639308903424
0.937802403039825
-0.580499952001595
-0.633959526508126
0.912324417231433
0.156434465040262
-0.994204695916452
0.363948032196788
0.803708526830774
-0.784621814930617
-0.393025031653869
0.990337346439112
-0.125333233564286
-0.924735945302240
0.609354685562822
0.605790043840790
-0.926434797042907
-0.120879385912366
0.989704983719637
-0.397147890634776
-0.781831482468020
0.806370881570481
0.359764181061760
-0.994677156652773
0.160865609613672
0.910477546658819
-0.637423989748697
-0.576839726452721
0.939351046208939
0.085168498972009
-0.983929588598634
0.429835844221527
0.758946694294551
-0.827080574274574
-0.326039611452302
0.997734875046459
-0.196190637499060
-0.895045585511181
0.664671684553426
0.547145889934069
-0.951056516295164
-0.049347833863695
0.976885954764655
-0.461969759730570
-0.735083659720178
0.846724199228291
0.291894792201001
-0.999506560365732
0.231262784929909
0.878459952927521
-0.691062648986858
-0.516746808235985
0.961536119504156
0.013463561731138
-0.968583161128642
0.493508218064320
0.710273137068065
-0.865276436727948
-0.257373734365278
0.999989928992004
-0.266036845566734
-0.860742027003960
0.716562866343780
0.485681664337306
-0.970776348122922
0.022438064295843
0.959031909598949
-0.524410567641332
-0.684547105928703
0.882713373816681
0.222520933956299
-0.999184357885972
0.300467997289501
0.841914645309192
-0.741139468049837
-0.453990499739552
0.978765291933713
-0.058310768718968
-0.948244511287210
0.554636976794270
0.657938725939734
-0.899012535107117
-0.187381314585717
0.997090885390700
-0.334511859971886
-0.822002075447874
0.764760776027576
0.421714162855321
-0.985492653565726
0.094108313318535
0.936234870639723
-0.584148485111133
-0.630482294044743
0.914152911751084
0.152000169561269
-0.993712209893240
0.368124552684710
0.801029983781083
-0.787396343527985
-0.388894256356617
0.990949761767933
-0.129784556752301
-0.923018467515385
0.612907053653014
0.602213200286119
-0.928114988519027
-0.116423103505833
0.989052686346542
-0.401262750256498
-0.779025402343218
0.809016994374983
0.355573083550972
-0.995129582585909
0.165293514029488
0.908612337232864
-0.640875613985054
-0.573167882188874
0.940880768954212
0.080695973575236
-0.983118320656125
0.433883739117573
0.756016693999229
-0.829594860571860
-0.321793593854488
0.998026728428269
-0.200589415783268
-0.893035048612879
0.668018115955524
0.543383777794763
-0.952433798569308
-0.044864830350542
0.975916761938748
-0.465945472355832
-0.732033515886166
0.849103418222217
0.287599327431956
-0.999637465011019
0.235626767265302
0.876306680043860
-0.694299574162861
-0.512899277405870
0.962759186055476
0.008975858481034
-0.967457292663060
0.497406623913222
0.707106781186534
-0.867517521717735
-0.253034359076078
0.999959716170870
-0.270360406986331
-0.858448793601867
0.719686113050199
0.481753674101687
-0.971843622476434
0.026924682845618
0.957750816684937
-0.528226641853077
-0.681268619282658
0.884813436149751
0.218143241396497
-0.998993066541311
0.304745564927191
0.839484407258083
-0.744145010569356
-0.449987113092100
0.979675398423243
-0.062790519529373
-0.946809845192929
0.558365800629648
0.654552334343434
-0.900968867902427
-0.182970947394018
0.996738762088009
-0.338737920245254
-0.819437965209743
0.767644740358008
0.417640539972117
-0.986244419107045
0.098575422202381
0.934648480581885
-0.587785252292452
-0.626992362396735
0.915962993388170
0.147562812492541
-0.993199708502806
0.372293658401900
0.798335306372650
-0.790155012375682
-0.384755647944825
0.991542217370807
-0.134233265817585
-0.921282398275798
0.616447076559442
0.598624226943356
-0.929776485888251
-0.111964476103401
0.988380467458424
-0.405369527637383
-0.776203631076305
0.811646811946182
0.351374824081238
-0.995561964603081
0.169718089100590
0.906728826522685
-0.644314329694461
-0.569484493168379
0.942391540464032
0.076221822798987
-0.982287250728682
0.437922894720307
0.753071466003567
-0.832092437156137
-0.317541094684747
0.998298479539764
-0.204984153792144
-0.891006524188347
0.671351092125965
0.539610720810717
-0.953791896906686
-0.040380923169032
0.974927912181818
-0.469911799899839
-0.728968627421371
0.851465534561455
0.283298069832659
-0.999748234942506
0.239986003602471
0.874135756577038
-0.697522514745658
-0.509041415750309
0.963962860695846
0.004487974438818
-0.966311937657220
0.501295010989853
0.703926182748910
-0.869741133155671
-0.248689887164772
0.999909362145144
-0.274678522802507
-0.856138269310447
0.722794863827343
0.477815980375860
-0.972891321940136
0.031410759078227
0.956450432738630
-0.532032076515258
-0.677976410513191
0.886895676556389
0.213761154992039
-0.998781653462335
0.309016994375055
0.837037260298620
-0.747135564508097
-0.445974662797020
0.980565772275211
-0.067269005612130
-0.945356108439570
0.562083377852047
0.651152758743549
-0.902907053368344
-0.178556894798570
0.996366562457244
-0.342957157654229
-0.816857349838950
0.770513242775733
0.413558504966479
-0.986976319697487
0.103040545578724
0.933043264819448
-0.591410180294004
-0.623489801858715
0.917754625683951
0.143122483211061
-0.992667202067977
0.376455265374480
0.795624548881780
-0.792897765908416
-0.380609289778830
0.992114701314469
-0.138679271154508
-0.919527772551459
0.619974682979176
0.595023196102025
-0.931419255684588
-0.107503593510475
0.987688340595144
-0.409468140058969
-0.773366225503516
0.814260281314449
0.347169487214392
-0.995974293995232
0.174139245707452
0.904827052466032
-0.647740067614510
-0.565789633582209
0.943883330308337
0.071746136761337
-0.981436395555750
0.441953229673297
0.750111069630470
-0.834573253721365
-0.313282199597414
0.998550122907316
-0.209374763007139
-0.888960053096211
0.674670545932142
0.535826794978999
-0.955130783952393
-0.035896202634549
0.973919425411317
-0.473868662473059
-0.725889056058905
0.853810500668402
0.278991106039219
-0.999838867929056
0.244340406137939
0.871947226253885
-0.700731405818973
-0.505173300974511
0.965147119180923
-0.000000000000025
-0.965147119180910
0.505173300974553
0.700731405818938
-0.871947226253909
-0.244340406137892
0.999838867929059
-0.278991106039266
-0.853810500668376
0.725889056058939
0.473868662473016
-0.973919425411328
0.035896202634598
0.955130783952446
-0.535826794979040
-0.674670545932106
0.888960053096233
0.209374763007091
-0.998550122907313
0.313282199597461
0.834573253721338
-0.750111069630503
-0.441953229673253
0.981436395555759
-0.071746136761386
-0.943883330308396
0.565789633582250
0.647740067614472
-0.904827052466053
-0.174139245707404
0.995974293995228
-0.347169487214438
-0.814260281314421
0.773366225503547
0.409468140058925
-0.987688340595151
0.107503593510523
0.931419255684653
-0.595023196102065
-0.619974682979137
0.919527772551478
0.138679271154460
-0.992114701314463
0.380609289778875
0.792897765908525
-0.795624548881810
-0.376455265374435
0.992667202067983
-0.143122483211109
-0.917754625683932
0.623489801858753
0.591410180293964
-0.933043264819466
-0.103040545578675
0.986976319697479
-0.413558504966524
-0.770513242775847
0.816857349838979
0.342957157654183
-0.996366562457249
0.178556894798618
0.902907053368323
-0.651152758743586
-0.562083377852194
0.945356108439586
0.067269005612081
-0.980565772275201
0.445974662797064
0.747135564508216
-0.837037260298647
-0.309016994375008
0.998781653462337
-0.213761154992087
-0.886895676556366
0.677976410513227
0.532032076515409
-0.956450432738644
-0.031410759078178
0.972891321940125
-0.477815980375903
-0.722794863827309
0.856138269310472
0.274678522802460
-0.999909362145145
0.248689887164819
0.869741133155647
-0.703926182748944
-0.501295010990007
0.966311937657232
-0.004487974438867
-0.963962860695833
0.509041415750352
0.697522514745623
-0.874135756577062
-0.239986003602645
0.999748234942504
-0.283298069832706
-0.851465534561430
0.728968627421405
0.469911799899796
-0.974927912181829
0.040380923169081
0.953791896906672
-0.539610720810758
-0.671351092125928
0.891006524188369
0.204984153792318
-0.998298479539761
0.317541094684793
0.832092437156110
-0.753071466003599
-0.437922894720263
0.982287250728691
-0.076221822798809
-0.942391540464015
0.569484493168419
0.644314329694423
-0.906728826522706
-0.169718089100766
0.995561964603076
-0.351374824081284
-0.811646811946154
0.776203631076336
0.405369527637339
-0.988380467458431
0.111964476103223
0.929776485888233
-0.598624226943396
-0.616447076559403
0.921282398275817
0.134233265817536
-0.991542217370801
0.384755647944870
0.790155012375652
-0.798335306372680
-0.372293658401854
0.993199708502812
-0.147562812492365
-0.915962993388150
0.626992362396773
0.587785252292412
-0.934648480581903
-0.098575422202333
0.986244419107037
-0.417640539972058
-0.767644740357977
0.819437965209706
0.338737920245207
-0.996738762088013
0.182970947394178
0.900968867902405
-0.654552334343385
-0.558365800629607
0.946809845192908
0.062790519529211
-0.979675398423233
0.449987113092042
0.744145010569323
-0.839484407258048
-0.304745564927144
0.998993066541313
-0.218143241396656
-0.884813436149728
0.681268619282611
0.528226641853035
-0.957750816684919
-0.026924682845569
0.971843622476423
-0.481753674101630
-0.719686113050165
0.858448793601834
0.270360406986284
-0.999959716170870
0.253034359076236
0.867517521717710
-0.707106781186488
-0.497406623913179
0.967457292663044
-0.008975858481083
-0.962759186055463
0.512899277406010
0.694299574162826
-0.876306680043829
-0.235626767265255
0.999637465011021
-0.287599327432112
-0.849103418222191
0.732033515886122
0.465945472355789
-0.975916761938734
0.044864830350591
0.952433798569328
-0.543383777794900
-0.668018115955487
0.893035048612849
0.200589415783220
-0.998026728428273
0.321793593854535
0.829594860571833
-0.756016693999335
-0.433883739117529
0.983118320656114
-0.080695973575285
-0.940880768954234
0.573167882189007
0.640875613985017
-0.908612337232837
-0.165293514029440
0.995129582585915
-0.355573083551018
-0.809016994374955
0.779025402343320
0.401262750256453
-0.989052686346533
0.116423103505882
0.928114988519051
-0.602213200286158
-0.612907053652976
0.923018467515360
0.129784556752252
-0.990949761767942
0.388894256356662
0.787396343528025
-0.801029983781181
-0.368124552684664
0.993712209893233
-0.152000169561317
-0.914152911751110
0.630482294044781
0.584148485111093
-0.936234870639780
-0.094108313318486
0.985492653565737
-0.421714162855366
-0.764760776027617
0.822002075447967
0.334511859971840
-0.997090885390695
0.187381314585766
0.899012535107145
-0.657938725939771
-0.554636976794324
0.948244511287262
0.058310768718919
-0.978765291933726
0.453990499739596
0.741139468049881
-0.841914645309219
-0.300467997289455
0.999184357885979
-0.222520933956347
-0.882713373816711
0.684547105928739
0.524410567641387
-0.959031909598995
-0.022438064295794
0.970776348122938
-0.485681664337349
-0.716562866343825
0.860742027003985
0.266036845566686
-0.999989928992005
0.257373734365326
0.865276436727981
-0.710273137068099
-0.493508218064376
0.968583161128654
-0.013463561731187
-0.961536119504174
0.516746808236027
0.691062648986905
-0.878459952927545
-0.231262784929972
0.999506560365727
-0.291894792201048
-0.846724199228326
0.735083659720212
0.461969759730628
-0.976885954764666
0.049347833863744
0.951056516295114
-0.547145889934110
-0.664671684553474
0.895045585511203
0.196190637499124
-0.997734875046448
0.326039611452348
0.827080574274611
-0.758946694294583
-0.429835844221585
0.983929588598643
-0.085168498971944
-0.939351046208883
0.576839726452761
0.637423989748746
-0.910477546658839
-0.160865609613736
0.994677156652768
-0.359764181061805
-0.806370881570385
0.781831482468051
0.397147890634836
-0.989704983719644
0.120879385912302
0.926434797042846
-0.605790043840829
-0.609354685562873
0.924735945302258
0.125333233564350
-0.990337346439106
0.393025031653914
0.784621814930516
-0.803708526830804
-0.363948032196848
0.994204695916457
-0.156434465040198
-0.912324417231413
0.633959526508164
0.580499952001648
-0.937802403039842
-0.089639308903488
0.984721038215612
-0.425779291565055
-0.761861407873333
