0.000000000000000
0.998550122907320
-0.107503593510525
-0.986976319697495
0.213761154992114
0.963962860695852
-0.317541094684844
-0.929776485888251
0.417640539972131
0.884813436149737
-0.512899277405905
-0.829594860571831
0.602213200286082
0.764760776027598
-0.684547105928687
-0.691062648986863
0.758946694294555
0.609354685562809
-0.824549628907140
-0.520583930743608
0.880595531856737
0.425779291565071
-0.926434797042885
-0.326039611452343
0.961536119504148
0.222520933956317
-0.985492653565726
-0.116423103505821
0.998026728428270
0.008975858480999
-0.998993066541314
0.098575422202440
0.988380467458430
-0.204984153792232
-0.966311937657224
0.309016994374947
0.933043264819443
-0.409468140058888
-0.888960053096193
0.505173300974502
0.834573253721303
-0.595023196102031
-0.770513242775787
0.677976410513218
0.697522514745707
-0.753071466003612
-0.616447076559471
0.819437965209727
0.528226641853082
-0.876306680043862
-0.433883739117564
0.923018467515397
0.334511859971847
-0.959031909598963
-0.231262784929949
0.983929588598628
0.125333233564310
-0.997422925272833
-0.017950993798099
0.999355523643321
-0.089639308903437
-0.989704983719634
0.196190637499089
0.968583161128629
-0.300467997289450
-0.936234870639738
0.401262750256477
0.893035048612885
-0.497406623913217
-0.839484407258074
0.587785252292472
0.776203631076356
-0.671351092126006
-0.703926182748945
0.747135564508145
0.623489801858730
-0.814260281314377
-0.535826794979000
0.871947226253864
0.441953229673239
-0.919527772551448
-0.342957157654127
0.956450432738626
0.239986003602570
-0.982287250728688
-0.134233265817669
0.996738762088013
0.026924682845658
-0.999637465011020
0.080695973575213
0.990949761767933
-0.187381314585711
-0.970776348122918
0.291894792201038
0.939351046208927
-0.393025031653919
-0.897038094386965
0.489599871965040
0.844327925502016
-0.580499952001577
-0.781831482468037
0.664671684553422
0.710273137068052
-0.741139468049845
-0.630482294044716
0.809016994374950
0.543383777794816
-0.867517521717715
-0.449987113092115
0.915962993388160
0.351374824081346
-0.953791896906693
-0.248689887164867
0.980565772275218
0.143122483211113
-0.995974293995237
-0.035896202634585
0.999838867929057
-0.071746136761367
-0.992114701314477
0.178556894798643
0.972891321940147
-0.283298069832747
-0.942391540464032
0.384755647944924
0.900968867902419
-0.481753674101721
-0.849103418222199
0.573167882188920
0.787396343528007
-0.657938725939703
-0.716562866343793
0.735083659720181
0.637423989748698
-0.803708526830787
-0.550896981452096
0.863017923326344
0.457984742103069
-0.912324417231457
-0.359764181061817
0.951056516295152
0.257373734365295
-0.978765291933708
-0.152000169561269
0.995129582585911
0.044864830350526
-0.999959716170870
0.062790519529321
0.993199708502813
-0.169718089100668
-0.974927912181821
0.274678522802380
0.945356108439568
-0.376455265374399
-0.904827052466023
0.473868662472997
0.853810500668342
-0.565789633582205
-0.792897765908492
0.651152758743579
0.722794863827398
-0.728968627421391
-0.644314329694487
0.798335306372695
0.558365800629686
-0.858448793601870
-0.465945472355833
0.908612337232862
0.368124552684669
-0.948244511287222
-0.266036845566702
0.976885954764649
0.160865609613708
-0.994204695916447
-0.053829843412119
0.999999999999999
-0.053829843412100
-0.994204695916449
0.160865609613689
0.976885954764653
-0.266036845566684
-0.948244511287228
0.368124552684652
0.908612337232869
-0.465945472355817
-0.858448793601879
0.558365800629670
0.798335306372706
-0.644314329694473
-0.728968627421404
0.722794863827385
0.651152758743594
-0.792897765908481
-0.565789633582221
0.853810500668332
0.473868662472989
-0.904827052466015
-0.376455265374417
0.945356108439571
0.274678522802398
-0.974927912181817
-0.169718089100658
0.993199708502811
0.062790519529340
-0.999959716170870
0.044864830350507
0.995129582585913
-0.152000169561278
-0.978765291933712
0.257373734365277
0.951056516295149
-0.359764181061800
-0.912324417231464
0.457984742103077
0.863017923326353
-0.550896981452080
-0.803708526830781
0.637423989748684
0.735083659720194
-0.716562866343800
-0.657938725939717
0.787396343527995
0.573167882188912
-0.849103418222189
-0.481753674101737
0.900968867902424
0.384755647944942
-0.942391540464025
-0.283298069832737
0.972891321940142
0.178556894798661
-0.992114701314478
-0.071746136761385
0.999838867929057
-0.035896202634595
-0.995974293995239
0.143122483211095
0.980565772275216
-0.248689887164849
-0.953791896906699
0.351374824081355
0.915962993388168
-0.449987113092099
-0.867517521717710
0.543383777794801
0.809016994374961
-0.630482294044724
-0.741139468049858
0.710273137068039
0.664671684553415
-0.781831482468026
-0.580499952001593
0.844327925502022
0.489599871965056
-0.897038094386957
-0.393025031653910
0.939351046208921
0.291894792201056
-0.970776348122921
-0.187381314585729
0.990949761767931
0.080695973575203
-0.999637465011020
0.026924682845639
0.996738762088012
-0.134233265817651
-0.982287250728692
0.239986003602580
0.956450432738632
-0.342957157654110
-0.919527772551444
0.441953229673223
0.871947226253873
-0.535826794979009
-0.814260281314380
0.623489801858715
0.747135564508139
-0.703926182748942
-0.671351092126020
0.776203631076362
0.587785252292475
-0.839484407258064
-0.497406623913208
0.893035048612883
0.401262750256494
-0.936234870639742
-0.300467997289455
0.968583161128625
0.196190637499079
-0.989704983719633
-0.089639308903455
0.999355523643321
-0.017950993798094
-0.997422925272835
0.125333233564320
0.983929588598629
-0.231262784929931
-0.959031909598960
0.334511859971843
0.923018467515405
-0.433883739117573
-0.876306680043864
0.528226641853066
0.819437965209722
-0.616447076559468
-0.753071466003624
0.697522514745714
0.677976410513222
-0.770513242775775
-0.595023196102023
0.834573253721301
0.505173300974518
-0.888960053096200
-0.409468140058892
0.933043264819436
0.309016994374931
-0.966311937657208
-0.204984153792194
0.988380467458432
0.098575422202445
-0.998993066541313
0.008975858480959
0.998026728428274
-0.116423103505859
-0.985492653565723
0.222520933956313
0.961536119504153
-0.326039611452305
-0.926434797042908
0.425779291565106
0.880595531856728
-0.520583930743607
-0.824549628907151
0.609354685562777
0.758946694294592
-0.691062648986891
-0.684547105928675
0.764760776027597
0.602213200286097
-0.829594860571809
-0.512899277405955
0.884813436149755
0.417640539972114
-0.929776485888250
-0.317541094684862
0.963962860695842
0.213761154992170
-0.986976319697501
-0.107503593510506
0.998550122907320
0.000000000000019
-0.998550122907322
0.107503593510469
0.986976319697488
-0.213761154992133
-0.963962860695852
0.317541094684827
0.929776485888264
-0.417640539972080
-0.884813436149720
0.512899277405923
0.829594860571830
-0.602213200286067
-0.764760776027621
0.684547105928647
0.691062648986836
-0.758946694294568
-0.609354685562807
0.824549628907130
0.520583930743639
-0.880595531856711
-0.425779291565037
0.926434797042894
0.326039611452340
-0.961536119504143
-0.222520933956349
0.985492653565716
0.116423103505783
-0.998026728428272
-0.008975858480996
0.998993066541314
-0.098575422202408
-0.988380467458438
0.204984153792269
0.966311937657218
-0.309016994374949
-0.933043264819449
0.409468140058858
0.888960053096217
-0.505173300974535
-0.834573253721290
0.595023196102039
0.770513242775799
-0.677976410513194
-0.697522514745740
0.753071466003637
0.616447076559452
-0.819437965209733
-0.528226641853097
0.876306680043846
0.433883739117606
-0.923018467515412
-0.334511859971824
0.959031909598966
0.231262784929967
-0.983929588598622
-0.125333233564357
0.997422925272836
0.017950993798075
-0.999355523643320
0.089639308903418
0.989704983719639
-0.196190637499043
-0.968583161128620
0.300467997289473
0.936234870639735
-0.401262750256460
-0.893035048612900
0.497406623913176
0.839484407258054
-0.587785252292491
-0.776203631076350
0.671351092125992
0.703926182748968
-0.747135564508114
-0.623489801858700
0.814260281314391
0.535826794978992
-0.871947226253854
-0.441953229673256
0.919527772551429
0.342957157654091
-0.956450432738638
-0.239986003602561
0.982287250728685
0.134233265817688
-0.996738762088009
-0.026924682845620
0.999637465011019
-0.080695973575222
-0.990949761767936
0.187381314585692
0.970776348122930
-0.291894792201075
-0.939351046208914
0.393025031653928
0.897038094386974
-0.489599871965024
-0.844327925502042
0.580499952001608
0.781831482468014
-0.664671684553429
-0.710273137068065
0.741139468049833
0.630482294044752
-0.809016994374973
-0.543383777794784
0.867517521717720
0.449987113092132
-0.915962993388153
-0.351374824081390
0.953791896906704
0.248689887164830
-0.980565772275220
-0.143122483211132
0.995974293995235
0.035896202634632
-0.999838867929056
0.071746136761405
0.992114701314476
-0.178556894798625
-0.972891321940151
0.283298069832701
0.942391540464019
-0.384755647944960
-0.900968867902415
0.481753674101705
0.849103418222209
-0.573167882188881
-0.787396343527983
0.657938725939732
0.716562866343786
-0.735083659720168
-0.637423989748712
0.803708526830759
0.550896981452064
-0.863017923326363
-0.457984742103060
0.912324417231449
0.359764181061834
-0.951056516295138
-0.257373734365258
0.978765291933716
0.152000169561259
-0.995129582585909
-0.044864830350544
0.999959716170871
-0.062790519529360
-0.993199708502809
0.169718089100677
0.974927912181825
-0.274678522802362
-0.945356108439584
0.376455265374435
0.904827052466007
-0.473868662473006
-0.853810500668352
0.565789633582190
0.792897765908504
-0.651152758743608
-0.722794863827371
0.728968627421417
