0.000000000000000
0.732373150012771
-0.997350874585438
0.625826241948814
0.145096324107607
-0.823419430264538
0.976242011289668
-0.506033764121162
-0.287121694403118
0.897038094386968
-0.934471052351315
0.375531116159738
0.423070153602596
-0.951671008370679
0.872922077269807
-0.237080377715495
-0.550064361831343
0.986161870314185
-0.792897765908474
0.093611849232834
0.665416495326259
-0.999780683474845
0.696091827363986
0.051837967659634
-0.766685134042645
0.992239206600171
-0.584553152728770
-0.196190637499095
0.851726934143050
-0.963697054534301
0.460642450450627
0.336390945865370
-0.918741991723550
0.914758319980688
-0.326982282099348
-0.469471562785898
0.966311937657223
-0.846458787921220
0.186401556029760
0.592615846072357
-0.993429957280054
0.760244013297638
-0.041875653729190
-0.703217455360713
0.999522099554693
-0.657938725939712
-0.103536543928914
0.798935515127366
-0.984459424705047
0.541708210282730
0.246757397690297
-0.877744159160101
0.948560733217858
-0.414012477270024
-0.384755647944936
0.937975407878395
-0.892585818452119
0.277554198388928
0.514610571130132
-0.978354471007616
0.817719385664425
-0.135221503812960
-0.633573796645681
0.998026728428271
-0.725545977802924
-0.009973144676492
0.739127475930356
-0.996575818152632
0.618016438763814
0.154956712238489
-0.829037572555050
0.974032448597808
-0.497406623913221
-0.296660631545566
0.901401145451679
-0.930873748644201
0.366269231763456
0.432085748801998
-0.954686624531127
0.868013169235266
-0.227379776282966
-0.558365800629674
0.987766226259836
-0.786781150250534
0.083677843332296
0.672828078337061
-0.999939823121439
0.688896961836233
0.061795125470219
-0.773049995616554
0.990949761767934
-0.576432316169775
-0.205960204653208
0.856910362418592
-0.960986316235237
0.451767519812791
0.345766150139943
-0.922634279794504
0.910683660806167
-0.317541094684829
-0.478253978621324
0.968830705511809
-0.841106447755006
0.176593933926815
0.600619594235974
-0.994521895368275
0.753727274054611
-0.031909174591296
-0.710273137068057
0.999164097081315
-0.650395513961865
-0.113450940250014
0.804893797355929
-0.982659058768025
0.533298177137552
0.256409873672031
-0.882478935272506
0.945356108439572
-0.404913620735892
-0.393941909590977
0.941386466660909
-0.888044760497608
0.267959095144391
0.523136191838690
-0.980369617633534
0.811938005715834
-0.125333233564274
-0.641258332235489
0.998603312456594
-0.718646638372923
-0.019945297363296
0.745808283729260
-0.995701636221684
0.610145163901242
0.164801687431409
-0.834573253721310
0.971726002708591
-0.488730008614197
-0.306170061015450
0.905674537670636
-0.927183854566774
0.356970915999465
0.441058366122221
-0.957607281747655
0.863017923326349
-0.217656558273568
-0.566611700966092
0.989272332962992
-0.780586276549358
0.073735514324040
0.680172737770927
-0.999999502665477
0.681633574422567
0.071746136761423
-0.779337964931496
0.989561751039372
-0.568254144143246
-0.215709285751442
0.862008557172520
-0.958179992386566
0.442847653627061
0.355106962408172
-0.926434797042898
0.906518419490402
-0.308068322699821
-0.486988824404373
0.971253107566073
-0.835670446020769
0.166768746716063
0.608563601118131
-0.995514912254016
0.747135564508138
-0.021939521572631
-0.717258170684965
0.998706711663819
-0.642787609686507
-0.123354052049866
0.810772019947105
-0.980760951578480
0.524835098908896
0.266036845566677
-0.887125934657382
0.942057452787281
-0.395774489027906
-0.403088987376300
0.944703889414176
-0.883415372204701
0.258337339056886
0.531609778236695
-0.982287250728696
0.806075865470039
-0.115432496909164
-0.648879084367498
0.999080569319850
-0.711675817973066
-0.029915466169396
0.752414908895754
-0.994728415744054
0.602213200286057
0.174630270445137
-0.840025923150779
0.969322903035166
-0.480004781253073
-0.315649036947148
0.909857845986215
-0.923401737138381
0.347637093734916
0.449987113092136
-0.960432689513919
0.857936836400626
-0.207911690817710
-0.574801242653111
0.990680040617105
-0.774313760984836
0.063785851132620
0.687449743083325
-0.999959716170870
0.674302387583685
0.081690011745039
-0.785548416547730
0.988075312474491
-0.560019450099944
-0.225436911090908
0.867021011307345
-0.955278362122327
0.433883739117568
0.364412453575963
-0.930143165446106
0.902263010333647
-0.298564908363827
-0.495675231314102
0.973578902873172
-0.830151323416299
0.156926971670483
0.616447076559449
-0.996408909165777
0.740469540309735
-0.011967686315580
-0.724171861437506
0.998149988796539
-0.635115769842147
-0.133244894304651
0.816569598217105
-0.978765291933695
0.516319817386046
0.275637355817055
-0.891684695095874
0.938665094365402
-0.386595991179774
-0.412195971476887
0.947927346167155
-0.878698114040541
0.248689887164797
0.540030487489656
-0.984107179553613
0.800133548011218
-0.105520278635145
-0.656435295035368
0.999458451547164
-0.704634209963550
-0.039882659401102
0.758946694294585
-0.993656253522181
0.594221336879629
0.184441483669054
-0.845395038487757
0.966823388604442
-0.471231809694081
-0.325096616503870
0.913950654301091
-0.919527772551437
0.338268693368515
0.458871101604209
-0.963162566797675
0.852770413853938
-0.198146143199349
-0.582933611109035
0.991989209203006
-0.767964227459500
0.053829843412111
0.694658370459044
-0.999820467595024
0.666904130524145
0.091625761342691
-0.791680732735945
0.986490593923507
-0.551729053112673
-0.235142113102656
0.871947226253863
-0.952281714056364
0.424876667889849
0.373681698062536
-0.933759016147322
0.897917856604805
-0.289031796944405
-0.504312335347598
0.975807860095318
-0.824549628907146
0.147069587712912
0.624269236421666
-0.997203797181181
0.733729864502827
-0.001994660679587
-0.731013521647828
0.997493983854522
-0.627380757516661
-0.143122483211207
0.822285955503497
-0.976672278334151
0.507753179550746
0.285210449497857
-0.896154763145913
0.935179370598537
-0.377379040140561
-0.421261956056655
0.951056516295176
-0.873893455212345
0.239017699062532
0.548397482022564
-0.985829223087095
0.794111644398373
-0.095597564671793
-0.663926212652298
0.999736921552070
-0.697522514745658
-0.049845885660693
0.765402990234646
-0.992485256199835
0.586170368601348
0.194234351220048
-0.850680065687346
0.964227708033371
-0.462411966550384
-0.334511859971889
0.917952555519677
-0.915562346134046
0.328866646738508
0.467709448002858
-0.965796642068678
0.847519169570125
-0.188360886759249
-0.591007997439078
0.993199708502816
-0.761538307536683
0.043868481447653
0.701797902884037
-0.999581770788450
0.659439539119595
0.101552397284348
-0.797734303538640
0.984807753012193
-0.543383777794790
-0.244823926448263
0.876786712020744
-0.949190346253521
0.415827335842045
0.382913773892403
-0.937281989491920
0.893483390499318
-0.279469936662799
-0.512899277405909
0.977939757526870
-0.818865919671950
0.137197575318771
0.632029302664917
-0.997899497235827
0.726917207456565
0.007978563357501
-0.737782470802793
0.996738762088014
-0.619583342081467
-0.152985836284125
0.827920523222585
-0.974482118963712
0.499136037492948
0.294755174410958
-0.900535694187318
0.931600628197993
-0.368124552684594
-0.430286039357582
0.954091088551945
-0.869001873620730
0.229321736804752
0.556709929603203
-0.987453210044209
0.788010753606665
-0.085665341992650
-0.671351092126059
0.999915951636247
-0.690341439691853
-0.059804153945029
0.771783154533439
-0.991215540251528
0.578061096249534
0.204007899039949
-0.855880479068564
0.961536119504131
-0.453546129097278
-0.343893830853769
0.921863151588536
-0.911505852311660
0.319431889029638
0.476501273172339
-0.968334653325781
0.842183625869913
-0.178556894798590
-0.599023598515662
0.994311418112905
-0.755036640377467
0.033902756056955
0.708867630216984
-0.999243649493385
0.651909355843741
0.111468932206423
-0.803708526830808
0.983026957126142
-0.534984454218185
-0.254481388115629
0.881538987243270
-0.946004566200061
0.406736643075709
0.392107762787096
-0.940711735063564
0.888960053096184
-0.269880278599849
-0.521435203379500
0.979974383116329
-0.813100761046968
0.127311916418514
0.639726503425859
-0.998495940131152
0.720032246799295
0.017950993798102
-0.744478035621508
0.995884398615960
-0.611724299114976
-0.162833972454370
0.833472740925958
-0.972195031668962
0.490469248326065
0.304270581179909
-0.904827052466063
0.927929223127278
-0.358833449319539
-0.439267323789507
0.957030761100433
-0.864023855812182
0.219602964811003
0.564967003425025
-0.988978978893323
0.781831482468044
-0.075724598516939
-0.678709194932936
0.999995523992272
-0.683091699075662
-0.069756473744233
0.778086552580978
-0.989847231970986
0.569894326421691
0.213761154992189
-0.860995761366636
0.958748890738536
-0.444635179184829
-0.353241595961567
0.925682053535842
-0.907358694567804
0.309965358680347
0.485245702624197
-0.970776348122905
0.836764313458900
-0.168735142482099
-0.606979617058033
0.995324227455878
-0.748459872677249
0.023933658491735
0.715866849259683
-0.998806137341428
0.644314329694457
0.121374379749638
-0.809602808379895
0.981148383394156
-0.526531917830718
-0.264113537514712
0.886203579231267
-0.942724690773063
0.397605493806802
0.401262750256609
-0.944047911718877
0.884348294314078
-0.260263776601437
-0.529919264233303
0.981911534487449
-0.807254726470175
0.117413594299847
0.647360073094041
-0.998993066541315
0.713075667351199
0.027921638723687
-0.751099550122334
0.994930978418582
-0.603804410325356
-0.172665912166364
0.838942056356242
-0.969811243937557
0.481753674101610
0.313755723344422
-0.909028411137383
0.924165520566649
-0.349506654194784
-0.448204916018894
0.959875241542876
-0.858959896930601
