0.000000000000000
0.941554564434942
-0.634345098725647
-0.514182939383407
0.980760951578483
-0.146576326362047
-0.882009399911612
0.740804596286747
0.382913773892372
-0.998781653462334
0.289986417453583
0.803411709375148
-0.831261771375075
-0.243373183359151
0.995227399981831
-0.427132432717193
-0.707459303011774
0.903762633838574
0.098575422202447
-0.970174967537432
0.555051843608769
0.596224874965619
-0.956741072739882
0.048351693580129
0.924165520566709
-0.670981427985962
-0.472111230506241
0.989052686346543
-0.194234351219961
-0.858192921703498
0.772416959224595
0.337799382375547
-0.999999502665477
0.335921299574124
0.773682263079607
-0.857167300702106
-0.196190637499102
0.989345056526704
-0.470351920162217
-0.672459082520345
0.923401737138388
0.050343925062614
-0.957319497532069
0.594622340422398
0.556709929603225
-0.969689520376682
0.096590280253151
0.904614618530824
-0.706048161055824
-0.428935133403153
0.995030775365398
-0.241438012536630
-0.832368912013287
0.802222442469384
0.291894792201044
-0.998878098732276
0.381070376350254
0.742142977223526
-0.881067697735377
-0.148549151846720
0.981148383394174
-0.512471134855630
-0.635885809228731
0.940880768954218
0.001994660679612
-0.942224613775885
0.632801864369469
0.515892698144282
-0.980369617633531
0.144602917697793
0.882947592858935
-0.739463267929100
-0.384755647944950
0.998681234364612
-0.288076888944365
-0.804597779766681
0.830151323416274
0.245307385878821
-0.995420064911704
0.425328032610024
0.708867630216957
-0.902907053368367
-0.100560171952157
0.970656554687114
-0.553391549243329
-0.597825037323736
0.956158841385735
-0.046359269721961
-0.924925627040613
0.669501103834433
0.473868662473028
-0.988756381047002
0.192277292145427
0.859215128234002
-0.771148582173395
-0.339676121182957
0.999995523992272
-0.334041880250956
-0.774944488704189
0.856138269310446
0.198146143199437
-0.989633490424241
0.468590738440686
0.673934061558448
-0.922634279794491
-0.052335956242987
0.957894113460927
-0.593017440070011
-0.558365800629681
0.969200215136303
-0.094604754002518
-0.905463004055339
0.704634209963564
0.430736127495548
-0.994830191844713
0.239501881110696
0.833472740925964
-0.801029983781087
-0.293802005593943
0.998970569790716
-0.379225462652904
-0.743478405414456
0.880122490076964
0.150521386302570
-0.981531911539143
0.510757291371660
0.637423989748721
-0.940203230014532
-0.003989313423117
0.942890914311144
-0.631256112300213
-0.517600404335700
0.979974383116313
-0.142628933705472
-0.883882272844575
0.738118997487296
0.386595991179797
-0.998576841838647
0.286166214270782
0.805780648925003
-0.829037572555019
-0.247240612400071
0.995608769388468
-0.423521940260746
-0.710273137068078
0.902047880524273
0.102544521605620
-0.971134279909644
0.551729053112670
0.599422821130219
-0.955572805786126
0.044366661415331
0.925682053535877
-0.668018115955461
-0.475624209070308
0.988456141806987
-0.190319468061988
-0.860233916226612
0.769877136972477
0.341551508529419
-0.999987566661691
0.332161131883668
0.776203631076365
-0.855105831622692
-0.200100860540600
0.989917986891566
-0.466827692348801
-0.675406359231846
0.921863151588486
0.054327779195591
-0.958464918240252
0.591410180293873
0.560019450099983
-0.968707053763075
0.092618851350270
0.906307787036664
-0.703217455360658
-0.432535407828814
0.994625650217833
-0.237564796784572
-0.834573253721339
0.799834338054690
0.295708050044079
-0.999059066269739
0.377379040140591
0.744810875546295
-0.879173780697041
-0.152493021882730
0.981911534487448
-0.509041415750342
-0.638959634165712
0.939521950311578
0.005983950294426
-0.943553463389721
0.629707848667917
0.519306051163210
-0.979575249599337
0.140654382238952
0.884813436149764
-0.736771790309793
-0.388434796274768
0.998468476299780
-0.284254401034756
-0.806960312143820
0.827920523222531
0.249172855231260
-0.995793512661322
0.421714162855235
0.711675817973114
-0.901185118724650
-0.104528463267740
0.971608141304321
-0.550064361831296
-0.601018220027953
0.954982968272708
-0.042373876588138
-0.926434797042904
0.666532470249387
0.477377863313375
-0.988151969821045
0.188360886759260
0.861249281627887
-0.768602628680482
-0.343425536953317
0.999975630705393
-0.330279061955101
-0.777459685186434
0.854069991746586
0.202054781745464
-0.990198544796766
0.465062788901211
0.676875969682722
-0.921088355588425
-0.056319385995550
0.959031909598991
-0.589800567488705
-0.561670871434819
0.968210038219146
-0.090632580197697
-0.907148964113699
0.701797902883954
0.434332967244186
-0.994417151298557
0.235626767265259
0.835670446020787
-0.798635510047242
-0.297612917967962
0.999143587817246
-0.375531116159656
-0.746140382317605
0.878221573370200
0.154464050742688
-0.982287250728703
0.507323514818551
0.640492736369819
-0.938836932555954
-0.007978563357568
0.944212258375529
-0.628157079632630
-0.521009631840645
0.979172218670617
-0.138679271154388
-0.885741079069691
0.735421651756612
0.390272055913803
-0.998356138179164
0.282341456842799
0.808136764729701
-0.826800179863235
-0.251104106684593
0.995974293995250
-0.419904707586101
-0.713075667351235
0.900318771402183
0.106511989045001
-0.972078136985798
0.548397482022543
0.602611227669456
-0.954389331192252
0.040380923169111
0.927183854566816
-0.665044172627115
-0.479129618224935
0.987843866299382
-0.186401556029635
-0.862261220397989
0.767325062368281
0.345298198998661
-0.999959716170870
0.328395677953427
0.778712646036911
-0.853030753803428
-0.204007899039981
0.990475163023581
-0.463296035119793
-0.678342887063976
0.920309894877004
0.058310768719023
-0.959595085281270
0.588188608058701
0.563320058063698
-0.967709170481937
0.088645948447582
0.907986531939662
-0.700375558181269
-0.436128798589709
0.994204695916439
-0.233687800263629
-0.836764313459002
0.797433504528510
0.299516601786659
-0.999224134096957
0.373681698062387
0.747466920438655
-0.877265871884979
-0.156434465040360
0.982659058768039
-0.505603595411282
-0.642023290261458
0.938148179473145
0.009973144676599
-0.944867296647494
0.626603811364403
0.522711139589987
-0.978765291933702
0.136703608309993
0.886665197913568
-0.734068587199595
-0.392107762787145
0.998239827923757
-0.280427389305949
-0.809310002001891
0.825676546934518
0.253034359076193
-0.996151112670959
0.418093581652423
0.714472679632853
-0.899448842003713
-0.108495091045767
0.972544265084100
-0.546728420318243
-0.604201837716575
0.953791896906665
-0.038387809087393
-0.927929223127313
0.663553229010140
0.480879466835472
-0.987531832467851
0.184441483668876
0.863269728510828
-0.766044443118932
-0.347169487214521
0.999939823121437
-0.326510987372071
-0.779962508642779
0.851988121927918
0.205960204653278
-0.990747840471460
0.461527438033988
0.679807105539176
-0.919527772551397
-0.060301919442831
0.960154443046381
-0.586574308417187
-0.564967003424994
0.967204452544294
-0.086658964003919
-0.908820487182120
0.698950426911812
0.437922894720507
-0.993988284916775
0.231747903494037
0.837854851683776
-0.796228326280916
-0.301419093926194
0.999300704788400
-0.371830793207073
-0.748790484631692
0.876306680043831
0.158404256936052
-0.983026957126184
0.503881664371583
0.643551289750877
-0.937455693803415
-0.011967686315669
0.945518575599356
-0.625048050043052
-0.524410567641441
0.978354471007585
-0.134727401566400
-0.887585789004598
0.732712602022028
0.393941909591010
-0.998119545996321
0.278512206039494
0.810480019292427
-0.824549628907076
-0.254963604726378
0.996323967984957
-0.416280792260291
-0.715866849259830
0.898575333990505
0.110477761379693
-0.973006523744696
0.545057183359239
0.605790043840927
-0.953190667792927
0.036394542273165
0.928670899758880
-0.662059645330399
-0.482627402182708
0.987215869567907
-0.182480677475363
-0.864274801953763
0.764760776027495
0.349039394155759
-0.999915951636245
0.324624997709446
0.781209268031098
-0.850942100268470
-0.207911690817930
0.991016576055476
-0.459757004680317
-0.681268619282716
0.918741991723506
0.062292830245001
-0.960709980668836
0.584957674987120
0.566611700966187
-0.966695886414297
0.084671634772499
0.909650826523105
-0.697522514745636
-0.439715248498248
0.993767919160576
-0.229807084674922
-0.838942056356306
0.795019980099371
0.303320386816952
-0.999373299586931
0.369978408957809
0.750111069630535
-0.875344001662986
-0.160373418592658
0.983390944339349
-0.502157728550312
-0.645076728758749
0.936759478302020
0.013962180339316
-0.946166092639925
0.623489801858625
0.526107909233680
-0.977939757526837
0.132750658786126
0.888502848680128
-0.731353701619092
-0.395774489028080
0.997995292875417
-0.276595914663546
-0.811646811946289
0.823419430264488
0.256891835959086
-0.996492859249517
0.414466346622101
0.717258170685060
-0.897698250837864
-0.112459992158492
0.973464911128355
-0.543383777794650
-0.607375839723375
0.952585646243099
-0.034401130656875
-0.929408881510542
0.660563427530291
0.484373417312275
-0.986895978856700
0.180519145250395
0.865276436727992
-0.763474066201409
-0.350907912382727
0.999888101810271
-0.322737716469505
-0.782452919241560
0.849892692986805
0.209862349769386
-0.991281368706449
0.457984742102963
0.682727422479789
-0.917952555519651
-0.064283493204121
0.961261695938364
-0.583338714200468
-0.568254144143372
0.966183474115338
-0.082683968660147
-0.910477546658873
0.696091827363859
0.441505852791842
-0.993543599524631
0.227865351527952
0.840025923150833
-0.793808470791629
-0.305220472894522
0.999441918203711
-0.368124552684525
-0.751428670181080
0.874377840572739
0.162341942175636
-0.983751018959367
0.500431794806646
0.646599601215936
-0.936059535738935
