0.000000000000000
0.790765890508415
-0.968085182350396
0.394400201675764
0.485245702624187
-0.988456141806990
0.724859280117739
0.101056297182949
-0.848576179215539
0.937802403039826
-0.299516601786616
-0.571122975489985
0.998706711663819
-0.651531138300909
-0.201077921145971
0.897698250837946
-0.897917856604811
0.201566376507153
0.651152758743580
-0.998731940617345
0.571532241275932
0.299040792256097
-0.937629165000497
0.848839904258214
-0.101552397284350
-0.724515660859280
0.988531570358852
-0.485681664337301
-0.393941909590962
0.967960085750533
-0.791071034656331
0.000498665479896
0.790460549722896
-0.968210038219153
0.394858395686148
0.484809620246349
-0.988380467458433
0.725202719127420
0.100560171952151
-0.848312243159740
0.937975407878389
-0.299992336837157
-0.570713567684450
0.998681234364614
-0.651909355843764
-0.200589415783296
0.897478421842899
-0.898137239088888
0.202054781745363
0.650774217265863
-0.998756921218920
0.571941364940516
0.298564908363912
-0.937455693803478
0.849103418222185
-0.102048472133002
-0.724171861437484
0.988606753095262
-0.486117505277274
-0.393483519545686
0.967834748450674
-0.791375982090773
0.000997330835789
0.790155012375711
-0.968334653325759
0.395316491508170
0.484373417312231
-0.988304547331995
0.725545977802916
0.100064021715337
-0.848048096156440
0.938148179473161
-0.300467997289414
-0.570304017961117
0.998655508726067
-0.652287411278090
-0.200100860540588
0.897258369674338
-0.898356398235621
0.202543136739175
0.650395513961894
-0.998781653462332
0.572350346381986
0.298088950228405
-0.937281989491906
0.849366721041913
-0.102544521605538
-0.723827881937850
0.988681689997520
-0.486553225335737
-0.393025031653968
0.967709170481980
-0.791680732735905
0.001495995943651
0.789849278542822
-0.968459027639224
0.395774489027891
0.483937093930282
-0.988228381446557
0.725889056058870
0.099567846595861
-0.847783738271330
0.938320717781181
-0.300943583025127
-0.569894326421838
0.998629534754574
-0.652665304509892
-0.199612255539344
0.897038094386981
-0.898575333990522
0.203031441367136
0.650016648925844
-0.998806137341431
0.572759185498667
0.297612917967930
-0.937108052108971
0.849629812651940
-0.103040545578608
-0.723483722445878
0.988756381046994
-0.486988824404310
-0.392566446029759
0.967583351875683
-0.791985286515946
0.001994660679565
0.789543348300282
-0.968583161128613
0.396232388131473
0.483500650209014
-0.988151969821059
0.726231953809970
0.099071646717092
-0.847519169570162
0.938493022759534
-0.301419093926018
-0.569484493168488
0.998603312456596
-0.653043035445213
-0.199123600901091
0.896817596035617
-0.898794046299141
0.203519695507822
0.649637622251924
-0.998830372850129
0.573167882188858
0.297136811700889
-0.936933881697928
0.849892692986836
-0.103536543928865
-0.723139383047199
0.988830826225115
-0.487424302374723
-0.392107762787122
0.967457292663069
-0.792289643355162
0.002493324919443
0.789237221724131
-0.968707053763073
0.396690188705027
0.483064086256956
-0.988075312474503
0.726574670970948
0.098575422202531
-0.847254390118696
0.938665094365392
-0.301894529873844
-0.569074518302981
0.998576841838651
-0.653420603990036
-0.198634896747287
0.896596874675052
-0.899012535107093
0.204007899039820
0.649258434034386
-0.998854359982395
0.573576436350976
0.296660631545618
-0.936759478302089
0.850155361981231
-0.104032516532972
-0.722794863827458
0.988905025513369
-0.487859659138663
-0.391648982040115
0.967330992875486
-0.792593803177871
0.002991988539256
0.788930898890509
-0.968830705511789
0.397147890634713
0.482627402182667
-0.987998409425949
0.726917207456542
0.098079173175431
-0.846989399982788
0.938836932555959
-0.302369890750379
-0.568664401927263
0.998550122907323
-0.653798010050580
-0.198146143199485
0.896375930360184
-0.899230800360047
0.204496051841729
0.648879084367522
-0.998878098732271
0.573984847883404
0.296184377620557
-0.936584841964822
0.850417819569807
-0.104528463267597
-0.722450164872248
0.988978978893303
-0.488294894587870
-0.391190103902822
0.967204452544339
-0.792897765908438
0.003490651415116
0.788624379875590
-0.968954116344011
0.397605493806713
0.482190598094737
-0.987921260694522
0.727259563181653
0.097582899759251
-0.846724199228333
0.939008537288502
-0.302845176437418
-0.568254144143317
0.998523155669258
-0.654175253532954
-0.197657340379165
0.896154763145955
-0.899448842003702
0.204984153792162
0.648499573345707
-0.998901589093853
0.574393116684582
0.295708050044187
-0.936409972729554
0.850680065687270
-0.105024384009413
-0.722105286267324
0.989052686346537
-0.488730008614115
-0.390731128489404
0.967077671701095
-0.793201531471242
0.003989313423022
0.788317664755594
-0.969077286229039
0.398062998107239
0.481753674101834
-0.987843866299406
0.727601738061110
0.097086602077340
-0.846458787921277
0.939179908520331
-0.303320386816771
-0.567843745053208
0.998495940131154
-0.654552334343349
-0.197168488407988
0.895933373087362
-0.899666659983889
0.205472204769744
0.648119901063225
-0.998924831061295
0.574801242652990
0.295231648934848
-0.936234870639768
0.850942100268469
-0.105520278635102
-0.721760228098444
0.989126147854724
-0.489165001109200
-0.390272055913888
0.966950650377281
-0.793505099790817
0.004487974438860
0.788010753606791
-0.969200215136271
0.398520403422523
0.481316630312507
-0.987766226259847
0.727943732009824
0.096590280253225
-0.846193166127621
0.939351046208869
-0.303795521770270
-0.567433204758895
0.998468476299788
-0.654929252387998
-0.196679587407572
0.895711760239457
-0.899884254246417
0.205960204653112
0.647740067614534
-0.998947824628820
0.575209225687137
0.294755174411059
-0.936059535739006
0.851203923248213
-0.106016147021351
-0.721414990451415
0.989199363399590
-0.489599871964957
-0.389812886290483
0.966823388604482
-0.793808470791639
0.004986634338685
0.787703646505501
-0.969322903035126
0.398977709638824
0.480879466835485
-0.987688340595150
0.728285544942753
0.096093934410382
-0.845927333913414
0.939521950311541
-0.304270581179763
-0.567022523362512
0.998440764181984
-0.655306007573174
-0.196190637499267
0.895489924657349
-0.900101624737179
0.206448153320917
0.647360073094083
-0.998970569790710
0.575617065685573
0.294278626591303
-0.935883968070870
0.851465534561396
-0.106511989044853
-0.721069573412084
0.989272332962961
-0.490034621073247
-0.389353619733370
0.966695886414344
-0.794111644398272
0.005485292998498
0.787396343528090
-0.969445349895095
0.399434916642425
0.480442183779476
-0.987610209324684
0.728627176774899
0.095597564672008
-0.845661291344761
0.939692620785849
-0.304745564927121
-0.566611700966183
0.998412803784636
-0.655682599805190
-0.195701638804770
0.895267866396200
-0.900318771402121
0.206936050651822
0.646979917596367
-0.998993066541305
0.576024762546882
0.293802005594083
-0.935708167679016
0.851726934142963
-0.107007804582308
-0.720723977066347
0.989345056526675
-0.490469248325963
-0.388894256356752
0.966568143838573
-0.794414620535324
0.005983950294184
0.787088844750975
-0.969567555685729
0.399892024319633
0.480004781253217
-0.987531832467877
0.728968627421310
0.095101171161648
-0.845395038487818
0.939863057589353
-0.305220472894228
-0.566200737672065
0.998384595114701
-0.656059028990399
-0.195212591445680
0.895045585511229
-0.900535694187247
0.207423896524503
0.646599601215917
-0.999015314875020
0.576432316169681
0.293325311537918
-0.935532134607161
0.851988121927914
-0.107503593510425
-0.720378201500142
0.989417534072649
-0.490903753615027
-0.388434796274859
0.966440160908935
-0.794717399127457
0.006482606101971
0.786781150250621
-0.969689520376639
0.400349032556780
0.479567259365477
-0.987453210044219
0.729309896797077
0.094604754002739
-0.845128575408794
0.940033260679669
-0.305695304962992
-0.565789633582352
0.998356138179182
-0.656435295035197
-0.194723495543607
0.894823082057710
-0.900752393038614
0.207911690817648
0.646219124047305
-0.999037314786317
0.576839726452627
0.292848544541347
-0.935355868899078
0.852249097851299
-0.107999355705803
-0.720032246799451
0.989489765582860
-0.491338136832391
-0.387975239601943
0.966311937657254
-0.795019980099378
0.006981260297746
0.786473260103542
-0.969811243937498
0.400805941240224
0.479129618225052
-0.987374342073279
0.729650984817339
0.094108313318723
-0.844861902173949
0.940203230014475
-0.306170061015337
-0.565378388799271
0.998327432985162
-0.656811397846018
-0.194234351220172
0.894600356090973
-0.900968867902337
0.208399433409960
0.645838486185143
-0.999059066269727
0.577246993294409
0.292371704722927
-0.935179370598598
0.852509861848222
-0.108495091045388
-0.719686113050303
0.989561751039346
-0.491772397870039
-0.387515586452176
0.966183474115445
-0.795322363375847
0.007479912757624
0.786165174386369
-0.969932726338036
0.401262750256346
0.478691857940671
-0.987295228574632
0.729991891397278
0.093611849232937
-0.844595018849656
0.940372965551505
-0.306644740933207
-0.564967003425181
0.998298479539777
-0.657187337329337
-0.193745158596899
0.894377407666452
-0.901185118724586
0.208887124180152
0.645457687724171
-0.999080569319839
0.577654116593753
0.291894792201121
-0.935002639749652
0.852770413853840
-0.108990799405907
-0.719339800338848
0.989633490424206
-0.492206536619984
-0.387055836940068
0.966054770315393
-0.795624548881670
0.007978563357378
0.785856893175573
-0.970053967548045
0.401719459491553
0.478253978621588
-0.987215869567970
0.730332616452122
0.093115361869060
-0.844327925502160
0.940542467248550
-0.307119344598564
-0.564555477562191
0.998269277850229
-0.657563113391672
-0.193255917795656
0.894154236839487
