0.000000000000000
0.998731940617346
-0.100560171952135
-0.988606753095264
0.200100860540557
0.968459027639232
-0.297612917967898
-0.938493022759555
0.392107762787063
0.899012535107122
-0.482627402182609
-0.850417819569841
0.568254144143262
0.793201531471318
-0.648119901063131
-0.727943732009910
0.721414990451327
0.655306007573271
-0.787396343528010
-0.576024762546987
0.845395038487747
0.490903753615138
-0.894823082057652
-0.400805941240345
0.935179370598551
0.306644740933335
-0.966054770315328
-0.209374763007088
0.987136265072987
0.109982134696258
-0.998210129767734
-0.009474502756745
0.999164097081316
-0.091129182100664
-0.989988495651932
0.190808995376541
0.970776348122918
-0.288554378821441
-0.941722428075172
0.383374385519017
0.903121285404194
-0.474307726148675
-0.855364260160503
0.560432514578172
0.798935515127365
-0.640875613985019
-0.734407127357543
0.714821488755278
0.662433288431476
-0.781520472418821
-0.583743672234792
0.840296367800333
0.499136037492959
-0.890553302335512
-0.409468140058896
0.931781769052807
0.315649036947097
-0.963563791977102
-0.218629870274433
0.985577163588188
0.119394224540242
-0.997598711374511
-0.018948155004269
0.999506560365731
-0.081690011744994
-0.991281368706424
0.181500001629213
0.973006523744656
-0.279469936662861
-0.944867296647445
0.374606593415905
0.907148964113671
-0.465945472355817
-0.860233916226591
0.552560575985469
0.804597779766670
-0.633573796645687
-0.740804596286753
0.708163818808669
0.669501103834455
-0.775574445610201
-0.591410180293905
0.835122265206163
0.507323514818618
-0.886203579231218
-0.418093581652554
0.928300523118954
0.324624997709618
-0.960986316235238
-0.227865351528139
0.983929588598627
0.128795596577553
-0.996897740323617
-0.028420106309709
0.999759299728271
-0.072243508222624
-0.992485256199833
0.172174714950333
0.975149354305560
-0.270360406986355
-0.947927346167133
0.365805173546800
0.911095209678022
-0.457541391468665
-0.865026350627754
0.544639035015036
0.810187817097818
-0.626215104516235
-0.747135564508158
0.701442578258652
0.676508819317005
-0.769558796866411
-0.599023598515576
0.829873195175218
0.515465450616861
-0.881774303211641
-0.426681491730819
0.924735945302240
0.333571817464851
-0.958322574465128
-0.237080377715493
0.982193688004177
0.138185406863821
-0.996107279539972
-0.037889506392862
0.999922292480974
-0.062790519529298
-0.993600050061322
0.162833972454281
0.977204647447556
-0.261226607538147
-0.950902301939037
0.356970915999483
0.914959667849830
-0.449096237906565
-0.869741133155696
0.536668602769458
0.815705125313133
-0.618800198173360
-0.753399463702016
0.694658370458987
0.683455805809013
-0.763474066201495
-0.606583243456848
0.824549628907130
0.523561114000642
-0.877265871885020
-0.435231099372339
0.921088355588454
0.342488693072766
-0.955572805786137
-0.246274121620064
0.980369617633536
0.147562812492462
-0.995227399981829
-0.047355505202581
0.999995523992272
-0.053331894243013
-0.994625650217839
0.153478612642844
0.979172218670637
-0.252069358243102
-0.953791896906689
0.348104613809464
0.918741991723552
-0.440610769775895
-0.874377840572814
0.528649994740276
0.821149209133693
-0.611329743239949
-0.759595731569277
0.687811804415973
0.690341439691907
-0.757320799830877
-0.614088436501849
0.819152044288985
0.531609778236690
-0.872678689965169
-0.443741637094029
0.917358081415224
0.351374824081363
-0.952737257040090
-0.255445757935772
0.978457541230245
0.156926971670519
-0.994258180634415
-0.056817252993058
0.999978987688302
-0.043868481447641
-0.995561964603080
0.144109475329991
0.981051891349437
-0.242889481131217
-0.956595871676298
0.339207062888936
0.922441841766728
-0.432085748802000
-0.878936056650125
0.520583930743612
0.826519579853833
-0.603804410325467
-0.765723811882019
0.680903494733535
0.697165102854569
-0.751099550122307
-0.621538503922759
0.813680925852315
0.539610720810769
-0.868013169235257
-0.452212340920118
0.913545457642609
0.360229412798452
-0.949816182769142
-0.264594463341314
0.976457630438004
0.166277043794119
-0.993199708502809
-0.066273900400006
0.999872685053500
-0.034401130656932
-0.996408909165775
0.134727401566475
0.982843496749096
-0.233687800263665
-0.959313974540050
0.330279061955154
0.926058885850419
-0.423521940260762
-0.883415372204711
0.512471134855649
0.831815755384882
-0.596224874965612
-0.771783154533401
0.673934061558418
0.703926182748944
-0.744810875546281
-0.628932776940331
0.808136764729666
0.547563223492577
-0.863269728510750
-0.460642450450624
0.909650826523025
0.369051664363418
-0.946809845192921
-0.273719416573580
0.974370064785233
0.175612189523958
-0.992052078604181
-0.075724598517077
0.999676625630463
-0.024930691738058
-0.997166407877221
0.125333233564274
0.984546874040393
-0.224465141658932
-0.961945961498712
0.321321412458845
0.929592799279023
-0.414920112910108
-0.887815385136401
0.504312335347610
0.837037260298639
-0.588591817561757
-0.777773215587070
0.666904130524173
0.710624072444945
-0.738455340625863
-0.636270591783860
0.802520058610498
0.555466572400030
-0.858448793601863
-0.469031208929647
0.905674537670610
0.377840786818467
-0.943718514184993
-0.282819798501843
0.972195031668980
0.184931570860703
-0.990815393959216
-0.085168498971951
0.999390827019094
-0.015458014835437
-0.997834392738109
0.115927814621211
0.986161870314185
-0.215222333218639
-0.964491596283476
0.312334918512233
0.933043264819456
-0.406281038920691
-0.892135700463880
0.496108264620331
0.842183625869918
-0.580905923319857
-0.783693457325855
0.659814332695173
0.717258170684955
-0.732033515886169
-0.643551289750790
0.796831311696506
0.563320058063636
-0.853550797275328
-0.477377863313343
0.901616948029703
0.386595991179747
-0.940542467248611
-0.291894792201042
0.969932726338089
0.194234351219996
-0.989489765582889
-0.094604754002521
0.999015314875028
-0.005983950294385
-0.998412803784630
0.106511989044922
0.987688340595136
-0.205960204653162
-0.966950650377248
0.303320386816858
0.936409972729535
-0.397605493806729
-0.896375930360143
0.487859659138712
0.847254390118686
-0.573167882188936
-0.789543348300246
0.652665304509886
0.723827881937802
-0.725545977802918
-0.650774217265889
0.791071034656356
0.571122975489990
-0.848576179215512
-0.485681664337281
0.897478421842890
0.395316491508224
-0.937281989491903
-0.300943583025172
0.967583351875662
0.203519695507831
-0.988075312474496
-0.104032516533055
0.998550122907322
0.003490651415217
-0.998901589093857
0.097086602077336
0.989126147854730
-0.196679587407383
-0.969322903035183
0.294278626591156
0.939692620785915
-0.388894256356542
-0.900535694187313
0.479567259365311
0.852249097851418
-0.565378388799148
-0.795322363375961
0.645457687723913
0.730332616452223
-0.718993308750837
-0.657938725939745
0.785239744579849
0.578874624225106
-0.843525385985069
-0.493941866584198
0.893259330618289
0.404001504980027
-0.933937373602086
-0.309965358680416
0.965147119180883
0.212786770195517
-0.986572161606970
-0.113450940250006
0.997995292875418
0.012964939775264
-0.999300704788398
0.087652499818410
0.990475163023573
-0.187381314585707
-0.971608141304317
0.285210449497824
0.942890914311132
-0.380148108562332
-0.904614618530807
0.471231809694072
0.857167300702135
-0.557538142399427
-0.801029983781118
0.638192129352118
0.736771790309796
-0.712376096951344
-0.665044172627232
0.779337964931499
0.586574308417298
-0.838398870984673
-0.502157728550414
0.888960053096196
0.412650251957035
-0.930508919819344
-0.318959309298058
0.962624246950005
0.222034743394337
-0.984980447915486
-0.122859179678325
0.997350874585434
0.022438064295783
-0.999610115040354
0.078210529150966
0.991735265002979
-0.178066220877509
-0.973806160042916
0.276116669570950
0.946004566200079
-0.371367835550195
-0.908612337232859
0.462854058383449
0.862008557172537
-0.549647846794714
-0.806665697152811
0.630869281610722
0.743144825477364
-0.705694936419743
-0.672089919485068
0.773366225503468
0.594221336879644
-0.833197094412434
-0.510328512712749
0.884580975215090
0.421261956056650
-0.926996935909943
-0.327924627507185
0.960014961656769
0.231262784930003
-0.983300314285342
-0.132256390257134
0.996616925885644
0.031909174591276
-0.999829792074516
0.068761537663765
0.992906340675840
-0.168735142482142
-0.975916761938755
0.266998103142945
0.949033296945779
-0.362554225509582
-0.912528491425390
0.454434757489242
0.866772432671662
-0.541708210282778
-0.812228997583099
0.623489801858712
0.749451149859000
-0.698950426911905
-0.679075334029122
0.767325062368303
0.601815023152033
-0.827920523222562
-0.518453485594278
0.880122490076985
0.429835844221551
-0.923401737138374
-0.336860508507168
0.957319497532064
0.240470066417792
-0.981531911539141
-0.141641728415594
0.995793512661315
0.041377420457058
-0.999959716170870
0.059306373575925
0.993988284916780
-0.159388917033877
-0.977939757526866
0.257855568771260
0.951976834664470
-0.353708069622555
-0.916362729562265
0.445974662797079
0.871458499554900
-0.533719945590536
-0.817719385664421
0.616054352538827
0.755690197347056
-0.692143173870422
-0.685999789191182
0.761215017830376
0.609354685562787
-0.822569631083443
-0.526531917830772
0.875584997912141
0.438371146789083
-0.919723646239223
-0.345766150139900
0.954538096542898
0.249655761336460
-0.979675398423242
-0.151014351648630
0.994880708828784
0.050841951945578
-0.999999875666361
0.049845885660668
0.994981000601605
-0.150028383526709
-0.979874965206540
0.248689887164795
0.954834915120022
-0.344830161992754
-0.920114707450670
0.437474533754579
0.876066337162382
-0.525683769810459
-0.823136368534427
0.608563601118096
0.761861407873437
-0.685273788370262
-0.692862663375257
0.755036640377491
0.616839647289855
-0.817144898335126
-0.534563084235771
0.870968906043142
0.446867097560352
-0.915962993388151
-0.354640752961812
0.951671008370680
0.258819045102551
-0.977730941593496
-0.160373418592568
0.993878596328823
0.060301919442834
-0.999950266955942
0.040380923169126
0.995884398615975
-0.140654382239042
-0.981722211257637
0.239501881110665
0.957607281747646
-0.335921299574118
-0.923784088282287
0.428935133403170
0.880595531856741
-0.517600404335623
-0.828479459920225
0.601018220027919
0.767964227459579
-0.678342887063916
-0.699663340513365
0.748790484631575
0.624269236421567
-0.811646811946197
-0.542546263865786
0.866274628848266
0.455322933869006
-0.912120116172261
-0.363483520315735
0.948718490388803
0.267959095144419
-0.975698715600370
-0.169718089100652
0.992787265119286
0.069756473744181
-0.999810894492900
0.030912335754108
0.996698397863472
-0.131267754658258
-0.983481329856169
0.230292375399683
0.960293685676934
-0.326982282099344
-0.927370542663341
0.420357228309596
0.885045677060246
-0.509470574795335
-0.833748180182025
0.593418886603703
0.773998108266248
-0.671351092125951
-0.706401210120846
0.742477111298895
0.631642786017041
-0.806075865470068
-0.550480740085016
0.861502587724520
0.463737896649695
-0.908195359559787
-0.372293658401998
0.945680807639541
0.277075090976068
-0.973578902873147
-0.179047524318473
0.991606813167028
0.079204766131251
-0.999581770788451
0.021440973393824
0.997422925272836
-0.121869343405180
-0.985152163089199
0.221062196752756
0.962893885754194
-0.318013912008092
-0.930873748644216
0.411741588497105
0.889416373291294
-0.501295010989897
-0.838942056356267
0.585766283024060
0.779962508642722
-0.664299031197501
-0.713075667351158
0.736097087119718
0.638959634165701
-0.800432559000672
-0.558365800629677
0.856653211049473
0.472111230506214
-0.904189075869133
-0.381070376350320
0.942558232810260
0.286166214270806
-0.971371693703636
-0.188360886759266
0.990337346439117
0.088645948447682
-0.999262916410622
0.011967686315587
0.998057915804533
-0.112459992158429
-0.986734560969005
0.211812173746565
0.965407648564132
-0.309016994374955
-0.934293391748358
0.403088987376215
0.893707228200330
-0.493074446825196
-0.844060622197760
0.578061096249570
0.785856893175413
-0.657187337329419
-0.719686113050254
0.729650984817362
0.646219124047134
-0.794717399127570
-0.566200737671942
0.851726934143022
0.480442183779411
-0.900101624737195
-0.389812886290274
0.939351046208934
0.295231648934702
-0.969077286229067
-0.197657340379199
0.988978978893301
0.098079173175258
-0.998854359982402
0.002493324919486
0.998603312456595
-0.103040545578577
-0.988228381446568
0.202543136739294
0.967834748450652
-0.299992336837189
-0.937629165000501
0.394400201675712
0.897917856604855
-0.484809620246421
-0.849103418222161
0.570304017961112
0.791680732735931
-0.650016648925783
-0.726231953810051
0.723139383047092
0.653420603990052
-0.788930898890473
-0.573984847883482
0.846724199228262
0.488730008614264
-0.895933373087270
-0.398520403422540
0.936059535738987
0.304270581179851
-0.966695886414311
-0.206936050651985
0.987531832467845
0.107503593510438
-0.998356138179173
-0.006981260297948
0.999059066269737
-0.093611849232775
-0.989633490424251
0.193255917795647
0.970174967537415
-0.290940749522210
-0.940880768954229
0.385676011372293
0.902047880524317
-0.476501273172219
-0.854069991746599
0.562495744497774
0.797433504528582
-0.642787609686507
-0.732712602022175
0.716562866343712
0.660563427530353
-0.783073577733191
-0.581717432498602
0.841645455391787
0.496973961027615
-0.891684695095829
-0.407192146088724
0.932683996873444
0.313282199597420
-0.964227708033381
-0.216196184644455
0.985996037070488
0.116918363439701
-0.997768295725418
-0.016455218820091
0.999425136331752
-0.084174749518171
-0.990949761767946
0.183951350612598
0.972428095747096
-0.281863044974873
-0.944047911718852
0.376917199620965
0.906096929213832
-0.468150151428490
-0.858959896930625
0.554636976794342
0.803114692137300
-0.635500868549554
-0.739127475930390
0.709922025069401
0.667646953469503
-0.777145961457000
-0.589397797376968
0.836491158543375
0.505173300974554
-0.887355972159120
-0.415827335841948
0.929224732628412
0.322265695230492
-0.961672972650252
-0.225436911090893
0.984371730566844
0.126322637816161
-0.997090885390707
-0.025927700186580
0.999701489781182
-0.074730093586380
-0.992177077318320
0.174630270444999
0.974593930820391
-0.272760038084531
-0.947130308985611
0.368124552684644
0.910064639197518
-0.459757004680347
-0.863772694816168
0.546728420318381
0.808723785572001
-0.628157079632685
-0.745475999682904
0.703217455360641
0.674670545932006
-0.771148582173446
-0.597025253065918
0.831261771375066
0.513327292414953
-0.882947592858883
-0.424425197516831
0.925682053535874
0.331220261646680
-0.959031909598962
-0.234657400467760
0.982659058768013
0.135715572434422
-0.996323967984956
-0.035397854069650
0.999888101810272
-0.065278729267326
-0.993315326901445
0.165293514029376
0.976672278334149
-0.263632546011881
-0.950127684053198
0.359298859863569
0.913950654301124
-0.451322586365608
-0.868507953366944
0.538770785006907
0.814260281314368
-0.620756902174737
-0.751757603384056
0.696449759074700
0.681633574422658
-0.765081978256573
-0.604599114862354
0.825957763319622
0.521435203379538
-0.878459952927469
-0.432984959298246
0.922056277615815
0.340145095010522
-0.956304755963034
-0.243856825068164
0.980858175417488
0.145096324107717
-0.995467612352975
-0.044864830350472
0.999984955667193
-0.055821504993134
-0.994364408338685
0.155941919509706
0.978662951718819
-0.254481388115615
-0.953039767852599
0.350440913424449
0.917754625684003
-0.442847653626967
-0.873165247507344
0.530764785202653
0.819723682363050
-0.613301000476446
-0.757971723145484
0.689619543735607
0.688535413882471
-0.758946694294600
-0.612118702874206
0.820579610508389
0.529496306035598
-0.873893455212312
-0.441505852791846
0.918347730347677
0.349039394155640
-0.953491756554187
-0.253034359076162
0.978969242177356
0.154464050742693
-0.994521895368281
-0.054327779195464
0.999992042657546
-0.046359269721964
-0.995324227455870
0.146576326361954
0.980565772275245
-0.245307385878859
-0.955866298971242
0.341551508529341
0.921476211870426
-0.434332967244026
-0.877744159160156
0.522711139589948
0.825113498278277
-0.605790043840815
-0.764117801136735
0.682727422479617
0.695375444745789
-0.752743281041028
-0.619583342081466
0.815127795728556
0.537509876752319
-0.869248509639772
-0.449987113092215
0.914556744641134
0.357902360656656
-0.950593163890362
-0.262189178640888
0.976992428613788
0.163817911415233
-0.993486901926177
-0.063785851132581
0.999909362145144
-0.036892872861806
-0.996194698091749
0.137197575318720
0.982380569190526
-0.236111362835440
-0.958607023676468
0.332631443164275
0.925115078780237
-0.425779291565000
-0.882244277284755
0.514610571130199
0.830429245225882
-0.598224706513029
-0.770195285635346
0.675774014000165
0.702153052995238
-0.746472295365205
-0.626992362396781
0.809602808379815
0.545475196165747
-0.864525533178329
-0.458427978851737
0.910683660806214
0.366733198900872
-0.947609238173056
-0.271320461950512
0.974927912181811
0.173157066445941
-0.992362724936227
-0.073238197127567
0.999736921552071
-0.027423164194229
-0.996975742105725
0.127806508293764
0.984107179553626
-0.226894144495948
-0.961261695938308
0.323681518067615
0.928670899758840
-0.417187394438105
-0.886665197913562
0.506463806996993
0.835670446020739
-0.590605667619932
-0.776203631076369
0.668759942492334
0.708867630217009
-0.740134300202335
-0.634345098725606
0.804005144430431
0.553391549243359
-0.859724949801161
-0.466827692348942
0.906728826522653
0.375531116159681
-0.944540247263959
-0.280427389306012
0.972775878209385
0.182480677475521
-0.991149465313773
-0.082683968660176
0.999474736358010
-0.017950993798096
-0.997667289384870
0.118403968306428
0.985745448369811
-0.217656558273641
-0.963830077451565
0.314702536658179
0.932143355606527
-0.408558047142627
-0.891006524188413
0.498271578510823
0.840836630169599
-0.582933611109061
-0.782142298101347
0.661685837596817
0.715518573655476
-0.733729864502788
-0.641640891025911
0.798335306372716
0.561258225348253
-0.854847190448079
-0.475185499556526
0.902692596809063
0.384295322659738
-0.941386466660914
-0.289509143194756
0.970536519880763
0.191787907540034
-0.989847231970967
-0.092122317800337
0.999122830098859
-0.008477211973255
-0.998269277850217
0.108990799405962
0.987295228574611
-0.208399433410164
-0.966311937657210
0.305695304963120
0.935532134607126
-0.399892024319688
-0.895267866396190
0.490034621073235
0.845927333913320
-0.575209225687250
-0.788010753606729
0.654552334343398
0.722105286267305
-0.727259563181646
-0.648879084367429
0.792593803177923
0.569074518302941
-0.849892692986842
-0.483500650209037
0.898575333990494
0.393025031653852
-0.938148179473182
-0.298564908363890
0.968210038219149
0.201077921146031
-0.988456141806974
-0.101552397284277
0.998681234364616
0.000997330835790
-0.998781653462335
0.099567846595758
0.988756381047019
-0.199123600900889
-0.968707053763077
0.296660631545567
0.938836932555990
-0.391190103902704
-0.899448842003799
0.481753674101607
0.850942100268505
-0.567433204758807
-0.793808470791727
0.647360073093945
0.728627176775049
-0.720723977066170
-0.656059028990449
0.786781150250558
0.576839726452741
-0.844861902173854
-0.491772397870226
0.894377407666289
0.401719459491609
-0.934825676396031
-0.307593871893520
