0.000000000000000
0.978662951718837
0.402176068832417
-0.813390944581527
-0.736434530278361
0.510757291371685
0.946327383799163
-0.121869343405146
-0.996408909165775
-0.287599327432017
0.878221573370227
0.648499573345617
-0.611724299115006
-0.899884254246482
0.241921895599666
0.999300704788397
0.168735142482145
-0.929959941292485
-0.550896981452101
0.703571906532483
0.840025923150771
-0.358367949545301
-0.987295228574595
-0.047355505202590
0.967834748450666
0.445081784436592
-0.784930877348521
-0.767644740358012
0.469471562785887
0.960571454522709
-0.074730093586426
-0.991281368706424
-0.332631443164283
0.854588336700960
0.683819742589322
-0.573576436351042
-0.919527772551449
0.195701638804592
0.999950266955942
0.215222333218624
-0.911505852311671
-0.589800567488770
0.669130606358859
0.864776049423807
-0.313755723344370
-0.993712209893242
-0.094604754002540
0.954834915120025
0.486988824404365
-0.754709580222767
-0.797132507222922
0.427132432717189
0.972660192581120
-0.027423164194241
-0.983929588598628
-0.376917199621004
0.829037572555037
0.717605555360812
-0.534141581324932
-0.937108052108954
0.149042266176177
0.998356138179170
0.261226607538138
-0.891006524188363
-0.627380757516693
0.633187909234142
0.887585789004555
-0.268439491255891
-0.997899497235826
-0.141641728415589
0.939692620785905
0.527803157613211
-0.722794863827393
-0.824831666147042
0.383834901813001
0.982566473233289
0.019945297363299
-0.974370064785235
-0.420357228309568
0.801626611801843
0.749781202967737
-0.493508218064346
-0.952585646243148
0.102048472133020
0.994521895368273
0.306644740933338
-0.868507953366989
-0.663553229010216
0.595824463473266
0.908403961341508
-0.222520933956311
-0.999847695156390
-0.188360886759302
0.922441841766729
0.567433204758788
-0.689258338483945
-0.850680065687336
0.339676121182932
0.990268068741571
0.067269005612046
-0.962624246950011
-0.462854058383446
0.772416959224588
0.780274489610413
-0.451767519812804
-0.965925826289067
0.054825701469367
0.988456141806988
0.351374824081351
-0.844060622197787
-0.698236818086070
0.557124105270579
0.927183854566792
-0.176103083620930
-0.999552432283502
-0.234657400467711
0.903121285404195
0.605790043840829
-0.654175253533029
-0.874619707139395
0.294755174410909
0.995747698246438
0.114441775495443
-0.948718490388797
-0.504312335347593
0.741474155515831
0.809016994374956
-0.409013144454872
-0.977098659516909
0.007479912757735
0.980172487848544
0.395316491508198
-0.817719385664426
-0.731353701619171
0.517173670587915
0.943883330308363
-0.129290092740020
-0.997014371128744
-0.280427389306003
0.881774303211650
0.642787609686552
-0.617624328489608
-0.896596874675022
0.249172855231207
0.998993066541313
0.161357760632822
-0.932683996873423
-0.544639035015030
0.708867630216940
0.835944224756284
-0.365341024366381
-0.986079076295145
-0.039882659401107
0.969689520376687
0.438371146789069
-0.789543348300227
-0.762829571862270
0.476062800311920
0.958464918240233
-0.082187000421212
-0.992239206600170
-0.325568154457162
0.858448793601865
0.678342887063885
-0.579687576411969
-0.916562255869979
0.203031441367172
0.999996891660591
0.207911690817752
-0.914556744641093
-0.583743672234797
0.674670545932072
0.860995761366629
-0.320849151161141
-0.992846926341838
-0.087155742747665
0.957030761100411
0.480442183779333
-0.759595731569266
-0.792593803177911
0.433883739117552
0.970895900158418
-0.034899496702507
-0.985237653224055
-0.369978408957888
0.833197094412446
0.712376096951343
-0.540450119880632
-0.934471052351320
0.156434465040250
0.998756921218921
0.253999108223731
-0.894377407666340
-0.621538503922751
0.638959634165671
0.884115393504610
-0.275637355816976
-0.997387023937892
-0.134233265817668
0.942224613775886
0.521435203379498
-0.727943732009895
-0.820579610508384
0.390731128489263
0.981148383394178
0.012466314595414
-0.976025421103619
-0.413558504966508
0.806075865470056
0.744810875546289
-0.500000000000002
-0.950283080316092
0.109486480664011
0.995275937465125
0.299516601786648
-0.872191264396606
-0.657938725939726
0.601815023152060
0.905251245281017
-0.229807084674991
-0.999689182000815
-0.181009595945486
0.925304300474002
0.561258225348248
-0.694658370458977
-0.846724199228280
0.346701794364192
0.989199363399613
0.059804153945038
-0.964623180668649
-0.456210657353155
0.777145961456961
0.775574445610199
-0.458427978851647
-0.963962860695859
0.062292830244862
0.989561751039374
0.344362039239015
-0.848048096156425
-0.692862663375268
0.563320058063631
0.924355892018045
-0.183461171813749
-0.999748234942506
-0.227379776282983
0.906307787036654
0.599821894687921
-0.659814332695153
-0.870968906043122
0.301894529873882
0.995030775365399
0.107007804582410
-0.951056516295143
-0.497839163110135
0.746472295365137
0.804597779766659
-0.415827335842026
-0.975479698764719
0.014959407015268
0.981627183447660
0.388434796274679
-0.822002075447906
-0.726231953810012
0.523561114000649
0.941386466660908
-0.136703608310091
-0.997564050259823
-0.273239761301946
0.885277697888858
0.637039682139477
-0.623489801858748
-0.893259330618289
0.256409873672003
0.998629534754572
0.153971350836547
-0.935355868899020
-0.538350616090683
0.714123692844331
0.831815755384863
-0.372293658401933
-0.984807753012213
-0.032407582169715
0.971490038292861
0.431635982329606
-0.794111644398354
-0.757971723145474
0.482627402182611
0.956304755963041
-0.089639308903446
-0.993141528831896
-0.318486650251714
0.862261220397963
0.672828078337067
-0.585766283024064
-0.913545457642603
0.210349884345466
0.999987566661691
0.200589415783291
-0.917556467632739
-0.577654116593887
0.680172737770897
0.857167300702109
-0.327924627507188
-0.991926093126563
-0.079701855139657
0.959173061326979
0.473868662472992
-0.764439383627672
-0.788010753606710
0.440610769775880
0.969077286229083
-0.042373876588209
-0.986490593923518
-0.363018918048142
0.837309998994521
0.707106781186564
-0.546728420318351
-0.931781769052812
0.163817911415103
0.999101823931318
0.246757397690316
-0.897698250837947
-0.615661475325667
0.644695609383912
0.880595531856737
-0.282819798501806
-0.996818746958189
-0.126817292884958
0.944703889414159
0.515038074910052
-0.733051871829812
-0.816281643541080
0.397605493806780
0.979675398423241
0.004986634338755
-0.977626168919300
-0.406736643075786
0.810480019292380
0.739798876047603
-0.506463806996927
-0.947927346167136
0.116918363439811
0.995974293995238
0.292371704722763
-0.875825776431859
-0.652287411278133
0.607771911354044
0.902047880524281
-0.237080377715471
-0.999474736358009
-0.173648177666945
0.928114988519024
0.555051843608777
-0.700019536383325
-0.842720958654033
0.353708069622569
0.988075312474501
0.052335956242945
-0.966568143838540
-0.449541731392490
0.781831482468021
0.770831008314845
-0.465062788901250
-0.961945961498711
0.069756473744137
0.990611994413050
0.337329987382861
-0.851988121928002
-0.687449743083333
0.569484493168462
0.921476211870410
-0.190808995376514
-0.999888101810272
-0.220089430227607
0.909443580859487
0.593820185573507
-0.665416495326238
-0.867269374343284
0.309016994374984
0.994258180634417
0.099567846595823
-0.953341330705970
-0.491338136832556
0.751428670181008
0.800133548011195
-0.422618261740643
-0.973806160042912
0.022438064295812
0.983026957126165
0.381531368161986
-0.826238774315992
-0.721069573411970
0.529919264233163
0.938836932555990
-0.144109475330000
-0.998057915804527
-0.266036845566699
0.888731561387350
0.631256112300204
-0.629320391049810
-0.889871808811468
0.263632546011871
0.998210129767737
0.146576326362060
-0.937975407878401
-0.532032076515384
0.719339800338635
0.827640746023857
-0.379225462652866
-0.983481329856173
-0.024930691738071
0.973236201460459
0.424876667889877
-0.798635510047287
-0.753071466003593
0.489165001109242
0.954091088551929
-0.097086602077303
-0.993988284916777
-0.311387326757186
0.866025403784440
0.667275624961651
-0.591812216084335
-0.910477546658817
0.217656558273590
0.999922292480974
0.193255917795569
-0.920504853452447
-0.571532241275987
0.685636874028414
0.853290881632151
-0.334981756510590
-0.990949761767939
-0.072243508222621
0.961261695938327
0.467268628273104
-0.769240265396239
-0.783383614930424
0.447313148315580
0.967204452544327
-0.049845885660708
-0.987688340595126
-0.356039116274389
0.841376056184757
0.701797902883966
-0.552976131367901
-0.929040352678506
0.171192192197998
0.999390827019093
0.239501881110738
-0.900968867902424
-0.609750000544526
0.650395513961852
0.877026400996764
-0.289986417453621
-0.996194698091748
-0.119394224540252
0.947130308985619
0.508612130123476
-0.738118997487328
-0.811938005715846
0.404457613145589
0.978147600733811
-0.002493324919485
-0.979172218670639
-0.399892024319777
0.814838826856941
0.734745484892419
-0.512899277405863
-0.945518575599321
0.124343704647504
0.996616925885643
0.285210449497827
-0.879411286122243
-0.646599601215766
0.613694794792018
0.898794046299167
-0.244340406137925
-0.999204370226180
-0.166277043794141
0.930873748644211
0.548814406786719
-0.705341536300392
-0.838670567945417
0.360694554957740
0.986895978856726
0.044864830350514
-0.968459027639241
-0.442847653627091
0.786473260103443
0.766044443118961
-0.471671578744752
-0.959875241542894
0.077216214377254
0.991606813167021
0.330279061955196
-0.855880479068559
-0.681998360062470
0.575617065685639
0.918544975241639
-0.198146143199424
-0.999972025061268
-0.212786770195579
0.912528491425414
0.587785252292523
-0.670981427985949
-0.863521319028227
0.316122169413063
0.993429957280059
0.092122317800420
-0.955572805786149
-0.484809620246379
0.756343002654863
0.795624548881768
-0.429385542199355
-0.972078136985779
0.029915466169408
0.984371730566848
0.374606593415945
-0.830429245225902
-0.715866849259695
0.536247765547828
0.936234870639740
-0.151507279442424
-0.998495940131148
-0.258819045102542
0.892135700463888
0.625437223758935
-0.635115769842153
-0.886434498785988
0.270840468143039
0.997734875046458
0.139173100960074
-0.940542467248629
-0.525683769810550
0.724515660859258
0.823419430264530
-0.386136049285687
-0.982099881040243
-0.017452406437279
0.974927912181831
0.418093581652592
-0.803114692137297
-0.748129074605507
0.495675231314053
0.951824039861326
-0.104528463267671
-0.994779427478927
-0.304270581179882
0.869741133155698
0.661685837596913
-0.597825037323682
-0.907358694567865
0.224951054343895
0.999801072770523
0.185911607162928
-0.923401737138401
-0.565378388799176
0.691062648986846
0.849366721041927
-0.342020143325603
-0.989917986891567
-0.064781119290152
0.963296548075563
0.460642450450672
-0.773998108266220
-0.778712646036879
0.453990499739497
0.965277503888972
-0.057315105862012
-0.988830826225118
-0.349039394155708
0.845395038487751
0.696449759074740
-0.559192903470711
-0.926246956610311
0.178556894798662
0.999623914312563
0.232232964430261
-0.904189075869146
-0.603804410325528
0.656059028990485
0.873408200617126
-0.297136811700861
-0.995514912254018
-0.111964476103313
0.949503736732334
0.502157728550497
-0.743144825477383
-0.807548940058687
0.411287103130556
0.976565075805981
-0.009973144676501
-0.980663483856296
-0.393025031653957
0.819152044288990
0.729650984817428
-0.519306051163128
-0.943056903383064
0.131762088840159
0.997203797181175
0.278033236783190
-0.882947592858931
-0.640875613985076
0.619583342081471
0.895489924657300
-0.251586763744542
-0.998878098732278
-0.158896606741113
0.933580426497210
0.542546263865805
-0.710624072444935
-0.834573253721294
0.367660859476814
0.985661428529867
0.037391194276322
-0.970295726276005
-0.436128798589687
0.791071034656336
0.761215017830392
-0.478253978621272
-0.957750816684935
0.084671634772640
0.992546151641313
0.323209657454487
-0.859724949801192
-0.676508819317059
0.581717432498574
0.915562346134060
-0.205472204769848
-0.999999999999999
-0.205472204769834
0.915562346134066
0.581717432498654
-0.676508819316986
-0.859724949801185
0.323209657454393
0.992546151641325
0.084671634772625
-0.957750816684939
-0.478253978621359
0.761215017830401
0.791071034656327
-0.436128798589597
-0.970295726276001
0.037391194276337
0.985661428529851
0.367660859476906
-0.834573253721302
-0.710624072444925
0.542546263865722
0.933580426497204
-0.158896606741128
-0.998878098732273
-0.251586763744528
0.895489924657307
0.619583342081548
-0.640875613985000
-0.882947592858924
0.278033236783095
0.997203797181182
0.131762088840144
-0.943056903383069
-0.519306051163212
0.729650984817438
0.819152044288981
-0.393025031653866
-0.980663483856315
-0.009973144676486
0.976565075805960
0.411287103130646
-0.807548940058696
-0.743144825477373
0.502157728550411
0.949503736732330
-0.111964476103328
-0.995514912254009
-0.297136811700846
0.873408200617134
0.656059028990559
-0.603804410325449
-0.904189075869140
0.232232964430275
0.999623914312566
0.178556894798648
-0.926246956610317
-0.559192903470793
0.696449759074750
0.845395038487743
-0.349039394155616
-0.988830826225132
-0.057315105861997
0.965277503888976
0.453990499739585
-0.778712646036888
-0.773998108266210
0.460642450450584
0.963296548075559
-0.064781119290167
-0.989917986891553
-0.342020143325696
0.849366721041935
0.691062648986918
-0.565378388799095
-0.923401737138396
0.185911607162942
0.999801072770521
0.224951054343881
-0.907358694567872
-0.597825037323762
0.661685837596839
0.869741133155691
-0.304270581179788
-0.994779427478937
-0.104528463267656
0.951824039861331
0.495675231314139
-0.748129074605517
-0.803114692137289
0.418093581652502
0.974927912181828
-0.017452406437294
-0.982099881040225
-0.386136049285778
0.823419430264538
0.724515660859248
-0.525683769810466
-0.940542467248624
0.139173100960089
0.997734875046451
0.270840468143025
-0.886434498785995
-0.635115769842229
0.625437223758857
0.892135700463881
-0.258819045102446
-0.998495940131153
-0.151507279442409
0.936234870639746
0.536247765547912
-0.715866849259705
-0.830429245225894
0.374606593415853
0.984371730566865
0.029915466169393
-0.972078136985756
-0.429385542199444
0.795624548881777
0.756343002654854
-0.484809620246293
-0.955572805786144
0.092122317800322
0.993429957280048
0.316122169413049
-0.863521319028234
-0.670981427985938
0.587785252292535
0.912528491425454
-0.212786770195482
-0.999972025061269
-0.198146143199410
0.918544975241644
0.575617065685627
-0.681998360062564
-0.855880479068611
0.330279061955102
0.991606813167034
0.077216214377240
-0.959875241542898
-0.471671578744739
0.766044443118898
0.786473260103504
-0.442847653627002
-0.968459027639237
0.044864830350529
0.986895978856728
0.360694554957726
-0.838670567945363
-0.705341536300462
0.548814406786636
0.930873748644206
-0.166277043794156
-0.999204370226181
-0.244340406138021
0.898794046299124
0.613694794792096
-0.646599601215778
-0.879411286122236
0.285210449497841
0.996616925885642
0.124343704647602
-0.945518575599289
-0.512899277405948
0.734745484892429
0.814838826856933
-0.399892024319790
-0.979172218670613
-0.002493324919584
0.978147600733790
0.404457613145679
-0.811938005715855
-0.738118997487318
0.508612130123489
0.947130308985651
-0.119394224540154
-0.996194698091740
-0.289986417453607
0.877026400996771
0.650395513961840
-0.609750000544537
-0.900968867902467
0.239501881110642
0.999390827019096
0.171192192197984
-0.929040352678511
-0.552976131367889
0.701797902883896
0.841376056184810
-0.356039116274296
-0.987688340595141
-0.049845885660693
0.967204452544331
0.447313148315567
-0.783383614930363
-0.769240265396303
0.467268628273016
0.961261695938323
-0.072243508222636
-0.990949761767941
-0.334981756510469
0.853290881632099
0.685636874028486
-0.571532241275906
-0.920504853452441
0.193255917795583
0.999922292480975
0.217656558273687
-0.910477546658776
-0.591812216084415
0.667275624961662
0.866025403784433
-0.311387326757199
-0.993988284916776
-0.097086602077402
0.954091088551899
0.489165001109329
-0.753071466003603
-0.798635510047278
0.424876667889890
0.973236201460482
-0.024930691737972
-0.983481329856155
-0.379225462652958
0.827640746023865
0.719339800338625
-0.532032076515396
-0.937975407878435
0.146576326361962
0.998210129767731
0.263632546011857
-0.889871808811475
-0.629320391049798
0.631256112300304
0.888731561387396
-0.266036845566603
-0.998057915804533
-0.144109475329986
0.938836932555995
0.529919264233151
-0.721069573411902
-0.826238774316048
0.381531368161895
0.983026957126162
0.022438064295797
-0.973806160042915
-0.422618261740630
0.800133548011136
0.751428670181074
-0.491338136832469
-0.953341330705966
0.099567846595838
0.994258180634419
0.309016994375078
-0.867269374343235
-0.665416495326312
0.593820185573473
0.909443580859481
-0.220089430227621
-0.999888101810271
-0.190808995376666
0.921476211870372
0.569484493168497
-0.687449743083302
-0.851988121927994
0.337329987382875
0.990611994413040
0.069756473744236
-0.961945961498684
-0.465062788901287
0.770831008314819
0.781831482468012
-0.449541731392554
-0.966568143838580
0.052335956242846
0.988075312474485
0.353708069622608
-0.842720958654041
-0.700019536383314
0.555051843608836
0.928114988519082
-0.173648177666847
-0.999474736358007
-0.237080377715512
0.902047880524288
0.607771911353987
-0.652287411278015
-0.875825776431906
0.292371704722669
0.995974293995241
0.116918363439797
-0.947927346167141
-0.506463806996865
0.739798876047498
0.810480019292438
-0.406736643075747
-0.977626168919308
0.004986634338769
0.979675398423244
0.397605493806714
-0.816281643541023
-0.733051871829879
0.515038074910016
0.944703889414173
-0.126817292884973
-0.996818746958195
-0.282819798501956
0.880595531856690
0.644695609383987
-0.615661475325633
-0.897698250837941
0.246757397690330
0.999101823931315
0.163817911415256
-0.931781769052776
-0.546728420318386
0.707106781186535
0.837309998994513
-0.363018918048156
-0.986490593923506
-0.042373876588307
0.969077286229059
0.440610769775918
-0.788010753606719
-0.764439383627663
0.473868662473055
0.959173061327023
-0.079701855139559
-0.991926093126558
-0.327924627507228
0.857167300702116
0.680172737770887
-0.577654116593946
-0.917556467632779
0.200589415783194
0.999987566661691
0.210349884345507
-0.913545457642609
-0.585766283024006
0.672828078336952
0.862261220398013
-0.318486650251620
-0.993141528831901
-0.089639308903432
0.956304755963045
0.482627402182549
-0.757971723145372
-0.794111644398414
0.431635982329568
0.971490038292871
-0.032407582169729
-0.984807753012216
-0.372293658401867
0.831815755384808
0.714123692844400
-0.538350616090648
-0.935355868899035
0.153971350836561
0.998629534754576
0.256409873672154
-0.893259330618245
-0.623489801858781
0.637039682139444
0.885277697888851
-0.273239761301960
-0.997564050259818
-0.136703608310189
0.941386466660874
0.523561114000685
-0.726231953809983
-0.822002075447897
0.388434796274745
0.981627183447689
0.014959407015367
-0.975479698764697
-0.415827335842064
0.804597779766667
0.746472295365127
-0.497839163110197
-0.951056516295191
0.107007804582311
0.995030775365395
0.301894529873922
-0.870968906043129
-0.659814332695142
0.599821894687979
0.906307787036696
-0.227379776282886
-0.999748234942507
-0.183461171813790
0.924355892018051
0.563320058063571
-0.692862663375156
-0.848048096156477
0.344362039238975
