0.000000000000000
0.759595731569277
-0.988075312474495
0.525683769810504
0.304270581179856
-0.921476211870407
0.894377407666336
-0.241921895599668
-0.579687576411982
0.995974293995238
-0.715866849259717
-0.064781119290152
0.800133548011205
-0.976025421103623
0.469471562785891
0.365341024366396
-0.944703889414170
0.863521319028230
-0.178556894798638
-0.631256112300241
0.999689182000815
-0.669130606358857
-0.129290092740033
0.837309998994522
-0.959875241542889
0.411287103130608
0.424876667889840
-0.963962860695852
0.829037572555041
-0.114441775495427
-0.680172737770922
0.999204370226178
-0.619583342081496
-0.193255917795553
0.870968906043122
-0.939692620785908
0.351374824081346
0.482627402182606
-0.979172218670632
0.791071034656337
-0.049845885660692
-0.726231953809995
0.994521895368272
-0.567433204758780
-0.256409873672028
0.900968867902418
-0.915562346134059
0.289986417453590
0.538350616090677
-0.990268068741570
0.749781202967729
0.014959407015269
-0.769240265396250
0.985661428529862
-0.512899277405905
-0.318486650251684
0.927183854566786
-0.887585789004548
0.227379776282951
0.591812216084374
-0.997203797181180
0.705341536300404
0.079701855139657
-0.809016994374949
0.972660192581119
-0.456210657353161
-0.379225462652928
0.949503736732325
-0.855880479068559
0.163817911415141
0.642787609686535
-0.999950266955942
0.657938725939718
0.144109475329971
-0.845395038487744
0.955572805786135
-0.397605493806774
-0.438371146789090
0.967834748450669
-0.820579610508384
0.099567846595806
0.691062648986871
-0.998495940131150
0.607771911354024
0.207911690817764
-0.878221573370229
0.934471052351314
-0.337329987382828
-0.495675231314097
0.982099881040238
-0.781831482468031
0.034899496702505
0.736434530278358
-0.992846926341837
0.555051843608781
0.270840468142996
-0.907358694567860
0.909443580859474
-0.275637355816984
-0.550896981452114
0.992239206600173
-0.739798876047575
-0.029915466169409
0.778712646036899
-0.983026957126156
0.499999999999994
0.332631443164286
-0.932683996873428
0.880595531856736
-0.212786770195561
-0.603804410325477
0.998210129767734
-0.694658370458999
-0.094604754002533
0.817719385664444
-0.969077286229079
0.442847653627033
0.393025031653915
-0.954091088551929
0.848048096156431
-0.149042266176159
-0.654175253533023
0.999987566661691
-0.646599601215812
-0.158896606741113
0.853290881632145
-0.951056516295150
0.383834901813020
0.451767519812812
-0.971490038292874
0.811938005715854
-0.084671634772594
-0.701797902883991
0.997564050259821
-0.595824463473269
-0.222520933956338
0.885277697888852
-0.929040352678494
0.323209657454467
0.508612130123448
-0.984807753012205
0.772416959224588
-0.019945297363311
-0.746472295365159
0.990949761767936
-0.542546263865749
-0.285210449497784
0.913545457642604
-0.903121285404200
0.261226607538132
0.563320058063649
-0.993988284916785
0.729650984817429
0.044864830350516
-0.788010753606739
0.980172487848543
-0.486988824404344
-0.346701794364203
0.937975407878401
-0.873408200617132
0.198146143199377
0.615661475325650
-0.998993066541314
0.683819742589328
0.109486480664012
-0.826238774315986
0.965277503888963
-0.429385542199424
-0.406736643075809
0.958464918240229
-0.840025923150766
0.134233265817621
0.665416495326264
-0.999801072770522
0.635115769842176
0.173648177666959
-0.860995761366630
0.946327383799154
-0.369978408957881
-0.465062788901272
0.974927912181821
-0.803114692137288
0.069756473744133
0.712376096951358
-0.996408909165776
0.583743672234776
0.237080377715485
-0.892135700463889
0.923401737138400
-0.309016994374936
-0.521435203379482
0.987295228574596
-0.762829571862279
0.004986634338752
0.756343002654895
-0.988830826225127
0.529919264233178
0.299516601786620
-0.919527772551461
0.896596874675021
-0.246757397690269
-0.575617065685670
0.995514912254016
-0.719339800338655
-0.059804153945055
0.797132507222916
-0.977098659516904
0.473868662473009
0.360694554957818
-0.943056903383055
0.866025403784431
-0.183461171813799
-0.627380757516700
0.999552432283502
-0.672828078337047
-0.124343704647519
0.834573253721305
-0.961261695938309
0.415827335842030
0.420357228309592
-0.962624246950011
0.831815755384853
-0.119394224540247
-0.676508819317022
0.999390827019095
-0.623489801858760
-0.188360886759289
0.868507953366998
-0.941386466660887
0.356039116274394
0.478253978621306
-0.978147600733808
0.794111644398335
-0.054825701469405
-0.722794863827378
0.995030775365400
-0.571532241275907
-0.251586763744569
0.898794046299156
-0.917556467632731
0.294755174410875
0.534141581324977
-0.989561751039372
0.753071466003611
0.009973144676518
-0.766044443119011
0.986490593923526
-0.517173670587918
-0.313755723344390
0.925304300474014
-0.889871808811486
0.232232964430254
0.587785252292485
-0.996818746958193
0.708867630216970
0.074730093586407
-0.806075865470067
0.973806160042897
-0.460642450450575
-0.374606593415891
0.947927346167132
-0.858448793601849
0.168735142482086
0.638959634165634
-0.999888101810272
0.661685837596839
0.139173100960119
-0.842720958654021
0.957030761100413
-0.402176068832397
-0.433883739117602
0.966568143838537
-0.823419430264544
0.104528463267637
0.687449743083349
-0.998756921218923
0.611724299115018
0.203031441367187
-0.875825776431874
0.936234870639713
-0.342020143325688
-0.491338136832516
0.981148383394178
-0.784930877348484
0.039882659401131
0.733051871829826
-0.993429957280051
0.559192903470700
0.266036845566645
-0.905251245281012
0.911505852311663
-0.280427389305954
-0.546728420318312
0.991606813167028
-0.743144825477381
-0.024930691738118
0.775574445610185
-0.983929588598631
0.504312335347583
0.327924627507242
-0.930873748644228
0.882947592858935
-0.217656558273555
-0.599821894687941
0.997899497235829
-0.698236818086090
-0.089639308903436
0.814838826856961
-0.970295726275982
0.447313148315659
0.388434796274692
-0.952585646243153
0.850680065687312
-0.153971350836568
-0.650395513961870
0.999999999999999
-0.650395513961840
-0.153971350836494
0.850680065687332
-0.952585646243141
0.388434796274656
0.447313148315693
-0.970295726275991
0.814838826856939
-0.089639308903398
-0.698236818086117
0.997899497235827
-0.599821894687910
-0.217656558273592
0.882947592858953
-0.930873748644214
0.327924627507206
0.504312335347616
-0.983929588598638
0.775574445610233
-0.024930691738080
-0.743144825477407
0.991606813167023
-0.546728420318376
-0.280427389305991
0.911505852311678
-0.905251245280996
0.266036845566608
0.559192903470732
-0.993429957280056
0.733051871829800
0.039882659401169
-0.784930877348508
0.981148383394171
-0.491338136832483
-0.342020143325724
0.936234870639727
-0.875825776431856
0.203031441367150
0.611724299115048
-0.998756921218920
0.687449743083321
0.104528463267675
-0.823419430264566
0.966568143838556
-0.433883739117567
-0.402176068832432
0.957030761100424
-0.842720958654000
0.139173100960081
0.661685837596867
-0.999888101810272
0.638959634165605
0.168735142482124
-0.858448793601868
0.947927346167120
-0.374606593415856
-0.460642450450609
0.973806160042906
-0.806075865470045
0.074730093586369
0.708867630216916
-0.996818746958190
0.587785252292454
0.232232964430291
-0.889871808811451
0.925304300473999
-0.313755723344353
-0.517173670587950
0.986490593923514
-0.766044443118987
0.009973144676480
0.753071466003636
-0.989561751039366
0.534141581324945
0.294755174410911
-0.917556467632747
0.898794046299139
-0.251586763744532
-0.571532241275939
0.995030775365403
-0.722794863827352
-0.054825701469330
0.794111644398359
-0.978147600733800
0.478253978621273
0.356039116274323
-0.941386466660900
0.868507953366979
-0.188360886759251
-0.623489801858701
0.999390827019094
-0.676508819316994
-0.119394224540285
0.831815755384906
-0.962624246950016
0.420357228309557
0.415827335842065
-0.961261695938335
0.834573253721315
-0.124343704647482
-0.672828078337075
0.999552432283501
-0.627380757516714
-0.183461171813781
0.866025403784450
-0.943056903383042
0.360694554957835
0.473868662472992
-0.977098659516913
0.797132507222893
-0.059804153945073
-0.719339800338642
0.995514912254013
-0.575617065685638
-0.246757397690361
0.896596874675012
-0.919527772551446
0.299516601786584
0.529919264233259
-0.988830826225124
0.756343002654870
0.004986634338790
-0.762829571862304
0.987295228574599
-0.521435203379498
-0.309016994374973
0.923401737138414
-0.892135700463897
0.237080377715503
0.583743672234807
-0.996408909165779
0.712376096951371
0.069756473744115
-0.803114692137311
0.974927912181838
-0.465062788901188
-0.369978408957864
0.946327383799204
-0.860995761366611
0.173648177666978
0.635115769842250
-0.999801072770523
0.665416495326321
0.134233265817715
-0.840025923150756
0.958464918240202
-0.406736643075774
-0.429385542199356
0.965277503888988
-0.826238774315996
0.109486480664087
0.683819742589356
-0.998993066541315
0.615661475325575
0.198146143199415
-0.873408200617095
0.937975407878368
-0.346701794364220
-0.486988824404477
0.980172487848551
-0.788010753606750
0.044864830350421
0.729650984817455
-0.993988284916793
0.563320058063571
0.261226607538114
-0.903121285404241
0.913545457642588
-0.285210449497857
-0.542546263865829
0.990949761767933
-0.746472295365209
-0.019945297363349
0.772416959224576
-0.984807753012189
0.508612130123415
0.323209657454396
-0.929040352678529
0.885277697888860
-0.222520933956190
-0.595824463473300
0.997564050259820
-0.701797902883923
-0.084671634772632
0.811938005715810
-0.971490038292852
0.451767519812829
0.383834901813108
-0.951056516295162
0.853290881632184
-0.158896606741019
-0.646599601215798
0.999987566661690
-0.654175253532994
-0.149042266176141
0.848048096156482
