0.000000000000000
0.895267866396148
-0.797734303538619
-0.184441483668977
0.962082097133162
-0.672828078337051
-0.362554225509616
0.995884398615969
-0.524835098908903
-0.528226641853086
0.995514912254014
-0.358833449319513
-0.675774014000217
0.960986316235236
-0.180519145250558
-0.800133548011207
0.893483390499326
0.003989313423084
-0.897038094386970
0.795322363375950
0.188360886759302
-0.963162566797659
0.669871434827019
0.366269231763461
-0.996238035791517
0.521435203379496
0.531609778236701
-0.995129582585910
0.355106962408133
0.678709194932884
-0.959875241542887
0.176593933926822
0.802520058610495
-0.891684695095874
-0.007978563357502
0.898794046299170
-0.792897765908469
-0.192277292145464
0.964227708033390
-0.666904130524175
-0.369978408957889
0.996575818152634
-0.518027009373119
-0.534984454218211
0.994728415744057
-0.351374824081329
-0.681633574422575
0.958748890738516
-0.172665912166277
-0.804893797355915
0.889871808811466
0.011967686315591
-0.900535694187323
0.790460549722885
0.196190637499101
-0.965277503888968
0.663926212652236
0.373681698062509
-0.996897740323617
0.514610571130127
0.538350616090690
-0.994311418112900
0.347637093734928
0.684547105928707
-0.957607281747649
0.168735142482146
0.807254726470175
-0.888044760497614
-0.015956618811737
0.902263010333657
-0.788010753606711
-0.200100860540559
0.966311937657227
-0.660937728603821
-0.377379040140662
0.997203797181179
-0.511185943022033
-0.541708210282744
0.993878596328824
-0.343893830853719
-0.687449743083333
0.956450432738628
-0.164801687431362
-0.809602808379815
0.886203579231202
0.019945297363309
-0.903975967248490
0.785548416547700
0.204007899039901
-0.967330992875474
0.657938725939690
0.381070376350287
-0.997493983854524
0.507753179550739
0.545057183359345
-0.993429957280053
0.340145095010550
0.690341439691910
-0.955278362122341
0.160865609613679
0.811938005715859
-0.884348294314077
-0.023933658491758
0.905674537670628
-0.783073577733160
-0.207911690817782
0.968334653325767
-0.654929252388070
-0.384755647944946
0.997768295725416
-0.504312335347583
-0.548397482022592
0.992965508106534
-0.336390945865345
-0.693222149733995
0.954091088551914
-0.156926971670506
-0.814260281314396
0.882478935272500
0.027921638723601
-0.907358694567872
0.780586276549354
0.211812173746616
-0.969322903035176
0.651909355843762
0.388434796274728
-0.998026728428274
0.500863465172514
0.551729053112709
-0.992485256199828
0.332631443164285
0.696091827363997
-0.952888630922449
0.152985836283997
0.816569598217090
-0.880595531856730
-0.031909174591334
0.909028411137406
-0.778086552580949
-0.215709285751446
0.970295726276003
-0.648879084367446
-0.392107762787068
0.998269277850216
-0.497406623913192
-0.555051843608815
0.991989209203001
-0.328866646738562
-0.698950426911921
0.951671008370663
-0.149042266176165
-0.818865919671957
0.878698114040528
0.035896202634636
-0.910683660806181
0.775574445610195
0.219602964810989
-0.971253107566087
0.645838486185003
0.395774489027965
-0.998495940131153
0.493941866584229
0.558365800629676
-0.991477375010471
0.325096616503781
0.701797902883994
-0.950438240274661
0.145096324107573
0.821149209133731
-0.876786712020739
-0.039882659401127
0.912324417231469
-0.773049995616516
-0.223493148958486
0.972195031668985
-0.642787609686508
-0.399434916642576
0.998706711663819
-0.490469248326047
-0.561670871434805
0.990949761767926
-0.321321412458837
-0.704634209963615
0.949190346253523
-0.141148072876701
-0.823419430264548
0.874861356216671
0.043868481447717
-0.913950654301123
0.770513242775776
0.227379776282995
-0.973121483594300
0.639726503425787
0.403088987376295
-0.998901589093857
0.486988824404321
0.564967003424946
-0.990406377872171
0.317541094684806
0.707459303011810
-0.947927346167127
0.137197575318780
0.825676546934619
-0.872922077269781
-0.047853605341191
0.915562346134070
-0.767964227459524
-0.231262784930010
0.974032448597814
-0.636655216119293
-0.406736643075843
0.999080569319852
-0.483500650208952
-0.568254144143292
0.989847231970975
-0.313755723344309
-0.710273137068072
0.946649260115683
-0.133244894304623
-0.827920523222609
0.870968906043111
0.051837967659671
-0.917159467080789
0.765402990234572
0.235142113102617
-0.974927912181832
0.633573796645641
0.410377825689824
-0.999243649493387
0.480004781253032
0.571532241275986
-0.989272332962985
0.309965358680390
0.713075667351201
-0.945356108439548
0.129290092740013
0.830151323416313
-0.869001873620709
-0.055821504993229
0.918741991723558
-0.762829571862241
-0.239017699062641
0.975807860095321
-0.630482294044693
-0.414012477270069
0.999390827019097
-0.476501273172265
-0.574801242653100
0.988681689997519
-0.306170061015402
-0.715866849259769
0.944047911718840
-0.125333233564203
-0.832368912013280
0.867021011307334
0.059804153945067
-0.920309894877040
0.760244013297599
0.242889481131296
-0.976672278334187
0.627380757516697
0.417640539972139
-0.999522099554694
0.472990181723928
0.578061096249600
-0.988075312474485
0.302369890750365
0.718646638372995
-0.942724690773080
0.121374379749641
0.834573253721317
-0.865026350627728
-0.063785851132696
0.921863151588528
-0.757646355689033
-0.246757397690393
0.977521153141461
-0.624269236421583
-0.421261956056662
0.999637465011021
-0.469471562785835
-0.581311750185896
0.987453210044187
-0.298564908363792
-0.721414990451333
0.941386466660894
-0.117413594299957
-0.836764313458990
0.863017923326315
0.067766533188603
-0.923401737138431
0.755036640377520
0.250621387183147
-0.978354471007618
0.621147780278275
0.424876667889891
-0.999736921552072
0.465945472355746
0.584553152728854
-0.986815392607210
0.294755174410886
0.724171861437490
-0.940033260679715
0.113450940249916
0.838942056356273
-0.860995761366583
-0.071746136761487
0.924925627040602
-0.752414908895708
-0.254481388115602
0.979172218670641
-0.618016438763764
-0.428484617944826
0.999820467595026
-0.462411966550282
-0.587785252292484
0.986161870314180
-0.290940749522146
-0.726917207456654
0.938665094365391
-0.109486480663909
-0.841106447755073
0.858959896930661
0.075724598517098
-0.926434797042899
0.749781202967701
0.258337339056952
-0.979974383116335
0.614875261712361
0.432085748802080
-0.999888101810273
0.458871101604173
0.591007997439123
-0.985492653565716
0.287121694403051
0.729650984817507
-0.937281989491856
0.105520278635060
0.843257453209722
-0.856910362418574
-0.079701855139697
0.927929223127315
-0.747135564508100
-0.262189178640950
0.980760951578504
-0.611724299114912
-0.435680003150686
0.999939823121439
-0.455322933868969
-0.594221336879705
0.984807753012193
-0.283298069832659
-0.732373150012845
0.935883968070830
-0.101552397284339
-0.845395038487770
0.854847190448075
0.083677843332384
-0.929408881510529
0.744478035621406
0.266036845566785
-0.981531911539138
0.608563601118082
0.439267323789424
-0.999975630705394
0.451767519812742
0.597425219474945
-0.984107179553587
0.279469936662751
0.735083659720190
-0.934471052351302
0.097582899759100
0.847519169570159
-0.852770413853897
-0.087652499818562
0.930873748644243
-0.741808658601356
-0.269880278599939
0.982287250728695
-0.605393218023205
-0.442847653627113
0.999995523992272
-0.448204916018785
-0.600619594236062
0.983390944339324
-0.275637355816970
-0.737782470802786
0.933043264819422
-0.093611849232759
-0.849629812652011
0.850680065687284
0.091625761342824
-0.932323801215519
0.739127475930319
0.273719416573606
-0.983026957126169
0.602213200286018
0.446420935683934
-0.999999502665477
0.444635179184816
0.603804410325497
-0.982659058768021
0.271800388289413
0.740469540309830
-0.931600628197977
0.089639308903334
0.851726934143107
-0.848576179215469
-0.095597564671851
0.933759016147308
-0.736434530278321
-0.277554198389005
0.983751018959365
-0.599023598515501
-0.449987113092227
0.999987566661690
-0.441058366122173
-0.606979617058087
0.981911534487427
-0.267959095144319
-0.743144825477457
0.930143165446075
-0.085665341992553
-0.853810500668360
0.846458787921202
0.099567846595872
-0.935179370598576
0.733729864502818
0.281384563016792
-0.984459424705068
0.595824463473163
0.453546129097302
-0.999959716170870
0.437474533754507
0.610145163901327
-0.981148383394154
0.264113537514657
0.745808283729346
-0.928670899758777
0.081690011744959
0.855880479068584
-0.844327925501979
-0.103536543928987
0.936584841964830
-0.731013521647715
-0.285210449497921
0.985152163089222
-0.592615846072319
-0.457097927058743
0.999915951636246
-0.433883739117481
-0.613301000476535
0.980369617633513
-0.260263776601266
-0.748459872677323
0.927183854566769
-0.077713381426456
-0.857936836400665
0.842183625869863
0.107503593510629
-0.937975407878434
0.728285544942752
0.289031796944506
-0.985829223087097
0.589397797376924
0.460642450450703
-0.999856273754319
0.430286039357460
0.616447076559568
-0.979575249599315
0.256409873671988
0.751099550122336
-0.925682053535823
0.073735514323974
0.859979539938326
-0.840025923150708
-0.111468932206455
0.939351046208972
-0.725545977802897
-0.292848544541223
0.986490593923533
-0.586170368601298
-0.464179642863210
0.999780683474842
-0.426681491730703
-0.619583342081526
0.978765291933700
-0.252551890060254
-0.753727274054675
0.924165520566671
-0.069756473744015
-0.862008557172581
0.837854851683672
0.115432496909234
-0.940711735063554
0.722794863827342
0.296660631545628
-0.987136265073003
0.582933611108954
0.467709448002960
-0.999689182000812
0.423070153602553
0.622709747129911
-0.977939757526843
0.248689887164656
0.756343002654868
-0.922634279794500
0.065776323011869
0.864023855812205
-0.835670446020736
-0.119394224540310
0.942057452787323
