0.000000000000000
0.449987113092121
0.803708526830788
0.985492653565726
0.956450432738631
0.722794863827391
0.334511859971845
-0.125333233564303
-0.558365800629661
-0.871947226253861
-0.998993066541314
-0.912324417231454
-0.630482294044714
-0.213761154992116
0.248689887164853
0.657938725939711
0.926434797042886
0.996738762088014
0.853810500668347
0.528226641853085
0.089639308903436
-0.368124552684675
-0.747135564508147
-0.966311937657223
-0.978765291933711
-0.781831482468030
-0.417640539972133
0.035896202634579
0.481753674101712
0.824549628907139
0.990949761767933
0.945356108439569
0.697522514745704
0.300467997289455
-0.160865609613695
-0.587785252292469
-0.888960053096191
-0.999959716170870
-0.897038094386969
-0.602213200286083
-0.178556894798641
0.283298069832746
0.684547105928684
0.939351046208921
0.993199708502813
0.834573253721304
0.497406623913224
0.053829843412133
-0.401262750256470
-0.770513242775785
-0.974927912181822
-0.970776348122919
-0.758946694294558
-0.384755647944939
0.071746136761373
0.512899277405902
0.844327925502011
0.995129582585910
0.933043264819445
0.671351092126008
0.266036845566679
-0.196190637499088
-0.616447076559465
-0.904827052466015
-0.999637465011020
-0.880595531856739
-0.573167882188927
-0.143122483211125
0.317541094684837
0.710273137068050
0.951056516295150
0.988380467458431
0.814260281314381
0.465945472355828
0.017950993798107
-0.433883739117550
-0.792897765908470
-0.982287250728687
-0.961536119504149
-0.735083659720183
-0.351374824081350
0.107503593510518
0.543383777794800
0.863017923326344
0.998026728428270
0.919527772551453
0.644314329694499
0.231262784929958
-0.231262784929941
-0.644314329694486
-0.919527772551446
-0.998026728428271
-0.863017923326352
-0.543383777794815
-0.107503593510535
0.351374824081334
0.735083659720171
0.961536119504146
0.982287250728690
0.792897765908481
0.433883739117566
-0.017950993798090
-0.465945472355813
-0.814260281314371
-0.988380467458428
-0.951056516295155
-0.710273137068062
-0.317541094684857
0.143122483211108
0.573167882188913
0.880595531856733
0.999637465011020
0.904827052466024
0.616447076559479
0.196190637499105
-0.266036845566666
-0.671351092125998
-0.933043264819438
-0.995129582585911
-0.844327925502020
-0.512899277405914
-0.071746136761394
0.384755647944923
0.758946694294547
0.970776348122915
0.974927912181825
0.770513242775798
0.401262750256486
-0.053829843412116
-0.497406623913212
-0.834573253721297
-0.993199708502810
-0.939351046208927
-0.684547105928697
-0.283298069832760
0.178556894798627
0.602213200286069
0.897038094386962
0.999959716170870
0.888960053096201
0.587785252292486
0.160865609613713
-0.300467997289438
-0.697522514745693
-0.945356108439564
-0.990949761767935
-0.824549628907145
-0.481753674101733
-0.035896202634602
0.417640539972114
0.781831482468018
0.978765291933707
0.966311937657227
0.747135564508157
0.368124552684688
-0.089639308903424
-0.528226641853077
-0.853810500668335
-0.996738762088012
-0.926434797042894
-0.657938725939725
-0.248689887164870
0.213761154992100
0.630482294044703
0.912324417231449
0.998993066541314
0.871947226253873
0.558365800629680
0.125333233564324
-0.334511859971827
-0.722794863827379
-0.956450432738626
-0.985492653565728
-0.803708526830796
-0.449987113092131
-0.000000000000010
0.449987113092100
0.803708526830775
0.985492653565722
0.956450432738636
0.722794863827403
0.334511859971860
-0.125333233564290
-0.558365800629651
-0.871947226253856
-0.998993066541313
-0.912324417231463
-0.630482294044730
-0.213761154992134
0.248689887164836
0.657938725939699
0.926434797042880
0.996738762088015
0.853810500668353
0.528226641853094
0.089639308903458
-0.368124552684656
-0.747135564508134
-0.966311937657218
-0.978765291933714
-0.781831482468040
-0.417640539972146
0.035896202634567
0.481753674101703
0.824549628907125
0.990949761767930
0.945356108439576
0.697522514745718
0.300467997289471
-0.160865609613679
-0.587785252292458
-0.888960053096185
-0.999959716170870
-0.897038094386974
-0.602213200286103
-0.178556894798661
0.283298069832726
0.684547105928672
0.939351046208915
0.993199708502814
0.834573253721312
0.497406623913236
0.053829843412144
-0.401262750256448
-0.770513242775771
-0.974927912181817
-0.970776348122923
-0.758946694294570
-0.384755647944955
0.071746136761359
0.512899277405890
0.844327925502005
0.995129582585909
0.933043264819454
0.671351092126023
0.266036845566699
-0.196190637499071
-0.616447076559451
-0.904827052466010
-0.999637465011021
-0.880595531856746
-0.573167882188936
-0.143122483211149
0.317541094684817
0.710273137068037
0.951056516295145
0.988380467458433
0.814260281314391
0.465945472355843
0.017950993798117
-0.433883739117541
-0.792897765908464
-0.982287250728682
-0.961536119504156
-0.735083659720195
-0.351374824081367
0.107503593510500
0.543383777794786
0.863017923326338
0.998026728428269
0.919527772551457
0.644314329694518
0.231262784929981
-0.231262784929924
-0.644314329694473
-0.919527772551439
-0.998026728428272
-0.863017923326361
-0.543383777794823
-0.107503593510545
0.351374824081324
0.735083659720154
0.961536119504139
0.982287250728693
0.792897765908491
0.433883739117581
-0.017950993798058
-0.465945472355804
-0.814260281314357
-0.988380467458427
-0.951056516295163
-0.710273137068069
-0.317541094684873
0.143122483211104
0.573167882188899
0.880595531856718
0.999637465011019
0.904827052466035
0.616447076559487
0.196190637499129
-0.266036845566656
-0.671351092125979
-0.933043264819437
-0.995129582585913
-0.844327925502037
-0.512899277405928
-0.071746136761419
0.384755647944914
0.758946694294531
0.970776348122912
0.974927912181830
0.770513242775800
0.401262750256502
-0.053829843412113
-0.497406623913197
-0.834573253721279
-0.993199708502809
-0.939351046208936
-0.684547105928704
-0.283298069832783
0.178556894798617
0.602213200286056
0.897038094386960
0.999959716170870
0.888960053096212
0.587785252292494
0.160865609613738
-0.300467997289428
-0.697522514745675
-0.945356108439561
-0.990949761767938
-0.824549628907150
-0.481753674101742
-0.035896202634626
0.417640539972105
0.781831482468003
0.978765291933705
0.966311937657233
0.747135564508164
0.368124552684711
-0.089639308903413
-0.528226641853056
-0.853810500668323
-0.996738762088011
-0.926434797042903
-0.657938725939733
-0.248689887164893
0.213761154992090
0.630482294044684
0.912324417231445
0.998993066541315
0.871947226253871
0.558365800629688
0.125333233564348
-0.334511859971818
-0.722794863827362
-0.956450432738623
-0.985492653565732
-0.803708526830802
-0.449987113092153
-0.000000000000021
0.449987113092091
0.803708526830760
0.985492653565720
0.956450432738643
0.722794863827410
0.334511859971883
-0.125333233564279
-0.558365800629631
-0.871947226253851
-0.998993066541312
-0.912324417231473
-0.630482294044738
-0.213761154992158
0.248689887164826
0.657938725939680
0.926434797042877
0.996738762088017
0.853810500668359
0.528226641853115
0.089639308903483
-0.368124552684646
-0.747135564508118
-0.966311937657215
-0.978765291933719
-0.781831482468047
-0.417640539972168
0.035896202634557
0.481753674101681
0.824549628907127
0.990949761767929
0.945356108439584
0.697522514745725
0.300467997289495
-0.160865609613669
-0.587785252292438
-0.888960053096180
-0.999959716170870
-0.897038094386978
-0.602213200286111
-0.178556894798685
0.283298069832716
0.684547105928654
0.939351046208912
0.993199708502817
0.834573253721318
0.497406623913257
0.053829843412154
-0.401262750256439
-0.770513242775756
-0.974927912181815
-0.970776348122929
-0.758946694294576
-0.384755647944978
0.071746136761349
0.512899277405869
0.844327925502000
0.995129582585906
0.933043264819462
0.671351092126031
0.266036845566723
-0.196190637499061
-0.616447076559432
-0.904827052466005
-0.999637465011021
-0.880595531856751
-0.573167882188956
-0.143122483211145
0.317541094684807
0.710273137068020
0.951056516295141
0.988380467458437
0.814260281314397
0.465945472355865
0.017950993798128
-0.433883739117519
-0.792897765908458
-0.982287250728680
-0.961536119504163
-0.735083659720202
-0.351374824081390
0.107503593510490
0.543383777794765
0.863017923326333
0.998026728428268
0.919527772551461
0.644314329694526
0.231262784930005
-0.231262784929914
-0.644314329694454
-0.919527772551435
-0.998026728428274
-0.863017923326366
-0.543383777794844
-0.107503593510555
0.351374824081302
0.735083659720138
0.961536119504137
0.982287250728698
0.792897765908498
0.433883739117603
-0.017950993798062
-0.465945472355782
-0.814260281314359
-0.988380467458423
-0.951056516295162
-0.710273137068086
-0.317541094684896
0.143122483211080
0.573167882188879
0.880595531856720
0.999637465011019
0.904827052466033
0.616447076559506
0.196190637499126
-0.266036845566632
-0.671351092125961
-0.933043264819428
-0.995129582585916
-0.844327925502035
-0.512899277405950
-0.071746136761415
0.384755647944891
0.758946694294533
0.970776348122906
0.974927912181836
0.770513242775816
0.401262750256525
-0.053829843412088
-0.497406623913176
-0.834573253721281
-0.993199708502806
-0.939351046208934
-0.684547105928722
-0.283298069832807
0.178556894798593
0.602213200286036
0.897038094386949
0.999959716170871
0.888960053096210
0.587785252292514
0.160865609613734
-0.300467997289405
-0.697522514745678
-0.945356108439553
-0.990949761767942
-0.824549628907164
-0.481753674101764
-0.035896202634622
0.417640539972082
0.781831482468006
0.978765291933700
0.966311937657232
0.747135564508180
0.368124552684734
-0.089639308903389
-0.528226641853035
-0.853810500668325
-0.996738762088009
-0.926434797042901
-0.657938725939751
-0.248689887164890
