0.000000000000000
0.855364260160506
-0.886203579231214
0.062790519529313
0.821149209133704
-0.913545457642600
0.125333233564303
0.783693457325840
-0.937281989491890
0.187381314585723
0.743144825477395
-0.957319497532066
0.248689887164852
0.699663340513367
-0.973578902873159
0.309016994374944
0.653420603990107
-0.985996037070504
0.368124552684674
0.604599114862380
-0.994521895368272
0.425779291565072
0.553391549243347
-0.999122830098857
0.481753674101711
0.500000000000001
-0.999780683474845
0.535826794978988
0.444635179184932
-0.996492859249503
0.587785252292468
0.387515586452112
-0.989272332962988
0.637423989748687
0.328866646738583
-0.978147600733807
0.684547105928683
0.268919820615269
-0.963162566797661
0.728968627421403
0.207911690817767
-0.944376370237482
0.770513242775788
0.146083028562424
-0.921863151588503
0.809016994374943
0.083677843332332
-0.895711760239418
0.844327925502009
0.020942419883363
-0.866025403784439
0.876306680043856
-0.041875653729189
-0.832921240710103
0.904827052466011
-0.104528463267639
-0.796529918024202
0.929776485888248
-0.166768746716098
-0.756995055651766
0.951056516295149
-0.228350870110633
-0.714472679632816
0.968583161128626
-0.289031796944459
-0.669130606358865
0.982287250728687
-0.348572047321812
-0.621147780278309
0.992114701314474
-0.406736643075781
-0.570713567684446
0.998026728428270
-0.463296035119851
-0.518027009373136
0.999999999999999
-0.518027009373104
-0.463296035119884
0.998026728428272
-0.570713567684415
-0.406736643075814
0.992114701314478
-0.621147780278302
-0.348572047321821
0.982287250728688
-0.669130606358837
-0.289031796944495
0.968583161128635
-0.714472679632790
-0.228350870110669
0.951056516295156
-0.756995055651751
-0.166768746716134
0.929776485888261
-0.796529918024180
-0.104528463267676
0.904827052466027
-0.832921240710090
-0.041875653729212
0.876306680043867
-0.866025403784435
0.020942419883326
0.844327925502029
-0.895711760239401
0.083677843332295
0.809016994374957
-0.921863151588494
0.146083028562401
0.770513242775811
-0.944376370237469
0.207911690817731
0.728968627421428
-0.963162566797651
0.268919820615247
0.684547105928699
-0.978147600733802
0.328866646738574
0.637423989748715
-0.989272332962983
0.387515586452077
0.587785252292492
-0.996492859249502
0.444635179184886
0.535826794979032
-0.999780683474844
0.499999999999969
0.481753674101743
-0.999122830098859
0.553391549243322
0.425779291565092
-0.994521895368274
0.604599114862362
0.368124552684689
-0.985996037070505
0.653420603990100
0.309016994374949
-0.973578902873159
0.699663340513327
0.248689887164902
-0.957319497532079
0.743144825477365
0.187381314585763
-0.937281989491903
0.783693457325819
0.125333233564333
-0.913545457642610
0.821149209133691
0.062790519529332
-0.886203579231221
0.855364260160499
0.000000000000009
-0.855364260160509
0.886203579231187
-0.062790519529258
-0.821149209133733
0.913545457642580
-0.125333233564259
-0.783693457325865
0.937281989491877
-0.187381314585690
-0.743144825477415
0.957319497532058
-0.248689887164830
-0.699663340513381
0.973578902873155
-0.309016994374932
-0.653420603990114
0.985996037070502
-0.368124552684673
-0.604599114862421
0.994521895368267
-0.425779291565025
-0.553391549243384
0.999122830098855
-0.481753674101678
-0.500000000000033
0.999780683474845
-0.535826794978969
-0.444635179184953
0.996492859249505
-0.587785252292455
-0.387515586452120
0.989272332962990
-0.637423989748680
-0.328866646738645
0.978147600733818
-0.684547105928645
-0.268919820615319
0.963162566797671
-0.728968627421377
-0.207911690817803
0.944376370237494
-0.770513242775764
-0.146083028562446
0.921863151588512
-0.809016994374930
-0.083677843332340
0.895711760239422
-0.844327925502004
-0.020942419883372
0.866025403784444
-0.876306680043831
0.041875653729138
0.832921240710131
-0.904827052465995
0.104528463267602
0.796529918024225
-0.929776485888234
0.166768746716061
0.756995055651781
-0.951056516295142
0.228350870110625
0.714472679632823
-0.968583161128624
0.289031796944451
0.669130606358871
-0.982287250728674
0.348572047321751
0.621147780278361
-0.992114701314469
0.406736643075746
0.570713567684476
-0.998026728428267
0.463296035119818
0.518027009373168
-0.999999999999999
0.518027009373097
0.463296035119892
-0.998026728428273
0.570713567684408
0.406736643075823
-0.992114701314480
0.621147780278295
0.348572047321882
-0.982287250728700
0.669130606358809
0.289031796944530
-0.968583161128645
0.714472679632764
0.228350870110706
-0.951056516295168
0.756995055651726
0.166768746716143
-0.929776485888265
0.796529918024140
0.104528463267685
-0.904827052466055
0.832921240710085
0.041875653729278
-0.876306680043871
0.866025403784402
-0.020942419883346
-0.844327925502049
0.895711760239410
-0.083677843332257
-0.809016994374945
0.921863151588480
-0.146083028562308
-0.770513242775817
0.944376370237448
-0.207911690817722
-0.728968627421473
0.963162566797649
-0.268919820615184
-0.684547105928706
0.978147600733788
-0.328866646738566
-0.637423989748744
0.989272332962986
-0.387515586452043
-0.587785252292476
0.996492859249498
-0.444635179184929
-0.535826794979039
0.999780683474842
-0.499999999999961
-0.481753674101801
0.999122830098859
-0.553391549243267
-0.425779291565100
0.994521895368281
-0.604599114862355
-0.368124552684750
0.985996037070507
-0.653420603990051
-0.309016994374958
0.973578902873174
-0.699663340513362
-0.248689887164911
0.957319497532098
-0.743144825477359
-0.187381314585827
0.937281989491906
-0.783693457325778
-0.125333233564342
0.913545457642637
-0.821149209133685
-0.062790519529398
0.886203579231225
-0.855364260160465
-0.000000000000018
0.855364260160543
-0.886203579231209
0.062790519529249
0.821149209133771
-0.913545457642577
0.125333233564194
0.783693457325871
-0.937281989491854
0.187381314585681
0.743144825477459
-0.957319497532055
0.248689887164766
0.699663340513387
-0.973578902873140
0.309016994374924
0.653420603990164
-0.985996037070501
0.368124552684612
0.604599114862383
-0.994521895368266
0.425779291564966
0.553391549243392
-0.999122830098853
0.481753674101670
0.500000000000090
-0.999780683474845
0.535826794978914
0.444635179184961
-0.996492859249511
0.587785252292448
0.387515586452180
-0.989272332962991
0.637423989748629
0.328866646738599
-0.978147600733819
0.684547105928680
0.268919820615327
-0.963162566797689
0.728968627421371
0.207911690817868
-0.944376370237497
0.770513242775722
0.146083028562455
-0.921863151588537
0.809016994374925
0.083677843332406
-0.895711760239426
0.844327925501969
0.020942419883381
-0.866025403784476
0.876306680043854
-0.041875653729129
-0.832921240710167
0.904827052465991
-0.104528463267537
-0.796529918024230
0.929776485888210
-0.166768746716052
-0.756995055651824
0.951056516295139
-0.228350870110561
-0.714472679632829
0.968583161128608
-0.289031796944442
-0.669130606358920
0.982287250728683
-0.348572047321742
-0.621147780278412
0.992114701314468
-0.406736643075686
-0.570713567684484
0.998026728428263
-0.463296035119811
-0.518027009373224
0.999999999999999
-0.518027009373041
-0.463296035119900
0.998026728428277
-0.570713567684401
-0.406736643075883
0.992114701314481
-0.621147780278244
-0.348572047321837
0.982287250728702
-0.669130606358760
-0.289031796944539
0.968583161128661
-0.714472679632758
-0.228350870110770
0.951056516295170
-0.756995055651683
-0.166768746716152
0.929776485888289
-0.796529918024169
-0.104528463267750
0.904827052466034
-0.832921240710049
-0.041875653729230
0.876306680043903
-0.866025403784426
0.020942419883280
0.844327925502084
-0.895711760239381
0.083677843332192
0.809016994374984
-0.921863151588454
0.146083028562355
0.770513242775859
-0.944376370237464
0.207911690817658
0.728968627421441
-0.963162566797631
0.268919820615230
0.684547105928754
-0.978147600733798
0.328866646738504
0.637423989748795
-0.989272332962976
0.387515586451982
0.587785252292529
-0.996492859249493
0.444635179184870
0.535826794979095
-0.999780683474843
0.499999999999904
0.481753674101759
-0.999122830098862
0.553391549243307
0.425779291565160
-0.994521895368276
0.604599114862303
0.368124552684811
-0.985996037070518
0.653420603990001
0.309016994375020
-0.973578902873189
0.699663340513315
0.248689887164974
-0.957319497532085
0.743144825477315
0.187381314585780
-0.937281989491929
0.783693457325808
0.125333233564407
-0.913545457642618
0.821149209133648
0.062790519529350
-0.886203579231255
0.855364260160431
0.000000000000083
-0.855364260160577
0.886203579231178
-0.062790519529183
-0.821149209133743
0.913545457642550
-0.125333233564241
-0.783693457325911
0.937281989491871
-0.187381314585616
-0.743144825477427
0.957319497532036
-0.248689887164813
-0.699663340513434
0.973578902873151
-0.309016994374862
-0.653420603990213
0.985996037070490
-0.368124552684551
-0.604599114862435
0.994521895368259
-0.425779291565009
-0.553391549243446
0.999122830098855
-0.481753674101613
-0.500000000000048
0.999780683474847
-0.535826794978954
-0.444635179185019
0.996492859249507
-0.587785252292395
-0.387515586452241
0.989272332963000
-0.637423989748579
-0.328866646738661
0.978147600733809
-0.684547105928632
-0.268919820615390
0.963162566797706
-0.728968627421404
-0.207911690817821
0.944376370237518
-0.770513242775680
-0.146083028562408
0.921863151588519
-0.809016994374886
-0.083677843332471
0.895711760239505
-0.844327925501995
-0.020942419883447
0.866025403784509
-0.876306680043768
0.041875653729177
0.832921240710141
-0.904827052465963
0.104528463267471
0.796529918024201
-0.929776485888227
0.166768746715987
0.756995055651867
-0.951056516295154
0.228350870110607
