0.000000000000000
0.885277697888854
0.823419430264539
-0.119394224540244
-0.934471052351315
-0.749781202967733
0.237080377715497
0.970295726275995
0.665416495326261
-0.351374824081342
-0.992239206600171
-0.571532241275938
0.460642450450631
0.999987566661691
0.469471562785892
-0.563320058063620
-0.993429957280055
-0.360694554957804
0.657938725939711
0.972660192581119
0.246757397690293
-0.743144825477391
-0.937975407878394
-0.129290092740036
0.817719385664429
0.889871808811469
0.009973144676494
-0.880595531856737
-0.829037572555043
0.109486480663993
0.930873748644202
0.756343002654875
-0.227379776282958
-0.967834748450665
-0.672828078337054
0.342020143325667
0.990949761767934
0.579687576411983
-0.451767519812807
-0.999888101810272
-0.478253978621318
0.555051843608769
0.994521895368273
0.369978408957884
-0.650395513961871
-0.974927912181824
-0.256409873672033
0.736434530278358
0.941386466660904
0.139173100960069
-0.811938005715854
-0.894377407666337
-0.019945297363301
0.875825776431854
0.834573253721303
-0.099567846595815
-0.927183854566783
-0.762829571862271
0.217656558273554
0.965277503888966
0.680172737770924
-0.332631443164282
-0.989561751039375
-0.587785252292472
0.442847653627046
0.999689182000815
0.486988824404371
-0.546728420318333
-0.995514912254015
-0.379225462652938
0.642787609686536
0.977098659516911
0.266036845566678
-0.729650984817443
-0.944703889414170
-0.149042266176183
0.806075865470060
0.898794046299170
0.029915466169399
-0.870968906043119
-0.840025923150771
0.089639308903426
0.923401737138388
0.769240265396252
-0.207911690817746
-0.962624246950010
-0.687449743083326
0.323209657454455
0.988075312474493
0.595824463473270
-0.433883739117548
-0.999390827019095
-0.495675231314106
0.538350616090679
0.996408909165776
0.388434796274696
-0.635115769842171
-0.979172218670634
-0.275637355817007
0.722794863827380
0.947927346167133
0.158896606741117
-0.800133548011202
-0.903121285404197
-0.039882659401111
0.866025403784431
0.845395038487752
-0.079701855139640
-0.919527772551448
-0.775574445610219
0.198146143199394
0.959875241542885
0.694658370459009
-0.313755723344361
-0.986490593923518
-0.603804410325484
0.424876667889824
0.998993066541313
0.504312335347595
-0.529919264233186
-0.997203797181180
-0.397605493806794
0.627380757516692
0.981148383394176
0.285210449497814
-0.715866849259714
-0.951056516295152
-0.168735142482164
0.794111644398353
0.907358694567866
0.049845885660722
-0.860995761366622
-0.850680065687344
0.069756473744122
0.915562346134049
0.781831482468039
-0.188360886759288
-0.957030761100411
-0.701797902884007
0.304270581179842
0.984807753012206
0.611724299115006
-0.415827335842013
-0.998495940131150
-0.512899277405911
0.521435203379474
0.997899497235827
0.406736643075811
-0.619583342081494
-0.983026957126162
-0.294755174410921
0.708867630216931
0.954091088551924
0.178556894798660
-0.788010753606711
-0.911505852311676
-0.059804153945036
0.855880479068546
0.855880479068566
-0.059804153945026
-0.911505852311672
-0.788010753606734
0.178556894798623
0.954091088551921
0.708867630216958
-0.294755174410885
-0.983026957126155
-0.619583342081501
0.406736643075776
0.997899497235824
0.521435203379507
-0.512899277405902
-0.998495940131152
-0.415827335842048
0.611724299114998
0.984807753012207
0.304270581179878
-0.701797902883979
-0.957030761100414
-0.188360886759325
0.781831482468015
0.915562346134064
0.069756473744132
-0.850680065687324
-0.860995761366641
0.049845885660684
0.907358694567862
0.794111644398376
-0.168735142482126
-0.951056516295149
-0.715866849259721
0.285210449497778
0.981148383394168
0.627380757516700
-0.397605493806759
-0.997203797181177
-0.529919264233218
0.504312335347586
0.998993066541315
0.424876667889858
-0.603804410325465
-0.986490593923522
-0.313755723344397
0.694658370458982
0.959875241542892
0.198146143199403
-0.775574445610195
-0.919527772551457
-0.079701855139664
0.845395038487732
0.866025403784450
-0.039882659401087
-0.903121285404186
-0.800133548011224
0.158896606741079
0.947927346167125
0.722794863827397
-0.275637355816970
-0.979172218670626
-0.635115769842190
0.388434796274687
0.996408909165773
0.538350616090700
-0.495675231314085
-0.999390827019096
-0.433883739117582
0.595824463473251
0.988075312474497
0.323209657454491
-0.687449743083299
-0.962624246950016
-0.207911690817770
0.769240265396228
0.923401737138403
0.089639308903450
-0.840025923150765
-0.870968906043124
0.029915466169404
0.898794046299147
0.806075865470083
-0.149042266176146
-0.944703889414162
-0.729650984817460
0.266036845566668
0.977098659516908
0.642787609686576
-0.379225462652890
-0.995514912254011
-0.546728420318365
0.486988824404350
0.999689182000816
0.442847653627055
-0.587785252292475
-0.989561751039383
-0.332631443164318
0.680172737770896
0.965277503888972
0.217656558273578
-0.762829571862260
-0.927183854566787
-0.099567846595867
0.834573253721278
0.875825776431873
-0.019945297363270
-0.894377407666327
-0.811938005715863
0.139173100960060
0.941386466660903
0.736434530278393
-0.256409873671989
-0.974927912181815
-0.650395513961895
0.369978408957862
0.994521895368271
0.555051843608777
-0.478253978621272
-0.999888101810273
-0.451767519812841
0.579687576411957
0.990949761767937
0.342020143325683
-0.672828078337047
-0.967834748450666
-0.227379776283009
0.756343002654845
0.930873748644216
0.109486480664024
-0.829037572555030
-0.880595531856743
0.009973144676488
0.889871808811443
0.817719385664457
-0.129290092739994
-0.937975407878382
-0.743144825477410
0.246757397690277
0.972660192581117
0.657938725939713
-0.360694554957755
-0.993429957280050
-0.563320058063652
0.469471562785865
0.999987566661691
0.460642450450644
-0.571532241275932
-0.992239206600178
-0.351374824081388
0.665416495326230
0.970295726276004
0.237080377715523
-0.749781202967721
-0.934471052351319
-0.119394224540248
0.823419430264508
0.885277697888875
0.000000000000038
-0.885277697888840
-0.823419430264552
0.119394224540228
0.934471052351312
0.749781202967734
-0.237080377715448
-0.970295726275985
-0.665416495326287
0.351374824081316
0.992239206600169
0.571532241275948
-0.460642450450627
-0.999987566661691
-0.469471562785932
0.563320058063588
0.993429957280058
0.360694554957827
-0.657938725939699
-0.972660192581121
-0.246757397690296
0.743144825477359
0.937975407878408
0.129290092740070
-0.817719385664413
-0.889871808811478
-0.009973144676507
0.880595531856734
0.829037572555073
-0.109486480663948
-0.930873748644188
-0.756343002654895
0.227379776282935
0.967834748450661
0.672828078337061
-0.342020143325664
-0.990949761767926
-0.579687576412020
0.451767519812773
0.999888101810272
0.478253978621339
-0.555051843608760
-0.994521895368273
-0.369978408957933
0.650395513961837
0.974927912181832
0.256409873672063
-0.736434530278342
-0.941386466660909
-0.139173100960079
0.811938005715852
0.894377407666361
0.019945297363346
-0.875825776431836
-0.834573253721320
0.099567846595791
0.927183854566780
0.762829571862273
-0.217656558273503
-0.965277503888953
-0.680172737770952
0.332631443164246
0.989561751039371
0.587785252292491
-0.442847653627037
-0.999689182000815
-0.486988824404417
0.546728420318301
0.995514912254018
0.379225462652961
-0.642787609686517
-0.977098659516913
-0.266036845566687
0.729650984817408
0.944703889414187
0.149042266176221
-0.806075865470038
-0.898794046299180
-0.029915466169423
0.870968906043115
0.840025923150776
-0.089639308903374
-0.923401737138374
-0.769240265396276
0.207911690817723
0.962624246950003
0.687449743083333
-0.323209657454446
-0.988075312474485
-0.595824463473312
0.433883739117513
0.999390827019093
0.495675231314127
-0.538350616090659
-0.996408909165777
-0.388434796274705
0.635115769842131
0.979172218670641
0.275637355817043
-0.722794863827364
-0.947927346167141
-0.158896606741127
0.800133548011196
0.903121285404219
0.039882659401163
-0.866025403784412
-0.845395038487773
0.079701855139616
0.919527772551438
0.775574445610225
-0.198146143199384
-0.959875241542870
-0.694658370459037
0.313755723344324
0.986490593923514
0.603804410325503
-0.424876667889815
-0.998993066541313
-0.504312335347652
0.529919264233153
0.997203797181183
0.397605493806829
-0.627380757516662
-0.981148383394178
-0.285210449497824
0.715866849259707
0.951056516295173
0.168735142482201
-0.794111644398330
-0.907358694567882
-0.049845885660732
0.860995761366617
0.850680065687349
-0.069756473744056
-0.915562346134033
-0.781831482468063
0.188360886759250
0.957030761100400
0.701797902884014
-0.304270581179832
-0.984807753012204
-0.611724299115058
0.415827335841979
0.998495940131148
0.512899277405944
-0.521435203379466
-0.997899497235827
-0.406736643075820
0.619583342081486
0.983026957126169
0.294755174410958
-0.708867630216904
-0.954091088551936
-0.178556894798670
0.788010753606705
0.911505852311680
0.059804153945046
-0.855880479068555
-0.855880479068556
0.059804153945045
0.911505852311633
0.788010753606775
-0.178556894798557
-0.954091088551901
-0.708867630216985
0.294755174410848
0.983026957126148
0.619583342081531
-0.406736643075767
-0.997899497235824
-0.521435203379515
0.512899277405894
0.998495940131151
0.415827335842031
-0.611724299115013
-0.984807753012224
-0.304270581179942
0.701797902883932
0.957030761100433
0.188360886759363
-0.781831482467992
-0.915562346134079
-0.069756473744170
0.850680065687319
0.860995761366646
-0.049845885660674
-0.907358694567858
-0.794111644398365
0.168735142482144
0.951056516295155
0.715866849259787
-0.285210449497714
-0.981148383394155
-0.627380757516752
0.397605493806724
0.997203797181175
0.529919264233251
