0.000000000000000
0.640875613985024
-0.983929588598629
0.869741133155694
-0.351374824081342
-0.330279061955168
0.858448793601866
-0.987688340595137
0.657938725939711
-0.022438064295803
-0.623489801858735
0.979675398423235
-0.880595531856737
0.372293658401943
0.309016994374947
-0.846724199228285
0.990949761767934
-0.674670545932074
0.044864830350511
0.605790043840820
-0.974927912181824
0.891006524188366
-0.393025031653923
-0.287599327432022
0.834573253721303
-0.993712209893242
0.691062648986861
-0.067269005612038
-0.587785252292472
0.969689520376685
-0.900968867902415
0.413558504966515
0.266036845566678
-0.822002075447909
0.995974293995238
-0.707106781186540
0.089639308903426
0.569484493168455
-0.963962860695853
0.910477546658815
-0.433883739117548
-0.244340406137902
0.809016994374950
-0.997734875046455
0.722794863827390
-0.111964476103310
-0.550896981452110
0.957750816684932
-0.919527772551448
0.453990499739545
0.222520933956314
-0.795624548881787
0.998993066541313
-0.738118997487345
0.134233265817652
0.532032076515349
-0.951056516295152
0.928114988519034
-0.473868662473004
-0.200589415783277
0.781831482468039
-0.999748234942506
0.753071466003603
-0.156434465040236
-0.512899277405911
0.943883330308373
-0.936234870639736
0.493508218064335
0.178556894798632
-0.767644740358015
0.999999999999999
-0.767644740358009
0.178556894798623
0.493508218064344
-0.936234870639739
0.943883330308360
-0.512899277405902
-0.156434465040246
0.753071466003609
-0.999748234942506
0.781831482468015
-0.200589415783268
-0.473868662473013
0.928114988519038
-0.951056516295149
0.532032076515340
0.134233265817662
-0.738118997487352
0.998993066541314
-0.795624548881772
0.222520933956318
0.453990499739553
-0.919527772551457
0.957750816684929
-0.550896981452090
-0.111964476103305
0.722794863827397
-0.997734875046457
0.809016994374944
-0.244340406137879
-0.433883739117557
0.910477546658819
-0.963962860695846
0.569484493168447
0.089639308903450
-0.707106781186547
0.995974293995237
-0.822002075447896
0.266036845566668
0.413558504966511
-0.900968867902431
0.969689520376683
-0.587785252292475
-0.067269005612076
0.691062648986878
-0.993712209893242
0.834573253721309
-0.287599327431992
-0.393025031653932
0.891006524188364
-0.974927912181815
0.605790043840807
0.044864830350514
-0.674670545932103
0.990949761767937
-0.846724199228280
0.309016994374958
0.372293658401972
-0.880595531856743
0.979675398423235
-0.623489801858705
-0.022438064295824
0.657938725939713
-0.987688340595134
0.858448793601852
-0.330279061955159
-0.351374824081335
0.869741133155710
-0.983929588598626
0.640875613985025
0.000000000000038
-0.640875613985040
0.983929588598629
-0.869741133155700
0.351374824081316
0.330279061955177
-0.858448793601862
0.987688340595131
-0.657938725939699
0.022438064295804
0.623489801858765
-0.979675398423239
0.880595531856734
-0.372293658401953
-0.309016994374976
0.846724199228291
-0.990949761767934
0.674670545932046
-0.044864830350495
-0.605790043840822
0.974927912181832
-0.891006524188355
0.393025031653914
0.287599327432011
-0.834573253721320
0.993712209893240
-0.691062648986864
0.067269005612000
0.587785252292491
-0.969689520376687
0.900968867902423
-0.413558504966493
-0.266036845566687
0.822002075447907
-0.995974293995235
0.707106781186533
-0.089639308903431
-0.569484493168486
0.963962860695859
-0.910477546658811
0.433883739117565
0.244340406137925
-0.809016994374956
0.997734875046455
-0.722794863827364
0.111964476103286
0.550896981452106
-0.957750816684943
0.919527772551438
-0.453990499739536
-0.222520933956309
0.795624548881801
-0.998993066541313
0.738118997487339
-0.134233265817614
-0.532032076515357
0.951056516295155
-0.928114988519041
0.473868662472971
0.200589415783287
-0.781831482468028
0.999748234942505
-0.753071466003596
0.156434465040227
0.512899277405944
-0.943883330308376
0.936234870639733
-0.493508218064352
-0.178556894798670
0.767644740358021
-0.999999999999999
0.767644740358021
-0.178556894798669
-0.493508218064402
0.936234870639753
-0.943883330308357
0.512899277405894
0.156434465040227
-0.753071466003597
0.999748234942507
-0.781831482467992
0.200589415783230
0.473868662473022
-0.928114988519042
0.951056516295155
-0.532032076515356
-0.134233265817728
0.738118997487378
-0.998993066541315
0.795624548881766
-0.222520933956308
-0.453990499739537
0.919527772551439
-0.957750816684910
0.550896981452058
0.111964476103343
-0.722794863827404
0.997734875046455
-0.809016994374955
0.244340406137924
0.433883739117617
-0.910477546658835
0.963962860695844
-0.569484493168439
-0.089639308903432
0.707106781186534
-0.995974293995245
0.822002075447874
-0.266036845566631
-0.413558504966546
0.900968867902423
-0.969689520376687
0.587785252292490
0.067269005612114
-0.691062648986906
0.993712209893246
-0.834573253721288
0.287599327432010
0.393025031653915
-0.891006524188355
0.974927912181807
-0.605790043840776
-0.044864830350552
0.674670545932089
-0.990949761767934
0.846724199228290
-0.309016994374975
-0.372293658402007
0.880595531856761
-0.979675398423228
0.623489801858720
0.022438064295805
-0.657938725939699
0.987688340595149
-0.858448793601833
0.330279061955123
0.351374824081370
-0.869741133155701
0.983929588598629
-0.640875613985039
-0.000000000000076
0.640875613985069
-0.983929588598636
0.869741133155682
-0.351374824081334
-0.330279061955160
0.858448793601853
-0.987688340595125
0.657938725939670
-0.022438064295766
-0.623489801858750
0.979675398423236
-0.880595531856742
0.372293658401971
0.309016994375013
-0.846724199228311
0.990949761767929
-0.674670545932060
0.044864830350513
0.605790043840807
-0.974927912181841
0.891006524188337
-0.393025031653879
-0.287599327432047
0.834573253721310
-0.993712209893242
0.691062648986878
-0.067269005611962
-0.587785252292522
0.969689520376697
-0.900968867902406
0.413558504966510
0.266036845566669
-0.822002075447896
0.995974293995231
-0.707106781186506
0.089639308903393
0.569484493168471
-0.963962860695854
0.910477546658819
-0.433883739117479
-0.244340406137962
0.809016994374978
-0.997734875046453
0.722794863827377
-0.111964476103304
-0.550896981452091
0.957750816684954
-0.919527772551423
0.453990499739502
0.222520933956347
-0.795624548881790
0.998993066541314
-0.738118997487351
0.134233265817576
0.532032076515389
-0.951056516295167
0.928114988519027
-0.473868662472987
-0.200589415783269
0.781831482468016
-0.999748234942504
0.753071466003571
-0.156434465040189
-0.512899277405928
0.943883330308370
-0.936234870639739
0.493508218064269
0.178556894798708
-0.767644740358046
0.999999999999999
-0.767644740357996
0.178556894798631
0.493508218064336
-0.936234870639766
0.943883330308344
-0.512899277405861
-0.156434465040265
0.753071466003622
-0.999748234942506
0.781831482468039
-0.200589415783193
-0.473868662473055
0.928114988519056
-0.951056516295143
0.532032076515324
0.134233265817653
-0.738118997487327
0.998993066541317
-0.795624548881743
0.222520933956271
0.453990499739571
-0.919527772551454
0.957750816684931
-0.550896981452026
-0.111964476103381
0.722794863827430
-0.997734875046458
0.809016994374933
-0.244340406137887
-0.433883739117549
0.910477546658851
-0.963962860695834
0.569484493168408
0.089639308903470
-0.707106781186561
0.995974293995238
-0.822002075447917
0.266036845566595
0.413558504966581
-0.900968867902440
0.969689520376678
-0.587785252292460
-0.067269005612039
0.691062648986851
-0.993712209893250
0.834573253721267
-0.287599327431973
-0.393025031653950
0.891006524188373
-0.974927912181824
0.605790043840746
0.044864830350590
-0.674670545932117
0.990949761767939
-0.846724199228270
0.309016994374939
0.372293658401937
-0.880595531856779
0.979675398423220
-0.623489801858690
-0.022438064295843
0.657938725939728
-0.987688340595137
0.858448793601871
-0.330279061955087
-0.351374824081406
0.869741133155720
-0.983929588598622
0.640875613985010
0.000000000000001
-0.640875613985011
0.983929588598623
-0.869741133155719
0.351374824081404
0.330279061955303
-0.858448793601931
0.987688340595119
-0.657938725939641
0.022438064295728
0.623489801858780
-0.979675398423243
0.880595531856724
-0.372293658401935
-0.309016994374941
0.846724199228271
-0.990949761767939
0.674670545932116
-0.044864830350361
-0.605790043840928
0.974927912181849
-0.891006524188320
0.393025031653844
0.287599327432084
-0.834573253721331
0.993712209893237
-0.691062648986850
0.067269005612037
0.587785252292461
-0.969689520376678
0.900968867902439
-0.413558504966579
-0.266036845566816
0.822002075447983
-0.995974293995228
0.707106781186479
-0.089639308903355
-0.569484493168503
0.963962860695864
-0.910477546658803
0.433883739117547
0.244340406137889
-0.809016994374934
0.997734875046458
-0.722794863827429
0.111964476103153
0.550896981452218
-0.957750816684965
0.919527772551408
-0.453990499739468
-0.222520933956384
0.795624548881813
-0.998993066541312
0.738118997487326
-0.134233265817651
-0.532032076515325
0.951056516295144
-0.928114988519055
0.473868662473053
0.200589415783417
-0.781831482468111
0.999748234942503
-0.753071466003546
0.156434465040151
0.512899277405960
-0.943883330308382
0.936234870639726
-0.493508218064335
-0.178556894798633
0.767644740357998
-0.999999999999999
0.767644740358045
-0.178556894798482
-0.493508218064468
0.936234870639780
-0.943883330308331
0.512899277405828
0.156434465040303
-0.753071466003647
0.999748234942506
-0.781831482468015
0.200589415783267
0.473868662472989
-0.928114988519028
0.951056516295166
-0.532032076515388
-0.134233265817803
0.738118997487429
-0.998993066541319
0.795624548881720
-0.222520933956234
-0.453990499739605
