0.000000000000000
0.441058366122205
0.791680732735924
0.979974383116319
0.967330992875470
0.756343002654873
0.390272055913751
-0.055821504993163
-0.490469248326070
-0.824549628907140
-0.989561751039376
-0.951671008370679
-0.718646638372927
-0.338268693368591
0.111468932206324
0.538350616090681
0.854847190448103
0.996063198709708
0.933043264819444
0.678709194932881
0.285210449497803
-0.166768746716102
-0.584553152728770
-0.882478935272507
-0.999458451547163
-0.911505852311673
-0.636655216119319
-0.231262784929953
0.221548497619465
0.628932776940318
0.907358694567863
0.999736921552070
0.887125934657385
0.592615846072354
0.176593933926828
-0.275637355816997
-0.671351092126001
-0.929408881510497
-0.996897740323617
-0.859979539938276
-0.546728420318345
-0.121374379749656
0.328866646738583
0.711675817973068
0.948560733217858
0.990949761767934
0.830151323416295
0.499136037492957
0.065776323011893
-0.381070376350270
-0.749781202967732
-0.964754525183621
-0.981911534487439
-0.797734303538622
-0.449987113092123
-0.009973144676494
0.432085748801978
0.785548416547706
0.977939757526858
0.969811243937547
0.762829571862268
0.399434916642528
-0.045861134627700
-0.481753674101711
-0.818865919671941
-0.988075312474495
-0.954686624531125
-0.725545977802931
-0.347637093734941
0.101552397284362
0.529919264233201
0.849629812651960
0.995129582585910
0.936584841964798
0.685999789191174
0.294755174410906
-0.156926971670520
-0.576432316169792
-0.877744159160093
-0.999080569319849
-0.915562346134060
-0.644314329694496
-0.240954069435896
0.211812173746595
0.621147780278309
0.903121285404188
0.999915951636247
0.891684695095879
0.600619594235974
0.186401556029762
-0.266036845566673
-0.663926212652235
-0.925682053535847
-0.997633124419046
-0.865026350627752
-0.555051843608777
-0.131267754658235
0.319431889029711
0.704634209963588
0.945356108439566
0.992239206600172
0.835670446020767
0.507753179550756
0.075724598517081
-0.371830793207163
-0.743144825477388
-0.962082097133160
-0.983751018959350
-0.803708526830791
-0.458871101604198
-0.019945297363301
0.423070153602594
0.779337964931468
0.975807860095305
0.972195031668981
0.769240265396251
0.408558047142690
-0.035896202634579
-0.472990181723954
-0.813100761047022
-0.986490593923519
-0.957607281747654
-0.732373150012775
-0.356970915999492
0.091625761342702
0.521435203379490
0.844327925502010
0.994096984815365
0.940033260679734
0.693222149733988
0.304270581179860
-0.147069587712947
-0.568254144143255
-0.872922077269805
-0.998603312456593
-0.919527772551452
-0.651909355843782
-0.250621387183137
0.202054781745386
0.613301000476449
0.898794046299163
0.999995523992272
0.896154763145922
0.608563601118110
0.196190637499106
-0.256409873672025
-0.656435295035303
-0.921863151588499
-0.998269277850216
-0.869987120530019
-0.563320058063626
-0.141148072876771
0.309965358680419
0.697522514745695
0.942057452787295
0.993429957280055
0.841106447755024
0.516319817386059
0.085665341992688
-0.362554225509613
-0.736434530278355
-0.959313974540056
-0.985492653565727
-0.809602808379817
-0.467709448002849
-0.029915466169410
0.414012477270029
0.773049995616543
0.973578902873159
0.974482118963730
0.775574445610220
0.417640539972135
-0.025927700186597
-0.464179642863114
-0.807254726470161
-0.984807753012207
-0.960432689513918
-0.739127475930352
-0.366269231763459
0.081690011744984
0.512899277405903
0.838942056356225
0.992965508106534
0.943388177963534
0.700375558181379
0.313755723344375
-0.137197575318797
-0.560019450099958
-0.868013169235262
-0.998026728428270
-0.923401737138396
-0.659439539119643
-0.260263776601397
0.192277292145444
0.605393218023246
0.894377407666332
0.999975630705394
0.900535694187325
0.616447076559480
0.205960204653199
-0.246757397690282
-0.648879084367479
-0.917952555519681
-0.998806137341434
-0.874861356216690
-0.571532241275948
-0.151014351648638
0.300467997289441
0.690341439691894
0.938665094365413
0.994521895368274
0.846458787921228
0.524835098908916
0.095597564671826
-0.353241595961515
-0.729650984817448
-0.956450432738628
-0.987136265072989
-0.815416561904558
-0.476501273172339
-0.039882659401110
0.404913620735914
0.766685134042641
0.971253107566071
0.976672278334170
0.781831482468034
0.426681491730838
-0.015956618811717
-0.455322933869003
-0.801328397423551
-0.983026957126156
-0.963162566797661
-0.745808283729271
-0.375531116159752
0.071746136761374
0.504312335347584
0.833472740925936
0.991735265002981
0.946649260115700
0.707459303011777
0.323209657454473
-0.127311916418544
-0.551729053112679
-0.863017923326340
-0.997350874585437
-0.927183854566792
-0.666904130524189
-0.269880278599928
0.182480677475434
0.597425219474864
0.889871808811460
0.999856273754320
0.904827052466025
0.624269236421604
0.215709285751443
-0.237080377715492
-0.641258332235463
-0.913950654301090
-0.999243649493386
-0.879648572866623
-0.579687576411988
-0.160865609613712
0.290940749522182
0.683091699075613
0.935179370598545
0.995514912254015
0.851726934143055
0.533298177137567
0.105520278635187
-0.343893830853721
-0.722794863827383
-0.953491756554180
-0.988681689997527
-0.821149209133712
-0.485245702624193
-0.049845885660711
0.395774489027933
0.760244013297632
0.968830705511805
0.978765291933712
0.788010753606731
0.435680003150675
-0.005983950294371
-0.446420935683832
-0.795322363375937
-0.981148383394171
-0.965796642068664
-0.752414908895734
-0.384755647944956
0.061795125470202
0.495675231314092
0.827920523222565
0.990406377872172
0.949816182769147
0.714472679632804
0.332631443164289
-0.117413594299982
-0.543383777794788
-0.857936836400613
-0.996575818152632
-0.930873748644207
-0.674302387583735
-0.279469936662887
0.172665912166279
0.589397797376972
0.885277697888848
0.999637465011020
0.909028411137398
0.632029302664852
0.225436911090849
-0.227379776282947
-0.633573796645669
-0.909857845986187
-0.999581770788450
-0.884348294314092
-0.587785252292486
-0.170700866905885
0.281384563016669
0.675774014000213
0.931600628198003
0.996408909165777
0.856910362418602
0.541708210282741
0.115432496909201
-0.334511859971832
-0.715866849259704
-0.950438240274658
-0.990128774621972
-0.826800179863268
-0.493941866584245
-0.059804153945057
0.386595991179727
0.753727274054618
0.966311937657220
0.980760951578487
0.794111644398375
0.444635179184929
0.003989313423089
-0.437474533754548
-0.789237221724066
-0.979172218670625
-0.968334653325766
-0.758946694294562
-0.393941909590966
0.051837967659608
0.486988824404342
0.822285955503480
0.988978978893315
0.952888630922463
0.721414990451344
0.342020143325671
-0.107503593510516
-0.534984454218188
-0.852770413853927
-0.995701636221685
-0.934471052351316
-0.681633574422572
-0.289031796944487
0.162833972454262
0.581311750185809
0.880595531856734
0.999319226239543
0.913139352308724
0.639726503425812
0.235142113102620
-0.217656558273554
-0.625826241948803
-0.905674537670610
-0.999820467595024
-0.888960053096194
-0.595824463473275
-0.180519145250576
0.271800388289444
0.668389112327169
0.927929223127291
0.997203797181180
0.862008557172527
0.550064361831362
0.125333233564335
-0.325096616503817
-0.708867630216928
-0.947290187621387
-0.991477375010479
-0.832368912013281
-0.502588900079059
-0.069756473744142
0.377379040140624
0.747135564508130
0.963697054534299
0.982659058768031
0.800133548011217
0.453546129097297
0.013962180339176
-0.428484617944743
-0.783073577733156
-0.977098659516904
-0.970776348122924
-0.765402990234620
-0.403088987376285
0.041875653729183
0.478253978621298
0.816569598217074
0.987453210044201
0.955866298971252
0.728285544942857
0.351374824081366
-0.097582899759118
-0.526531917830724
-0.847519169570117
-0.994728415744056
-0.937975407878402
-0.688896961836254
-0.298564908363905
0.152985836284021
0.573167882188903
0.875825776431842
0.998901589093855
0.917159467080773
0.647360073093991
0.244823926448222
-0.207911690817729
-0.618016438763811
-0.901401145451667
-0.999959716170870
-0.893483390499339
-0.603804410325503
-0.190319468062059
0.262189178640848
0.660937728603806
0.924165520566696
0.997899497235826
0.867021011307350
0.558365800629678
0.135221503812987
-0.315649036947072
-0.701797902883984
-0.944047911718845
-0.992727357023037
-0.837854851683763
-0.511185943022078
-0.079701855139663
0.368124552684662
0.740469540309768
0.960986316235228
0.984459424705049
0.806075865470069
0.462411966550399
0.023933658491775
-0.419452082446148
-0.776832044476764
-0.974927912181819
-0.973121483594293
-0.771783154533428
-0.412195971476893
0.031909174591294
0.469471562785875
0.810772019947076
0.985829223087083
0.958748890738523
0.735083659720185
0.360694554957821
-0.087652499818443
-0.518027009373103
-0.842183625869907
-0.993656253522177
-0.941386466660909
-0.696091827364009
-0.308068322699867
0.143122483211108
0.564967003424923
0.870968906043112
0.998384595114688
0.921088355588466
0.654929252388099
0.254481388115583
-0.198146143199372
-0.610145163901242
-0.897038094386964
-0.999999502665477
-0.897917856604823
-0.611724299115027
-0.200100860540590
0.252551890060307
0.653420603990092
0.920309894877012
0.998495940131152
0.871947226253879
0.566611700966068
0.145096324107626
-0.306170061015433
-0.694658370458974
-0.940711735063532
-0.993878596328828
-0.843257453209726
-0.519732140299022
-0.089639308903467
0.358833449319506
0.733729864502864
0.958179992386559
0.986161870314190
0.811938005715877
0.471231809694092
0.033902756056990
-0.410377825689787
-0.770513242775768
-0.972660192581117
-0.975369826478430
-0.778086552580964
-0.421261956056656
0.021939521572605
0.460642450450622
0.804893797355903
