0.000000000000000
0.643551289750789
-0.985152163089198
0.864525533178360
-0.338268693368590
-0.346701794364209
0.869001873620735
-0.983571470813385
0.636655216119316
0.008975858481001
-0.650395513961879
0.986653483962205
-0.859979539938273
0.329808338856486
0.355106962408140
-0.873408200617131
0.981911534487438
-0.629707848667963
-0.017950993798104
0.657187337329467
-0.988075312474496
0.855364260160501
-0.321321412458842
-0.363483520315684
0.877744159160099
-0.980172487848542
0.622709747129858
0.026924682845669
-0.663926212652246
0.989417534072679
-0.850680065687334
0.312808597947454
0.371830793207174
-0.882009399911617
0.978354471007610
-0.615661475325648
-0.035896202634596
0.670611596994822
-0.990680040617103
0.845927333913344
-0.304270581179840
-0.380148108562395
0.886203579231222
-0.976457630438002
0.608563601118090
0.044864830350535
-0.677242951731427
0.991862730390572
-0.841106447755012
0.295708050044038
0.388434796274703
-0.890326359203703
0.974482118963726
-0.601416696366301
-0.053829843412141
0.683819742589330
-0.992965508106538
0.836217795619832
-0.287121694403101
-0.396690188705104
0.894377407666344
-0.972428095747107
0.594221336879638
0.062790519529333
-0.690341439691911
0.993988284916787
-0.831261771375064
0.278512206039612
0.404913620735946
-0.898356398235650
0.970295726275989
-0.586978102371375
-0.071746136761406
0.696807517601299
-0.994930978418584
0.826238774315978
-0.269880278599886
-0.413104429824569
0.902263010333670
-0.968085182350388
0.579687576411955
0.080695973575251
-0.703217455360736
0.995793512661322
-0.821149209133683
0.261226607538103
0.421261956056665
-0.906096929213814
0.965796642068651
-0.572350346381982
-0.089639308903474
0.709570736536549
-0.996575818152636
0.815993485882528
-0.252551890060276
-0.429385542199449
0.909857845986205
-0.963430289813117
0.564967003424922
0.098575422202462
-0.715866849259732
0.997277831864003
-0.810772019947078
0.243856825068105
0.437474533754582
-0.913545457642610
0.960986316235230
-0.557538142399380
-0.107503593510551
0.722105286267265
-0.997899497235827
0.805485232008583
-0.235142113102562
-0.445528279011008
0.917159467080780
-0.958464918240226
0.550064361831315
0.116423103505855
-0.728285544942867
0.998440764181982
-0.800133548011184
0.226408456287607
0.453546129097308
-0.920699583128438
0.955866298971237
-0.542546263865726
-0.125333233564344
0.734407127357571
-0.998901589093857
0.794717399127529
-0.217656558273520
-0.461527438034073
0.924165520566724
-0.953190667792932
0.534984454218161
0.134233265817702
-0.740469540309815
0.999281934843869
-0.789237221724049
0.208887124180229
0.469471562785935
-0.927557000153176
0.950438240274650
-0.527379542125915
-0.143122483211172
0.746472295365186
-0.999581770788451
0.783693457325804
-0.200100860540502
-0.477377863313364
0.930873748644225
-0.947609238173031
0.519732140298947
0.152000169561327
-0.752414908895764
0.999801072770524
-0.778086552580911
0.191298475243025
0.485245702624242
-0.934115498817211
0.944703889414148
-0.512042864870514
-0.160865609613765
0.758296902119094
-0.999939823121439
0.772416959224555
-0.182480677475370
-0.493074446825180
0.937281989491916
-0.941722428075148
0.504312335347530
0.169718089100742
-0.764117801136757
0.999998010662407
-0.766685134042595
0.173648177666854
0.500863465172590
-0.940372965551599
0.938665094365389
-0.496541174560657
-0.178556894798716
0.769877136972548
-0.999975630705393
0.760891538834763
-0.164801687431302
-0.508612130123504
0.943388177963560
-0.935532134607088
0.488730008614121
0.187381314585811
-0.775574445610267
0.999872685053498
-0.755036640377498
0.155941919509773
0.516319817386084
-0.946327383799175
0.932323801215498
-0.480879466835320
-0.196190637499132
0.781209268031064
-0.999689182000814
0.749120910386181
-0.147069587712909
-0.523985905970114
0.949190346253551
-0.929040352678486
0.472990181723923
0.204984153792274
-0.786781150250562
0.999425136331750
-0.743144825477362
0.138185406863762
0.531609778236740
-0.951976834664488
0.925682053535831
-0.465062788901205
-0.213761154992165
0.792289643355222
-0.999080569319847
0.737108867130208
-0.129290092739979
-0.539190819948426
0.954686624531141
-0.922249174357831
0.457097927058642
0.222520933956371
-0.797734303538655
0.998655508726063
-0.731013521647748
0.120384362016187
0.546728420318395
-0.957319497532085
0.918741991723523
-0.449096237906502
-0.231262784930016
0.803114692137341
-0.998149988796534
0.724859280117694
-0.111468932206257
-0.554221972059836
0.959875241542908
-0.915160788198399
0.441058366122141
0.239986003602636
-0.808430375665968
0.997564050259818
-0.718646638372875
0.102544521605491
0.561670871434833
-0.962353650653300
0.911505852311640
-0.432984959298067
-0.248689887164931
0.813680925852363
-0.996897740323610
0.712376096951287
-0.093611849232751
-0.569074518303007
0.964754525183643
-0.907777478532872
0.424876667889761
0.257373734365386
-0.818865919671993
0.996151112670942
-0.706048161055768
0.084671634772534
0.576432316169866
-0.967077671701099
0.903975967248440
-0.416734145163274
-0.266036845566765
0.823984939382048
-0.995324227455855
0.699663340513296
-0.075724598516982
-0.583743672234868
0.969322903035192
-0.900101624737204
0.408558047142596
0.274678522802486
-0.829037572555097
0.994417151298554
-0.693222149733910
0.066771461307856
0.591007997439175
-0.971490038292891
0.896154763145870
-0.400349032556797
-0.283298069832852
0.834023412112318
-0.993429957280042
0.686725107669268
-0.057812944478453
-0.598224706513117
0.973578902873185
-0.892135700463832
0.392107762786959
0.291894792201142
-0.838942056356292
0.992362724936229
-0.680172737770834
0.048849769795496
0.605393218023342
-0.975589328481144
0.888044760497559
-0.383834901812889
-0.300467997289567
0.843793109003372
-0.991215540251525
0.673565567947706
-0.039882659400981
-0.612512954419667
0.977521153141487
-0.883882272844505
0.375531116159622
0.309016994375069
-0.848576179215605
0.989988495651913
-0.666904130524086
0.030912335753993
0.619583342081601
-0.979374221211623
0.879648572866552
-0.367197074843723
-0.317541094684972
0.853290881632225
-0.988681689997505
0.660188962196387
-0.021939521572502
-0.626603811364568
0.981148383394199
-0.875344001662994
0.358833449319385
0.326039611452475
-0.857936836400700
0.987295228574572
-0.653420603989996
0.012964939775134
0.633573796645798
-0.982843496749120
0.870968906043051
-0.350440913424330
-0.334511859971985
0.862513669207332
-0.985829223087063
0.646599601215684
-0.003989313422929
-0.640492736369898
0.984459424705075
-0.866523638497933
0.342020143325523
0.342957157654277
-0.867021011307421
0.984283791647608
-0.639726503425672
-0.004986634338916
0.647360073094098
-0.985996037070531
0.862008557172436
-0.333571817464692
-0.351374824081494
0.871458499554968
-0.982659058767998
0.632801864369353
0.013962180339310
-0.654175253533159
0.987453210044228
-0.857424025836089
0.325096616503666
0.359764181061964
-0.875825776431938
0.980955155349157
-0.625826241948681
-0.022936601439530
0.660937728603953
-0.988830826225153
0.852770413853847
-0.316595223269541
-0.368124552684841
0.880122490077058
-0.979172218670594
0.618800198173218
0.031909174591484
-0.667646953469699
0.990128774621980
-0.848048096156389
0.308068322699770
0.376455265374456
-0.884348294314119
0.977310392379366
-0.611724299114949
-0.040879176895850
0.674302387583777
-0.991346950662079
0.843257453209675
-0.299516601786547
-0.384755647945006
0.888502848680078
-0.975369826478409
0.604599114862312
0.049845885660776
-0.680903494733614
0.992485256199842
-0.838398870984646
0.290940749522109
0.393025031654000
-0.892585818452162
0.973350677314598
-0.597425219474805
-0.058808578459421
0.687449743083380
-0.993543599524658
0.833472740925897
-0.282341456842791
-0.401262750256556
0.896596874675060
-0.971253107566051
0.590203190936381
0.067766533188613
-0.693940605217177
0.994521895368282
-0.828479459920189
0.273719416573465
0.409468140058978
-0.900535694187364
0.969077286229053
-0.582933611108967
-0.076719028126918
0.700375558181441
-0.995420064911711
0.823419430264481
-0.265075323371727
-0.417640539972225
0.904401959647609
-0.966823388604432
0.575617065685586
0.085665341992783
-0.706754083527081
0.996238035791526
-0.818293059633512
0.256409873671922
0.425779291565172
-0.908195359559842
0.964491596283441
-0.568254144143170
-0.094604754002650
0.713075667351248
-0.996975742105731
0.813100761046959
-0.247723765629041
-0.433883739117663
0.911915588298714
-0.962082097133130
0.560845439695064
0.103536543929027
-0.719339800338735
0.997633124419054
-0.807842952836162
0.239017699062469
0.441953229673338
-0.915562346134108
0.959595085281200
-0.553391549243238
-0.112459992158515
0.725545977803017
-0.998210129767742
0.802520058610414
-0.230292375399602
-0.449987113092238
0.919135339255286
-0.957030761100373
0.545893073330189
0.121374379749788
-0.731693699726909
0.998706711663825
-0.797132507222839
0.221548497619333
0.457984742103190
-0.922634279794557
0.954389331192243
-0.538350616090563
-0.130278988491511
0.737782470802852
-0.999122830098863
0.791680732735836
-0.212786770195421
-0.465945472355953
0.926058885850476
-0.951671008370633
0.530764785202477
0.139173100960212
-0.743811800472818
0.999458451547168
-0.786165174386108
0.204007899039726
0.473868662473132
-0.929408881510554
0.948876011644447
-0.523136191838562
-0.148056000578076
0.749781202967836
-0.999713548968506
0.780586276549277
-0.195212591445339
-0.481753674101854
0.932683996873484
-0.946004566200025
0.515465450616720
0.156926971670682
-0.755690197347126
0.999888101810275
-0.774944488704075
