0.000000000000000
0.947290187621394
0.606979617058047
-0.558365800629661
-0.964754525183621
-0.059804153945035
0.926434797042886
0.653420603990106
-0.507753179550751
-0.978765291933711
-0.119394224540246
0.902263010333655
0.697522514745704
-0.455322933869009
-0.989272332962988
-0.178556894798641
0.874861356216684
0.739127475930345
-0.401262750256470
-0.996238035791517
-0.237080377715501
0.844327925502011
0.778086552580955
-0.345766150139927
-0.999637465011020
-0.294755174410910
0.810772019947085
0.814260281314381
-0.289031796944463
-0.999458451547163
-0.351374824081350
0.774313760984850
0.847519169570129
-0.231262784929941
-0.995701636221687
-0.406736643075810
0.735083659720171
0.877744159160102
-0.172665912166272
-0.988380467458428
-0.460642450450638
0.693222149733977
0.904827052466024
-0.113450940249970
-0.977521153141458
-0.512899277405914
0.648879084367472
0.928670899758830
-0.053829843412116
-0.963162566797653
-0.563320058063631
0.602213200286069
0.949190346253543
0.005983950294400
-0.945356108439564
-0.611724299115012
0.553391549243329
0.966311937657227
0.065776323011902
-0.924165520566699
-0.657938725939725
0.502588900079039
0.979974383116321
0.125333233564324
-0.899666659983944
-0.701797902884000
0.449987113092100
0.990128774621974
0.184441483668992
-0.871947226253856
-0.743144825477408
0.395774489027921
0.996738762088015
0.242889481131246
-0.841106447755005
-0.781831482468040
0.340145095010541
0.999780683474845
0.300467997289471
-0.807254726470157
-0.817719385664438
0.283298069832726
0.999243649493385
0.356970915999504
-0.770513242775771
-0.850680065687351
0.225436911090822
0.995129582585909
0.412195971476886
-0.731013521647774
-0.880595531856746
0.166768746716073
0.987453210044198
0.465945472355843
-0.688896961836217
-0.907358694567876
0.107503593510500
0.976242011289664
0.518027009373156
-0.644314329694473
-0.930873748644212
0.047853605341155
0.961536119504139
0.568254144143273
-0.597425219474844
-0.951056516295163
-0.011967686315617
0.943388177963523
0.616447076559487
-0.548397482022553
-0.967834748450669
-0.071746136761419
0.921863151588486
0.662433288431499
-0.497406623913197
-0.981148383394176
-0.131267754658253
0.897038094386960
0.706048161055861
-0.444635179184893
-0.990949761767938
-0.190319468062078
0.869001873620721
0.747135564508164
-0.390272055913733
-0.997203797181182
-0.248689887164893
0.837854851683729
0.785548416547728
-0.334511859971818
-0.999888101810273
-0.306170061015478
0.803708526830760
0.821149209133727
-0.277554198388896
-0.998993066541312
-0.362554225509645
0.766685134042626
0.853810500668359
-0.219602964810901
-0.994521895368268
-0.417640539972168
0.726917207456588
0.883415372204722
-0.160865609613669
-0.986490593923516
-0.471231809694124
0.684547105928654
0.909857845986216
-0.101552397284324
-0.974927912181815
-0.523136191838720
0.639726503425771
0.933043264819462
-0.041875653729150
-0.959875241542875
-0.573167882188956
0.592615846072322
0.952888630922467
0.017950993798128
-0.941386466660893
-0.621147780278350
0.543383777794765
0.969322903035178
0.077713381426556
-0.919527772551435
-0.666904130524207
0.492206536620092
0.982287250728698
0.137197575318857
-0.894377407666315
-0.710273137068086
0.439267323789349
0.991735265002987
0.196190637499126
-0.866025403784410
-0.751099550122333
0.384755647944891
0.997633124419049
0.254481388115604
-0.834573253721281
-0.789237221724099
0.328866646738528
0.999959716170871
0.311861161409576
-0.800133548011177
-0.824549628907164
0.271800388289428
0.998706711663817
0.368124552684734
-0.762829571862229
-0.856910362418616
0.213761154992066
0.993878596328821
0.423070153602633
-0.722794863827365
-0.886203579231243
0.154956712238435
0.985492653565716
0.476501273172372
-0.680172737770884
-0.912324417231471
0.095597564671781
0.973578902873145
0.528226641853136
-0.635115769842134
-0.935179370598560
0.035896202634504
0.958179992386544
0.578061096249614
-0.587785252292418
-0.954686624531143
-0.023933658491810
0.939351046208904
0.625826241948855
-0.538350616090641
-0.970776348122928
-0.083677843332356
0.917159467080753
0.671351092126028
-0.486988824404341
-0.983390944339342
-0.143122483211198
0.891684695095843
0.714472679632853
-0.433883739117497
-0.992485256199840
-0.202054781745447
0.863017923326321
0.755036640377554
-0.379225462652883
-0.998026728428273
-0.260263776601432
0.831261771375056
0.792897765908495
-0.323209657454377
-0.999995523992272
-0.317541094684920
0.796529918024150
0.827920523222612
-0.266036845566609
-0.998384595114686
-0.373681698062558
0.758946694294517
0.859979539938302
-0.207911690817710
-0.993199708502806
-0.428484617944789
0.718646638372900
0.888960053096234
-0.149042266176087
-0.984459424705033
-0.481753674101785
0.675774014000161
0.914758319980721
-0.089639308903364
-0.972195031668964
-0.533298177137613
0.630482294044668
0.937281989491910
-0.029915466169348
-0.956450432738617
-0.582933611109083
0.582933611109016
0.956450432738657
0.029915466169487
-0.937281989491861
-0.630482294044776
0.533298177137495
0.972195031668996
0.089639308903503
-0.914758319980665
-0.675774014000263
0.481753674101663
0.984459424705057
0.149042266176225
-0.888960053096171
-0.718646638372957
0.428484617944663
0.993199708502823
0.207911690817847
-0.859979539938231
-0.758946694294608
0.373681698062429
0.998384595114694
0.266036845566743
-0.827920523222534
-0.796529918024234
0.317541094684788
0.999995523992272
0.323209657454509
-0.792897765908445
-0.831261771375133
0.260263776601298
0.998026728428265
0.379225462653011
-0.755036640377463
-0.863017923326391
0.202054781745311
0.992485256199823
0.433883739117622
-0.714472679632755
-0.891684695095906
0.143122483211060
0.983390944339316
0.486988824404413
-0.671351092125925
-0.917159467080808
0.083677843332217
0.970776348122894
0.538350616090758
-0.625826241948746
-0.939351046208951
0.023933658491671
0.954686624531101
0.587785252292531
-0.578061096249501
-0.958179992386584
-0.035896202634643
0.935179370598531
0.635115769842219
-0.528226641852993
-0.973578902873183
-0.095597564671919
0.912324417231414
0.680172737770986
-0.476501273172250
-0.985492653565740
-0.154956712238572
0.886203579231178
0.722794863827441
-0.423070153602533
-0.993878596328833
-0.213761154992174
0.856910362418559
0.762829571862337
-0.368124552684578
-0.998706711663824
-0.271800388289562
0.824549628907086
0.800133548011261
-0.311861161409443
-0.999959716170869
-0.328866646738659
0.789237221724031
0.834573253721342
-0.254481388115497
-0.997633124419041
-0.384755647944993
0.751099550122223
0.866025403784494
-0.196190637498989
-0.991735265002969
-0.439267323789474
0.710273137067988
0.894377407666378
-0.137197575318719
-0.982287250728672
-0.492206536620188
0.666904130524125
0.919527772551479
-0.077713381426446
-0.969322903035151
-0.543383777794906
0.621147780278219
0.941386466660940
-0.017950993797989
-0.952888630922425
-0.592615846072434
0.573167882188842
0.959875241542914
0.041875653729290
-0.933043264819412
-0.639726503425856
0.523136191838626
0.974927912181839
0.101552397284434
-0.909857845986147
-0.684547105928776
0.471231809693977
0.986490593923539
0.160865609613806
-0.883415372204657
-0.726917207456683
0.417640539972041
0.994521895368282
0.219602964811036
-0.853810500668301
-0.766685134042697
0.362554225509541
0.998993066541317
0.277554198389002
-0.821149209133632
-0.803708526830860
0.306170061015345
0.999888101810271
0.334511859971949
-0.785548416547642
-0.837854851683804
0.248689887164759
0.997203797181172
0.390272055913835
-0.747135564508091
-0.869001873620776
0.190319468061970
0.990949761767923
0.444635179185043
-0.706048161055742
-0.897038094387022
0.131267754658115
0.981148383394149
0.497406623913318
-0.662433288431437
-0.921863151588562
0.071746136761223
0.967834748450627
0.548397482022693
-0.616447076559355
-0.943388177963578
0.011967686315449
0.951056516295111
0.597425219474978
-0.568254144143159
-0.961536119504182
-0.047853605341294
0.930873748644161
0.644314329694579
-0.518027009373037
-0.976242011289691
-0.107503593510625
0.907358694567823
0.688896961836297
-0.465945472355746
-0.987453210044215
-0.166768746716183
0.880595531856700
0.731013521647840
-0.412195971476798
-0.995129582585917
-0.225436911090902
0.850680065687307
0.770513242775896
-0.356970915999334
-0.999243649493392
-0.283298069832901
0.817719385664342
0.807254726470256
-0.300467997289312
-0.999780683474842
-0.340145095010685
0.781831482467945
0.841106447755088
-0.242889481131097
-0.996738762088004
-0.395774489028049
0.743144825477315
0.871947226253917
-0.184441483668869
-0.990128774621956
-0.449987113092212
0.701797902883921
0.899666659983992
-0.125333233564214
-0.979974383116302
-0.502588900079122
0.657938725939652
0.924165520566736
-0.065776323011820
-0.966311937657205
-0.553391549243397
0.611724299114868
0.945356108439624
-0.005983950294218
-0.949190346253486
-0.602213200286209
0.563320058063493
0.963162566797698
0.053829843412276
-0.928670899758773
-0.648879084367589
0.512899277405788
0.977521153141489
0.113450940250108
-0.904827052465965
-0.693222149734072
0.460642450450527
0.988380467458447
0.172665912166388
-0.877744159160045
-0.735083659720246
0.406736643075709
0.995701636221696
0.231262784930042
-0.847519169570078
-0.774313760984906
0.351374824081267
0.999458451547166
0.289031796944542
-0.814260281314271
-0.810772019947195
0.294755174410736
0.999637465011015
0.345766150140091
-0.778086552580847
-0.844327925502100
0.237080377715345
0.996238035791504
0.401262750256611
-0.739127475930245
-0.874861356216755
0.178556894798500
0.989272332962968
