0.000000000000000
0.992667202067973
0.239986003602565
-0.934648480581910
-0.465945472355824
0.822002075447909
0.664671684553424
-0.661311865323652
-0.824549628907139
0.461969759730590
0.936234870639736
-0.235626767265317
-0.993199708502812
-0.004487974438924
0.992114701314477
0.244340406137892
-0.933043264819444
-0.469911799899903
0.819437965209732
0.668018115955499
-0.657938725939714
-0.827080574274560
0.457984742103069
0.937802403039826
-0.231262784929955
-0.993712209893242
-0.008975858480995
0.991542217370805
0.248689887164851
-0.931419255684617
-0.473868662472995
0.816857349838960
0.671351092126000
-0.654552334343435
-0.829594860571828
0.453990499739553
0.939351046208921
-0.226894144495877
-0.994204695916450
-0.013463561731177
0.990949761767934
0.253034359076130
-0.929776485888252
-0.477815980375907
0.814260281314381
0.674670545932072
-0.651152758743582
-0.832092437156148
0.449987113092126
0.940880768954224
-0.222520933956313
-0.994677156652776
-0.017950993798091
0.990337346439118
0.257373734365289
-0.928114988519042
-0.481753674101709
0.811646811946196
0.677976410513220
-0.647740067614441
-0.834573253721298
0.445974662797071
0.942391540464029
-0.218143241396553
-0.995129582585910
-0.022438064295801
0.989704983719634
0.261707925628589
-0.926434797042890
-0.485681664337304
0.809016994374956
0.681268619282657
-0.644314329694500
-0.837037260298627
0.441953229673228
0.943883330308362
-0.213761154992123
-0.995561964603078
-0.026924682845646
0.989052686346545
0.266036845566666
-0.924735945302242
-0.489599871965049
0.806370881570470
0.684547105928681
-0.640875613985029
-0.839484407258067
0.437922894720378
0.945356108439564
-0.209374763007105
-0.995974293995238
-0.031410759078114
0.988380467458434
0.270360406986345
-0.923018467515404
-0.493508218064346
0.803708526830795
0.687811804415941
-0.637423989748693
-0.841914645309161
0.433883739117556
0.946809845192914
-0.204984153792249
-0.996366562457242
-0.035896202634570
0.987688340595140
0.274678522802384
-0.921282398275828
-0.497406623913198
0.801029983781121
0.691062648986849
-0.633959526508163
-0.844327925502007
0.429835844221561
0.948244511287223
-0.200589415783290
-0.996738762088014
-0.040380923169138
0.986976319697498
0.278991106039225
-0.919527772551455
-0.501295010989902
0.798335306372705
0.694299574162832
-0.630482294044736
-0.846724199228277
0.425779291565092
0.949660077825424
-0.196190637499110
-0.997090885390700
-0.044864830350506
0.986244419107043
0.283298069832747
-0.917754625683985
-0.505173300974480
0.795624548881784
0.697522514745690
-0.626992362396839
-0.849103418222188
0.421714162855326
0.951056516295143
-0.191787907539973
-0.997422925272831
-0.049347833863744
0.985492653565729
0.287599327431990
-0.915962993388170
-0.509041415750352
0.792897765908477
0.700731405818903
-0.623489801858753
-0.851465534561471
0.417640539972147
0.952433798569313
-0.187381314585736
-0.997734875046454
-0.053829843412095
0.984721038215628
0.291894792201008
-0.914152911751096
-0.512899277405889
0.790155012375708
0.703926182748935
-0.619974682979108
-0.853810500668343
0.413558504966535
0.953791896906683
-0.182970947394064
-0.998026728428269
-0.058310768718908
0.983929588598631
0.296184377620454
-0.912324417231468
-0.516746808235979
0.787396343528029
0.707106781186539
-0.616447076559486
-0.856138269310444
0.409468140058929
0.955130783952423
-0.178556894798644
-0.998298479539763
-0.062790519529284
0.983118320656133
0.300467997289403
-0.910477546658817
-0.520583930743595
0.784621814930607
0.710273137068030
-0.612907053653014
-0.858448793601864
0.405369527637447
0.956450432738624
-0.174139245707422
-0.998550122907317
-0.067269005612041
0.982287250728689
0.304745564927201
-0.908612337232887
-0.524410567641330
0.781831482468026
0.713425186616678
-0.609354685562821
-0.860742027003928
0.401262750256509
0.957750816684915
-0.169718089100672
-0.998781653462333
-0.071746136761354
0.981436395555746
0.309016994374903
-0.906728826522707
-0.528226641853074
0.779025402343260
0.716562866343769
-0.605790043840854
-0.863017923326322
0.397147890634788
0.959031909598959
-0.165293514029514
-0.998993066541312
-0.076221822798834
0.980565772275220
0.313282199597417
-0.904827052466030
-0.532032076515304
0.776203631076383
0.719686113050188
-0.602213200286092
-0.865276436727933
0.393025031653955
0.960293685676929
-0.160865609613698
-0.999184357885973
-0.080695973575196
0.979675398423241
0.317541094684803
-0.902907053368394
-0.535826794978990
0.773366225503522
0.722794863827371
-0.598624226943466
-0.867517521717691
0.388894256356599
0.961536119504144
-0.156434465040257
-0.999355523643319
-0.085168498971912
0.978765291933722
0.321793593854437
-0.900968867902428
-0.539610720810755
0.770513242775817
0.725889056058849
-0.595023196102044
-0.869741133155685
0.384755647944964
0.962759186055449
-0.152000169561319
-0.999506560365730
-0.089639308903416
0.977835471138032
0.326039611452305
-0.899012535107143
-0.543383777794802
0.767644740358020
0.728968627421394
-0.591410180293937
-0.871947226253839
0.380609289778917
0.963962860695849
-0.147562812492479
-0.999637465011019
-0.094108313318471
0.976885954764658
0.330279061955159
-0.897038094386976
-0.547145889934060
0.764760776027624
0.732033515886149
-0.587785252292523
-0.874135756577047
0.376455265374417
0.965147119180881
-0.143122483211167
-0.999748234942504
-0.098575422202430
0.975916761938752
0.334511859971812
-0.895045585511194
-0.550896981452055
0.761861407873412
0.735083659720162
-0.584148485111112
-0.876306680043842
0.372293658401994
0.966311937657221
-0.138679271154454
-0.999838867929057
-0.103040545578603
0.974927912181834
0.338737920245233
-0.893035048612891
-0.554636976794288
0.758946694294579
0.738118997487308
-0.580499952001620
-0.878459952927503
0.368124552684699
0.967457292663047
-0.134233265817700
-0.999909362145143
-0.107503593510459
0.973919425411307
0.342957157654102
-0.891006524188386
-0.558365800629618
0.756016693999293
0.741139468049842
-0.576839726452767
-0.880595531856719
0.363948032196830
0.968583161128615
-0.129784556752303
-0.999959716170870
-0.111964476103272
0.972891321940155
0.347169487214364
-0.888960053096198
-0.562083377852112
0.753071466003632
0.744145010569323
-0.573167882188966
-0.882713373816651
0.359764181061824
0.969689520376679
-0.125333233564344
-0.999989928992004
-0.116423103505761
0.971843622476426
0.351374824081317
-0.886895676556432
-0.565789633582174
0.750111069630498
0.747135564508102
-0.569484493168471
-0.884813436149721
0.355573083550984
0.970776348122904
-0.120879385912392
-0.999999999999999
-0.120879385912294
0.970776348122927
0.355573083550892
-0.884813436149767
-0.569484493168390
0.747135564508206
0.750111069630395
-0.565789633582209
-0.886895676556412
0.351374824081357
0.971843622476416
-0.116423103505859
-0.999989928992004
-0.125333233564246
0.969689520376703
0.359764181061732
-0.882713373816725
-0.573167882188839
0.744145010569351
0.753071466003604
-0.562083377852147
-0.888960053096178
0.347169487214457
0.972891321940132
-0.111964476103371
-0.999959716170871
-0.129784556752204
0.968583161128654
0.363948032196791
-0.880595531856739
-0.576839726452733
0.741139468049871
0.756016693999229
-0.558365800629701
-0.891006524188341
0.342957157654195
0.973919425411285
-0.107503593510614
-0.999909362145145
-0.134233265817658
0.967457292663058
0.368124552684660
-0.878459952927523
-0.580499952001540
0.738118997487375
0.758946694294514
-0.554636976794370
-0.893035048612847
0.338737920245380
0.974927912181825
-0.103040545578645
-0.999838867929057
-0.138679271154412
0.966311937657232
0.372293658401903
-0.876306680043890
-0.584148485111032
0.735083659720229
0.761861407873348
-0.550896981452185
-0.895045585511175
0.334511859971852
0.975916761938742
-0.098575422202472
-0.999748234942506
-0.143122483211069
0.965147119180907
0.376455265374325
-0.874135756577095
-0.587785252292397
0.732033515886255
0.764760776027597
-0.547145889934096
-0.897038094386958
0.330279061955199
0.976885954764637
-0.094108313318569
-0.999637465011022
-0.147562812492382
0.963962860695876
0.380609289778773
-0.871947226253915
-0.591410180293903
0.728968627421422
0.767644740357993
-0.543383777794837
-0.899012535107100
0.326039611452398
0.977835471138011
-0.089639308903515
-0.999506560365733
-0.152000169561165
0.962759186055460
0.384755647944925
-0.869741133155705
-0.595023196102010
0.725889056058918
0.770513242775754
-0.539610720810839
-0.900968867902385
0.321793593854531
0.978765291933690
-0.085168498972067
-0.999355523643321
-0.156434465040215
0.961536119504155
0.388894256356560
-0.867517521717741
-0.598624226943387
0.722794863827439
0.773366225503459
-0.535826794979073
-0.902907053368328
0.317541094684843
0.979675398423232
-0.080695973575238
-0.999184357885975
-0.160865609613656
0.960293685676957
0.393025031653864
-0.865276436727982
-0.602213200286013
0.719686113050256
0.776203631076285
-0.532032076515340
-0.904827052466012
0.313282199597457
0.980565772275212
-0.076221822798932
-0.998993066541316
-0.165293514029417
0.959031909598987
0.397147890634697
-0.863017923326401
-0.605790043840730
0.716562866343798
0.779025402343233
-0.528226641853110
-0.906728826522690
0.309016994374997
0.981436395555727
-0.071746136761453
-0.998781653462338
-0.169718089100575
0.957750816684960
0.401262750256367
-0.860742027003950
-0.609354685562788
0.713425186616707
0.781831482468000
-0.524410567641414
-0.908612337232845
0.304745564927295
0.982287250728671
-0.067269005612140
-0.998550122907326
-0.174139245707380
0.956450432738636
0.405369527637409
-0.858448793601886
-0.612907053652935
0.710273137068100
0.784621814930546
-0.520583930743679
-0.910477546658776
0.300467997289552
0.983118320656104
-0.062790519529326
-0.998298479539765
-0.178556894798602
0.955130783952436
0.409468140058839
-0.856138269310495
-0.616447076559408
0.707106781186609
0.787396343527950
-0.516746808236088
-0.912324417231451
0.296184377620494
0.983929588598624
-0.058310768718978
-0.998026728428274
-0.182970947393994
0.953791896906713
0.413558504966445
-0.853810500668395
-0.619974682979008
0.703926182749026
0.790155012375682
-0.512899277405925
-0.914152911751079
0.291894792201075
0.984721038215616
-0.053829843412194
-0.997734875046460
-0.187381314585639
0.952433798569352
0.417640539972032
-0.851465534561538
-0.623489801858720
0.700731405818933
0.792897765908451
-0.509041415750413
-0.915962993388142
0.287599327432085
0.985492653565712
-0.049347833863843
-0.997422925272840
-0.191787907539848
0.951056516295191
0.421714162855287
-0.849103418222210
-0.626992362396784
0.697522514745740
0.795624548881741
-0.505173300974566
-0.917754625683946
0.283298069832842
0.986244419107022
-0.044864830350634
-0.997090885390703
-0.196190637499069
0.949660077825437
0.425779291565029
-0.846724199228315
-0.630482294044659
0.694299574162903
0.798335306372646
-0.501295010990013
-0.919527772551405
0.278991106039348
0.986976319697491
-0.040380923169180
-0.996738762088017
-0.200589415783221
0.948244511287246
0.429835844221471
-0.844327925502060
-0.633959526508087
0.691062648986941
0.801029983781045
-0.497406623913234
-0.921282398275812
0.274678522802425
0.987688340595129
-0.035896202634640
-0.996366562457248
-0.204984153792152
0.946809845192946
0.433883739117467
-0.841914645309230
-0.637423989748594
0.687811804415972
0.803708526830770
-0.493508218064382
-0.923018467515376
0.270360406986413
0.988380467458419
-0.031410759078213
-0.995974293995247
-0.209374763006981
0.945356108439606
0.437922894720251
-0.839484407258090
-0.640875613984996
0.684547105928722
0.806370881570429
-0.489599871965111
-0.924735945302210
0.266036845566761
0.989052686346529
-0.026924682845774
-0.995561964603090
-0.213761154991985
0.943883330308376
0.441953229673190
-0.837037260298657
-0.644314329694446
0.681268619282719
0.809016994374898
-0.485681664337390
-0.926434797042847
0.261707925628711
0.989704983719616
-0.022438064295829
-0.995129582585914
-0.218143241396498
0.942391540464053
0.445974662797008
-0.834573253721344
-0.647740067614366
0.677976410513293
0.811646811946130
-0.481753674101821
-0.928114988518989
0.257373734365330
0.990337346439112
-0.017950993798147
-0.994677156652784
-0.222520933956244
0.940880768954253
0.449987113092037
-0.832092437156211
-0.651152758743486
0.674670545932166
0.814260281314365
-0.477815980375944
-0.929776485888234
0.253034359076185
0.990949761767925
-0.013463561731262
-0.994204695916460
-0.226894144495781
0.939351046208960
0.453990499739440
-0.829594860571903
-0.654552334343414
0.671351092126032
0.816857349838927
-0.473868662473051
-0.931419255684592
0.248689887164933
0.991542217370792
-0.008975858481101
-0.993712209893254
-0.231262784929831
0.937802403039875
0.457984742103038
-0.827080574274585
-0.657938725939671
0.668018115955549
0.819437965209688
-0.469911799899981
-0.933043264819408
0.244340406137998
0.992114701314462
-0.004487974439055
-0.993199708502828
-0.235626767265280
0.936234870639753
0.461969759730537
-0.824549628907179
-0.661311865323591
0.664671684553493
0.822002075447851
-0.465945472355924
-0.934648480581866
0.239986003602696
0.992667202067969
-0.000000000000042
-0.992667202067979
-0.239986003602504
0.934648480581937
0.465945472355749
-0.822002075447964
-0.664671684553345
0.661311865323739
0.824549628907067
-0.461969759730713
-0.936234870639684
0.235626767265472
0.993199708502792
0.004487974438743
-0.992114701314501
-0.244340406137917
0.933043264819439
0.469911799899907
-0.819437965209736
-0.668018115955486
0.657938725939735
0.827080574274538
-0.457984742103113
-0.937802403039806
0.231262784930023
0.993712209893232
0.008975858480903
-0.991542217370817
-0.248689887164742
0.931419255684664
0.473868662472877
-0.816857349839041
-0.671351092125885
0.654552334343564
0.829594860571729
-0.453990499739717
-0.939351046208853
0.226894144495863
0.994204695916451
0.013463561731178
-0.990949761767936
-0.253034359076103
0.929776485888265
0.477815980375870
-0.814260281314414
-0.674670545932020
0.651152758743636
0.832092437156101
-0.449987113092214
-0.940880768954185
0.222520933956437
0.994677156652763
0.017950993797949
-0.990337346439139
-0.257373734365138
0.928114988519105
0.481753674101547
-0.811646811946312
-0.677976410513231
0.647740067614430
0.834573253721298
-0.445974662797084
-0.942391540464024
0.218143241396581
0.995129582585905
0.022438064295744
-0.989704983719644
-0.261707925628520
0.926434797042922
0.485681664337217
-0.809016994375014
-0.681268619282574
0.644314329694598
0.837037260298549
-0.441953229673368
-0.943883330308311
0.213761154992289
0.995561964603061
0.026924682845462
-0.989052686346541
-0.266036845566680
0.924735945302242
0.489599871965037
-0.806370881570479
-0.684547105928660
0.640875613985061
0.839484407258044
-0.437922894720429
-0.945356108439541
0.209374763007174
0.995974293995229
0.031410759078015
-0.988380467458449
-0.270360406986223
0.923018467515452
0.493508218064210
-0.803708526830888
-0.687811804415828
0.637423989748835
0.841914645309061
-0.433883739117543
-0.946809845192919
0.204984153792235
0.996366562457241
0.035896202634556
-0.987688340595143
-0.274678522802344
0.921282398275844
0.497406623913161
-0.801029983781163
-0.691062648986798
0.633959526508240
0.844327925501954
-0.429835844221650
-0.948244511287183
0.200589415783415
0.996738762088001
0.040380923168982
-0.986976319697523
-0.278991106039048
0.919527772551528
0.501295010989743
-0.798335306372696
-0.694299574162842
0.630482294044724
0.846724199228270
-0.425779291565105
-0.949660077825410
0.196190637499152
0.997090885390696
0.044864830350436
-0.986244419107055
-0.283298069832653
0.917754625684025
0.505173300974395
-0.795624548881861
-0.697522514745599
0.626992362396938
0.849103418222105
-0.421714162855467
-0.951056516295095
0.191787907540154
0.997422925272818
0.049347833863759
-0.985492653565726
-0.287599327432004
0.915962993388175
0.509041415750341
-0.792897765908502
-0.700731405818873
0.623489801858786
0.851465534561434
-0.417640539972212
-0.952433798569291
0.187381314585833
0.997734875046447
0.053829843411996
-0.984721038215651
-0.291894792200886
0.914152911751159
0.512899277405755
-0.790155012375804
-0.703926182748804
0.619974682979253
0.853810500668233
-0.413558504966522
-0.953791896906687
0.182970947394077
0.998026728428268
0.058310768718894
-0.983929588598639
-0.296184377620414
0.912324417231485
0.516746808235919
-0.787396343528072
-0.707106781186469
0.616447076559564
0.856138269310393
-0.409468140059020
-0.955130783952377
0.178556894798797
0.998298479539754
0.062790519529129
-0.983118320656161
-0.300467997289255
0.910477546658905
0.520583930743607
-0.784621814930598
-0.710273137068041
0.612907053653002
0.858448793601843
-0.405369527637486
-0.956450432738612
0.174139245707463
0.998550122907315
0.067269005611942
-0.982287250728708
-0.304745564927107
0.908612337232928
0.524410567641245
-0.781831482468124
-0.713425186616568
0.609354685562945
0.860742027003849
-0.401262750256652
-0.957750816684870
0.169718089100882
0.998781653462334
0.071746136761369
-0.981436395555743
-0.309016994374917
0.906728826522725
0.528226641853038
-0.779025402343286
-0.716562866343739
0.605790043840888
0.863017923326301
-0.397147890634879
-0.959031909598931
0.165293514029612
0.998993066541307
0.076221822798735
-0.980565772275251
-0.313282199597269
0.904827052466097
0.532032076515172
-0.776203631076481
-0.719686113050040
0.602213200286081
0.865276436727940
-0.393025031653942
-0.960293685676933
0.160865609613740
0.999184357885971
0.080695973575154
-0.979675398423249
-0.317541094684763
0.902907053368413
0.535826794978906
-0.773366225503585
-0.722794863827302
0.598624226943546
0.867517521717642
-0.388894256356742
-0.961536119504101
0.156434465040410
0.999355523643313
0.085168498971757
-0.978765291933754
-0.321793593854236
0.900968867902422
0.539610720810768
-0.770513242775808
-0.725889056058860
0.595023196102078
0.869741133155664
-0.384755647945003
-0.962759186055437
0.152000169561361
0.999506560365727
0.089639308903318
-0.977835471138053
-0.326039611452211
0.899012535107187
0.543383777794671
-0.767644740358119
-0.728968627421287
0.591410180294063
0.871947226253762
-0.380609289779061
-0.963962860695793
0.147562812492465
0.999637465011020
0.094108313318485
-0.976885954764655
-0.330279061955119
0.897038094386995
0.547145889934025
-0.764760776027651
-0.732033515886121
0.587785252292557
0.874135756576999
-0.376455265374508
-0.965147119180855
0.143122483211265
0.999748234942502
0.098575422202275
-0.975916761938786
-0.334511859971665
0.895045585511263
0.550896981451925
-0.761861407873550
-0.735083659720017
0.584148485111100
0.876306680043849
-0.372293658401981
-0.966311937657210
0.138679271154496
0.999838867929056
0.103040545578561
-0.974927912181843
-0.338737920245194
0.893035048612936
0.554636976794205
-0.758946694294643
-0.738118997487241
0.580499952001701
0.878459952927429
-0.368124552684844
-0.967457292663008
0.134233265817854
0.999909362145141
0.107503593510304
-0.973919425411356
-0.342957157654116
0.891006524188379
0.558365800629631
-0.756016693999284
-0.741139468049814
0.576839726452801
0.880595531856699
-0.363948032196869
-0.968583161128605
0.129784556752401
