0.000000000000000
0.877026400996766
-0.842720958654038
-0.067269005612041
0.907358694567864
-0.804597779766667
-0.134233265817658
0.933580426497202
-0.762829571862265
-0.200589415783276
0.955572805786140
-0.717605555360809
-0.266036845566679
0.973236201460451
-0.669130606358854
-0.330279061955169
0.986490593923521
-0.617624328489613
-0.393025031653929
0.995275937465126
-0.563320058063619
-0.453990499739550
0.999552432283503
-0.506463806996916
-0.512899277405913
0.999300704788397
-0.447313148315628
-0.569484493168457
0.994521895368272
-0.386136049285737
-0.623489801858736
0.985237653224057
-0.323209657454453
-0.674670545932080
0.971490038292864
-0.258819045102509
-0.722794863827400
0.953341330705957
-0.193255917795551
-0.767644740358013
0.930873748644201
-0.126817292884941
-0.809016994374952
0.904189075869135
-0.059804153945022
-0.846724199228290
0.873408200617122
0.007479912757749
-0.880595531856746
0.838670567945420
0.074730093586431
-0.910477546658819
0.800133548011199
0.141641728415600
-0.936234870639741
0.757971723145443
0.207911690817775
-0.957750816684935
0.712376096951330
0.273239761301926
-0.974927912181825
0.663553229010203
0.337329987382840
-0.987688340595141
0.611724299114994
0.399892024319742
-0.995974293995240
0.557124105270568
0.460642450450650
-0.999748234942506
0.499999999999979
0.519306051163178
-0.998993066541312
0.440610769775870
0.575617065685698
-0.993712209893240
0.379225462652923
0.629320391049853
-0.983929588598627
0.316122169413001
0.680172737770927
-0.969689520376679
0.251586763744494
0.727943732009931
-0.951056516295147
0.185911607162882
0.772416959224612
-0.928114988519035
0.119394224540221
0.813390944581533
-0.900968867902407
0.052335956242930
0.850680065687354
-0.869741133155686
-0.014959407015297
0.884115393504618
-0.834573253721282
-0.082187000421253
0.913545457642604
-0.795624548881764
-0.149042266176188
0.938836932555996
-0.753071466003599
-0.215222333218654
0.959875241542894
-0.707106781186521
-0.280427389306025
0.976565075805978
-0.657938725939692
-0.344362039239048
0.988830826225132
-0.605790043840806
-0.406736643075830
0.996616925885649
-0.550896981452072
-0.467268628273082
0.999888101810273
-0.493508218064323
-0.525683769810516
0.998629534754571
-0.433883739117543
-0.581717432498632
0.992846926341834
-0.372293658401912
-0.635115769842196
0.982566473233285
-0.309016994374895
-0.685636874028464
0.967834748450658
-0.244340406137878
-0.733051871829828
0.948718490388784
-0.178556894798602
-0.777145961456985
0.925304300473992
-0.111964476103254
-0.817719385664455
0.897698250837930
-0.044864830350498
-0.854588336700963
0.866025403784414
0.022438064295840
-0.887585789004564
0.830429245225897
0.089639308903487
-0.916562255869992
0.791071034656323
0.156434465040247
-0.941386466660923
0.748129074605494
0.222520933956349
-0.961945961498711
0.701797902883984
0.287599327432069
-0.978147600733813
0.652287411278099
0.351374824081358
-0.989917986891571
0.599821894687875
0.413558504966552
-0.997203797181181
0.544639035015018
0.473868662473046
-0.999972025061269
0.486988824404342
0.532032076515350
-0.998210129767731
0.427132432717153
0.587785252292501
-0.991926093126562
0.365341024366333
0.640875613985065
-0.981148383394164
0.301894529873875
0.691062648986875
-0.965925826289052
0.237080377715451
0.738118997487363
-0.946327383799156
0.171192192197910
0.781831482468062
-0.922441841766713
0.104528463267625
0.822002075447918
-0.894377407666309
0.037391194276278
0.858448793601883
-0.862261220397951
-0.029915466169464
0.891006524188391
-0.826238774315971
-0.097086602077316
0.919527772551478
-0.786473260103412
-0.163817911415184
0.943883330308378
-0.743144825477379
-0.229807084675083
0.963962860695866
-0.696449759074737
-0.294755174410931
0.979675398423249
-0.646599601215754
-0.358367949545344
0.990949761767938
-0.593820185573484
-0.420357228309625
0.997734875046459
-0.538350616090648
-0.480442183779362
0.999999999999999
-0.480442183779285
-0.538350616090721
0.997734875046453
-0.420357228309546
-0.593820185573554
0.990949761767927
-0.358367949545262
-0.646599601215820
0.979675398423220
-0.294755174410847
-0.696449759074800
0.963962860695843
-0.229807084674943
-0.743144825477437
0.943883330308349
-0.163817911415098
-0.786473260103466
0.919527772551422
-0.097086602077229
-0.826238774316020
0.891006524188352
-0.029915466169321
-0.862261220397995
0.858448793601838
0.037391194276366
-0.894377407666348
0.822002075447868
0.104528463267712
-0.922441841766746
0.781831482468008
0.171192192198051
-0.946327383799184
0.738118997487304
0.237080377715536
-0.965925826289089
0.691062648986812
0.301894529873958
-0.981148383394181
0.640875613984954
0.365341024366414
-0.991926093126573
0.587785252292384
0.427132432717232
-0.998210129767739
0.532032076515324
0.486988824404418
-0.999972025061268
0.473868662472969
0.544639035015091
-0.997203797181179
0.413558504966473
0.599821894687990
-0.989917986891558
0.351374824081276
0.652287411278208
-0.978147600733795
0.287599327431931
0.701797902884005
-0.961945961498687
0.222520933956208
0.748129074605552
-0.941386466660874
0.156434465040217
0.791071034656376
-0.916562255869934
0.089639308903401
0.830429245225946
-0.887585789004550
0.022438064295753
0.866025403784486
-0.854588336700947
-0.044864830350586
0.897698250837993
-0.817719385664404
-0.111964476103397
0.925304300474003
-0.777145961456930
-0.178556894798743
0.948718490388811
-0.733051871829769
-0.244340406137907
0.967834748450680
-0.685636874028359
-0.309016994374978
0.982566473233301
-0.635115769842085
-0.372293658401993
0.992846926341848
-0.581717432498584
-0.433883739117621
0.998629534754579
-0.525683769810466
-0.493508218064424
0.999888101810272
-0.467268628273005
-0.550896981452192
0.996616925885645
-0.406736643075724
-0.605790043840920
0.988830826225119
-0.344362039238939
-0.657938725939736
0.976565075805959
-0.280427389305887
-0.707106781186583
0.959875241542861
-0.215222333218597
-0.753071466003656
0.938836932555946
-0.149042266176130
-0.795624548881834
0.913545457642592
-0.082187000421167
-0.834573253721361
0.884115393504591
-0.014959407015181
-0.869741133155757
0.850680065687309
0.052335956243045
-0.900968867902432
0.813390944581483
0.119394224540364
-0.928114988519057
0.772416959224538
0.185911607162940
-0.951056516295174
0.727943732009832
0.251586763744551
-0.969689520376708
0.680172737770821
0.316122169413084
-0.983929588598648
0.629320391049807
0.379225462653004
-0.993712209893256
0.575617065685626
0.440610769775974
-0.998993066541315
0.519306051163104
0.500000000000103
-0.999748234942504
0.460642450450548
0.557124105270593
-0.995974293995232
0.399892024319636
0.611724299115041
-0.987688340595123
0.337329987382705
0.663553229010258
-0.974927912181799
0.273239761301883
0.712376096951402
-0.957750816684893
0.207911690817704
0.757971723145518
-0.936234870639725
0.141641728415514
0.800133548011277
-0.910477546658794
0.074730093586330
0.838670567945499
-0.880595531856704
0.007479912757620
0.873408200617150
-0.846724199228236
-0.059804153945166
0.904189075869166
-0.809016994374884
-0.126817292884985
0.930873748644233
-0.767644740357930
-0.193255917795608
0.953341330705992
-0.722794863827291
-0.258819045102593
0.971490038292895
-0.674670545932037
-0.323209657454549
0.985237653224082
-0.623489801858679
-0.386136049285850
0.994521895368277
-0.569484493168379
-0.447313148315750
0.999300704788400
-0.512899277405814
-0.506463806996954
0.999552432283500
-0.453990499739435
-0.563320058063668
0.995275937465116
-0.393025031653790
-0.617624328489676
0.986490593923501
-0.330279061955120
-0.669130606358927
0.973236201460419
-0.266036845566609
-0.717605555360890
0.955572805786127
-0.200589415783187
-0.762829571862351
0.933580426497179
-0.134233265817550
-0.804597779766757
0.907358694567830
-0.067269005611915
-0.842720958654068
0.877026400996718
0.000000000000144
-0.877026400996802
0.842720958653974
0.067269005612089
-0.907358694567903
0.804597779766586
0.134233265817723
-0.933580426497241
0.762829571862238
0.200589415783358
-0.955572805786178
0.717605555360768
0.266036845566777
-0.973236201460485
0.669130606358798
0.330279061955285
-0.986490593923530
0.617624328489539
0.393025031654055
-0.995275937465133
0.563320058063524
0.453990499739590
-0.999552432283505
0.506463806996804
0.512899277405964
-0.999300704788393
0.447313148315492
0.569484493168523
-0.994521895368259
0.386136049285689
0.623489801858815
-0.985237653224033
0.323209657454384
0.674670545932166
-0.971490038292853
0.258819045102425
0.722794863827490
-0.953341330705939
0.193255917795437
0.767644740358042
-0.930873748644169
0.126817292884812
0.809016994374986
-0.904189075869091
0.059804153944878
0.846724199228329
-0.873408200617065
-0.007479912757794
0.880595531856787
-0.838670567945342
-0.074730093586504
0.910477546658866
-0.800133548011173
-0.141641728415687
0.936234870639787
-0.757971723145404
-0.207911690817874
0.957750816684976
-0.712376096951279
-0.273239761302051
0.974927912181838
-0.663553229010127
-0.337329987382976
0.987688340595150
-0.611724299114903
-0.399892024319796
0.995974293995247
-0.557124105270448
-0.460642450450703
0.999748234942508
-0.499999999999854
-0.519306051163253
0.998993066541307
-0.440610769775818
-0.575617065685769
0.993712209893236
-0.379225462652843
-0.629320391049943
0.983929588598596
-0.316122169412811
-0.680172737770949
0.969689520376665
-0.251586763744382
-0.727943732010030
0.951056516295085
-0.185911607162880
-0.772416959224649
0.928114988518992
-0.119394224540078
-0.813390944581650
0.900968867902406
-0.052335956242871
