0.000000000000000
0.974705500327469
-0.435680003150667
-0.779962508642706
0.784312557402890
0.429385542199410
-0.976242011289668
0.006981260297959
0.973121483594289
-0.441953229673222
-0.775574445610214
0.788624379875527
0.423070153602599
-0.977730941593508
0.013962180339140
0.971490038292867
-0.448204916018868
-0.771148582173416
0.792897765908468
0.416734145163363
-0.979172218670629
0.020942419883347
0.969811243937547
-0.454434757489230
-0.766685134042650
0.797132507222915
0.410377825689823
-0.980565772275217
0.027921638723558
0.968085182350400
-0.460642450450625
-0.762184318760081
0.801328397423546
0.404001504980008
-0.981911534487436
0.034899496702489
0.966311937657228
-0.466827692348847
-0.757646355689098
0.805485232008588
0.397605493806802
-0.983209439716736
0.041875653729180
0.964491596283475
-0.472990181723953
-0.753071466003623
0.809602808379800
0.391190103902772
-0.984459424705044
0.048849769795600
0.962624246950017
-0.479129618224879
-0.748459872677320
0.813680925852303
0.384755647944952
-0.985661428529857
0.055821504993142
0.960709980668820
-0.485245702624163
-0.743811800472733
0.817719385664421
0.378302439539673
-0.986815392607207
0.062790519529284
0.958748890738528
-0.491338136832494
-0.739127475930362
0.821717990987304
0.371830793207196
-0.987921260694508
0.069756473744102
0.956741072739894
-0.497406623913185
-0.734407127357559
0.825676546934577
0.365341024366433
-0.988978978893314
0.076719028126787
0.954686624531136
-0.503450868096800
-0.729650984817471
0.829594860571808
0.358833449319536
-0.989988495651927
0.083677843332276
0.952585646243151
-0.509470574795343
-0.724859280117768
0.833472740925934
0.352308385236583
-0.990949761767929
0.090632580197733
0.950438240274675
-0.515465450616825
-0.720032246799375
0.837309998994507
0.345766150139968
-0.991862730390563
0.097582899759122
0.948244511287237
-0.521435203379458
-0.715170120125068
0.841106447754997
0.339207062888997
-0.992727357023028
0.104528463267618
0.946004566200092
-0.527379542125914
-0.710273137068081
0.844861902173848
0.332631443164332
-0.993543599524644
0.111468932206282
0.943718514185004
-0.533298177137533
-0.705341536300438
0.848576179215510
0.326039611452372
-0.994311418112897
0.118403968306450
0.941386466660913
-0.539190819948345
-0.700375558181405
0.852249097851359
0.319431889029751
-0.995030775365395
0.125333233564245
0.939008537288545
-0.545057183359277
-0.695375444745749
0.855880479068537
0.312808597947510
-0.995701636221682
0.132256390257084
0.936584841964813
-0.550896981452054
-0.690341439691945
0.859470145878618
0.306170061015511
-0.996323967984944
0.139173100960019
0.934115498817208
-0.556709929603155
-0.685273788370296
0.863017923326307
0.299516601786654
-0.996897740323613
0.146083028562357
0.931600628198031
-0.562495744497687
-0.680172737770979
0.866523638497992
0.292848544541207
-0.997422925272829
0.152985836283976
0.929040352678528
-0.568254144143196
-0.675038536511963
0.869987120529991
0.286166214270847
-0.997899497235821
0.159881187691765
0.926434797042917
-0.573984847883406
-0.669871434827055
0.873408200617104
0.279469936662924
-0.998327432985145
0.166768746716024
0.923784088282302
-0.579687576411949
-0.664671684553462
0.876786712020714
0.272760038084561
-0.998706711663814
0.173648177666844
0.921088355588467
-0.585362051785788
-0.659439539119676
0.880122490076942
0.266036845566749
-0.999037314786323
0.180519145250466
0.918347730347665
-0.591007997439045
-0.654175253533084
0.883415372204671
0.259300686788406
-0.999319226239540
0.187381314585679
0.915562346134080
-0.596625138196296
-0.648879084367538
0.886665197913473
0.252551890060407
-0.999552432283499
0.194234351219919
0.912732338703412
-0.602213200286023
-0.643551289750852
0.889871808811426
0.245790784309585
-0.999736921552069
0.201077921145903
0.909857845986228
-0.607771911353965
-0.638192129352219
0.893035048612840
0.239017699062695
-0.999872685053499
0.207911690817690
0.906939008081249
-0.613301000476386
-0.632801864369556
0.896154763145869
0.232232964430301
-0.999959716170870
0.214735327166986
0.903975967248516
-0.618800198173282
-0.627380757516775
0.899230800360053
0.225436911090907
-0.999998010662407
0.221548497619383
0.900968867902460
-0.624269236421516
-0.621929073010974
0.902263010333628
0.218629870274511
-0.999987566661691
0.228350870110564
0.897917856604859
-0.629707848667880
-0.616447076559521
0.905251245280982
0.211812173746679
-0.999928384677749
0.235142113102490
0.894823082057701
-0.635115769842128
-0.610935035347278
0.908195359559761
0.204984153792320
-0.999820467595026
0.241921895599560
0.891684695095931
-0.640492736369726
-0.605393218023313
0.911095209677987
0.198146143199495
-0.999663820673249
0.248689887164740
0.888502848680075
-0.645838486184953
-0.599821894687985
0.913950654301058
0.191298475243194
-0.999458451547167
0.255445757935668
0.885277697888891
-0.651152758743506
-0.594221336879732
0.916761554258629
0.184441483669090
-0.999204370226183
0.262189178640789
0.882009399911652
-0.656435295035237
-0.588591817561840
0.919527772551405
0.177575502677281
-0.998901589093862
0.268919820615183
0.878698114040592
-0.661685837596781
-0.582933611109140
0.922249174357806
0.170700866905994
-0.998550122907324
0.275637355816909
0.875344001663111
-0.666904130524099
-0.577246993294631
0.924925627040549
0.163817911415220
-0.998149988796547
0.282341456842778
0.871947226253944
-0.672089919484957
-0.571532241275997
0.927557000153105
0.156926971670612
-0.997701206263493
0.289031796944366
0.868507953367019
-0.677242951731317
-0.565789633582281
0.930143165446062
0.150028383526796
-0.997203797181192
0.295708050043934
0.865026350627785
-0.682362976111657
-0.560019450100034
0.932683996873371
0.143122483211226
-0.996657785792661
0.302369890750324
0.861502587724591
-0.687449743083212
-0.554221972059859
0.935179370598494
0.136209607307739
-0.996063198709714
0.309016994374820
0.857936836400671
-0.692503004724137
-0.548397482022656
0.937629165000435
0.129290092740156
-0.995420064911708
0.315649036946967
0.854329270445713
-0.697522514745587
-0.542546263865854
0.940033260679671
0.122364276755853
-0.994728415744067
0.322265695230369
0.850680065687393
-0.702508028503726
-0.536668602769569
0.942391540464009
0.115432496909332
-0.993988284916794
0.328866646738434
0.846989399982801
-0.707459303011646
-0.530764785202712
0.944703889414143
0.108495091045762
-0.993199708502823
0.335451569750098
0.843257453209778
-0.712376096951215
-0.524835098909021
0.946970194829485
0.101552397284518
-0.992362724936256
0.342020143325505
0.839484407258145
-0.717258170684909
-0.518879832893041
0.949190346253507
0.094604754002700
-0.991477375010491
0.348572047321644
0.835670446020838
-0.722105286267186
-0.512899277406037
0.951364235479160
0.087652499818639
-0.990543701876233
0.355106962407959
0.831815755384947
-0.726917207456548
-0.506893723931845
0.953491756554151
0.080695973575396
-0.989561751039395
0.361624570081907
0.827920523222656
-0.731693699726746
-0.500863465172669
0.955572805786104
0.073735514324246
-0.988531570358875
0.368124552684592
0.823984939382085
-0.736434530278286
-0.494808795034813
0.957607281747615
0.066771461308154
-0.987453210044225
0.374606593415818
0.820009195678037
-0.741139468049774
-0.488730008614359
0.959595085281196
0.059804153945237
-0.986326722653207
0.381070376350173
0.815993485882653
-0.745808283729181
-0.482627402182780
0.961536119504108
0.052833931812115
-0.985152163089226
0.387515586451995
0.811938005715962
-0.750440749765018
-0.476501273172504
0.963430289813080
0.045861134627808
-0.983929588598659
0.393941909590836
0.807842952836347
-0.755036640377426
-0.470351920162417
0.965277503888924
0.038886102236499
-0.982659058768062
0.400349032556773
0.803708526830906
-0.759595731569179
-0.464179642863309
0.967077671701032
0.031909174591427
-0.981340635521265
0.406736643075671
0.799534929205732
-0.764117801136605
-0.457984742103166
0.968830705511765
0.024930691738203
-0.979974383116358
0.413104429824406
0.795322363376084
-0.768602628680414
-0.451767519812915
0.970536519880727
0.017950993798235
-0.978560368142556
0.419452082446034
0.791071034656477
-0.773049995616438
-0.445528279011096
0.972195031668934
0.010970420952155
-0.977098659516954
0.425779291564923
0.786781150250606
-0.777459685186285
-0.439267323789505
0.973806160042859
0.003989313423235
-0.975589328481167
0.432085748801826
0.782452919241524
-0.781831482467910
-0.432984959298267
0.975369826478380
-0.002991988539194
-0.974032448597861
0.438371146788914
0.778086552581034
-0.786165174386078
-0.426681491730963
0.976885954764600
-0.009973144676322
-0.972428095747140
0.444635179184758
0.773682263079689
-0.790460549722761
-0.420357228309710
0.978354471007565
-0.016953814736449
-0.970776348122949
0.450877540689255
0.769240265396343
-0.794717399127424
-0.414012477270185
0.979775303633866
-0.023933658491564
-0.969077286229111
0.457097927058511
0.764760776027699
-0.798935515127232
-0.407647547846602
0.981148383394147
-0.030912335753929
-0.967330992875507
0.463296035119673
0.760244013297748
-0.803114692137163
-0.401262750256642
0.982473643366392
-0.037889506392661
-0.965537553174011
0.469471562785695
0.755690197347133
-0.807254726470025
-0.394858395686332
0.983751018959323
-0.044864830350305
-0.963697054534344
0.475624209070073
0.751099550122419
-0.811355416346386
-0.388434796274879
0.984980447915456
-0.051837967659412
-0.961809586659812
0.481753674101507
0.746472295365275
-0.815416561904472
-0.381992265099454
0.986161870314158
-0.058808578459108
-0.959875241542938
0.487859659138518
