0.000000000000000
0.857424025836176
-0.882478935272508
0.050841951945621
0.830151323416294
-0.905251245281013
0.101552397284363
0.800731370948734
-0.925682053535849
0.152000169561266
0.769240265396250
-0.943718514184986
0.202054781745387
0.735759460917851
-0.959313974540056
0.251586763744503
0.700375558181372
-0.972428095747109
0.300467997289450
0.663180080364210
-0.983026957126156
0.348572047321812
0.624269236421602
-0.991083143909598
0.395774489027936
0.583743672234794
-0.996575818152632
0.441953229673217
0.541708210282744
-0.999490772632193
0.486988824404357
0.498271578510751
-0.999820467595024
0.530764785202593
0.453546129097287
-0.997564050259824
0.573167882188918
0.407647547846448
-0.992727357023035
0.614088436501815
0.360694554957817
-0.985322898362557
0.653420603990101
0.312808597947471
-0.975369826478429
0.691062648986855
0.264113537514773
-0.962893885754209
0.726917207456609
0.214735327167071
-0.947927346167134
0.760891538834809
0.164801687431401
-0.930508919819375
0.792897765908462
0.114441775495441
-0.910683660806181
0.822853102117257
0.063785851132655
-0.888502848680051
0.850680065687327
0.012964939775302
-0.864023855812192
0.876306680043849
-0.037889506392846
-0.837309998994526
0.899666659983941
-0.088645948447631
-0.808430375665941
0.920699583128417
-0.139173100960033
-0.777459685186414
0.939351046208920
-0.189340271576101
-0.744478035621482
0.955572805786131
-0.239017699062571
-0.709570736536525
0.969322903035162
-0.288076888944364
-0.672828078337073
0.980565772275216
-0.336390945865341
-0.634345098725665
0.989272332962986
-0.383834901812975
-0.594221336879665
0.995420064911698
-0.430286039357542
-0.552560575985497
0.998993066541312
-0.475624209070263
-0.509470574795394
0.999982096009160
-0.519732140298968
-0.465062788901271
0.998384595114690
-0.562495744497724
-0.419452082446192
0.994204695916454
-0.603804410325460
-0.372756431019510
0.987453210044206
-0.643551289750778
-0.325096616503855
0.978147600733809
-0.681633574422537
-0.276595914663687
0.966311937657234
-0.717952761591618
-0.227379776282979
0.951976834664483
-0.752414908895708
-0.177575502677199
0.935179370598561
-0.784930877348494
-0.127311916418583
0.915962993388174
-0.815416561904532
-0.076719028126845
0.894377407666355
-0.843793109003290
-0.025927700186656
0.870478446205553
-0.869987120530000
0.024930691738032
0.844327925502045
-0.893930843665492
0.075724598517044
0.815993485882582
-0.915562346134054
0.126322637816008
0.785548416547735
-0.934825676395992
0.176593933926806
0.753071466003635
-0.951671008370662
0.226408456287628
0.718646638372949
-0.966054770315317
0.275637355816937
0.682362976111775
-0.977939757526850
0.324153298191713
0.644314329694507
-0.987295228574589
0.371830793207118
0.604599114862428
-0.994096984815363
0.418546519366747
0.563320058063672
-0.998327432985147
0.464179642863083
0.520583930743654
-0.999975630705394
0.508612130123405
0.476501273172369
-0.999037314786329
0.551729053112669
0.431186108523545
-0.995514912254020
0.593418886603687
0.384755647944967
-0.989417534072685
0.633573796645633
0.337329987382855
-0.980760951578492
0.672089919485002
0.289031796944491
-0.969567555685783
0.708867630216900
0.239986003602634
-0.955866298971257
0.743811800472687
0.190319468062111
-0.939692620785916
0.776832044476744
0.140160656625202
-0.921088355588480
0.807842952836214
0.089639308903484
-0.900101624737276
0.836764313458946
0.038886102236429
-0.876786712020772
0.863521319028191
-0.011967686315550
-0.851203923248317
0.888044760497582
-0.062790519529283
-0.823419430264565
0.910271206105456
-0.113450940249956
-0.793505099790921
0.930143165446095
-0.163817911415065
-0.761538307536758
0.947609238173034
-0.213761154992049
-0.727601738061209
0.962624246949999
-0.263151488952073
-0.691783170903263
0.975149354305554
-0.311861161409477
-0.654175253533087
0.985152163089193
-0.359764181061763
-0.614875261712485
0.992606800269052
-0.406736643075763
-0.573984847883525
0.997493983854516
-0.452657049576989
-0.531609778236741
0.999801072770521
-0.497406623913149
-0.487859659138770
0.999522099554695
-0.540869617879268
-0.442847653627084
0.996657785792651
-0.582933611108991
-0.396690188705168
0.991215540251547
-0.623489801858684
-0.349506654194941
0.983209439716746
-0.662433288431433
-0.301419093926138
0.972660192581140
-0.699663340513329
-0.252551890060382
0.959595085281258
-0.735083659720147
-0.203031441367234
0.944047911718875
-0.768602628680498
-0.152985836284090
0.926058885850447
-0.800133548011154
-0.102544521605612
0.905674537670646
-0.829594860571818
-0.051837967659726
0.882947592858952
-0.856910362418581
-0.000997330835893
0.857936836400652
-0.882009399911553
0.049845885660615
0.830706960534958
-0.904827052465969
0.100560171952060
0.801328397423575
-0.925304300473954
0.151014351648565
0.769877136972514
-0.943388177963497
0.201077921145903
0.736434530278376
-0.959031909598937
0.250621387183079
0.701087079207498
-0.972195031668958
0.299516601786572
0.663926212652332
-0.982843496749078
0.347637093734899
0.625048050043269
-0.990949761767924
0.394858395686123
0.584553152728859
-0.996492859249498
0.441058366122180
0.542546263865845
-0.999458451547161
0.486117505277274
0.499136037493038
-0.999838867929058
0.529919264233095
0.454434757489316
-0.997633124419049
0.572350346381915
0.408558047142762
-0.992846926341841
0.613301000476365
0.361624570082162
-0.985492653565732
0.652665304509846
0.313755723344435
-0.975589328481125
0.690341439691823
0.265075323371885
-0.963162566797694
0.726231953809927
0.215709285751483
-0.948244511287266
0.760244013297583
0.165785299524544
-0.930873748644248
0.792289643355140
0.115432496909234
-0.911095209678072
0.822285955503441
0.064781119290186
-0.888960053096242
0.850155361981226
0.013962180339173
-0.864525533178411
0.875825776431826
-0.036892872861687
-0.837854851683800
0.899230800360055
-0.087652499818340
-0.809016994374998
0.920309894877002
-0.138185406863689
-0.778086552581002
0.939008537288517
-0.188360886759184
-0.745143530261020
0.955278362122333
-0.238049156779002
-0.710273137068104
0.969077286229042
-0.287121694403020
-0.673565567947842
0.980369617633509
-0.335451569750166
-0.635115769842220
0.989126147854713
-0.382913773892288
-0.595023196102075
0.995324227455852
-0.429385542199335
-0.553391549243378
0.998947824628818
-0.474746671879480
-0.510328512712823
0.999987566661691
-0.518879832892860
-0.465945472355949
0.998440764181986
-0.561670871434719
-0.420357228309687
0.994311418112911
-0.603009105202981
-0.373681698062620
0.987610209324683
-0.642787609686502
-0.326039611452456
0.978354471007629
-0.680903494733525
-0.277554198389043
0.966568143838565
-0.717258170684862
-0.228350870110760
0.952281714056400
-0.751757603383926
-0.178556894798736
0.935532134607140
-0.784312557402808
-0.128301068387935
0.916362729562260
-0.814838826856870
-0.077713381426603
0.894823082057672
-0.843257453209650
-0.026924682845743
0.870968906043199
-0.869494929505162
0.023933658491677
0.844861902173951
-0.893483390499279
0.074730093586357
0.816569598217172
-0.915160788198387
0.125333233564244
0.786165174386284
-0.934471052351281
0.175612189523922
0.753727274054706
-0.951364235479166
0.225436911090795
0.719339800338734
-0.965796642068640
0.274678522802242
0.683091699075705
-0.977730941593494
0.323209657454321
0.645076728758762
-0.987136265072976
0.370904785546146
0.605393218023328
-0.993988284916778
0.417640539972009
0.564143811312549
-0.998269277850212
0.463296035119749
0.521435203379571
-0.999968170756823
0.507753179550650
0.477377863313384
-0.999080569319856
0.550896981452007
0.432085748802048
-0.995608769388476
0.592615846072267
0.385676011372400
-0.989561751039396
0.632801864369403
0.338268693368647
-0.980955155349216
0.671351092125934
0.289986417453745
-0.969811243937577
0.708163818808608
0.240954069436049
-0.956158841385774
0.743144825477340
0.191298475243238
-0.940033260679771
0.776203631076306
0.141148072876905
-0.921476211870448
0.807254726470128
0.090632580197919
-0.900535694187365
0.836217795619807
0.039882659401238
-0.877265871885067
0.863017923326265
-0.010970420951883
-0.851726934143092
0.887585789004480
-0.061795125470083
-0.823984939382040
0.909857845986135
-0.112459992158277
-0.794111644398404
0.929776485888197
-0.162833972454180
-0.762184318760117
0.947290187621349
-0.212786770195465
-0.728285544942962
0.962353650653243
-0.262189178640775
-0.692503004724366
0.974927912181795
-0.310913414672867
-0.654929252388210
0.984980447915462
-0.358833449319442
-0.615661475325778
0.992485256199819
-0.405825333736744
-0.574801242653196
0.997422925272826
-0.451767519812648
-0.532454242495124
0.999780683474842
-0.496541174560577
-0.488730008614313
0.999552432283505
-0.540030487489521
-0.443741637094136
0.996738762088020
-0.582122970157160
-0.397605493806897
0.991346950662080
-0.622709747129744
-0.350440913424573
0.983390944339340
-0.661685837596750
-0.302369890750545
0.972891321940185
-0.698950426911796
-0.253516765170676
0.959875241542936
-0.734407127357454
-0.204007899039964
0.944376370237535
-0.767964227459473
-0.153971350836730
0.926434797042904
-0.799534929205536
-0.103536543929098
0.906096929213814
-0.829037572554978
-0.052833931812203
0.883415372204721
-0.856395846658738
-0.001994660679772
0.858448793601878
-0.881538987243222
0.048849769795442
0.831261771375213
-0.904401959647526
0.099567846595652
0.801924626841966
-0.924925627040566
0.150028383526541
0.770513242775936
-0.943056903383034
0.200100860540408
0.737108867130397
-0.958748890738500
0.249655761336282
0.701797902884146
-0.971961000578530
