0.000000000000000
0.996936865167457
0.155941919509807
-0.972544265084082
-0.308068322699834
0.924355892018041
0.452657049577018
-0.853550797275326
-0.586170368601371
0.761861407873407
0.705341536300408
-0.651531138300912
-0.807254726470166
0.525259499667129
0.889416373291297
-0.386136049285748
-0.949816182769139
0.237564796784598
0.986976319697494
-0.083180916338469
-0.999987566661691
-0.073238197127628
0.988531570358853
0.227865351528132
-0.952888630922458
-0.376917199621002
0.893930843665501
0.516746808235993
-0.813100761047027
-0.643932889785156
0.712376096951348
0.755363512779360
-0.594221336879655
-0.848312243159728
0.461527438034035
0.920504853452440
-0.317541094684849
-0.970174967537428
0.165785299524500
0.996107279539971
-0.009973144676494
-0.997667289384867
-0.146083028562405
0.974816827457168
0.298564908363897
-0.928114988519042
-0.443741637094015
0.858704452032117
0.578061096249550
-0.768283523593527
-0.698236818086068
0.659064581563057
0.801328397423551
-0.533719945590589
-0.884813436149737
0.395316491508185
0.946649260115696
-0.247240612400047
-0.985322898362552
0.093115361868960
0.999888101810272
0.063288193199819
-0.989988495651933
-0.218143241396536
0.955866298971250
0.367660859476871
-0.898356398235641
-0.508182718021296
0.818865919671944
0.636270591783853
-0.719339800338650
-0.748790484631592
0.602213200286091
0.842989310743799
-0.470351920162241
-0.916562255869972
0.326982282099357
0.967709170481969
-0.175612189523980
-0.995178615018048
0.019945297363301
0.998298479539764
0.136209607307624
-0.976992428613801
-0.289031796944459
0.931781769052812
0.434782087366257
-0.863772694816208
-0.569894326421811
0.774629221156981
0.691062648986849
-0.666532470249467
-0.795322363375942
0.542127304478925
0.880122490076966
-0.404457613145661
-0.943388177963526
0.256891835958975
0.983571470813382
-0.103040545578655
-0.999689182000815
-0.053331894243011
0.991346950662071
0.208399433410070
-0.958748890738523
-0.358367949545294
0.902692596809117
0.499568080859591
-0.824549628907142
-0.628545006435798
0.726231953809993
0.742142977223514
-0.610145163901266
-0.837582529478820
0.479129618224892
0.912528491425409
-0.336390945865394
-0.965147119180885
0.185421612065957
0.994150963972312
-0.029915466169417
-0.998830372850131
-0.126322637816019
0.979070852155445
0.279469936662851
-0.935355868899038
-0.425779291565061
0.868755021509339
0.561670871434761
-0.780897869382087
-0.683819742589313
0.673934061558439
0.789237221724075
-0.550480740085000
-0.875344001663059
0.413558504966524
0.940033260679731
-0.266517507491885
-0.981722211257633
0.112955480248350
0.999390827019095
0.043370290571297
-0.992606800269065
-0.198634896747184
0.961536119504154
0.349039394155658
-0.906939008081224
-0.490903753615123
0.830151323416304
0.620756902174738
-0.733051871829837
-0.735421651756651
0.618016438763829
0.832092437156146
-0.487859659138743
-0.908403961341499
0.345766150139943
0.962489068471410
-0.195212591445503
-0.993024428619199
0.039882659401111
0.999262916410620
0.116423103505818
-0.981051891349433
-0.269880278599912
0.938836932555986
0.416734145163358
-0.873650936538952
-0.553391549243321
0.787088844750908
0.676508819316986
-0.681268619282683
-0.783073577733169
0.558779421525277
0.870478446205553
-0.422618261740691
-0.936584841964800
0.276116669570910
0.979775303633915
-0.122859179678293
-0.998993066541312
-0.033404373026440
0.993767919160600
0.188850602648155
-0.964227708033398
-0.339676121182887
0.911095209678040
0.482190598094643
-0.835670446020783
-0.612907053652949
0.739798876047605
0.728627176774974
-0.625826241948838
-0.826519579853798
0.496541174560752
0.904189075869127
-0.355106962408161
-0.959735282739434
0.204984153792254
0.991799121010766
-0.049845885660719
-0.999596067197818
-0.106511989044918
0.982935349149557
0.260263776601374
-0.942224613775885
-0.407647547846427
0.878459952927516
0.545057183359307
-0.793201531471326
-0.669130606358849
0.688535413882391
0.776832044476764
-0.567022523362400
-0.865526307662202
0.431635982329623
0.933043264819441
-0.285688367404978
-0.977730941593509
0.132750658786274
0.998495940131151
0.023435132879329
-0.994830191844717
-0.179047524318499
0.966823388604458
0.330279061955170
-0.915160788198426
-0.473429480961694
0.841106447755013
0.604996241664201
-0.746472295365144
-0.721760228098329
0.633573796645721
0.820864511882092
-0.505173300974539
-0.899884254246463
0.364412453575967
0.956886035893258
-0.214735327167102
-0.990475163023571
0.059804153945072
0.999829792074517
0.096590280253130
-0.984721038215632
-0.250621387183100
0.945518575599327
0.398520403422582
-0.883181592341011
-0.536668602769442
0.799235321538340
0.661685837596838
-0.695733722557972
-0.770513242775772
0.575209225687251
0.860488078602867
-0.440610769775904
-0.929408881510490
0.295231648934720
0.975589328481114
-0.142628933705530
-0.997899497235824
-0.013463561731169
0.995793512661320
0.169226636831956
-0.969322903035171
-0.320849151161121
0.919135339255238
0.464621273650227
-0.846458787921229
-0.597025253065926
0.753071466003615
0.714821488755278
-0.641258332235476
-0.815127795728551
0.513755179776209
0.895489924657299
-0.373681698062503
-0.953941611336338
0.224465141658922
0.989052686346544
-0.069756473744122
-0.999964067793017
-0.086658964004015
0.986408780932152
0.240954069435845
-0.948718490388814
-0.389353619733175
0.887815385136422
0.528226641853045
-0.805189614794437
-0.654175253533001
0.702862829321802
0.764117801136681
-0.583338714200576
-0.855364260160485
0.449541731392534
0.925682053535836
-0.304745564927255
-0.973350677314609
0.152493021882699
0.997203797181177
0.003490651415191
-0.996657785792649
-0.159388917033843
0.971726002708600
0.311387326757131
-0.923018467515407
-0.455766852278215
0.851726934143060
0.588994880701223
-0.759595731569292
-0.707811648915002
0.648879084367498
0.809310002001823
-0.522285957359948
-0.891006524188359
0.382913773892385
0.950902301939033
-0.234172629481238
-0.987531832467859
0.079701855139665
0.999998880997441
0.076719028126808
-0.987998409425942
-0.231262784929943
0.951824039861324
0.380148108562372
-0.892360870408480
-0.519732140298994
0.811063818989328
0.646599601215797
-0.709922025069478
-0.757646355689090
0.591410180293954
0.850155361981232
-0.458427978851698
-0.921863151588479
0.314229169070576
0.971015210763868
-0.162341942175516
-0.996408909165771
0.006482606102227
0.997422925272836
0.149535343443664
-0.974032448597807
-0.301894529873914
0.926809786739333
0.446867097560366
-0.856910362418581
-0.580905923319863
0.766044443118966
0.700731405818927
-0.656435295035295
-0.803411709375158
0.530764785202584
0.886434498785999
-0.392107762787041
-0.947768410009593
0.243856825068102
0.985912752660901
-0.089639308903519
-0.999934228225053
-0.066771461307875
0.989489765582901
0.221548497619388
-0.954834915120050
-0.370904785546202
0.896817596035623
0.511185943021983
-0.816857349838999
-0.638959634165597
0.716910607650534
0.751099550122250
-0.599422821130227
-0.844861902173834
0.467268628273124
0.917952555519657
-0.323681518067679
-0.968583161128613
0.172174714950408
0.995514912254008
-0.016455218820176
-0.998088854996452
-0.139666896157837
0.976242011289682
0.292371704722679
-0.930508919819390
-0.437922894720314
0.862008557172546
0.572759185498656
-0.772416959224634
-0.693581463711015
0.663926212652280
0.797433504528548
-0.539190819948422
-0.881774303211624
0.401262750256518
0.944540247263934
-0.253516765170626
-0.984195607969233
0.099567846595861
0.999770115906612
0.056817252993002
-0.990882701063632
-0.211812173746557
0.957750816684941
0.361624570082056
-0.901185118724686
-0.502588900079019
0.822569631083469
0.631256112300212
-0.723827881937840
-0.744478035621451
0.607375839723311
0.839484407258060
-0.476062800311947
-0.913950654301086
0.333101671730331
0.966054770315322
-0.181990362179876
-0.994521895368270
0.026426194801824
0.998655508726067
0.129784556752268
-0.978354471007616
-0.282819798501809
0.934115498817194
0.428935133403130
-0.867021011307351
-0.564555477561929
0.778712646036902
0.686362533768201
-0.671351092126012
-0.791375982090781
0.547563223492558
0.877026400996761
-0.410377825689817
-0.941218134794852
0.263151488952137
0.982380569190502
-0.109486480664000
-0.999506560365730
-0.046857393288236
0.992177077318310
0.202054781745389
-0.960571454522709
-0.352308385236559
0.905463004055324
0.493941866584234
-0.828200094544535
-0.623489801858738
0.730673159897263
0.737782470802762
-0.615268445017603
-0.834023412112264
0.484809620246326
0.909857845986204
-0.342488693072752
-0.963430289813125
0.191787907539944
0.993429957280057
-0.036394542273364
-0.999122830098861
-0.119889308184427
0.980369617633554
0.273239761301832
-0.937629165000526
-0.419904707586070
0.871947226253905
0.556295615500231
-0.784930877348575
-0.679075334029042
0.678709194932943
0.785239744579777
-0.555881163064952
-0.872191264396565
0.419452082446250
0.937802403039801
-0.272760038084570
-0.980467816859493
0.119394224540320
0.999143587817241
0.036892872861748
-0.993372765600404
-0.192277292145385
0.963296548075573
0.342957157654065
-0.909650826523065
-0.485245702624126
0.833748180182083
0.615661475325606
-0.737445760655858
-0.731013521647746
0.623099851966619
0.828479459920208
-0.493508218064399
-0.905674537670594
0.351841648404757
0.960709980668799
-0.201566376507213
-0.992239206600164
0.046359269722041
0.999490772632195
0.109982134696208
-0.982287250728697
-0.263632546011790
0.941049568878673
0.410832515490468
-0.876786712020765
-0.547980420889920
0.791071034656368
0.671720589322957
-0.685999789191203
-0.779025402343219
0.564143811312506
0.867269374343266
-0.428484617944786
-0.934293391748334
0.282341456842912
0.978457541230241
-0.129290092740068
-0.998681234364611
-0.026924682845630
0.994469646979451
0.182480677475409
-0.965925826289075
-0.333571817464816
0.913748169581495
0.476501273172303
-0.839213336149614
-0.607771911354010
0.744145010569368
0.724171861437451
-0.630869281610766
-0.822853102117253
0.502157728550470
0.901401145451665
-0.361159607424252
-0.957894113460915
0.211324796455404
0.990949761767932
-0.056319385995512
-0.999759299728271
-0.100064021715288
0.984107179553607
0.253999108223696
-0.944376370237483
-0.401719459491680
0.881538987243272
0.539610720810779
-0.797132507222924
-0.664299031197546
0.693222149733986
0.772733573497349
-0.572350346382015
-0.862261220397962
0.437474533754560
0.930691449948041
-0.291894792201029
-0.976349942256979
0.139173100960060
0.998119545996328
0.016953814736635
-0.995467612352967
-0.172665912166177
0.968459027639257
0.324153298191672
-0.917754625684020
-0.467709448002756
0.844595018849567
0.599821894687835
-0.750770243289763
-0.717258170684898
0.638575961155448
0.817144898335074
-0.510757291371765
-0.897038094386927
0.370441643310518
0.954982968272704
-0.221062196752881
-0.989561751039363
0.066273900400086
0.999928384677749
0.090135955757454
-0.985829223087102
-0.244340406137814
0.947609238173076
0.392566446029634
-0.886203579231250
-0.531187347764040
0.803114692137347
0.656811397846079
-0.700375558181423
-0.766364883865697
0.580499952001632
0.857167300702074
-0.446420935683913
-0.926996935909938
0.301419093926135
0.974145229574305
-0.149042266176241
-0.997458578581327
-0.006981260297897
0.996366562457248
0.162833972454222
-0.970895900158433
-0.314702536658114
0.921669796324035
0.458871101604143
-0.849892692986893
-0.591812216084322
0.757320799830910
0.710273137068018
-0.646219124047222
-0.811355416346500
0.519306051163212
0.892585818452102
-0.379686832815544
-0.951976834664458
0.230777608858306
0.988075312474488
-0.076221822798930
-0.999998010662407
-0.080198924328816
0.987453210044209
0.234657400467675
-0.950747851124650
-0.383374385518981
0.890780024015878
0.522711139589859
-0.809016994374968
-0.649258434034325
0.707459303011795
0.759919966917051
-0.588591817561781
-0.851988121927985
0.455322933869040
0.923210217112969
-0.310913414672975
-0.971843622476416
0.158896606741129
0.996698397863466
-0.002991988539380
-0.997166407877223
-0.152985836284016
0.973236201460455
0.305220472894316
-0.925493292074878
-0.449987113092105
0.855105831622732
0.583743672234777
-0.763796028634651
-0.703217455360702
0.653798010050664
0.805485232008593
-0.527803157613218
-0.888044760497610
0.388894256356602
0.948876011644493
-0.240470066417754
-0.986490593923520
0.086162163711232
0.999968170756824
0.070253915826903
-0.988978978893317
-0.224951054343865
0.953791896906725
0.374144192257811
-0.895267866396197
-0.514182939383312
0.814838826857007
0.641640891025876
-0.714472679632877
-0.753399463701943
0.596625138196432
0.846724199228228
-0.464179642863207
-0.919331670207153
0.320376810078825
0.969445349895113
-0.168735142482242
-0.995839079454931
0.012964939775375
0.997867069055417
0.143122483211026
-0.975479698764733
-0.295708050043958
0.929224732628383
0.441058366122226
-0.860233916226577
-0.575617065685694
0.770195285635307
0.696091827364009
-0.661311865323630
-0.799534929205625
0.536247765547841
0.883415372204721
-0.398062998107290
-0.945680807639546
0.250138605360387
0.984807753012213
-0.096093934410165
-0.999838867929058
-0.060301919442809
0.990406377872169
0.215222333218662
-0.956741072739873
-0.364876784337659
0.899666659983932
0.505603595411405
-0.820579610508365
-0.633959526508197
0.721414990451294
0.746804022789543
-0.604599114862335
-0.841376056184784
0.472990181723916
0.915361680976421
-0.329808338856653
-0.966950650377215
0.178556894798805
0.994880708828770
-0.022936601439528
-0.998468476299793
-0.133244894304509
0.977626168919339
0.286166214270638
-0.932863746832838
-0.432085748801835
0.865276436728026
0.567433204758649
-0.776517934323962
-0.688896961836115
0.668759942492498
0.793505099790801
-0.544639035015157
-0.878698114040472
0.407192146088942
0.942391540463983
-0.259782263994679
-0.983026957126130
0.106016147021578
0.999610115040349
0.050343925062455
-0.991735265003001
-0.205472204769676
0.959595085281276
0.355573083550807
-0.903975967248540
-0.496973961027432
0.826238774316073
0.626215104516130
-0.728285544942939
-0.740134300202181
0.612512954419676
0.835944224756214
-0.481753674101833
-0.911300644300118
0.339207062889079
0.964359772060754
-0.188360886759425
-0.993823381310373
0.032905981689547
0.998970569790720
0.123354052049707
-0.979675398423260
-0.276595914663544
0.936409972729568
0.423070153602485
-0.870232891567062
-0.559192903470647
0.782763345811194
0.681633574422478
-0.676141500725830
-0.787396343527940
0.552976131368035
0.873893455212294
-0.416280792260503
-0.939008537288493
0.269400083103189
0.981148383394150
-0.115927814621343
-0.999281934843863
-0.040380923169042
0.992965508106548
0.195701638804489
-0.962353650653307
-0.346234015300508
0.908195359559838
0.488294894587858
-0.831815755384923
-0.618408395357476
0.735083659720242
0.733390959351451
-0.620365869709341
-0.830429245225850
0.490469248326152
0.907148964113632
-0.348572047321900
-0.961672972650231
0.198146143199485
0.992667202067962
-0.042872088910292
-0.999373299586929
-0.113450940249895
0.981627183447679
0.266998103142829
-0.939863057589441
-0.414012477269958
0.875102787744626
0.550896981452036
-0.788930898890501
-0.674302387583666
0.683455805809073
0.781209268030993
-0.561258225348305
-0.869001873620698
0.425328032610102
0.935532134607094
-0.278991106039296
-0.979172218670617
0.125827951334884
0.998854359982396
0.030413904743167
-0.994096984815373
-0.185911607162852
0.965016494472327
0.336860508507136
-0.912324417231478
-0.479567259365273
0.837309998994554
0.610540175534879
-0.741808658601477
-0.726574670970937
0.628157079632748
0.824831666147009
-0.499136037493000
-0.902907053368349
0.357902360656749
0.958890519391076
-0.207911690817806
-0.991412286102163
0.052833931812064
0.999676625630464
0.103536543928863
-0.983481329856175
-0.257373734365261
0.943222657947614
0.404913620735888
-0.879885640871196
-0.542546263865727
0.795019980099503
0.666904130524156
-0.690702130216914
-0.774944488704157
0.569484493168478
0.864023855812170
-0.434332967244132
-0.931962678203962
0.288554378821467
0.977098659516902
-0.135715572434331
-0.998327432985147
-0.020443861165162
0.995129582585913
0.176103083620916
-0.967583351875677
-0.327453495516742
0.916362729562247
0.470791923463412
-0.842720958654048
-0.602611227669386
0.748459872677312
0.719686113050179
-0.635885809228723
-0.819152044288984
0.507753179550763
0.898575333990539
-0.367197074843856
-0.956012689043027
0.217656558273569
0.990058758234558
-0.062790519529318
-0.999880517750669
-0.093611849232830
0.985237653224059
0.247723765629153
-0.946488439637781
-0.395774489027939
0.884580975215082
0.534141581324931
-0.801029983781113
-0.659439539119636
0.697879753185811
0.768602628680526
-0.577654116593875
-0.858959896930668
0.443294700476971
0.928300523118961
-0.298088950228368
-0.974927912181826
0.145589694436691
0.997701206263483
0.010471784116262
-0.996063198709707
-0.166277043794147
0.970053967548092
0.318013912008110
-0.920309894877013
-0.461969759730609
0.848048096156413
0.594622340422423
-0.755036640377503
-0.712725970767087
0.643551289750768
0.813390944581544
-0.516319817386029
-0.894154236839381
0.376455265374362
0.953039767852613
-0.227379776282928
-0.988606753095269
0.072740861719452
0.999984955667194
0.083677843332127
-0.986895978856751
-0.238049156778925
0.949660077825483
0.386595991179582
-0.889188323749848
-0.525683769810348
0.806960312143909
0.651909355843641
-0.704987960785847
-0.762184318759958
0.585766283024197
0.853810500668254
-0.452212340920276
-0.924546033612246
0.307593871893697
0.972660192581079
-0.155449335201901
-0.996975742105708
-0.000498665479733
0.996897740323630
0.156434465040065
-0.972428095747150
-0.308542696899469
0.924165520566770
0.453101645672777
-0.853290881632240
-0.586574308417170
0.761538307536840
0.705694936419625
-0.651152758743693
-0.807548940058605
0.524835098909038
0.889644201664011
-0.385676011372482
-0.949972051524604
0.237080377715645
0.987056415109532
-0.082683968660397
-0.999989928992003
-0.073735514323911
0.988456141807012
0.228350870110513
-0.952737257040135
-0.377379040140511
0.893707228200349
0.517173670587790
-0.812810375321057
-0.644314329694386
0.712026045991094
0.755690197346928
-0.593820185573611
-0.848576179215465
0.461085001570829
0.920699583128371
-0.317068198399644
-0.970295726275963
0.165293514029614
0.996151112670938
-0.009474502756874
-0.997633124419054
-0.146576326361923
0.974705500327497
0.299040792255967
-0.927929223127339
-0.444188463366933
0.858448793601928
0.578467932160254
-0.767964227459630
-0.698593709357596
0.658689460118768
0.801626611801771
-0.533298177137659
-0.885045677060191
0.394858395686260
0.946809845192881
-0.246757397690402
-0.985407898483470
0.092618851350430
0.999895437230424
0.063785851132531
-0.989917986891577
-0.218629870274334
0.955719671206828
0.368124552684581
-0.898137239088942
-0.508612130123344
0.818579591429795
0.636655216119242
-0.718993308750911
-0.749120910386143
0.601815023152125
0.843257453209663
-0.469911799899988
-0.916761554258635
0.326510987372232
0.967834748450643
-0.175121251758096
-0.995227399981822
0.019446728601754
