0.000000000000000
0.981722211257633
0.373681698062502
-0.839484407258076
-0.693222149733984
0.575617065685673
0.912324417231454
-0.228350870110655
-0.999243649493385
-0.152000169561267
0.941386466660902
0.510328512712696
-0.747135564508148
-0.794717399127554
0.444635179184926
0.963962860695852
-0.077713381426516
-0.993543599524647
-0.300467997289452
0.879173780697052
0.635115769842178
-0.637423989748688
-0.877744159160096
0.303320386816849
0.993199708502812
0.074730093586428
-0.964754525183621
-0.441953229673227
0.796529918024194
0.745143530260973
-0.512899277405907
-0.940372965551573
0.154956712238491
0.999355523643320
0.225436911090845
-0.913545457642600
-0.573167882188922
0.695375444745705
0.837854851683751
-0.376455265374393
-0.981148383394172
0.002991988539355
0.982287250728687
0.370904785546280
-0.841106447755017
-0.691062648986864
0.578061096249555
0.911095209678026
-0.231262784929947
-0.999122830098858
-0.149042266176183
0.942391540464035
0.507753179550751
-0.749120910386208
-0.792897765908475
0.447313148315630
0.963162566797658
-0.080695973575212
-0.993878596328825
-0.297612917967907
0.880595531856739
0.632801864369478
-0.639726503425793
-0.876306680043863
0.306170061015455
0.992846926341837
0.071746136761385
-0.965537553173969
-0.439267323789391
0.798335306372703
0.743144825477392
-0.515465450616858
-0.939351046208923
0.157911867740833
0.999458451547163
0.222520933956320
-0.914758319980689
-0.570713567684438
0.697522514745704
0.836217795619839
-0.379225462652928
-0.980565772275219
0.005983950294382
0.982843496749092
0.368124552684683
-0.842720958654034
-0.688896961836237
0.580499952001576
0.909857845986197
-0.234172629481224
-0.998993066541314
-0.146083028562414
0.943388177963530
0.505173300974506
-0.751099550122294
-0.791071034656346
0.449987113092111
0.962353650653282
-0.083677843332301
-0.994204695916449
-0.294755174410920
0.882009399911616
0.630482294044707
-0.642023290261356
-0.874861356216684
0.309016994374950
0.992485256199832
0.068761537663809
-0.966311937657223
-0.436577485577672
0.800133548011203
0.741139468049858
-0.518027009373123
-0.938320717781193
0.160865609613687
0.999552432283502
0.219602964810962
-0.915962993388159
-0.568254144143277
0.699663340513371
0.834573253721298
-0.381992265099268
-0.979974383116318
0.008975858481001
0.983390944339327
0.365341024366395
-0.844327925502013
-0.686725107669350
0.582933611109044
0.908612337232876
-0.237080377715489
-0.998854359982400
-0.143122483211131
0.944376370237476
0.502588900079063
-0.753071466003600
-0.789237221724090
0.452657049577001
0.961536119504146
-0.086658964004073
-0.994521895368273
-0.291894792201030
0.883415372204707
0.628157079632706
-0.644314329694492
-0.873408200617131
0.311861161409523
0.992114701314478
0.065776323011900
-0.967077671701073
-0.433883739117568
0.801924626841815
0.739127475930353
-0.520583930743594
-0.937281989491897
0.163817911415118
0.999637465011020
0.216683029776441
-0.917159467080769
-0.565789633582212
0.701797902883991
0.832921240710099
-0.384755647944933
-0.979374221211597
0.011967686315582
0.983929588598627
0.362554225509624
-0.845927333913347
-0.684547105928697
0.585362051785816
0.907358694567870
-0.239986003602550
-0.998706711663819
-0.140160656625165
0.945356108439570
0.499999999999995
-0.755036640377522
-0.787396343528010
0.455322933869014
0.960709980668815
-0.089639308903431
-0.994830191844717
-0.289031796944477
0.884813436149734
0.625826241948821
-0.646599601215791
-0.871947226253867
0.314702536658159
0.991735265002985
0.062790519529330
-0.967834748450661
-0.431186108523526
0.803708526830775
0.737108867130260
-0.523136191838672
-0.936234870639746
0.166768746716074
0.999713548968502
0.213761154992145
-0.918347730347633
-0.563320058063650
0.703926182748919
0.831261771375066
-0.387515586452119
-0.978765291933707
0.014959407015278
0.984459424705050
0.359764181061796
-0.847519169570130
-0.682362976111751
0.587785252292478
0.906096929213796
-0.242889481131224
-0.998550122907320
-0.137197575318808
0.946327383799163
0.497406623913224
-0.756995055651753
-0.785548416547711
0.457984742103060
0.959875241542891
-0.092618851350310
-0.995129582585909
-0.286166214270810
0.886203579231207
0.623489801858746
-0.648879084367467
-0.870478446205560
0.317541094684823
0.991346950662073
0.059804153945059
-0.968583161128623
-0.428484617944777
0.805485232008582
0.735083659720198
-0.525683769810476
-0.935179370598564
0.169718089100633
0.999780683474845
0.210837366614602
-0.919527772551456
-0.560845439695152
0.706048161055840
0.829594860571824
-0.390272055913759
-0.978147600733803
0.017950993798103
0.984980447915483
0.356970915999486
-0.849103418222193
-0.680172737770919
0.590203190936454
0.904827052466020
-0.245790784309483
-0.998384595114690
-0.134233265817664
0.947290187621391
0.494808795034669
-0.758946694294546
-0.783693457325848
0.460642450450617
0.959031909598970
-0.095597564671801
-0.995420064911699
-0.283298069832771
0.887585789004542
0.621147780278330
-0.651152758743552
-0.869001873620749
0.320376810078700
0.990949761767938
0.056817252993078
-0.969322903035159
-0.425779291565106
0.807254726470144
0.733051871829814
-0.528226641853097
-0.934115498817183
0.172665912166291
0.999838867929057
0.207911690817751
-0.920699583128426
-0.558365800629657
0.708163818808672
0.827920523222570
-0.393025031653924
-0.977521153141461
0.020942419883354
0.985492653565725
0.354174455328020
-0.850680065687335
-0.677976410513227
0.592615846072344
0.903549075692487
-0.248689887164841
-0.998210129767735
-0.131267754658250
0.948244511287220
0.492206536620134
-0.760891538834804
-0.781831482468044
0.463296035119839
0.958179992386573
-0.098575422202416
-0.995701636221684
-0.280427389306032
0.888960053096177
0.618800198173385
-0.653420603990078
-0.867517521717735
0.323209657454423
0.990543701876214
0.053829843412114
-0.970053967548100
-0.423070153602585
0.809016994374952
0.731013521647784
-0.530764785202608
-0.933043264819442
0.175612189523978
0.999888101810272
0.204984153792230
-0.921863151588499
-0.555881163064887
0.710273137068053
0.826238774315998
-0.395774489027931
-0.976885954764649
0.023933658491739
0.985996037070502
0.351374824081356
-0.852249097851382
-0.675774014000230
0.595023196102021
0.902263010333665
-0.251586763744487
-0.998026728428272
-0.128301068387867
0.949190346253529
0.489599871965077
-0.762829571862246
-0.779962508642725
0.465945472355795
0.957319497532076
-0.101552397284327
-0.995974293995235
-0.277554198388971
0.890326359203679
0.616447076559458
-0.655682599805301
-0.866025403784432
0.326039611452350
0.990128774621970
0.050841951945616
-0.970776348122918
-0.420357228309563
0.810772019947091
0.728968627421411
-0.533298177137559
-0.931962678203974
0.178556894798631
0.999928384677748
0.202054781745397
-0.923018467515393
-0.553391549243353
0.712376096951335
0.824549628907148
-0.398520403422596
-0.976242011289672
0.026924682845643
0.986490593923517
0.348572047321836
-0.853810500668334
-0.673565567947816
0.597425219474852
0.900968867902431
-0.254481388115535
-0.997834392738112
-0.125333233564338
0.950127684053189
0.486988824404399
-0.764760776027573
-0.778086552580976
0.468590738440681
0.956450432738643
-0.104528463267609
-0.996238035791513
-0.274678522802436
0.891684695095854
0.614088436501865
-0.657938725939672
-0.864525533178388
0.328866646738530
0.989704983719642
0.047853605341235
-0.971490038292852
-0.417640539972187
0.812519787475544
0.726917207456659
-0.535826794978939
-0.930873748644229
0.181500001629147
0.999959716170869
0.199123600900979
-0.924165520566722
-0.550896981452071
0.714472679632827
0.822853102117246
-0.401262750256503
-0.975589328481112
0.029915466169427
0.986976319697499
0.345766150139909
-0.855364260160518
-0.671351092125987
0.599821894687930
0.899666659983942
-0.257373734365319
-0.997633124419044
-0.122364276755708
0.951056516295157
0.484373417312190
-0.766685134042650
-0.776203631076347
0.471231809694085
0.955572805786138
-0.107503593510528
-0.996492859249503
-0.271800388289466
0.893035048612884
0.611724299115008
-0.660188962196486
-0.863017923326353
0.331690738005513
0.989272332962989
0.044864830350526
-0.972195031668976
-0.414920112910141
0.814260281314369
0.724859280117753
-0.538350616090666
-0.929776485888258
0.184441483668955
0.999982096009160
0.196190637499120
-0.925304300473986
-0.548397482022593
0.716562866343771
0.821149209133721
-0.404001504979964
-0.974927912181830
0.032905981689382
0.987453210044196
0.342957157654168
-0.856910362418568
-0.669130606358889
0.602213200286046
0.898356398235660
-0.260263776601346
-0.997422925272837
-0.119394224540295
0.951976834664457
0.481753674101762
-0.768602628680486
-0.774313760984889
0.473868662472946
0.954686624531142
-0.110477761379504
-0.996738762088008
-0.268919820615328
0.894377407666306
0.609354685562862
-0.662433288431423
-0.861502587724588
0.334511859971776
0.988830826225139
0.041875653729162
-0.972891321940152
-0.412195971476831
0.815993485882571
0.722794863827369
-0.540869617879357
-0.928670899758817
0.187381314585750
0.999995523992272
0.193255917795530
-0.926434797042895
-0.545893073330285
0.718646638372940
0.819437965209722
-0.406736643075814
-0.974257768312787
0.035896202634594
0.987921260694514
0.340145095010546
-0.858448793601869
-0.666904130524179
0.604599114862377
0.897038094386967
-0.263151488952132
-0.997203797181179
-0.116423103505825
0.952888630922456
0.479129618224899
-0.770513242775784
-0.772416959224604
0.476501273172318
0.953791896906695
-0.113450940249966
-0.996975742105721
-0.266036845566691
0.895711760239404
