0.000000000000000
0.674302387583723
-0.995884398615969
0.796529918024196
-0.180519145250561
-0.529919264233204
0.963162566797657
-0.892585818452125
0.355106962408138
0.368124552684676
-0.898794046299166
0.959313974540057
-0.518027009373133
-0.194234351219968
0.804893797355911
-0.994521895368273
0.663926212652243
0.013962180339142
-0.684547105928686
0.997052752226919
-0.788010753606722
0.166768746716104
0.541708210282738
-0.966823388604458
0.886203579231218
-0.342020143325676
-0.381070376350267
0.904827052466018
-0.955278362122345
0.506033764121163
0.207911690817753
-0.813100761047027
0.992965508106537
-0.653420603990115
-0.027921638723563
0.694658370458988
-0.998026728428270
0.779337964931481
-0.152985836284042
-0.553391549243334
0.970295726275994
-0.879648572866621
0.328866646738586
0.393941909590941
-0.910683660806175
0.951056516295156
-0.493941866584233
-0.221548497619458
0.821149209133694
-0.991215540251542
0.642787609686551
0.041875653729191
-0.704634209963583
0.998806137341433
-0.770513242775789
0.139173100960087
0.564967003424926
-0.973578902873158
0.872922077269809
-0.315649036947122
-0.406736643075788
0.916362729562236
-0.946649260115695
0.481753674101732
0.235142113102578
-0.829037572555038
0.989272332962991
-0.632029302664865
-0.055821504993152
0.714472679632800
-0.999390827019094
0.761538307536747
-0.125333233564314
-0.576432316169790
0.976672278334162
-0.866025403784446
0.302369890750453
0.419452082446175
-0.921863151588491
0.942057452787301
-0.469471562785898
-0.248689887164826
0.836764313458949
-0.987136265072989
0.621147780278315
0.069756473744097
-0.724171861437452
0.999780683474844
-0.752414908895728
0.111468932206353
0.587785252292456
-0.979575249599341
0.858959896930666
-0.289031796944497
-0.432085748801965
0.927183854566782
-0.937281989491902
0.457097927058716
0.262189178640847
-0.844327925502009
0.984807753012213
-0.610145163901286
-0.083677843332298
0.733729864502869
-0.999975630705394
0.743144825477409
-0.097582899759165
-0.599023598515556
0.982287250728687
-0.851726934143058
0.275637355817041
0.444635179184920
-0.932323801215501
0.932323801215529
-0.444635179184940
-0.275637355816965
0.851726934143047
-0.982287250728691
0.599023598515618
0.097582899759144
-0.743144825477376
0.999975630705394
-0.733729864502884
0.083677843332348
0.610145163901269
-0.984807753012204
0.844327925502035
-0.262189178640868
-0.457097927058672
0.937281989491875
-0.927183854566790
0.432085748802010
0.289031796944421
-0.858959896930655
0.979575249599351
-0.587785252292474
-0.111468932206303
0.752414908895695
-0.999780683474845
0.724171861437487
-0.069756473744175
-0.621147780278299
0.987136265072981
-0.836764313458961
0.248689887164875
0.469471562785854
-0.942057452787294
0.921863151588510
-0.419452082446220
-0.302369890750433
0.866025403784421
-0.976672278334179
0.576432316169808
0.125333233564265
-0.761538307536733
0.999390827019096
-0.714472679632835
0.055821504993174
0.632029302664826
-0.989272332962980
0.829037572555050
-0.235142113102626
-0.481753674101663
0.946649260115688
-0.916362729562256
0.406736643075807
0.315649036947074
-0.872922077269784
0.973578902873163
-0.564967003424967
-0.139173100960009
0.770513242775775
-0.998806137341435
0.704634209963598
-0.041875653729227
-0.642787609686502
0.991215540251539
-0.821149209133722
0.221548497619520
0.493941866584214
-0.951056516295140
0.910683660806201
-0.393941909590974
-0.328866646738539
0.879648572866611
-0.970295726276003
0.553391549243387
0.152985836284021
-0.779337964931450
0.998026728428274
-0.694658370459013
0.027921638723613
0.653420603990055
-0.992965508106533
0.813100761047056
-0.207911690817774
-0.506033764121132
0.955278362122326
-0.904827052466028
0.381070376350313
0.342020143325609
-0.886203579231201
0.966823388604471
-0.541708210282750
-0.166768746716069
0.788010753606687
-0.997052752226921
0.684547105928717
-0.013962180339207
-0.663926212652222
0.994521895368267
-0.804893797355954
0.194234351220003
0.518027009373084
-0.959313974540036
0.898794046299208
-0.368124552684680
-0.355106962408115
0.892585818452104
-0.963162566797675
0.529919264233278
0.180519145250566
-0.796529918024186
0.995884398615973
-0.674302387583765
0.000000000000078
0.674302387583649
-0.995884398615969
0.796529918024212
-0.180519145250608
-0.529919264233145
0.963162566797633
-0.892585818452124
0.355106962408155
0.368124552684640
-0.898794046299139
0.959313974540080
-0.518027009373121
-0.194234351219961
0.804893797355894
-0.994521895368278
0.663926212652297
0.013962180339050
-0.684547105928686
0.997052752226917
-0.788010753606749
0.166768746716167
0.541708210282666
-0.966823388604460
0.886203579231221
-0.342020143325703
-0.381070376350220
0.904827052465985
-0.955278362122372
0.506033764121169
0.207911690817732
