0.000000000000000
0.967457292663056
0.489599871965052
-0.719686113050190
-0.853810500668346
0.287599327432018
0.999355523643320
0.218143241396541
-0.888960053096193
-0.668018115955500
0.550896981452103
0.946809845192917
-0.071746136761381
-0.983118320656126
-0.425779291565071
0.767644740358010
0.814260281314377
-0.355573083550945
-0.994204695916450
-0.147562812492457
0.919527772551451
0.612907053652972
-0.609354685562810
-0.921282398275821
0.143122483211122
0.993712209893242
0.359764181061800
-0.811646811946195
-0.770513242775786
0.421714162855312
0.983929588598629
0.076221822798883
-0.945356108439569
-0.554636976794305
0.664671684553431
0.891006524188366
-0.213761154992119
-0.999184357885974
-0.291894792201032
0.851465534561477
0.722794863827387
-0.485681664337314
-0.968583161128628
-0.004487974438922
0.966311937657224
0.493508218064340
-0.716562866343793
-0.856138269310459
0.283298069832755
0.999506560365730
0.222520933956305
-0.886895676556420
-0.671351092125993
0.547145889934087
0.948244511287224
-0.067269005612045
-0.982287250728689
-0.429835844221530
0.764760776027605
0.816857349838948
-0.351374824081343
-0.994677156652777
-0.152000169561263
0.917754625683983
0.616447076559463
-0.605790043840827
-0.923018467515392
0.138679271154450
0.993199708502814
0.363948032196781
-0.809016994374950
-0.773366225503506
0.417640539972139
0.984721038215624
0.080695973575204
-0.943883330308372
-0.558365800629660
0.661311865323654
0.893035048612882
-0.209374763007092
-0.998993066541314
-0.296184377620466
0.849103418222200
0.725889056058877
-0.481753674101730
-0.969689520376685
-0.008975858480991
0.965147119180893
0.497406623913212
-0.713425186616691
-0.858448793601858
0.278991106039245
0.999637465011020
0.226894144495870
-0.884813436149741
-0.674670545932066
0.543383777794815
0.949660077825421
-0.062790519529329
-0.981436395555740
-0.433883739117540
0.761861407873411
0.819437965209718
-0.347169487214429
-0.995129582585908
-0.156434465040216
0.915962993388167
0.619974682979075
-0.602213200286087
-0.924735945302231
0.134233265817666
0.992667202067976
0.368124552684664
-0.806370881570463
-0.776203631076341
0.413558504966525
0.985492653565722
0.085168498971950
-0.942391540464042
-0.562083377852119
0.657938725939713
0.895045585511166
-0.204984153792235
-0.998781653462335
-0.300467997289443
0.846724199228296
0.728968627421402
-0.477815980375940
-0.970776348122913
-0.013463561731182
0.963962860695858
0.501295010989918
-0.710273137068073
-0.860742027003937
0.274678522802417
0.999748234942505
0.231262784929921
-0.882713373816691
-0.677976410513215
0.539610720810803
0.951056516295149
-0.058310768718965
-0.980565772275222
-0.437922894720338
0.758946694294567
0.822002075447906
-0.342957157654152
-0.995561964603078
-0.160865609613673
0.914152911751098
0.623489801858710
-0.598624226943448
-0.926434797042885
0.129784556752309
0.992114701314478
0.372293658401922
-0.803708526830795
-0.779025402343228
0.409468140058905
0.986244419107035
0.089639308903413
-0.940880768954227
-0.565789633582194
0.654552334343443
0.897038094386955
-0.200589415783288
-0.998550122907322
-0.304745564927202
0.844327925502033
0.732033515886169
-0.473868662473008
-0.971843622476416
-0.017950993798083
0.962759186055468
0.505173300974485
-0.707106781186571
-0.863017923326338
0.270360406986362
0.999838867929057
0.235626767265302
-0.880595531856751
-0.681268619282653
0.535826794979025
0.952433798569315
-0.053829843412137
-0.979675398423240
-0.441953229673215
0.756016693999271
0.824549628907130
-0.338737920245322
-0.995974293995236
-0.165293514029449
0.912324417231463
0.626992362396808
-0.595023196102059
-0.928114988519032
0.125333233564336
0.991542217370810
0.376455265374385
-0.801029983781129
-0.781831482468004
0.405369527637435
0.986976319697492
0.094108313318483
-0.939351046208939
-0.569484493168446
0.651152758743590
0.899012535107105
-0.196190637499149
-0.998298479539765
-0.309016994374918
0.841914645309194
0.735083659720172
-0.469911799899924
-0.972891321940135
-0.022438064295751
0.961536119504151
0.509041415750346
-0.703926182748976
-0.865276436727943
0.266036845566695
0.999909362145143
0.239986003602514
-0.878459952927515
-0.684547105928667
0.532032076515374
0.953791896906690
-0.049347833863771
-0.978765291933718
-0.445974662797021
0.753071466003618
0.827080574274546
-0.334511859971886
-0.996366562457242
-0.169718089100650
0.910477546658830
0.630482294044673
-0.591410180293917
-0.929776485888241
0.120879385912368
0.990949761767934
0.380609289778847
-0.798335306372721
-0.784621814930560
0.401262750256483
0.987688340595133
0.098575422202402
-0.937802403039848
-0.573167882188908
0.647740067614458
0.900968867902397
-0.191787907539968
-0.998026728428272
-0.313282199597394
0.839484407258107
0.738118997487329
-0.465945472355853
-0.973919425411292
-0.026924682845655
0.960293685676949
0.512899277405871
-0.700731405818953
-0.867517521717709
0.261707925628630
0.999959716170870
0.244340406137887
-0.876306680043874
-0.687811804415929
0.528226641853131
0.955130783952418
-0.044864830350545
-0.977835471138036
-0.449987113092065
0.750111069630473
0.829594860571809
-0.330279061955218
-0.996738762088012
-0.174139245707359
0.908612337232893
0.633959526508113
-0.587785252292490
-0.931419255684604
0.116423103505876
0.990337346439119
0.384755647944909
-0.795624548881807
-0.787396343527973
0.397147890634799
0.988380467458424
0.103040545578590
-0.936234870639740
-0.576839726452721
0.644314329694527
0.902907053368346
-0.187381314585743
-0.997734875046458
-0.317541094684795
0.837037260298635
0.741139468049836
-0.461969759730628
-0.974927912181809
-0.031410759078110
0.959031909598974
0.516746808235950
-0.697522514745709
-0.869741133155682
0.257373734365343
0.999989928992004
0.248689887164837
-0.874135756577072
-0.691062648986828
0.524410567641421
0.956450432738623
-0.040380923169190
-0.976885954764659
-0.453990499739531
0.747135564508171
0.832092437156126
-0.326039611452403
-0.997090885390700
-0.178556894798597
0.906728826522731
0.637423989748677
-0.584148485111112
-0.933043264819426
0.111964476103372
0.989704983719637
0.388894256356558
-0.792897765908508
-0.790155012375680
0.393025031653952
0.989052686346536
0.107503593510462
-0.934648480581918
-0.580499952001541
0.640875613985066
0.904827052465988
-0.182970947394084
-0.997422925272836
-0.321793593854390
0.834573253721314
0.744145010569327
-0.457984742103115
-0.975916761938731
-0.035896202634553
0.957750816684943
0.520583930743555
-0.694299574162860
-0.871947226253843
0.253034359076183
0.999999999999999
0.253034359076104
-0.871947226253883
-0.694299574162801
0.520583930743625
0.957750816684919
-0.035896202634634
-0.975916761938761
-0.457984742103043
0.744145010569381
0.834573253721269
-0.321793593854467
-0.997422925272830
-0.182970947394004
0.904827052466047
0.640875613985003
-0.580499952001608
-0.934648480581889
0.107503593510543
0.989052686346548
0.393025031653877
-0.790155012375730
-0.792897765908459
0.388894256356633
0.989704983719626
0.111964476103234
-0.933043264819455
-0.584148485111046
0.637423989748739
0.906728826522697
-0.178556894798677
-0.997090885390706
-0.326039611452272
0.832092437156171
0.747135564508117
-0.453990499739604
-0.976885954764642
-0.040380923169109
0.956450432738647
0.524410567641304
-0.691062648986887
-0.874135756577032
0.248689887164916
0.999989928992005
0.257373734365209
-0.869741133155694
-0.697522514745691
0.516746808236020
0.959031909598951
-0.031410759078191
-0.974927912181840
-0.461969759730505
0.741139468049852
0.837037260298622
-0.317541094684872
-0.997734875046452
-0.187381314585664
0.902907053368405
0.644314329694422
-0.576839726452741
-0.936234870639732
0.103040545578671
0.988380467458437
0.397147890634724
-0.787396343528059
-0.795624548881724
0.384755647945037
0.990337346439116
0.116423103505795
-0.931419255684633
-0.587785252292424
0.633959526508220
0.908612337232835
-0.174139245707495
-0.996738762088014
-0.330279061955141
0.829594860571854
0.750111069630420
-0.449987113092188
-0.977835471138007
-0.044864830350407
0.955130783952425
0.528226641853062
-0.687811804415988
-0.876306680043835
0.244340406137966
0.999959716170871
0.261707925628497
-0.867517521717721
-0.700731405818895
0.512899277405941
0.960293685676926
-0.026924682845736
-0.973919425411323
-0.465945472355731
0.738118997487345
0.839484407258063
-0.313282199597471
-0.998026728428267
-0.191787907539888
0.900968867902457
0.647740067614353
-0.573167882188928
-0.937802403039820
0.098575422202483
0.987688340595145
0.401262750256408
-0.784621814930646
-0.798335306372638
0.380609289778870
0.990949761767931
0.120879385912287
-0.929776485888271
-0.591410180293851
0.630482294044781
0.910477546658772
-0.169718089100674
-0.996366562457244
-0.334511859971809
0.827080574274591
0.753071466003564
-0.445974662797145
-0.978765291933689
-0.049347833863746
0.953791896906697
0.532032076515305
-0.684547105928727
-0.878459952927476
0.239986003602648
0.999909362145145
0.266036845566671
-0.865276436727955
-0.703926182748919
0.509041415750416
0.961536119504129
-0.022438064295889
-0.972891321940167
-0.469911799899802
0.735083659720189
0.841914645309150
-0.309016994374996
-0.998298479539760
-0.196190637499013
0.899012535107165
0.651152758743485
-0.569484493168466
-0.939351046208911
0.094108313318564
0.986976319697505
0.405369527637360
-0.781831482468091
-0.801029983781046
0.376455265374408
0.991542217370799
0.125333233564255
-0.928114988519062
-0.595023196101971
0.626992362396894
0.912324417231407
-0.165293514029501
-0.995974293995241
-0.338737920245245
