0.000000000000000
0.939179908520382
-0.645076728758680
-0.496108264620358
0.985829223087088
-0.181009595945469
-0.861502587724552
0.772733573497350
0.330749702924250
-0.999909362145144
0.356039116274356
0.755363512779365
-0.874861356216686
-0.154464050742589
0.980955155349191
-0.519306051163166
-0.624269236421599
0.948086046606166
-0.026924682845665
-0.929592799279030
0.665416495326260
0.472550764869053
-0.989988495651931
0.207423896524603
0.847519169570125
-0.789543348300235
-0.305220472894333
0.999184357885974
-0.381070376350272
-0.737445760655814
0.887585789004551
0.127806508293848
-0.975369826478427
0.542127304478909
0.603009105203023
-0.956304755963033
0.053829843412133
0.919331670207193
-0.685273788370237
-0.448650632745079
0.993429957280054
-0.233687800263655
-0.832921240710098
0.805780648924968
0.279469936662875
-0.997734875046455
0.405825333736805
0.718993308750841
-0.899666659983950
-0.101056297182954
0.969077286229077
-0.564555477561937
-0.581311750185829
0.963830077451576
-0.080695973575211
-0.908403961341503
0.704634209963592
0.424425197516723
-0.996151112670950
0.259782263994527
0.817719385664437
-0.821433702192350
-0.253516765170587
0.995561964603079
-0.430286039357557
-0.700019536383349
0.911095209678024
0.074232813184869
-0.962082097133161
0.586574308417300
0.559192903470752
-0.970656554687102
0.107503593510535
0.896817596035586
-0.723483722445859
-0.399892024319746
0.998149988796537
-0.285688367404957
-0.801924626841819
0.836491158543390
0.227379776282966
-0.992667202067974
0.454434757489223
0.680538200866022
-0.921863151588501
-0.047355505202592
0.954389331192288
-0.608167831851776
-0.536668602769483
0.976779237995924
-0.134233265817654
-0.884580975215086
0.741808658601431
0.375068901421523
-0.999425136331751
0.311387326757158
0.785548416547711
-0.850942100268535
-0.201077921145980
0.989052686346542
-0.478253978621319
-0.660563427530414
0.931962678203969
0.020443861165202
-0.946004566200075
0.629320391049839
0.513755179776209
-0.982193688004176
0.160865609613685
0.871702971286386
-0.759595731569280
-0.349973827323187
0.999975630705394
-0.336860508507183
-0.768602628680532
0.864776049423810
0.174630270445114
-0.984721038215627
0.501726432151653
0.640109699484967
-0.941386466660895
0.006482606102181
0.936933881697908
-0.650016648925813
-0.490469248326083
0.986895978856717
-0.187381314585728
-0.858192921703495
0.776832044476765
0.324624997709615
-0.999801072770523
0.362089442815756
0.751099550122299
-0.877982975427977
-0.148056000577905
0.979675398423232
-0.524835098908910
-0.619191847113802
0.950127684053199
-0.033404373026472
-0.927183854566792
0.670241599244479
0.466827692348884
-0.990882701063623
0.213761154992134
0.844060622197780
-0.793505099790903
-0.299040792256082
0.998901589093855
-0.387055836939982
-0.733051871829834
0.890553302335503
0.121374379749677
-0.973919425411309
0.547563223492522
0.597825037323698
-0.958179992386569
0.060301919442778
0.916761554258671
-0.689980577501576
-0.442847653627059
0.994150963972313
-0.239986003602547
-0.829316319675365
0.809602808379791
0.273239761301954
-0.997277831864001
0.411741588497076
0.714472679632799
-0.902477915779748
-0.094604754002543
0.967457292663058
-0.569894326421793
-0.576024762547005
0.965537553173964
-0.087155742747625
-0.905674537670635
0.709219271556551
0.418546519366779
-0.996698397863468
0.266036845566672
0.813970704787291
-0.825113498278287
-0.247240612400067
0.994930978418584
-0.436128798589622
-0.695375444745732
0.913748169581490
0.067766533188509
-0.960293685676941
0.591812216084367
0.553806829508383
-0.972195031668977
0.113946372040057
0.893930843665510
-0.727943732009892
-0.393941909590980
0.998523155669250
-0.291894792201046
-0.798034904178238
0.840025923150772
0.221062196752797
-0.991862730390570
0.460199784783840
0.675774014000231
-0.924355892018032
-0.040879176895807
0.952433798569332
-0.613301000476469
-0.531187347764096
0.978147600733806
-0.140654382239025
-0.881538987243271
0.746140382317549
0.369051664363425
-0.999623914312564
0.317541094684819
0.781520472418838
-0.854329270445645
-0.194723495543399
0.988075312474494
-0.483937093930247
-0.655682599805293
0.934293391748345
0.013962180339158
-0.943883330308373
0.634345098725630
0.508182718021323
-0.983390944339320
0.167260408168106
0.868507953366982
-0.763796028634646
-0.343893830853725
0.999999875666361
-0.342957157654122
-0.764439383627692
0.868013169235257
0.168243606173436
-0.983571470813390
0.507323514818577
0.635115769842210
-0.943553463389697
0.012964939775283
0.934648480581910
-0.654929252388084
-0.484809620246347
0.987921260694510
-0.193745158596781
-0.854847190448118
0.780897869382060
0.318486650251721
-0.999650767132349
0.368124552684684
0.746804022789509
-0.881067697735383
-0.141641728415598
0.978354471007615
-0.530342090657248
-0.614088436501844
0.952129392742128
-0.039882659401069
-0.924735945302255
0.675038536511945
0.461085001570705
-0.991735265002983
0.220089430227582
0.840566603495689
-0.797433504528604
-0.292848544541131
0.998576841838647
-0.393025031653945
-0.728627176774982
0.893483390499333
0.114937150492859
-0.972428095747110
0.552976131367937
0.592615846072359
-0.960014961656769
0.066771461307940
0.914152911751102
-0.694658370458975
-0.437026064003187
0.994830191844713
-0.246274121620004
-0.825676546934624
0.813390944581494
0.266998103142969
-0.996778878456252
0.417640539972168
0.709922025069451
-0.905251245281027
-0.088149235092945
0.965796642068656
-0.575209225687242
-0.570713567684424
0.967204452544322
-0.093611849232831
-0.902907053368375
0.713774528476690
0.412650251957026
-0.997203797181177
0.272280247040546
0.810187817097840
-0.828758619280194
-0.240954069435937
0.994258180634418
-0.441953229673176
-0.690702130216933
0.916362729562212
0.061297405329199
-0.958464918240224
0.597025253065957
0.548397482022547
-0.973692652520787
0.120384362016263
0.891006524188363
-0.732373150012774
-0.387975239601773
0.998854359982399
-0.298088950228368
-0.794111644398371
0.843525385985078
0.214735327167091
-0.991016576055467
0.465945472355790
0.670981427986003
-0.926809786739320
-0.034401130657009
0.950438240274685
-0.618408395357501
-0.525683769810565
0.979474857187150
-0.147069587712981
-0.878459952927497
0.750440749765121
0.363018918048093
-0.999780683474845
0.323681518067619
0.777459685186401
-0.857680537756940
-0.188360886759308
0.987056415109559
-0.489599871965032
-0.650774217265871
0.936584841964785
0.007479912757771
-0.941722428075187
0.639343148287546
0.502588900079098
-0.984546874040381
0.173648177666866
0.865276436727981
-0.767964227459504
-0.337799382375506
0.999982096009160
-0.349039394155698
-0.760244013297630
0.871213811120194
0.161849871527515
-0.982380569190503
0.512899277405901
0.630095149698371
-0.945680807639529
0.019446728601644
0.932323801215521
-0.659814332695153
-0.479129618224928
0.988905025513376
-0.200100860540509
-0.851465534561504
0.784930877348485
0.312334918512294
-0.999458451547166
0.374144192257845
0.742477111298893
-0.884115393504622
-0.135221503812940
0.976992428613797
-0.535826794979005
-0.608959219054567
0.954091088551923
-0.046359269721982
-0.922249174357857
0.679807105539096
0.455322933869032
-0.992546151641318
0.226408456287611
0.837037260298650
-0.801328397423528
-0.286643989976493
0.998210129767737
-0.398977709638865
-0.724171861437511
0.896375930360118
0.108495091045690
-0.970895900158410
0.558365800629685
0.587381750363226
-0.961809586659770
0.073238197127643
0.911505852311670
-0.699306970660010
-0.431186108523512
0.995467612352967
-0.252551890060303
-0.822002075447921
0.817144898335113
0.260745224489198
-0.996238035791520
0.423521940260751
0.705341536300442
-0.907986531939598
-0.081690011745053
0.964095404234126
-0.580499952001517
-0.565378388799189
0.968830705511817
-0.100064021715328
-0.900101624737237
0.718299789291121
0.406736643075789
-0.997667289384868
0.278512206039636
0.806370881570465
-0.832368912013273
-0.234657400467729
0.993543599524650
-0.447759087838747
-0.685999789191194
0.918938779744379
0.054825701469401
-0.956595871676316
0.602213200286040
0.542965088339155
-0.975149354305548
0.126817292884880
0.888044760497648
-0.736771790309766
-0.381992265099235
0.999143587817245
-0.304270581179874
-0.790155012375682
0.846989399982746
0.208399433410076
-0.990128774621972
0.471671578744793
0.666160644229917
-0.929224732628384
-0.027921638723594
0.948402740170915
-0.623489801858705
-0.520158100194487
0.980760951578475
-0.153478612642789
-0.875344001663089
0.754709580222730
0.356970915999552
-0.999895437230424
0.329808338856415
0.773366225503491
-0.860995761366643
-0.181990362179833
0.985996037070502
-0.495242074749634
-0.645838486185012
0.938836932555984
0.000997330835812
-0.939521950311602
0.644314329694479
0.496973961027576
-0.985661428529857
0.180028649666412
0.862008557172538
-0.772100152876997
-0.331690738005568
0.999922292480975
-0.355106962408079
-0.756016693999296
0.874377840572768
0.155449335201808
-0.981148383394188
0.518453485594253
0.625048050043164
-0.947768410009589
0.025927700186617
0.929959941292485
-0.664671684553424
-0.473429480961696
0.989847231970981
-0.206448153320989
-0.848048096156438
0.788930898890435
0.306170061015490
-0.999224134096955
0.380148108562337
0.738118997487374
-0.887125934657359
-0.128795596577623
0.975589328481133
-0.541288981381404
-0.603804410325538
0.956012689043005
-0.052833931812043
-0.919723646239232
0.684547105928699
0.449541731392491
-0.993315326901437
0.232717967617588
0.833472740925949
-0.805189614794404
-0.280427389306019
0.997801468292051
-0.404913620735899
-0.719686113050213
0.899230800360061
0.102048472133067
-0.969322903035180
0.563732004778852
0.582122970157338
-0.963563791977085
0.079701855139581
0.908820487182120
-0.703926182748886
-0.425328032610013
0.996063198709710
-0.258819045102535
-0.818293059633568
0.820864511882121
0.254481388115565
-0.995655326598524
0.429385542199398
0.700731405818925
-0.910683660806167
-0.075227355405070
0.962353650653257
-0.585766283024021
-0.560019450099902
0.970416243733754
-0.106511989044997
-0.897258369674354
0.722794863827424
0.400805941240410
-0.998088854996450
0.284732460668047
0.802520058610475
-0.835944224756238
-0.228350870110640
0.992787265119300
-0.453546129097280
-0.681268619282749
0.921476211870405
0.048351693580261
-0.954686624531129
0.607375839723179
0.537509876752315
-0.976565075805993
0.133244894304637
0.885045677060212
-0.741139468049821
-0.375993237515617
0.999390827019093
-0.310439425274795
-0.786165174386245
0.850417819569862
0.202054781745468
-0.989199363399611
0.477377863313233
0.661311865323639
-0.931600628197971
-0.021440973393826
0.946327383799200
-0.628545006435796
-0.514610571130241
0.982005829860193
-0.159881187691702
-0.872191264396617
0.758946694294608
0.350907912382598
-0.999968170756824
0.335921299574086
0.769240265396209
-0.864274801953674
-0.175612189523926
0.984894222919339
-0.500863465172556
-0.640875613985085
0.941049568878665
-0.005485292998487
-0.937281989491885
0.649258434034274
0.491338136832505
-0.986734560968987
0.186401556029755
0.858704452032176
-0.776203631076343
-0.325568154457283
0.999820467595024
-0.361159607424100
-0.751757603384044
0.877505124625999
0.149042266176221
-0.979874965206523
0.523985905970029
0.619974682979051
-0.949816182769118
0.032407582169754
0.927557000153187
-0.669501103834470
-0.467709448002924
0.990747840471445
-0.212786770195463
-0.844595018849511
0.792897765908406
0.299992336837177
-0.998947824628829
0.386136049285733
0.733729864502966
-0.890099194676843
-0.122364276755866
0.974145229574328
-0.546728420318404
-0.598624226943472
0.957894113460937
-0.059306373575904
-0.917159467080747
0.689258338483897
0.443741637093988
-0.994042758459019
0.239017699062618
0.829873195175266
-0.809016994374958
-0.274199003780230
0.997350874585437
-0.410832515490411
-0.715170120125052
0.902047880524227
0.095597564671834
-0.967709170482004
0.569074518302918
0.576839726452861
-0.965277503888957
0.086162163711300
0.906096929213817
-0.708515812605196
-0.419452082446228
0.996616925885652
-0.265075323371761
-0.814549655361559
0.824549628907096
0.248206857257437
-0.995030775365409
0.435231099372344
0.696091827364061
-0.913342518534860
-0.068761537663920
0.960571454522710
-0.591007997438993
-0.554636976794320
0.971961000578514
-0.112955480248326
-0.894377407666400
0.727259563181706
0.394858395686088
-0.998468476299781
0.290940749522248
0.798635510047326
-0.839484407258105
-0.222034743394343
0.991989209202996
-0.459314110250445
-0.676508819316982
0.923974919305617
0.041875653729180
-0.952737257040121
0.612512954419575
0.532032076515429
-0.977939757526858
0.139666896157779
0.882009399911617
-0.745475999682774
-0.369978408957900
0.999596067197813
-0.316595223269675
-0.782142298101289
0.853810500668323
0.195701638804529
-0.988228381446560
0.483064086256951
0.656435295035360
-0.933937373602086
-0.014959407015341
0.944212258375500
-0.633573796645617
-0.509041415750353
0.983209439716720
-0.166277043794139
-0.869001873620788
0.763151913917334
0.344830161992886
-0.999998880997441
0.342020143325545
0.765081978256548
-0.867517521717646
-0.169226636832003
0.983751018959377
-0.506463806996884
-0.635885809228664
0.943222657947582
-0.011967686315641
-0.935002639749586
0.654175253533066
0.485681664337375
-0.987766226259840
0.192766628937795
0.855364260160495
-0.780274489610345
-0.319431889029703
0.999676625630465
-0.367197074843847
-0.747466920438701
0.880595531856732
0.142628933705641
-0.978560368142518
0.529496306035444
0.614875261712461
-0.951824039861275
0.038886102236341
0.925115078780196
-0.674302387583683
-0.461969759730542
0.991606813167021
-0.219116444786279
-0.841106447755058
0.796831311696514
0.293802005593997
-0.998629534754572
0.392107762786974
0.729309896797176
-0.893035048612836
-0.115927814621235
0.972660192581147
-0.552144883199250
-0.593418886603805
0.959735282739435
-0.065776323011751
-0.914556744641112
0.693940605217001
0.437922894720404
-0.994728415744065
0.245307385878750
0.826238774315963
-0.812810375320937
-0.267959095144354
0.996858367583937
-0.416734145163388
-0.710624072445010
0.904827052466028
0.089142639759062
-0.966054770315326
0.574393116684576
0.571532241275936
-0.966950650377229
0.092618851350311
0.903335292863355
-0.713075667351153
-0.413558504966648
0.997128770610607
-0.271320461950350
-0.810772019947115
0.828200094544575
0.241921895599719
-0.994364408338672
0.441058366122148
0.691422995912140
-0.915962993388136
-0.062292830244818
0.958748890738545
-0.596224874965634
-0.549231195078669
0.973464911128325
-0.119394224540138
-0.891458859784615
0.731693699726736
0.388894256356603
-0.998806137341427
0.297136811700804
0.794717399127639
-0.842989310743788
-0.215709285751576
0.991149465313794
-0.465062788901309
-0.671720589323028
0.926434797042908
0.035397854069749
-0.950747851124623
0.617624328489559
0.526531917830703
-0.979273341697714
0.146083028562435
0.878936056650163
-0.749781202967742
-0.363948032196883
0.999759299728270
-0.322737716469529
-0.778086552580956
0.857167300702045
0.189340271576145
-0.987215869567954
0.488730008614171
0.651531138301026
-0.936234870639722
-0.008477211973182
0.942057452787313
-0.638575961155418
-0.503450868096873
0.984371730566868
-0.172665912166207
-0.865775963368380
0.767325062368287
0.338737920245268
-0.999987566661691
0.348104613809502
0.760891538834886
-0.870723784384594
-0.162833972454399
0.982566473233289
-0.512042864870462
-0.630869281610763
0.945356108439523
-0.018449576695056
-0.932683996873480
0.659064581563023
0.480004781253012
-0.988756381046997
0.199123600901074
0.851988121928034
-0.784312557402920
-0.313282199597501
0.999490772632193
-0.373219110944601
-0.743144825477377
0.883648932391878
0.136209607307611
-0.977204647447576
0.534984454218203
0.609750000544565
-0.953791896906689
0.045362988129127
0.922634279794510
-0.679075334029004
-0.456210657353188
0.992424113959720
-0.225436911090802
-0.837582529478905
0.800731370948702
0.287599327431962
-0.998269277850219
0.398062998107363
0.724859280117791
-0.895933373087336
-0.109486480664079
0.971134279909629
-0.557538142399323
-0.588188608058731
0.961536119504119
-0.072243508222622
-0.911915588298713
0.698593709357676
0.432085748802096
-0.995372269942037
0.251586763744376
0.822569631083465
-0.816569598217005
-0.261707925628638
0.996323967984964
-0.422618261740654
-0.706048161055790
0.907568199391616
0.082683968660200
-0.964359772060807
0.579687576412012
0.566200737672001
-0.968583161128637
0.099071646716976
0.900535694187315
-0.717605555360739
-0.407647547846437
0.997598711374504
-0.277554198388927
-0.806960312143875
0.831815755384859
0.235626767265448
-0.993656253522182
0.446867097560221
0.686725107669375
-0.918544975241574
-0.055821504993213
0.956886035893253
-0.601416696366263
-0.543802332128699
0.974927912181807
-0.125827951334854
-0.888502848680080
0.736097087119752
0.382913773892455
-0.999101823931319
0.303320386816751
0.790765890508411
-0.846458787921163
-0.209374763007090
0.990268068741587
-0.470791923463414
-0.666904130524284
0.928855741706668
0.028918566828832
-0.948718490388811
0.622709747129740
0.521009631840617
-0.980565772275231
0.152493021882606
0.875825776431832
-0.754054896979877
-0.357902360656666
0.999880517750667
-0.328866646738609
-0.773998108266285
0.860488078602888
0.182970947394155
-0.986161870314184
0.494375392276837
0.646599601215803
-0.938493022759512
-0.001994660679610
0.939863057589459
-0.643551289750769
-0.497839163110264
0.985492653565719
-0.179047524318343
-0.862513669207281
0.771465964272619
0.332631443164337
-0.999934228225053
0.354174455327949
0.756669123232714
-0.873893455212310
-0.156434465040203
0.981340635521246
-0.517600404335677
-0.625826241948894
0.947449830697108
-0.024930691737960
-0.930326158303579
0.663926212652149
0.474307726148690
-0.989704983719615
0.205472204769793
0.848576179215614
-0.788317664755506
-0.307119344598847
0.999262916410622
-0.379225462652774
-0.738791500134787
0.886665197913534
0.129784556752357
-0.975807860095298
0.540450119880559
0.604599114862352
-0.955719671206771
0.051837967659648
0.920114707450687
-0.683819742589325
-0.450432382894773
0.993199708502811
-0.231747903494038
-0.834023412112266
0.804597779766588
0.281384563016721
-0.997867069055420
0.404001504979962
0.720378201500147
-0.898794046299145
-0.103040545578808
0.969567555685788
-0.562907971269122
-0.582933611109103
0.963296548075564
-0.078707657427041
-0.909236109047056
0.703217455360648
0.426230444642714
-0.995974293995229
0.257855568771224
0.818865919672007
-0.820294505083365
-0.255445757935909
0.995747698246438
-0.428484617944631
-0.701442578258664
0.910271206105423
0.076221822798920
-0.962624246950053
0.584957674987177
0.560845439695300
-0.970174967537416
0.105520278635224
0.897698250837972
-0.722105286267274
-0.401719459491759
0.998026728428272
-0.283776270716626
-0.803114692137290
0.835396459481291
0.229321736804800
-0.992906340675857
0.452657049577016
0.681998360062587
-0.921088355588446
-0.049347833863883
0.954982968272738
-0.606583243456726
-0.538350616090711
0.976349942256945
-0.132256390257077
-0.885509498577946
