0.000000000000000
0.984459424705048
-0.345766150139932
-0.863017923326350
0.648879084367481
0.635115769842179
-0.871947226253861
-0.328866646738584
0.987453210044202
-0.017950993798094
-0.981148383394172
0.362554225509615
0.853810500668348
-0.662433288431473
-0.621147780278311
0.880595531856735
0.311861161409531
-0.990128774621971
0.035896202634577
0.977521153141461
-0.379225462652925
-0.844327925502016
0.675774014000216
0.606979617058054
-0.888960053096189
-0.294755174410910
0.992485256199832
-0.053829843412123
-0.973578902873160
0.395774489027929
0.834573253721307
-0.688896961836224
-0.592615846072358
0.897038094386965
0.277554198388938
-0.994521895368272
0.071746136761368
0.969322903035170
-0.412195971476854
-0.824549628907145
0.701797902883985
0.578061096249562
-0.904827052466016
-0.260263776601397
0.996238035791517
-0.089639308903416
-0.964754525183625
0.428484617944737
0.814260281314386
-0.714472679632793
-0.563320058063632
0.912324417231449
0.242889481131232
-0.997633124419045
0.107503593510515
0.959875241542890
-0.444635179184920
-0.803708526830792
0.726917207456600
0.548397482022585
-0.919527772551443
-0.225436911090858
0.998706711663817
-0.125333233564289
-0.954686624531128
0.460642450450620
0.792897765908482
-0.739127475930335
-0.533298177137570
0.926434797042883
0.207911690817768
-0.999458451547163
0.143122483211098
0.949190346253544
-0.476501273172309
-0.781831482468041
0.751099550122287
0.518027009373145
-0.933043264819437
-0.190319468062064
0.999888101810272
-0.160865609613684
-0.943388177963536
0.492206536620106
0.770513242775796
-0.762829571862259
-0.502588900079059
0.939351046208920
0.172665912166287
-0.999995523992272
0.178556894798602
0.937281989491902
-0.507753179550725
-0.758946694294576
0.774313760984833
0.486988824404393
-0.945356108439558
-0.154956712238521
0.999780683474845
-0.196190637499069
-0.930873748644213
0.523136191838672
0.747135564508165
-0.785548416547693
-0.471231809694099
0.951056516295146
0.137197575318828
-0.999243649493386
0.213761154992096
0.924165520566714
-0.538350616090667
-0.735083659720187
0.796529918024186
0.455322933869026
-0.956450432738627
-0.119394224540257
0.998384595114692
-0.231262784929914
-0.917159467080783
0.553391549243312
0.722794863827416
-0.807254726470146
-0.439267323789415
0.961536119504139
0.101552397284396
-0.997203797181182
0.248689887164824
0.909857845986211
-0.568254144143238
-0.710273137068077
0.817719385664415
0.423070153602620
-0.966311937657216
-0.083677843332340
0.995701636221689
-0.266036845566652
-0.902263010333666
0.582933611109030
0.697522514745717
-0.827920523222560
-0.406736643075817
0.970776348122906
0.065776323011937
-0.993878596328831
0.283298069832707
0.894377407666355
-0.597425219474840
-0.684547105928697
0.837854851683726
0.390272055913761
-0.974927912181814
-0.047853605341185
0.991735265002987
-0.300467997289444
-0.886203579231230
0.611724299114956
0.671351092126028
-0.847519169570092
-0.373681698062531
0.978765291933698
0.029915466169428
-0.989272332962996
0.317541094684817
0.877744159160123
-0.625826241948794
-0.657938725939753
0.856910362418576
0.356970915999538
-0.982287250728683
-0.011967686315638
0.986490593923524
-0.334511859971799
-0.869001873620744
0.639726503425757
0.644314329694507
-0.866025403784415
-0.340145095010569
0.985492653565718
-0.005983950294371
-0.983390944339334
0.351374824081278
0.859979539938295
-0.653420603990054
-0.630482294044743
0.874861356216655
0.323209657454494
-0.988380467458420
0.023933658491716
0.979974383116331
-0.368124552684647
-0.850680065687370
0.666904130524160
0.616447076559515
-0.883415372204693
-0.306170061015511
0.990949761767930
-0.041875653729145
-0.976242011289674
0.384755647944886
0.841106447755030
-0.680172737770881
-0.602213200286099
0.891684695095854
0.289031796944491
-0.993199708502806
0.059804153944959
0.972195031668990
-0.401262750256406
-0.831261771375101
0.693222149733932
0.587785252292507
-0.899666659983920
-0.271800388289505
0.995129582585904
-0.077713381426477
-0.967834748450682
0.417640539972097
0.821149209133740
-0.706048161055806
-0.573167882188974
0.907358694567850
0.254481388115624
-0.996738762088011
0.095597564671761
0.963162566797665
-0.433883739117505
-0.810772019947107
0.718646638372888
0.558365800629684
-0.914758319980670
-0.237080377715522
0.998026728428267
-0.113450940249900
-0.958179992386580
0.449987113092051
0.800133548011235
-0.731013521647737
-0.543383777794845
0.921863151588471
0.219602964810992
-0.998993066541310
0.131267754658189
0.952888630922479
-0.465945472355787
-0.789237221724122
0.743144825477366
0.528226641853141
-0.928670899758813
-0.202054781745453
0.999637465011019
-0.149042266176111
-0.947290187621405
0.481753674101660
0.778086552580971
-0.755036640377480
-0.512899277405933
0.935179370598530
0.184441483669062
-0.999959716170870
0.166768746716018
0.941386466660921
-0.497406623913149
-0.766685134042678
0.766685134042591
0.497406623913267
-0.941386466660875
-0.166768746716152
0.999959716170871
-0.184441483668929
-0.935179370598578
0.512899277405865
0.755036640377568
-0.778086552580922
-0.481753674101778
0.947290187621380
0.149042266176244
-0.999637465011021
0.202054781745321
0.928670899758842
-0.528226641853027
-0.743144825477419
0.789237221724039
0.465945472355907
-0.952888630922438
-0.131267754658323
0.998993066541316
-0.219602964810860
-0.921863151588523
0.543383777794731
0.731013521647830
-0.800133548011154
-0.449987113092171
0.958179992386541
0.113450940250034
-0.998026728428272
0.237080377715390
0.914758319980724
-0.558365800629619
-0.718646638372942
0.810772019947028
0.433883739117627
-0.963162566797644
-0.095597564671839
0.996738762088022
-0.254481388115493
-0.907358694567883
0.573167882188909
0.706048161055902
-0.821149209133663
-0.417640539972168
0.967834748450634
0.077713381426612
-0.995129582585917
0.271800388289430
0.899666659984004
-0.587785252292398
-0.693222149734030
0.831261771375058
0.401262750256582
-0.972195031668958
-0.059804153945094
0.993199708502815
-0.289031796944361
-0.891684695095915
0.602213200286037
0.680172737770938
-0.841106447754957
-0.384755647945011
0.976242011289657
0.041875653729223
-0.990949761767948
0.306170061015383
0.883415372204730
-0.616447076559364
-0.666904130524260
0.850680065687299
0.368124552684720
-0.979974383116293
-0.023933658491851
0.988380467458441
-0.323209657454420
-0.874861356216748
0.630482294044638
0.653420603990156
-0.859979539938255
-0.351374824081457
0.983390944339310
0.005983950294449
-0.985492653565732
0.340145095010442
0.866025403784483
-0.644314329694447
-0.639726503425817
0.869001873620677
0.334511859971927
-0.986490593923511
0.011967686315559
0.982287250728709
-0.356970915999411
-0.856910362418617
0.657938725939608
0.625826241948899
-0.877744159160058
-0.317541094684892
0.989272332962968
-0.029915466169293
-0.978765291933726
0.373681698062458
0.847519169570194
-0.671351092125928
-0.611724299115063
0.886203579231194
0.300467997289573
-0.991735265002970
0.047853605341107
0.974927912181832
-0.390272055913637
-0.837854851683800
0.684547105928640
0.597425219474903
-0.894377407666282
-0.283298069832837
0.993878596328819
-0.065776323011859
-0.970776348122945
0.406736643075720
0.827920523222604
-0.697522514745599
-0.582933611109140
0.902263010333620
0.266036845566728
-0.995701636221674
0.083677843332206
0.966311937657244
-0.423070153602549
-0.817719385664509
0.710273137067981
0.568254144143326
-0.909857845986178
-0.248689887164983
0.997203797181171
-0.101552397284290
-0.961536119504160
0.439267323789268
0.807254726470225
-0.722794863827342
-0.553391549243378
0.917159467080717
0.231262784930045
-0.998384595114686
0.119394224540094
0.956450432738666
-0.455322933868931
-0.796529918024234
0.735083659720076
0.538350616090781
-0.924165520566673
-0.213761154992173
0.999243649493380
-0.137197575318694
-0.951056516295179
0.471231809694030
0.785548416547795
-0.747135564508075
-0.523136191838763
0.930873748644184
0.196190637499229
-0.999780683474842
0.154956712238415
0.945356108439584
-0.486988824404250
-0.774313760984919
0.758946694294506
0.507753179550792
-0.937281989491845
-0.178556894798736
0.999995523992272
-0.172665912166126
-0.939351046208966
0.502588900078966
0.762829571862310
-0.770513242775691
-0.492206536620224
0.943388177963500
0.160865609613762
-0.999888101810275
0.190319468061931
0.933043264819476
-0.518027009373078
-0.751099550122395
0.781831482467957
0.476501273172403
-0.949190346253519
-0.143122483211260
0.999458451547167
-0.207911690817678
-0.926434797042907
0.533298177137444
0.739127475930416
-0.792897765908426
-0.460642450450676
0.954686624531084
0.125333233564409
-0.998706711663822
0.225436911090685
0.919527772551501
-0.548397482022484
-0.726917207456663
0.803708526830695
0.444635179185041
-0.959875241542860
-0.107503593510593
0.997633124419056
-0.242889481131101
-0.912324417231492
0.563320058063567
0.714472679632908
-0.814260281314308
-0.428484617944833
0.964754525183605
0.089639308903579
-0.996238035791527
0.260263776601307
0.904827052466044
-0.578061096249440
-0.701797902884072
0.824549628907092
0.412195971477016
-0.969322903035133
-0.071746136761489
0.994521895368281
-0.277554198388774
-0.897038094387028
0.592615846072267
0.688896961836286
-0.834573253721213
-0.395774489028060
0.973578902873136
0.053829843412202
-0.992485256199852
0.294755174410781
0.888960053096238
-0.606979617057991
-0.675774014000331
0.844327925501947
0.379225462653017
-0.977521153141446
-0.035896202634733
0.990128774621988
-0.311861161409440
-0.880595531856767
0.621147780278194
