0.000000000000000
0.924735945302240
-0.703926182748944
-0.388894256356594
0.999959716170870
-0.372293658401945
-0.716562866343791
0.917754625683980
0.017950993798097
-0.931419255684617
0.691062648986865
0.405369527637435
-0.999637465011020
0.355573083550942
0.728968627421411
-0.910477546658815
-0.035896202634583
0.937802403039828
-0.677976410513222
-0.421714162855308
0.998993066541314
-0.338737920245289
-0.741139468049853
0.902907053368371
0.053829843412127
-0.943883330308368
0.664671684553425
0.437922894720369
-0.998026728428271
0.321793593854446
0.753071466003611
-0.895045585511172
-0.071746136761380
0.949660077825424
-0.651152758743572
-0.453990499739551
0.996738762088014
-0.304745564927221
-0.764760776027599
0.886895676556411
0.089639308903429
-0.955130783952422
0.637423989748686
0.469911799899911
-0.995129582585911
0.287599327432016
0.776203631076355
-0.878459952927505
-0.107503593510523
0.960293685676943
-0.623489801858728
-0.485681664337304
0.993199708502812
-0.270360406986350
-0.787396343528015
0.869741133155696
0.125333233564304
-0.965147119180892
0.609354685562802
0.501295010989922
-0.990949761767934
0.253034359076127
0.798335306372706
-0.860742027003944
-0.143122483211121
0.969689520376687
-0.595023196102040
-0.516746808235993
0.988380467458429
-0.235626767265309
-0.809016994374953
0.851465534561468
0.160865609613688
-0.973919425411301
0.580499952001575
0.532032076515337
-0.985492653565725
0.218143241396534
0.819437965209738
-0.841914645309160
-0.178556894798629
0.977835471138025
-0.565789633582214
-0.547145889934088
0.982287250728686
-0.200589415783262
-0.829594860571839
0.832092437156159
0.196190637499089
-0.981436395555739
0.550896981452101
0.562083377852134
-0.978765291933709
0.182970947394042
0.839484407258085
-0.822002075447914
-0.213761154992110
0.984721038215626
-0.535826794978993
-0.576839726452750
0.974927912181820
-0.165293514029470
-0.849103418222188
0.811646811946198
0.231262784929950
-0.987688340595137
0.520583930743603
0.591410180293916
-0.970776348122914
0.147562812492441
0.858448793601861
-0.801029983781117
-0.248689887164855
0.990337346439118
-0.505173300974494
-0.605790043840828
0.966311937657219
-0.129784556752298
-0.867517521717714
0.790155012375691
0.266036845566677
-0.992667202067973
0.489599871965043
0.619974682979101
-0.961536119504143
0.111964476103315
0.876306680043861
-0.779025402343246
-0.283298069832753
0.994677156652778
-0.473868662472988
-0.633959526508173
0.956450432738633
-0.094108313318491
-0.884813436149737
0.767644740357991
0.300467997289457
-0.996366562457241
0.457984742103055
0.647740067614424
-0.951056516295146
0.076221822798888
0.893035048612898
-0.756016693999249
-0.317541094684825
0.997734875046456
-0.441953229673238
-0.661311865323666
0.945356108439570
-0.058310768718912
-0.900968867902419
0.744145010569367
0.334511859971855
-0.998781653462333
0.425779291565056
0.674670545932069
-0.939351046208914
0.040380923169148
0.908612337232887
-0.732033515886179
-0.351374824081327
0.999506560365731
-0.409468140058898
-0.687811804415974
0.933043264819444
-0.022438064295774
-0.915962993388168
0.719686113050202
0.368124552684691
-0.999909362145144
0.393025031653903
0.700731405818911
-0.926434797042875
0.004487974438921
0.923018467515389
-0.707106781186538
-0.384755647944924
0.999989928992004
-0.376455265374396
-0.713425186616702
0.919527772551449
0.013463561731164
-0.929776485888254
0.694299574162855
0.401262750256491
-0.999748234942506
0.359764181061782
0.725889056058889
-0.912324417231440
-0.031410759078137
0.936234870639731
-0.681268619282653
-0.417640539972123
0.999184357885973
-0.342957157654132
-0.738118997487361
0.904827052466016
0.049347833863733
-0.942391540464039
0.668018115955508
0.433883739117578
-0.998298479539764
0.326039611452313
0.750111069630462
-0.897038094386976
-0.067269005612053
0.948244511287222
-0.654552334343419
-0.449987113092117
0.997090885390700
-0.309016994374944
-0.761861407873392
0.888960053096187
0.085168498971946
-0.953791896906697
0.640875613985028
0.465945472355848
-0.995561964603079
0.291894792201000
0.773366225503516
-0.880595531856744
-0.103040545578659
0.959031909598963
-0.626992362396798
-0.481753674101715
0.993712209893238
-0.274678522802383
-0.784621814930581
0.871947226253854
0.120879385912316
-0.963962860695858
0.612907053652977
0.497406623913248
-0.991542217370803
0.257373734365320
0.795624548881788
-0.863017923326355
-0.138679271154457
0.968583161128629
-0.598624226943411
-0.512899277405909
0.989052686346546
-0.239986003602554
-0.806370881570455
0.853810500668336
0.156434465040226
-0.972891321940150
0.584148485111085
0.528226641853113
-0.986244419107038
0.222520933956328
0.816857349838965
-0.844327925502018
-0.174139245707413
0.976885954764647
-0.569484493168424
-0.543383777794812
0.983118320656128
-0.204984153792215
-0.827080574274556
0.834573253721289
0.191787907539959
-0.980565772275225
0.554636976794257
0.558365800629647
-0.979675398423232
0.187381314585679
0.837037260298610
-0.824549628907142
-0.209374763007113
0.983929588598640
-0.539610720810801
-0.573167882188932
0.975916761938737
-0.169718089100705
-0.846724199228281
0.814260281314362
0.226894144495934
-0.986976319697491
0.524410567641356
0.587785252292507
-0.971843622476431
0.152000169561273
0.856138269310474
-0.803708526830753
-0.244340406137871
0.989704983719635
-0.509041415750335
-0.602213200286049
0.967457292663058
-0.134233265817632
-0.865276436727973
0.792897765908490
0.261707925628607
-0.992114701314482
0.493508218064383
0.616447076559461
-0.962759186055454
0.116423103505769
0.874135756577042
-0.781831482468026
-0.278991106039265
0.994204695916446
-0.477815980375925
-0.630482294044729
0.957750816684914
-0.098575422202472
-0.882713373816684
0.770513242775766
0.296184377620433
-0.995974293995237
0.461969759730573
0.644314329694533
-0.952433798569331
0.080695973575216
0.891006524188382
-0.758946694294512
-0.313282199597418
0.997422925272834
-0.445974662797024
-0.657938725939688
0.946809845192917
-0.062790519529281
-0.899012535107150
0.747135564508160
0.330279061955181
-0.998550122907322
0.429835844221569
0.671351092126002
-0.940880768954214
0.044864830350452
0.906728826522699
-0.735083659720167
-0.347169487214461
0.999355523643319
-0.413558504966524
-0.684547105928709
0.934648480581888
-0.026924682845683
-0.914152911751097
0.722794863827360
0.363948032196749
-0.999838867929057
0.397147890634756
0.697522514745744
-0.928114988519046
0.008975858480988
0.921282398275838
-0.710273137068084
-0.380609289778857
0.999999999999999
-0.380609289778811
-0.710273137068039
0.921282398275818
0.008975858481038
-0.928114988519023
0.697522514745708
0.397147890634802
-0.999838867929056
0.363948032196808
0.722794863827395
-0.914152911751077
-0.026924682845620
0.934648480581906
-0.684547105928672
-0.413558504966569
0.999355523643321
-0.347169487214414
-0.735083659720201
0.906728826522726
0.044864830350502
-0.940880768954231
0.671351092125965
0.429835844221512
-0.998550122907320
0.330279061955134
0.747135564508194
-0.899012535107128
-0.062790519529331
0.946809845192933
-0.657938725939736
-0.445974662797069
0.997422925272831
-0.313282199597370
-0.758946694294544
0.891006524188360
0.080695973575265
-0.952433798569312
0.644314329694494
0.461969759730617
-0.995974293995232
0.296184377620494
0.770513242775798
-0.882713373816660
-0.098575422202409
0.957750816684929
-0.630482294044690
-0.477815980375969
0.994204695916453
-0.278991106039217
-0.781831482468057
0.874135756577073
0.116423103505818
-0.962759186055467
0.616447076559422
0.493508218064328
-0.992114701314475
0.261707925628558
0.792897765908451
-0.865276436727948
-0.134233265817681
0.967457292663070
-0.602213200286100
-0.509041415750379
0.989704983719628
-0.244340406137933
-0.803708526830783
0.856138269310448
0.152000169561323
-0.971843622476416
0.587785252292467
0.524410567641399
-0.986976319697501
0.226894144495886
0.814260281314391
-0.846724199228254
-0.169718089100642
0.975916761938748
-0.573167882188891
-0.539610720810843
0.983929588598631
-0.209374763007064
-0.824549628907170
0.837037260298645
0.187381314585728
-0.979675398423242
0.558365800629605
0.554636976794298
-0.980565772275215
0.191787907539910
0.834573253721285
-0.827080574274560
-0.204984153792264
0.983118320656137
-0.543383777794818
-0.569484493168465
0.976885954764636
-0.174139245707420
-0.844327925502014
0.816857349838937
0.222520933956377
-0.986244419107037
0.528226641853071
0.584148485111125
-0.972891321940152
0.156434465040232
0.853810500668362
-0.806370881570425
-0.239986003602548
0.989052686346545
-0.512899277405866
-0.598624226943406
0.968583161128631
-0.138679271154407
-0.863017923326380
0.795624548881793
0.257373734365314
-0.991542217370809
0.497406623913254
0.612907053652972
-0.963962860695845
0.120879385912267
0.871947226253851
-0.784621814930585
-0.274678522802431
0.993712209893237
-0.481753674101721
-0.626992362396837
0.959031909598948
-0.103040545578666
-0.880595531856741
0.773366225503485
0.291894792200994
-0.995561964603078
0.465945472355804
0.640875613985066
-0.953791896906699
0.085168498971953
0.888960053096210
-0.761861407873360
-0.309016994374937
0.997090885390703
-0.449987113092073
-0.654552334343414
0.948244511287224
-0.067269005612003
-0.897038094386998
0.750111069630467
0.326039611452360
-0.998298479539767
0.433883739117584
0.668018115955503
-0.942391540464022
0.049347833863684
0.904827052466013
-0.738118997487328
-0.342957157654179
0.999184357885972
-0.417640539972130
-0.681268619282690
0.936234870639713
-0.031410759078144
