0.000000000000000
0.510328512712696
0.877744159160097
0.999355523643320
0.841106447755017
0.447313148315632
-0.071746136761379
-0.570713567684431
-0.909857845986198
-0.994204695916451
-0.800133548011206
-0.381992265099263
0.143122483211118
0.628157079632705
0.937281989491890
0.983929588598629
0.755036640377520
0.314702536658174
-0.213761154992113
-0.682362976111756
-0.959875241542888
-0.968583161128631
-0.706048161055832
-0.245790784309489
0.283298069832747
0.733051871829824
0.977521153141460
0.948244511287226
0.653420603990107
0.175612189523977
-0.351374824081342
-0.779962508642704
-0.990128774621971
-0.923018467515398
-0.597425219474877
-0.104528463267655
0.417640539972129
0.822853102117263
0.997633124419045
0.893035048612885
0.538350616090683
0.032905981689421
-0.481753674101711
-0.861502587724549
-0.999995523992272
-0.858448793601867
-0.476501273172330
0.038886102236381
0.543383777794801
0.895711760239411
0.997203797181179
0.819437965209734
0.412195971476867
-0.110477761379563
-0.602213200286079
-0.925304300473994
-0.989272332962988
-0.776203631076356
-0.345766150139936
0.181500001629212
0.657938725939711
0.950127684053200
0.976242011289669
0.728968627421413
0.277554198388937
-0.251586763744503
-0.710273137068052
-0.970053967548095
-0.958179992386568
-0.677976410513222
-0.207911690817762
0.320376810078726
0.758946694294552
0.984980447915482
0.935179370598553
0.623489801858738
0.137197575318815
-0.387515586452095
-0.803708526830787
-0.994830191844717
-0.907358694567866
-0.565789633582218
-0.065776323011897
0.452657049577013
0.844327925502010
0.999552432283502
0.874861356216691
0.505173300974503
-0.005983950294381
-0.515465450616854
-0.880595531856735
-0.999122830098858
-0.837854851683752
-0.441953229673233
0.077713381426508
0.575617065685665
0.912324417231449
0.993543599524648
0.796529918024199
0.376455265374397
-0.149042266176168
-0.632801864369474
-0.939351046208920
-0.982843496749095
-0.751099550122306
-0.309016994374958
0.219602964810943
0.686725107669343
0.961536119504146
0.967077671701077
0.701797902883997
0.239986003602574
-0.289031796944462
-0.737108867130237
-0.978765291933708
-0.946327383799165
-0.648879084367486
-0.169718089100676
0.356970915999481
0.783693457325834
0.990949761767933
0.920699583128427
0.592615846072356
0.098575422202456
-0.423070153602590
-0.826238774315986
-0.998026728428270
-0.890326359203705
-0.533298177137569
-0.026924682845666
0.486988824404357
0.864525533178358
0.999959716170870
0.855364260160509
0.471231809694092
-0.044864830350507
-0.548397482022555
-0.898356398235635
-0.996738762088014
-0.815993485882559
-0.406736643075805
0.116423103505810
0.606979617058042
0.927557000153151
0.988380467458431
0.772416959224609
0.340145095010564
-0.187381314585720
-0.662433288431466
-0.951976834664471
-0.974927912181826
-0.724859280117746
-0.271800388289481
0.257373734365293
0.714472679632791
0.971490038292864
0.956450432738632
0.673565567947806
0.202054781745395
-0.326039611452328
-0.762829571862261
-0.985996037070501
-0.933043264819447
-0.618800198173372
-0.131267754658244
0.393025031653918
0.807254726470159
0.995420064911700
0.904827052466025
0.560845439695171
0.059804153945051
-0.457984742103058
-0.847519169570115
-0.999713548968502
-0.871947226253864
-0.500000000000011
0.011967686315580
0.520583930743595
0.883415372204702
0.998854359982400
0.834573253721308
0.436577485577686
-0.083677843332303
-0.580499952001568
-0.914758319980686
-0.992846926341837
-0.792897765908484
-0.370904785546285
0.154956712238475
0.637423989748680
0.941386466660896
0.981722211257636
0.747135564508163
0.303320386816864
-0.225436911090833
-0.691062648986852
-0.963162566797654
-0.965537553173976
-0.697522514745710
-0.234172629481243
0.294755174410891
0.741139468049840
0.979974383116316
0.944376370237483
0.644314329694507
0.163817911415148
-0.362554225509598
-0.787396343528003
-0.991735265002980
-0.918347730347651
-0.587785252292490
-0.092618851350337
0.428484617944742
0.829594860571821
0.998384595114689
0.887585789004562
0.528226641853095
0.020942419883378
-0.492206536620104
-0.867517521717705
-0.999888101810273
-0.852249097851395
-0.465945472355840
0.050841951945610
0.553391549243327
0.900968867902412
0.996238035791519
0.812519787475590
0.401262750256495
-0.122364276755706
-0.611724299114997
-0.929776485888244
-0.987453210044204
-0.768602628680534
-0.334511859971858
0.193255917795531
0.666904130524171
0.953791896906684
0.973578902873163
0.720723977066267
0.266036845566680
-0.263151488952119
-0.718646638372912
-0.972891321940137
-0.954686624531126
-0.669130606358870
-0.196190637499119
0.331690738005517
0.766685134042636
0.986976319697491
0.930873748644213
0.614088436501830
0.125333233564319
-0.398520403422590
-0.810772019947072
-0.995974293995237
-0.902263010333664
-0.555881163064906
-0.053829843412134
0.463296035119849
0.850680065687327
0.999838867929057
0.869001873620739
0.494808795034674
-0.017950993798072
-0.525683769810476
-0.886203579231208
-0.998550122907321
-0.831261771375092
-0.431186108523515
0.089639308903417
0.585362051785807
0.917159467080755
0.992114701314478
0.789237221724091
0.365341024366420
-0.160865609613691
-0.642023290261340
-0.943388177963524
-0.980565772275225
-0.743144825477401
-0.297612917967916
0.231262784929926
0.695375444745682
0.964754525183617
0.963962860695858
0.693222149734006
0.228350870110665
-0.300467997289435
-0.745143530260954
-0.981148383394165
-0.942391540464038
-0.639726503425809
-0.157911867740864
0.368124552684670
0.791071034656331
0.992485256199829
0.915962993388179
0.582933611109057
0.086658964004086
-0.433883739117533
-0.832921240710079
-0.998706711663818
-0.884813436149748
-0.523136191838720
-0.014959407015274
0.497406623913206
0.870478446205536
0.999780683474845
0.849103418222200
0.460642450450651
-0.056817252993015
-0.558365800629654
-0.903549075692475
-0.995701636221690
-0.809016994374966
-0.395774489027950
0.128301068387821
0.616447076559447
0.931962678203959
0.986490593923523
0.764760776027613
0.328866646738613
-0.199123600901007
-0.671351092125989
-0.955572805786132
-0.972195031668987
-0.716562866343802
-0.260263776601414
0.268919820615236
0.722794863827384
0.974257768312786
0.952888630922465
0.664671684553451
0.190319468062062
-0.337329987382809
-0.770513242775769
-0.987921260694507
-0.928670899758833
-0.609354685562828
-0.119394224540277
0.404001504979983
0.814260281314366
0.996492859249501
0.899666659983967
0.550896981452115
0.047853605341200
-0.468590738440690
-0.853810500668340
-0.999928384677747
-0.866025403784451
-0.489599871965083
0.023933658491735
0.530764785202583
0.888960053096178
0.998210129767736
0.827920523222582
0.425779291565096
-0.095597564671786
-0.590203190936445
-0.919527772551441
-0.991346950662074
-0.785548416547731
-0.359764181061823
0.166768746716077
0.646599601215774
0.945356108439564
0.979374221211601
0.739127475930362
0.291894792201068
-0.237080377715482
-0.699663340513348
-0.966311937657215
-0.962353650653290
-0.688896961836244
-0.222520933956341
0.306170061015424
0.749120910386198
0.982287250728683
0.940372965551583
0.635115769842208
0.152000169561285
-0.373681698062477
-0.794717399127534
-0.993199708502807
-0.913545457642609
-0.578061096249581
-0.080695973575255
0.439267323789368
0.836217795619826
0.998993066541312
0.882009399911631
0.518027009373147
0.008975858481026
-0.502588900079019
-0.873408200617121
-0.999637465011021
-0.845927333913369
-0.455322933869049
0.062790519529294
0.563320058063599
0.906096929213783
0.995129582585915
0.805485232008613
0.390272055913779
-0.134233265817617
-0.621147780278295
-0.934115498817179
-0.985492653565731
-0.760891538834845
-0.323209657454480
0.204984153792201
0.675774014000189
0.957319497532061
0.970776348122923
0.712376096951367
0.254481388115604
-0.274678522802370
-0.726917207456594
-0.975589328481110
-0.951056516295166
-0.660188962196508
-0.184441483669008
0.342957157654094
0.774313760984841
0.988830826225124
0.926434797042900
0.604599114862409
0.113450940250002
-0.409468140058862
-0.817719385664408
-0.996975742105720
-0.897038094386979
-0.545893073330330
-0.041875653729242
0.473868662472979
0.856910362418574
0.999982096009160
0.863017923326372
0.484373417312221
-0.029915466169366
-0.535826794978962
-0.891684695095867
-0.997834392738112
-0.824549628907160
-0.420357228309605
0.101552397284340
0.595023196102011
0.921863151588484
0.990543701876219
0.781831482468046
0.354174455328047
-0.172665912166237
-0.651152758743556
-0.947290187621384
-0.978147600733813
-0.735083659720208
-0.286166214270822
0.242889481131188
0.703926182748914
0.967834748450660
0.960709980668823
0.684547105928715
0.216683029776491
-0.311861161409504
-0.753071466003589
-0.983390944339319
-0.938320717781197
-0.630482294044735
-0.146083028562447
0.379225462652887
0.798335306372686
0.993878596328823
0.911095209678041
0.573167882188961
0.074730093586451
-0.444635179184896
-0.839484407258053
-0.999243649493383
-0.879173780697067
-0.512899277405914
-0.002991988539403
0.507753179550731
0.876306680043833
0.999458451547165
0.842720958654050
0.449987113092172
-0.068761537663772
-0.568254144143249
-0.908612337232851
-0.994521895368276
-0.801924626841830
-0.384755647944981
0.140160656625118
0.625826241948808
0.936234870639721
0.984459424705052
0.756995055651795
0.317541094684881
-0.210837366614600
-0.680172737770878
-0.959031909598955
-0.969322903035171
-0.708163818808705
-0.248689887164884
0.280427389305993
0.731013521647758
0.976885954764641
0.949190346253557
0.655682599805323
0.178556894798657
-0.348572047321761
