0.000000000000000
0.756016693999252
-0.989704983719634
0.539610720810784
0.283298069832749
-0.910477546658815
0.908612337232873
-0.278991106039229
-0.543383777794805
0.990337346439117
-0.753071466003611
-0.004487974438924
0.758946694294556
-0.989052686346543
0.535826794978995
0.287599327432017
-0.912324417231454
0.906728826522707
-0.274678522802391
-0.547145889934084
0.990949761767933
-0.750111069630460
-0.008975858480995
0.761861407873404
-0.988380467458429
0.532032076515333
0.291894792201036
-0.914152911751093
0.904827052466018
-0.270360406986351
-0.550896981452103
0.991542217370804
-0.747135564508149
-0.013463561731185
0.764760776027597
-0.987688340595137
0.528226641853085
0.296184377620475
-0.915962993388165
0.902907053368373
-0.266036845566678
-0.554636976794306
0.992114701314476
-0.744145010569355
-0.017950993798092
0.767644740358007
-0.986976319697496
0.524410567641371
0.300467997289458
-0.917754625683983
0.900968867902415
-0.261707925628594
-0.558365800629666
0.992667202067973
-0.741139468049851
-0.022438064295809
0.770513242775791
-0.986244419107039
0.520583930743606
0.304745564927222
-0.919527772551450
0.899012535107121
-0.257373734365301
-0.562083377852130
0.993199708502812
-0.738118997487340
-0.026924682845662
0.773366225503510
-0.985492653565726
0.516746808235996
0.309016994374945
-0.921282398275820
0.897038094386969
-0.253034359076135
-0.565789633582210
0.993712209893241
-0.735083659720180
-0.031410759078123
0.776203631076348
-0.984721038215627
0.512899277405912
0.313282199597425
-0.923018467515393
0.895045585511177
-0.248689887164863
-0.569484493168444
0.994204695916449
-0.732033515886191
-0.035896202634572
0.779025402343239
-0.983929588598631
0.509041415750381
0.317541094684832
-0.924735945302235
0.893035048612891
-0.244340406137907
-0.573167882188933
0.994677156652779
-0.728968627421402
-0.040380923169161
0.781831482468037
-0.983118320656123
0.505173300974490
0.321793593854460
-0.926434797042891
0.891006524188362
-0.239986003602556
-0.576839726452752
0.995129582585911
-0.725889056058882
-0.044864830350523
0.784621814930596
-0.982287250728686
0.501295010989919
0.326039611452347
-0.928114988519040
0.888960053096190
-0.235626767265311
-0.580499952001577
0.995561964603079
-0.722794863827388
-0.049347833863754
0.787396343528013
-0.981436395555739
0.497406623913220
0.330279061955168
-0.929776485888251
0.886895676556414
-0.231262784929952
-0.584148485111086
0.995974293995238
-0.719686113050190
-0.053829843412126
0.790155012375688
-0.980565772275220
0.493508218064349
0.334511859971842
-0.931419255684616
0.884813436149740
-0.226894144495881
-0.587785252292468
0.996366562457242
-0.716562866343796
-0.058310768718932
0.792897765908470
-0.979675398423236
0.489599871965059
0.338737920245283
-0.933043264819440
0.882713373816687
-0.222520933956324
-0.591410180293900
0.996738762088013
-0.713425186616690
-0.062790519529302
0.795624548881773
-0.978765291933713
0.485681664337319
0.342957157654119
-0.934648480581905
0.880595531856744
-0.218143241396557
-0.595023196102024
0.997090885390700
-0.710273137068068
-0.067269005612023
0.798335306372691
-0.977835471138030
0.481753674101730
0.347169487214401
-0.936234870639730
0.878459952927518
-0.213761154992133
-0.598624226943419
0.997422925272832
-0.707106781186562
-0.071746136761358
0.801029983781102
-0.976885954764651
0.477815980375935
0.351374824081321
-0.937802403039820
0.876306680043874
-0.209374763007108
-0.602213200286062
0.997734875046453
-0.703926182748963
-0.076221822798859
0.803708526830772
-0.975916761938752
0.473868662473022
0.355573083550916
-0.939351046208932
0.874135756577042
-0.204984153792203
-0.605790043840841
0.998026728428272
-0.700731405818894
-0.080695973575243
0.806370881570477
-0.974927912181817
0.469911799899883
0.359764181061829
-0.940880768954233
0.871947226253850
-0.200589415783250
-0.609354685562825
0.998298479539765
-0.697522514745686
-0.085168498971980
0.809016994374959
-0.973919425411298
0.465945472355807
0.363948032196802
-0.942391540464040
0.869741133155685
-0.196190637499078
-0.612907053652990
0.998550122907321
-0.694299574162833
-0.089639308903449
0.811646811946203
-0.972891321940140
0.461969759730576
0.368124552684691
-0.943883330308371
0.867517521717710
-0.191787907539947
-0.616447076559479
0.998781653462334
-0.691062648986856
-0.094108313318525
0.814260281314384
-0.971843622476420
0.457984742103058
0.372293658401953
-0.945356108439571
0.865276436727941
-0.187381314585717
-0.619974682979096
0.998993066541314
-0.687811804415952
-0.098575422202450
0.816857349838959
-0.970776348122916
0.453990499739542
0.376455265374396
-0.946809845192918
0.863017923326348
-0.182970947394051
-0.623489801858735
0.999184357885974
-0.684547105928687
-0.103040545578644
0.819437965209732
-0.969689520376686
0.449987113092121
0.380609289778864
-0.948244511287225
0.860742027003943
-0.178556894798638
-0.626992362396816
0.999355523643320
-0.681268619282668
-0.107503593510521
0.822002075447907
-0.968583161128631
0.445974662797072
0.384755647944931
-0.949660077825423
0.858448793601868
-0.174139245707395
-0.630482294044708
0.999506560365730
-0.677976410513226
-0.111964476103299
0.824549628907135
-0.967457292663058
0.441953229673235
0.388894256356585
-0.951056516295149
0.856138269310466
-0.169718089100680
-0.633959526508152
0.999637465011020
-0.674670545932083
-0.116423103505810
0.827080574274553
-0.966311937657227
0.437922894720379
0.393025031653909
-0.952433798569317
0.853810500668355
-0.165293514029501
-0.637423989748676
0.999748234942505
-0.671351092126016
-0.120879385912307
0.829594860571820
-0.965147119180896
0.433883739117575
0.397147890634762
-0.953791896906685
0.851465534561486
-0.160865609613719
-0.640875613985007
0.999838867929057
-0.668018115955517
-0.125333233564281
0.832092437156140
-0.963962860695859
0.429835844221561
0.401262750256451
-0.955130783952415
0.849103418222206
-0.156434465040257
-0.644314329694473
0.999909362145144
-0.664671684553445
-0.129784556752261
0.834573253721286
-0.962759186055468
0.425779291565099
0.405369527637409
-0.956450432738622
0.846724199228300
-0.152000169561298
-0.647740067614409
0.999959716170870
-0.661311865323675
-0.134233265817623
0.837037260298611
-0.961536119504157
0.421714162855338
0.409468140058859
-0.957750816684919
0.844327925502033
-0.147562812492493
-0.651152758743545
0.999989928992004
-0.657938725939740
-0.138679271154399
0.839484407258056
-0.960293685676953
0.417640539972166
0.413558504966484
-0.959031909598953
0.841914645309191
-0.143122483211160
-0.654552334343403
0.999999999999999
-0.654552334343466
-0.143122483211077
0.841914645309146
-0.959031909598977
0.413558504966560
0.417640539972090
-0.960293685676930
0.839484407258101
-0.138679271154481
-0.657938725939677
0.999989928992004
-0.651152758743608
-0.147562812492411
0.844327925501989
-0.957750816684943
0.409468140058935
0.421714162855262
-0.961536119504134
0.837037260298657
-0.134233265817705
-0.661311865323613
0.999959716170871
-0.647740067614472
-0.152000169561215
0.846724199228255
-0.956450432738646
0.405369527637485
0.425779291565023
-0.962759186055445
0.834573253721332
-0.129784556752343
-0.664671684553383
0.999909362145145
-0.644314329694450
-0.156434465040286
0.849103418222222
-0.955130783952406
0.401262750256423
0.429835844221588
-0.963962860695867
0.832092437156123
-0.125333233564251
-0.668018115955540
0.999838867929056
-0.640875613984983
-0.160865609613749
0.851465534561502
-0.953791896906676
0.397147890634734
0.433883739117603
-0.965147119180904
0.829594860571803
-0.120879385912277
-0.671351092126039
0.999748234942505
-0.637423989748653
-0.165293514029531
0.853810500668370
-0.952433798569308
0.393025031653881
0.437922894720406
-0.966311937657234
0.827080574274536
-0.116423103505779
-0.674670545932106
0.999637465011019
-0.633959526508128
-0.169718089100710
0.856138269310482
-0.951056516295140
0.388894256356557
0.441953229673262
-0.967457292663066
0.824549628907118
-0.111964476103269
-0.677976410513248
0.999506560365729
-0.630482294044684
-0.174139245707425
0.858448793601884
-0.949660077825414
0.384755647944903
0.445974662797100
-0.968583161128639
0.822002075447890
-0.107503593510491
-0.681268619282690
0.999355523643319
-0.626992362396792
-0.178556894798668
0.860742027003959
-0.948244511287215
0.380609289778835
0.449987113092148
-0.969689520376693
0.819437965209714
-0.103040545578614
-0.684547105928709
0.999184357885977
-0.623489801858711
-0.182970947393969
0.863017923326363
-0.946809845192945
0.376455265374368
0.453990499739468
-0.970776348122923
0.816857349839007
-0.098575422202419
-0.687811804415892
0.998993066541313
-0.619974682979161
-0.187381314585746
0.865276436727899
-0.945356108439561
0.372293658402031
0.457984742103085
-0.971843622476400
0.814260281314366
-0.094108313318608
-0.691062648986878
0.998781653462339
-0.616447076559455
-0.191787907539865
0.867517521717725
-0.943883330308399
0.368124552684663
0.461969759730502
-0.972891321940147
0.811646811946252
-0.089639308903419
-0.694299574162773
0.998550122907319
-0.612907053653055
-0.196190637499107
0.869741133155644
-0.942391540464030
0.363948032196879
0.465945472355834
-0.973919425411279
0.809016994374941
-0.085168498972063
-0.697522514745708
0.998298479539770
-0.609354685562801
-0.200589415783169
0.871947226253865
-0.940880768954261
0.359764181061801
0.469911799899810
-0.974927912181824
0.806370881570527
-0.080695973575213
-0.700731405818835
0.998026728428270
-0.605790043840907
-0.204984153792233
0.874135756577001
-0.939351046208922
0.355573083551047
0.473868662472999
-0.975916761938722
