0.000000000000000
0.703926182748944
-0.999959716170870
0.716562866343791
-0.017950993798096
-0.691062648986864
0.999637465011020
-0.728968627421410
0.035896202634581
0.677976410513221
-0.998993066541314
0.741139468049854
-0.053829843412124
-0.664671684553428
0.998026728428271
-0.753071466003608
0.071746136761376
0.651152758743575
-0.996738762088014
0.764760776027596
-0.089639308903432
-0.637423989748690
0.995129582585910
-0.776203631076352
0.107503593510517
0.623489801858739
-0.993199708502813
0.787396343528007
-0.125333233564297
-0.609354685562813
0.990949761767935
-0.798335306372697
0.143122483211114
0.595023196102041
-0.988380467458431
0.809016994374944
-0.160865609613694
-0.580499952001577
0.985492653565726
-0.819437965209729
0.178556894798633
0.565789633582217
-0.982287250728688
0.829594860571829
-0.196190637499092
-0.550896981452104
0.978765291933711
-0.839484407258075
0.213761154992099
0.535826794979009
-0.974927912181826
0.849103418222185
-0.231262784929938
-0.520583930743620
0.970776348122921
-0.858448793601865
0.248689887164841
0.505173300974500
-0.966311937657226
0.867517521717717
-0.266036845566663
-0.489599871965050
0.961536119504151
-0.876306680043864
0.283298069832738
0.473868662473021
-0.956450432738634
0.884813436149726
-0.300467997289442
-0.457984742103089
0.951056516295156
-0.893035048612874
0.317541094684835
0.441953229673247
-0.945356108439571
0.900968867902408
-0.334511859971837
-0.425779291565092
0.939351046208925
-0.908612337232864
0.351374824081335
0.409468140058910
-0.933043264819446
0.915962993388157
-0.368124552684672
-0.393025031653942
0.926434797042889
-0.923018467515389
0.384755647944931
0.376455265374409
-0.919527772551452
0.929776485888244
-0.401262750256470
-0.359764181061824
0.912324417231455
-0.936234870639730
0.417640539972102
0.342957157654147
-0.904827052466032
0.942391540464028
-0.433883739117530
-0.326039611452357
0.897038094386981
-0.948244511287220
0.449987113092094
0.309016994374961
-0.888960053096206
0.953791896906687
-0.465945472355799
-0.291894792201074
0.880595531856737
-0.959031909598961
0.481753674101691
0.274678522802430
-0.871947226253861
0.963962860695849
-0.497406623913199
-0.257373734365341
0.863017923326348
-0.968583161128627
0.512899277405884
0.239986003602604
-0.853810500668344
0.972891321940141
-0.528226641853063
-0.222520933956351
0.844327925502012
-0.976885954764645
0.543383777794786
0.204984153792266
-0.834573253721330
0.980565772275217
-0.558365800629644
-0.187381314585760
0.824549628907168
-0.983929588598627
0.573167882188904
0.169718089100703
-0.814260281314406
0.986976319697494
-0.587785252292456
-0.152000169561301
0.803708526830816
-0.989704983719633
0.602213200286067
0.134233265817688
-0.792897765908503
0.992114701314476
-0.616447076559455
-0.116423103505854
0.781831482468058
-0.994204695916450
0.630482294044700
0.098575422202474
-0.770513242775817
0.995974293995238
-0.644314329694482
-0.080695973575247
0.758946694294583
-0.997422925272833
0.657938725939701
0.062790519529342
-0.747135564508177
0.998550122907317
-0.671351092125993
-0.044864830350542
0.735083659720204
-0.999355523643318
0.684547105928679
0.026924682845689
-0.722794863827419
0.999838867929056
-0.697522514745693
-0.008975858481023
0.710273137068084
-0.999999999999999
0.710273137068049
-0.008975858480973
-0.697522514745729
0.999838867929058
-0.722794863827384
0.026924682845639
0.684547105928715
-0.999355523643322
0.735083659720170
-0.044864830350493
-0.671351092126030
0.998550122907323
-0.747135564508144
0.062790519529292
0.657938725939738
-0.997422925272837
0.758946694294514
-0.080695973575197
-0.644314329694520
0.995974293995242
-0.770513242775749
0.098575422202424
0.630482294044739
-0.994204695916456
0.781831482467991
-0.116423103505805
-0.616447076559495
0.992114701314483
-0.792897765908438
0.134233265817638
0.602213200286106
-0.989704983719640
0.803708526830753
-0.152000169561251
-0.587785252292497
0.986976319697502
-0.814260281314344
0.169718089100654
0.573167882188945
-0.983929588598636
0.824549628907108
-0.187381314585711
-0.558365800629732
0.980565772275227
-0.834573253721302
0.204984153792162
0.543383777794828
-0.976885954764643
0.844327925501985
-0.222520933956303
-0.528226641853154
0.972891321940153
-0.853810500668348
0.239986003602500
0.512899277405927
-0.968583161128654
0.863017923326323
-0.257373734365293
-0.497406623913291
0.963962860695862
-0.871947226253864
0.274678522802327
0.481753674101735
-0.959031909598991
0.880595531856713
-0.291894792201026
-0.465945472355894
0.953791896906702
-0.888960053096196
0.309016994374887
0.449987113092139
-0.948244511287254
0.897038094386946
-0.326039611452336
-0.433883739117626
0.942391540464045
-0.904827052466023
0.342957157654074
0.417640539972147
-0.936234870639768
0.912324417231435
-0.359764181061803
-0.401262750256542
0.929776485888262
-0.919527772551410
0.376455265374337
0.384755647944951
-0.923018467515430
0.926434797042870
-0.393025031653922
-0.368124552684745
0.915962993388177
-0.933043264819407
0.409468140058838
0.351374824081356
-0.908612337232909
0.939351046208908
-0.425779291565073
-0.334511859971911
0.900968867902430
-0.945356108439536
0.441953229673177
0.317541094684855
-0.893035048612922
0.951056516295140
-0.457984742103070
-0.300467997289516
0.884813436149749
-0.956450432738603
0.473868662472952
0.283298069832759
-0.876306680043902
0.961536119504137
-0.489599871964957
-0.266036845566738
0.867517521717728
-0.966311937657199
0.505173300974457
0.248689887164862
-0.858448793601906
0.970776348122909
-0.520583930743517
-0.231262784930014
0.849103418222204
-0.974927912181802
0.535826794978955
0.213761154992120
-0.839484407258118
0.978765291933704
-0.550896981452015
-0.196190637499155
0.829594860571841
-0.982287250728671
0.565789633582176
0.178556894798640
-0.819437965209774
0.985492653565720
-0.580499952001490
-0.160865609613757
0.809016994374956
-0.988380467458416
0.595023196102001
0.143122483211121
-0.798335306372744
0.990949761767930
-0.609354685562728
-0.125333233564361
0.787396343528020
-0.993199708502802
0.623489801858700
0.107503593510637
-0.776203631076397
0.995129582585908
-0.637423989748613
-0.089639308903488
0.764760776027606
-0.996738762088007
0.651152758743542
0.071746136761490
-0.753071466003655
0.998026728428269
-0.664671684553353
-0.053829843412181
0.741139468049861
-0.998993066541310
0.677976410513192
0.035896202634691
-0.728968627421456
0.999637465011019
-0.691062648986796
-0.017950993798148
0.716562866343797
-0.999959716170869
0.703926182748919
0.000000000000107
-0.703926182748990
0.999959716170870
-0.716562866343727
0.017950993798048
0.691062648986951
-0.999637465011022
0.728968627421388
-0.035896202634478
-0.677976410513266
0.998993066541314
-0.741139468049794
0.053829843412081
0.664671684553513
-0.998026728428275
0.753071466003589
-0.071746136761277
-0.651152758743618
0.996738762088015
-0.764760776027541
0.089639308903389
0.637423989748778
-0.995129582585917
0.776203631076334
-0.107503593510425
-0.623489801858778
0.993199708502814
-0.787396343527958
0.125333233564262
0.609354685562898
-0.990949761767943
0.798335306372684
-0.143122483211022
-0.595023196102081
0.988380467458449
-0.809016994374898
0.160865609613658
0.580499952001663
-0.985492653565737
0.819437965209716
-0.178556894798542
-0.565789633582258
0.982287250728711
-0.829594860571785
0.196190637499057
0.550896981452193
-0.978765291933724
0.839484407258064
-0.213761154992022
-0.535826794979039
0.974927912181850
-0.849103418222151
0.231262784929917
0.520583930743699
-0.970776348122933
0.858448793601854
-0.248689887164765
-0.505173300974543
0.966311937657254
-0.867517521717678
0.266036845566642
0.489599871965143
-0.961536119504165
0.876306680043853
-0.283298069832663
-0.473868662473040
0.956450432738665
-0.884813436149703
0.300467997289421
0.457984742103159
-0.951056516295171
0.893035048612826
-0.317541094684761
-0.441953229673267
0.945356108439606
-0.900968867902387
0.334511859971817
0.425779291565163
-0.939351046208942
0.908612337232820
-0.351374824081262
-0.409468140058929
0.933043264819484
-0.915962993388137
0.368124552684652
0.393025031653909
-0.926434797042950
0.923018467515348
-0.384755647944858
-0.376455265374429
0.919527772551449
-0.929776485888183
0.401262750256346
0.359764181061897
-0.912324417231475
0.936234870639733
-0.417640539972160
-0.342957157654274
0.904827052466065
-0.942391540464012
0.433883739117536
0.326039611452323
-0.897038094387041
0.948244511287186
-0.449987113092050
-0.309016994374982
0.888960053096189
-0.953791896906638
0.465945472355705
0.291894792201121
-0.880595531856761
0.959031909598963
-0.481753674101547
-0.274678522802532
0.871947226253913
-0.963962860695836
0.497406623913205
0.257373734365279
-0.863017923326431
0.968583161128601
-0.512899277405841
-0.239986003602597
0.853810500668341
-0.972891321940104
0.528226641852973
0.222520933956400
-0.844327925502038
0.976885954764646
-0.543383777794648
-0.204984153792371
0.834573253721357
-0.980565772275208
0.558365800629649
0.187381314585921
-0.824549628907229
0.983929588598608
-0.573167882188863
-0.169718089100696
0.814260281314369
-0.986976319697467
0.587785252292370
0.152000169561350
-0.803708526830812
0.989704983719634
-0.602213200285936
-0.134233265817794
0.792897765908533
-0.992114701314470
0.616447076559461
0.116423103506017
-0.781831482468124
0.994204695916439
-0.630482294044661
-0.098575422202467
0.770513242775776
-0.995974293995223
0.644314329694400
0.080695973575297
-0.758946694294579
0.997422925272833
-0.657938725939578
-0.062790519529449
