0.000000000000000
0.990815393959217
-0.267959095144396
-0.918347730347646
0.516319817386054
0.778712646036893
-0.726917207456614
-0.582122970157288
0.884348294314087
0.342957157654131
-0.977098659516908
-0.078707657427118
0.998384595114689
-0.191298475243088
-0.946649260115695
0.447313148315632
0.825676546934594
-0.670611596994813
-0.644314329694493
0.844861902173871
0.415827335842033
-0.957319497532066
-0.156926971670520
0.999759299728270
-0.113450940249984
-0.969077286229077
0.375531116159740
0.867517521717716
-0.610145163901270
-0.702508028503842
0.800133548011205
0.486117505277293
-0.931600628198009
-0.234172629481220
0.994930978418582
-0.034899496702500
-0.985492653565726
0.301419093926071
0.903975967248480
-0.545893073330305
-0.756343002654874
0.750440749765112
0.553391549243342
-0.900101624737245
-0.309965358680417
0.983929588598628
0.043868481447663
-0.995793512661318
0.225436911090851
0.934825676396012
-0.478253978621317
-0.805485232008596
0.696091827363990
0.617232064632449
-0.863017923326352
-0.383834901813001
0.966823388604460
0.122364276755721
-0.999915951636247
0.148056000577926
0.959875241542889
-0.407647547846448
-0.849629812651963
0.637423989748697
0.677242951731409
-0.820579610508390
-0.455322933869007
0.943718514184987
0.200100860540548
-0.997834392738111
0.069756473744123
0.978969242177369
-0.334511859971846
-0.888502848680038
0.574801242653080
0.733051871829827
-0.773049995616544
-0.523985905970066
0.914758319980695
0.276595914663659
-0.989561751039376
-0.008975858481006
0.991989209203000
-0.259300686788333
-0.921863151588498
0.508612130123429
0.784312557402896
-0.720723977066260
-0.589397797376970
0.880122490076976
0.351374824081345
-0.975149354305560
-0.087652499818454
0.998854359982399
-0.182480677475443
-0.949503736732326
0.439267323789402
0.830706960534926
-0.663926212652247
-0.651152758743571
0.840025923150769
0.423973621602917
-0.954686624531128
-0.165785299524488
0.999522099554693
-0.104528463267651
-0.971253107566069
0.367197074843861
0.871947226253857
-0.603009105203026
-0.708867630216940
0.794717399127566
0.493941866584218
-0.928300523118960
-0.242889481131218
0.993988284916784
-0.025927700186628
-0.986976319697492
0.292848544541172
0.907777478532907
-0.538350616090679
-0.762184318760062
0.744478035621482
0.560845439695157
-0.896154763145917
-0.318486650251687
0.982287250728691
0.052833931812004
-0.996575818152632
0.216683029776449
0.937975407878394
-0.470351920162249
-0.810772019947082
0.689619543735675
0.624269236421596
-0.858448793601863
-0.392107762787046
0.964491596283475
0.131267754658225
-0.999992042657546
0.139173100960062
0.962353650653274
-0.399434916642538
-0.854329270445660
0.630482294044714
0.683819742589322
-0.815416561904565
-0.463296035119850
0.940711735063538
0.208887124180276
-0.997203797181179
0.060799669945383
0.980760951578487
-0.326039611452375
-0.892585818452111
0.567433204758801
0.739127475930330
-0.767325062368349
-0.531609778236693
0.911095209678025
0.285210449497806
-0.988228381446550
-0.017950993798113
0.993083102199179
-0.250621387183162
-0.925304300473987
0.500863465172538
0.789849278542789
-0.714472679632807
-0.596625138196347
0.875825776431853
0.359764181061816
-0.973121483594285
-0.096590280253131
0.999243649493384
-0.173648177666954
-0.952281714056374
0.431186108523519
0.835670446020761
-0.657187337329462
-0.657938725939716
0.835122265206160
0.432085748801997
-0.951976834664483
-0.174630270445086
0.999204370226179
-0.095597564671838
-0.973350677314615
0.358833449319522
0.876306680043862
-0.595824463473263
-0.715170120125057
0.789237221724103
0.501726432151632
-0.924925627040609
-0.251586763744486
0.992965508106538
-0.016953814736639
-0.988380467458429
0.284254401034802
0.911505852311674
-0.530764785202593
-0.767964227459527
0.738455340625906
0.568254144143239
-0.892135700463893
-0.326982282099333
0.980565772275221
0.061795125470197
-0.997277831864002
0.207911690817754
0.941049568878660
-0.462411966550417
-0.815993485882533
0.683091699075642
0.631256112300221
-0.853810500668355
-0.400349032556884
0.962082097133164
0.140160656625146
-0.999987566661691
0.130278988491360
0.964754525183611
-0.391190103902781
-0.858959896930649
0.623489801858750
0.690341439691884
-0.810187817097826
-0.471231809694075
0.937629165000494
0.217656558273568
-0.996492859249502
0.051837967659670
0.982473643366411
-0.317541094684870
-0.896596874675010
0.560019450099974
0.745143530260963
-0.761538307536739
-0.539190819948380
0.907358694567861
0.293802005593926
-0.986815392607217
-0.026924682845630
0.994096984815363
-0.241921895599689
-0.928670899758821
0.493074446825127
0.795322363375950
-0.708163818808668
-0.603804410325482
0.871458499554882
0.368124552684642
-0.971015210763888
-0.105520278635146
0.999552432283502
-0.164801687431401
-0.954982968272728
0.423070153602599
0.840566603495684
-0.650395513961870
-0.664671684553392
0.830151323416315
0.440163063864052
-0.949190346253546
-0.183461171813761
0.998806137341434
-0.086658964004077
-0.975369826478426
0.350440913424467
0.880595531856741
-0.588591817561790
-0.721414990451301
0.783693457325859
0.509470574795345
-0.921476211870415
-0.260263776601377
0.991862730390570
-0.007978563357499
-0.989704983719634
0.275637355816992
0.915160788198410
-0.523136191838725
-0.773682263079579
0.732373150012789
0.575617065685656
-0.888044760497621
-0.335451569750246
0.978765291933711
0.070751340439838
-0.997899497235826
0.199123600901060
0.944047911718838
-0.454434757489265
-0.821149209133688
0.676508819317020
0.638192129352138
-0.849103418222197
-0.408558047142684
0.959595085281234
0.149042266176182
-0.999902524009304
0.121374379749635
0.967077671701068
-0.382913773892341
-0.863521319028220
0.616447076559525
0.696807517601272
-0.804893797355949
-0.479129618224897
0.934471052351332
0.226408456287656
-0.995701636221691
0.042872088910179
0.984107179553601
-0.309016994374912
-0.900535694187315
0.552560575985520
0.751099550122297
-0.755690197347054
-0.546728420318350
0.903549075692500
0.302369890750463
-0.985322898362560
-0.035896202634614
0.995030775365398
-0.233202912935661
-0.931962678203969
0.485245702624238
0.800731370948735
-0.701797902884025
-0.610935035347232
0.867021011307361
0.376455265374416
-0.968830705511815
-0.114441775495356
0.999780683474844
-0.155941919509871
-0.957607281747652
0.414920112910177
0.845395038487754
-0.643551289750821
-0.671351092126019
0.825113498278312
0.448204916018902
-0.946327383799169
-0.192277292145387
0.998327432985149
-0.077713381426575
-0.977310392379382
0.342020143325713
0.884813436149745
-0.581311750185861
-0.727601738061209
0.778086552580966
0.517173670587847
-0.917952555519690
-0.268919820615204
0.990680040617101
0.000997330835751
-0.990949761767935
0.266998103142949
0.918741991723557
-0.515465450616883
-0.779337964931494
0.726231953810005
0.582933611108991
-0.883882272844567
-0.343893830853671
0.976885954764646
0.079701855139606
-0.998440764181981
0.190319468062083
0.946970194829522
-0.446420935683871
-0.826238774315952
0.669871434827033
0.645076728758632
-0.844327925502015
-0.416734145163311
0.957030761100408
0.157911867740795
-0.999736921552070
0.112459992158418
0.969322903035148
-0.374606593415928
-0.868013169235232
0.609354685562813
0.703217455360671
-0.799534929205605
-0.486988824404326
0.931237651557732
0.235142113102556
-0.994830191844714
0.033902756056994
0.985661428529849
-0.300467997289463
-0.904401959647538
0.545057183359319
0.756995055651722
-0.749781202967726
-0.554221972059745
0.899666659983941
0.310913414672921
-0.983751018959364
-0.044864830350497
0.995884398615963
-0.224465141658929
-0.935179370598531
0.477377863313309
0.806075865470034
-0.695375444745695
-0.618016438763791
0.862513669207242
0.384755647944914
-0.966568143838565
-0.123354052049821
0.999928384677747
-0.147069587712950
-0.960154443046338
0.406736643075789
0.850155361981240
-0.636655216119301
-0.677976410513199
0.820009195677988
0.456210657353147
-0.943388177963554
-0.201077921145959
0.997768295725418
-0.068761537663803
-0.979172218670621
0.333571817464827
0.888960053096177
-0.573984847883456
-0.733729864502860
0.772416959224645
0.524835098908895
-0.914354941881197
-0.277554198388933
0.989417534072685
0.009973144676504
-0.992114701314472
0.258337339056867
0.922249174357843
-0.507753179550821
-0.784930877348512
0.720032246799390
0.590203190936452
-0.879648572866642
-0.352308385236562
0.974927912181833
0.088645948447659
-0.998901589093854
0.181500001629299
0.949816182769133
-0.438371146789143
-0.831261771375071
0.663180080364252
0.651909355843779
-0.839484407258104
-0.424876667889849
0.954389331192297
0.166768746716126
-0.999490772632195
0.103536543928985
0.971490038292863
-0.366269231763517
-0.872435085653919
0.602213200286126
0.709570736536525
-0.794111644398387
-0.494808795034675
0.927929223127305
0.243856825068045
-0.993878596328828
0.024930691738145
0.987136265072985
-0.291894792201091
-0.908195359559796
0.537509876752334
0.762829571862274
-0.743811800472745
-0.561670871434790
0.895711760239424
0.319431889029639
-0.982099881040241
-0.053829843412062
0.996657785792646
-0.215709285751483
-0.938320717781193
0.469471562785929
0.811355416346542
-0.688896961836253
-0.625048050043114
0.857936836400637
0.393025031653857
-0.964227708033390
-0.132256390257062
0.999995523992272
-0.138185406863858
-0.962624246950015
0.398520403422646
0.854847190448116
-0.629707848667988
-0.684547105928632
0.814838826856953
0.464179642863058
-0.940372965551574
-0.209862349769186
0.997128770610609
-0.059804153945077
-0.980955155349194
