0.000000000000000
0.844595018849514
-0.904401959647565
0.123848893747243
0.771783154533411
-0.950283080316086
0.245790784309488
0.687087510804422
-0.981531911539135
0.363948032196783
0.591812216084368
-0.997667289384867
0.476501273172328
0.487424302374785
-0.998440764181980
0.581717432498605
0.375531116159740
-0.983840426103449
0.677976410513219
0.257855568771219
-0.954091088551924
0.763796028634640
0.136209607307628
-0.909650826523038
0.837854851683750
0.012466314595412
-0.851203923248288
0.899012535107122
-0.111468932206327
-0.779650333723851
0.946327383799163
-0.233687800263655
-0.696091827363989
0.979070852155443
-0.352308385236555
-0.601815023152043
0.996738762088013
-0.465504188506370
-0.498271578510748
0.999059066269736
-0.571532241275934
-0.387055836939986
0.985996037070505
-0.668759942492382
-0.269880278599920
0.957750816684929
-0.755690197347014
-0.148549151846705
0.914758319980689
-0.830984469274327
-0.024930691738067
0.857680537756944
-0.893483390499329
0.099071646717065
0.787396343528009
-0.942224613775878
0.221548497619470
0.704987960785723
-0.976457630438007
0.340613984255226
0.611724299115005
-0.995655326598523
0.454434757489224
0.509041415750365
-0.999522099554693
0.561258225348237
0.398520403422600
-0.987998409425940
0.659439539119630
0.281863044974854
-0.961261695938315
0.747466920438624
0.160865609613703
-0.919723646239245
0.823984939382000
0.037391194276324
-0.864023855812189
0.887815385136394
-0.086658964004074
-0.795019980099481
0.937975407878390
-0.209374763007097
-0.713774528476695
0.973692652520782
-0.328866646738573
-0.621538503922732
0.994417151298566
-0.443294700476976
-0.519732140299008
0.999829792074516
-0.550896981452103
-0.409923033841578
0.989847231970984
-0.650016648925825
-0.293802005593915
0.964623180668658
-0.739127475930352
-0.173157066445847
0.924546033612313
-0.816857349838950
-0.049845885660686
0.870232891567001
-0.882009399911609
0.074232813184866
0.802520058610486
-0.933580426497201
0.197168488407936
0.722450164872185
-0.970776348122919
0.317068198399518
0.631256112300244
-0.993024428619198
0.432085748801987
0.530342090657267
-0.999982096009160
0.540450119880635
0.421261956056628
-0.991542217370804
0.640492736369772
0.305695304963096
-0.967834748450665
0.730673159897264
0.185421612065950
-0.929224732628399
0.809602808379792
0.062292830244831
-0.876306680043856
0.876066337162377
-0.061795125470201
-0.809895413436063
0.929040352678495
-0.184931570860647
-0.731013521647773
0.967709170481975
-0.305220472894344
-0.640875613985022
0.991477375010475
-0.420809644503880
-0.540869617879350
0.999978987688302
-0.529919264233222
-0.432535407828748
0.993083102199183
-0.630869281610747
-0.317541094684853
0.970895900158422
-0.722105286267229
-0.197657340379101
0.933759016147286
-0.802222442469398
-0.074730093586422
0.882244277284703
-0.869987120530006
0.049347833863731
0.817144898335144
-0.924355892018049
0.172665912166293
0.739463267929117
-0.964491596283471
0.293325311537734
0.650395513961888
-0.989776230907785
0.409468140058913
0.551313085829142
-0.999820467595024
0.519306051163171
0.443741637094028
-0.994469646979449
0.621147780278294
0.329337533745296
-0.973806160042900
0.713425186616692
0.209862349769233
-0.938148179473168
0.794717399127549
0.087155742747674
-0.888044760497625
0.863772694816223
-0.036892872861840
-0.824267386628725
0.919527772551451
-0.160373418592572
-0.747798090498539
0.961124125586831
-0.281384563016670
-0.659814332695161
0.987921260694515
-0.398062998107326
-0.561670871434771
0.999506560365730
-0.508612130123417
-0.454878902235895
0.995701636221685
-0.611329743239978
-0.341082788800347
0.976565075805975
-0.704634209963591
-0.222034743394290
0.942391540464041
-0.787088844750875
-0.099567846595795
0.893707228200278
-0.857424025836179
0.024432178152652
0.831261771375081
-0.914556744641093
0.148056000577899
0.756016693999272
-0.957607281747658
0.269400083103093
0.669130606358855
-0.985912752660915
0.386595991179742
0.571941364940543
-0.999037314786325
0.497839163110157
0.465945472355811
-0.996778878456246
0.601416696366311
0.352775034460852
-0.979172218670634
0.695733722557936
0.234172629481253
-0.946488439637774
0.779337964931480
0.111964476103304
-0.899230800360080
0.850942100268535
-0.011967686315568
-0.838126965541609
0.909443580859491
-0.135715572434319
-0.764117801136703
0.953941611336338
-0.257373734365295
-0.678342887063901
0.983751018959345
-0.375068901421478
-0.582122970157274
0.998412803784632
-0.486988824404370
-0.476939627542413
0.997701206263483
-0.591410180293939
-0.364412453575953
0.981627183447659
-0.686725107669317
-0.246274121620041
0.950438240274684
-0.771465964272576
-0.124343704647444
0.904614618530828
-0.844327925502029
-0.000498665479941
0.844861902173866
-0.904189075869116
0.123354052049829
0.772100152876997
-0.950127684053195
0.245307385878832
0.687449743083342
-0.981436395555742
0.363483520315629
0.592214104710494
-0.997633124419049
0.476062800311908
0.487859659138702
-0.998468476299785
0.581311750185848
0.375993237515715
-0.983929588598628
0.677609765371959
0.258337339056901
-0.954240328516264
0.763474066201480
0.136703608310050
-0.909857845986215
0.837582529478823
0.012964939775335
-0.851465534561479
0.898794046299185
-0.110973360590645
-0.779962508642688
0.946166092639881
-0.233202912935604
-0.696449759074804
0.978969242177370
-0.351841648404745
-0.602213200286096
0.996698397863470
-0.465062788901220
-0.498703870007503
0.999080569319851
-0.571122975489982
-0.387515586452056
0.986079076295146
-0.668389112327217
-0.270360406986381
0.957894113460914
-0.755363512779334
-0.149042266176170
0.914959667849848
-0.830706960534928
-0.025429199124007
0.857936836400640
-0.893259330618299
0.098575422202403
0.787703646505421
-0.942057452787277
0.221062196752788
0.705341536300378
-0.976349942256973
0.340145095010580
0.612118702874261
-0.995608769388463
0.453990499739500
0.509470574795370
-0.999537390195217
0.560845439695149
0.398977709638890
-0.988075312474500
0.659064581563066
0.282341456842922
-0.961399027255471
0.747135564508182
0.161357760632820
-0.919919291221842
0.823702287237152
0.037889506392843
-0.864274801953726
0.887585789004556
-0.086162163711168
-0.795322363375959
0.937802403039842
-0.208887124180253
-0.714123692844331
0.973578902873150
-0.328395677953531
-0.621929073010928
0.994364408338677
-0.442847653627090
-0.520158100194470
0.999838867929057
-0.550480740084965
-0.410377825689799
0.989917986891569
-0.649637622251893
-0.294278626591096
0.964754525183626
-0.738791500134769
-0.173648177666962
0.924735945302233
-0.816569598217063
-0.050343925062601
0.870478446205524
-0.881774303211641
0.073735514324095
0.802817475191131
-0.933401604696216
0.196679587407364
0.722794863827387
-0.970656554687091
0.316595223269698
0.631642786016959
-0.992965508106533
0.431635982329639
0.530764785202636
-0.999984955667193
0.540030487489614
0.421714162855312
-0.991606813167024
0.640109699484939
0.306170061015430
-0.967960085750539
0.730332616452251
0.185911607162965
-0.929408881510498
0.809310002001863
0.062790519529330
-0.876546805016540
0.875825776431840
-0.061297405329144
-0.810187817097848
0.928855741706679
-0.184441483669027
-0.731353701619179
0.967583351875680
-0.304745564927193
-0.641258332235456
0.991412286102163
-0.420357228309571
-0.541288981381513
0.999975630705394
-0.529496306035598
-0.432984959298159
0.993141528831894
-0.630482294044682
-0.318013912008081
0.971015210763894
-0.721760228098358
-0.198146143199354
0.933937373602079
-0.801924626841840
-0.075227355405077
0.882478935272501
-0.869741133155670
0.048849769795612
0.817432243634076
-0.924165520566701
0.172174714950376
0.739798876047605
-0.964359772060793
0.292848544541120
0.650774217265848
-0.989704983719625
0.409013144454869
0.551729053112658
-0.999810894492899
0.518879832892936
0.444188463367082
-0.994521895368272
0.620756902174707
0.329808338856497
-0.973919425411294
0.713075667351151
0.210349884345471
-0.938320717781203
0.794414620535424
0.087652499818522
-0.888273915031158
0.863521319028252
-0.036394542273248
-0.824549628907123
0.919331670207179
-0.159881187691849
-0.748129074605559
0.960986316235236
-0.280906011087462
-0.660188962196502
0.987843866299401
-0.397605493806759
-0.562083377852115
0.999490772632192
-0.508182718021301
-0.455322933869068
0.995747698246438
-0.610935035347249
-0.341551508529380
0.976672278334162
-0.704280283921969
-0.222520933956307
0.942558232810270
-0.786781150250528
-0.100064021715259
0.893930843665510
-0.857167300702125
0.023933658491712
0.831538866768219
-0.914354941881151
0.147562812492453
0.756343002654843
-0.957463508684775
0.268919820615294
0.669501103834474
-0.985829223087091
0.386136049285700
0.572350346382015
-0.999015314875031
0.497406623913208
0.466386640339861
-0.996818746958192
0.601018220027938
0.353241595961568
-0.979273341697730
0.695375444745663
0.234657400467726
-0.946649260115683
0.779025402343229
0.112459992158366
-0.899448842003780
0.850680065687343
-0.011469055059844
-0.838398870984633
0.909236109047038
-0.135221503812939
-0.764439383627666
0.953791896906714
-0.256891835958863
-0.678709194932920
0.983661367188563
-0.374606593415954
-0.582528363060962
0.998384595114685
-0.486553225335733
-0.477377863313300
0.997734875046451
-0.591007997439000
-0.364876784337679
0.981722211257636
-0.686362533768235
-0.246757397690212
0.950593163890388
-0.771148582173382
-0.124838484627514
0.904827052465996
-0.844060622197843
-0.000997330835879
0.845128575408735
-0.903975967248488
0.122859179678378
0.772416959224666
-0.949972051524634
