0.000000000000000
0.726231953809992
-0.998495940131151
0.646599601215800
0.109486480663996
-0.797132507222922
0.986490593923521
-0.559192903470748
-0.217656558273561
0.858448793601865
-0.962624246950011
0.465062788901250
0.323209657454456
-0.909443580859480
0.927183854566788
-0.365341024366394
-0.424876667889836
0.949503736732324
-0.880595531856738
0.261226607538143
0.521435203379496
-0.978147600733804
0.823419430264539
-0.153971350836537
-0.611724299115000
0.995030775365400
-0.756343002654877
0.044864830350518
0.694658370458992
-0.999950266955942
0.680172737770918
0.064781119290143
-0.769240265396245
0.992846926341836
-0.595824463473276
-0.173648177666923
0.834573253721300
-0.973806160042905
0.504312335347603
0.280427389305996
-0.889871808811467
0.943056903383064
-0.406736643075808
-0.383834901812995
0.934471052351314
-0.900968867902423
0.304270581179864
0.482627402182607
-0.967834748450662
0.848048096156431
-0.198146143199404
-0.575617065685671
0.989561751039374
-0.784930877348528
0.089639308903439
0.661685837596847
-0.999390827019094
0.712376096951350
0.019945297363293
-0.739798876047583
0.997203797181179
-0.631256112300255
-0.129290092740016
0.809016994374939
-0.983026957126159
0.542546263865764
0.237080377715495
-0.868507953366989
0.957030761100418
-0.447313148315649
-0.342020143325654
0.917556467632728
-0.919527772551453
0.346701794364210
0.442847653627051
-0.955572805786132
0.870968906043133
-0.241921895599684
-0.538350616090671
0.982099881040236
-0.811938005715859
0.134233265817657
0.627380757516672
-0.996818746958188
0.743144825477406
-0.024930691738087
-0.708867630216931
0.999552432283503
-0.665416495326263
-0.084671634772596
0.781831482468014
-0.990268068741572
0.579687576411995
0.193255917795541
-0.845395038487745
0.969077286229078
-0.486988824404392
-0.299516601786595
0.898794046299157
-0.936234870639743
0.388434796274707
0.402176068832408
-0.941386466660900
0.892135700463884
-0.285210449497828
-0.499999999999980
0.972660192581115
-0.837309998994531
0.178556894798648
0.591812216084361
-0.992239206600167
0.772416959224617
-0.069756473744150
-0.676508819316989
0.999888101810272
-0.698236818086082
-0.039882659401096
0.753071466003607
-0.995514912254014
0.615661475325656
0.149042266176180
-0.820579610508364
0.979172218670639
-0.525683769810537
-0.256409873671994
0.878221573370213
-0.951056516295161
0.429385542199430
0.360694554957785
-0.925304300473990
0.911505852311677
-0.327924627507212
-0.460642450450628
0.961261695938318
-0.860995761366629
0.222520933956307
0.555051843608736
-0.985661428529855
0.800133548011229
-0.114441775495466
-0.642787609686515
0.998210129767733
-0.729650984817466
0.004986634338777
0.722794863827380
-0.998756921218922
0.650395513961881
0.104528463267650
-0.794111644398360
0.987295228574594
-0.563320058063662
-0.212786770195518
0.855880479068536
-0.963962860695862
0.469471562785920
0.318486650251656
-0.907358694567853
0.929040352678510
-0.369978408957896
-0.420357228309552
0.947927346167127
-0.882947592858929
0.266036845566678
0.517173670587913
-0.977098659516897
0.826238774316021
-0.158896606741147
-0.607771911353997
0.994521895368269
-0.759595731569299
0.049845885660726
0.691062648986846
-0.999987566661691
0.683819742589332
0.059804153945020
-0.766044443118971
0.993429957280055
-0.599821894687915
-0.168735142482090
0.831815755384840
-0.974927912181833
0.508612130123469
0.275637355816961
-0.887585789004537
0.944703889414180
-0.411287103130637
-0.379225462652905
0.932683996873419
-0.903121285404198
0.309016994374959
0.478253978621310
-0.966568143838545
0.850680065687369
-0.203031441367229
-0.571532241275895
0.988830826225121
-0.788010753606748
0.094604754002576
0.657938725939685
-0.999204370226177
0.715866849259737
0.014959407015240
-0.736434530278348
0.997564050259824
-0.635115769842188
-0.124343704647477
0.806075865470059
-0.983929588598639
0.546728420318388
0.232232964430194
-0.866025403784415
0.958464918240247
-0.451767519812842
-0.337329987382797
0.915562346134046
-0.921476211870417
0.351374824081364
0.438371146789060
-0.954091088551919
0.873408200617134
-0.246757397690356
-0.534141581324877
0.981148383394161
-0.814838826856975
0.139173100960114
0.623489801858697
-0.996408909165771
0.746472295365174
-0.029915466169432
-0.705341536300387
0.999689182000816
-0.669130606358874
-0.079701855139634
0.778712646036884
-0.990949761767935
0.583743672234795
0.188360886759294
-0.842720958654039
0.970295726275994
-0.491338136832503
-0.294755174410916
0.896596874675027
-0.937975407878425
0.393025031654006
0.397605493806709
-0.939692620785879
0.894377407666371
-0.289986417453657
-0.495675231314036
0.971490038292851
-0.840025923150805
0.183461171813840
0.587785252292428
-0.991606813167023
0.775574445610242
-0.074730093586468
-0.672828078337023
0.999801072770522
-0.701797902884014
-0.034899496702473
0.749781202967717
-0.995974293995240
0.619583342081511
0.144109475329967
-0.817719385664425
0.980172487848544
-0.529919264233206
-0.251586763744510
0.875825776431859
-0.952585646243142
0.433883739117545
0.356039116274267
-0.923401737138358
0.913545457642636
-0.332631443164361
-0.456210657353091
0.959875241542867
-0.863521319028267
0.227379776283029
0.550896981452047
-0.984807753012196
0.803114692137335
-0.119394224540298
-0.638959634165617
0.997899497235822
-0.733051871829854
0.009973144676531
0.719339800338626
-0.998993066541315
0.654175253533054
0.099567846595794
-0.791071034656329
0.988075312474497
-0.567433204758791
-0.207911690817752
0.853290881632153
-0.965277503888966
0.473868662472995
0.313755723344377
-0.905251245280970
0.930873748644239
-0.374606593415999
-0.415827335841950
0.946327383799135
-0.885277697888893
0.270840468143081
0.512899277405841
-0.976025421103608
0.829037572555079
-0.163817911415200
-0.603804410325429
0.993988284916778
-0.762829571862299
0.054825701469408
0.687449743083285
-0.999999999999999
0.687449743083344
0.054825701469327
-0.762829571862247
0.993988284916787
-0.603804410325494
-0.163817911415120
0.829037572555033
-0.976025421103626
0.512899277405911
0.270840468143003
-0.885277697888855
0.946327383799161
-0.415827335842127
-0.374606593415818
0.930873748644168
-0.905251245281053
0.313755723344455
0.473868662472923
-0.965277503888945
0.853290881632195
-0.207911690817831
-0.567433204758724
0.988075312474485
-0.791071034656379
0.099567846595875
0.654175253532993
-0.998993066541311
0.719339800338683
0.009973144676450
-0.733051871829799
0.997899497235828
-0.638959634165679
-0.119394224540217
0.803114692137287
-0.984807753012211
0.550896981452115
0.227379776282949
-0.863521319028226
0.959875241542889
-0.456210657353163
-0.332631443164177
0.913545457642557
-0.923401737138433
0.356039116274449
0.433883739117472
-0.952585646243117
0.875825776431898
-0.251586763744589
-0.529919264233137
0.980172487848528
-0.817719385664472
0.144109475330048
0.619583342081447
-0.995974293995233
0.749781202967771
-0.034899496702554
-0.701797902883956
0.999801072770523
-0.672828078337083
-0.074730093586387
0.775574445610190
-0.991606813167033
0.587785252292494
0.183461171813760
-0.840025923150761
0.971490038292870
-0.495675231314106
-0.289986417453579
0.894377407666284
-0.939692620785946
0.397605493806888
0.393025031653827
-0.937975407878358
0.896596874675063
-0.294755174410993
-0.491338136832433
0.970295726275975
-0.842720958654082
0.188360886759374
0.583743672234729
-0.990949761767924
0.778712646036935
-0.079701855139715
-0.669130606358814
0.999689182000814
-0.705341536300445
-0.029915466169351
0.746472295365120
-0.996408909165778
0.623489801858761
0.139173100960033
-0.814838826856928
0.981148383394176
-0.534141581324946
-0.246757397690277
0.873408200617123
-0.954091088551926
0.438371146789184
0.351374824081235
-0.921476211870364
0.915562346134101
-0.337329987382927
-0.451767519812719
0.958464918240207
-0.866025403784484
0.232232964430328
0.546728420318272
-0.983929588598614
0.806075865470107
-0.124343704647557
-0.635115769842125
0.997564050259819
-0.736434530278403
0.014959407015321
0.715866849259680
-0.999204370226180
0.657938725939747
0.094604754002495
-0.788010753606698
0.988830826225133
-0.571532241275962
-0.203031441367150
0.850680065687327
-0.966568143838551
0.478253978621431
0.309016994374936
-0.903121285404139
0.932683996873428
-0.379225462653033
-0.411287103130615
0.944703889414135
-0.887585789004548
0.275637355817093
0.508612130123448
-0.974927912181802
0.831815755384853
-0.168735142482227
-0.599821894687941
0.993429957280046
-0.766044443118950
0.059804153945102
0.683819742589190
-0.999987566661691
0.691062648986987
0.049845885660645
-0.759595731569172
0.994521895368277
-0.607771911354152
-0.158896606741067
0.826238774315911
-0.977098659516914
0.517173670588031
0.266036845566654
-0.882947592858864
0.947927346167135
-0.420357228309677
-0.369978408957873
0.929040352678459
-0.907358694567863
0.318486650251787
0.469471562785899
-0.963962860695825
0.855880479068549
-0.212786770195653
-0.563320058063642
0.987295228574581
-0.794111644398341
0.104528463267730
0.650395513961733
-0.998756921218918
0.722794863827515
0.004986634338696
-0.729650984817332
0.998210129767737
-0.642787609686665
-0.114441775495385
0.800133548011112
-0.985661428529869
0.555051843608898
0.222520933956284
-0.860995761366559
0.961261695938324
-0.460642450450750
-0.327924627507189
0.911505852311621
-0.925304300473999
0.360694554957914
0.429385542199408
-0.951056516295118
0.878221573370224
-0.256409873672128
-0.525683769810517
0.979172218670611
-0.820579610508378
0.149042266176261
0.615661475325681
-0.995514912254007
0.753071466003735
-0.039882659401177
-0.698236818085942
0.999888101810273
-0.676508819317133
-0.069756473744069
0.772416959224493
-0.992239206600177
0.591812216084495
0.178556894798596
-0.837309998994440
0.972660192581127
-0.500000000000124
-0.285210449497777
0.892135700463821
-0.941386466660909
0.402176068832534
0.388434796274684
-0.936234870639694
0.898794046299167
-0.299516601786727
-0.486988824404371
0.969077286229051
-0.845395038487743
0.193255917795649
0.579687576411998
-0.990268068741557
0.781831482468012
-0.084671634772705
-0.665416495326117
0.999552432283500
-0.708867630217068
-0.024930691738006
0.743144825477275
-0.996818746958195
0.627380757516823
0.134233265817604
-0.811938005715762
0.982099881040246
-0.538350616090811
-0.241921895599632
0.870968906043052
-0.955572805786148
0.442847653627175
0.346701794364187
-0.919527772551398
0.917556467632738
-0.342020143325784
-0.447313148315627
0.957030761100378
-0.868507953366987
0.237080377715602
0.542546263865767
-0.983026957126139
0.809016994374936
-0.129290092740124
-0.631256112300082
0.997203797181173
-0.739798876047714
0.019945297363375
0.712376096951213
-0.999390827019097
0.661685837596993
0.089639308903372
-0.784930877348416
0.989561751039384
-0.575617065685807
-0.198146143199352
0.848048096156342
-0.967834748450675
0.482627402182740
0.304270581179827
-0.900968867902357
0.934471052351323
-0.383834901813123
-0.406736643075786
0.943056903383018
-0.889871808811471
0.280427389306115
0.504312335347594
-0.973806160042880
0.834573253721298
-0.173648177667031
-0.595824463473279
0.992846926341825
-0.769240265396378
0.064781119290238
0.680172737770775
-0.999950266955941
0.694658370459132
0.044864830350444
-0.756343002654754
0.995030775365407
-0.611724299115143
-0.153971350836478
0.823419430264444
-0.978147600733815
0.521435203379632
0.261226607538099
-0.880595531856666
0.949503736732336
-0.424876667889967
-0.365341024366371
0.927183854566736
-0.909443580859489
0.323209657454580
0.465062788901241
-0.962624246949979
0.858448793601866
-0.217656558273671
-0.559192903470751
0.986490593923503
-0.797132507222914
0.109486480664093
0.646599601215641
-0.998495940131146
0.726231953810129
-0.000000000000081
-0.726231953809861
0.998495940131155
-0.646599601215939
-0.109486480663931
0.797132507222815
-0.986490593923530
0.559192903470886
0.217656558273513
-0.858448793601783
0.962624246950023
-0.465062788901385
-0.323209657454426
0.909443580859421
-0.927183854566797
0.365341024366523
0.424876667889820
-0.949503736732285
0.880595531856743
-0.261226607538256
-0.521435203379494
0.978147600733781
-0.823419430264537
0.153971350836639
0.611724299115014
-0.995030775365391
0.756343002655009
-0.044864830350606
-0.694658370458852
0.999950266955943
-0.680172737771061
-0.064781119290076
0.769240265396129
-0.992846926341844
0.595824463473410
0.173648177666870
-0.834573253721208
0.973806160042917
-0.504312335347734
-0.280427389305959
0.889871808811397
-0.943056903383072
0.406736643075934
0.383834901812972
-0.934471052351265
0.900968867902428
-0.304270581179982
-0.482627402182598
0.967834748450634
-0.848048096156429
0.198146143199512
0.575617065685674
-0.989561751039360
0.784930877348657
-0.089639308903534
-0.661685837596700
0.999390827019091
-0.712376096951487
-0.019945297363212
0.739798876047452
-0.997203797181185
0.631256112300384
0.129290092739963
-0.809016994374841
0.983026957126169
-0.542546263865904
-0.237080377715444
0.868507953366906
-0.957030761100425
0.447313148315773
0.342020143325631
-0.917556467632673
0.919527772551462
-0.346701794364340
-0.442847653627029
0.955572805786100
-0.870968906043131
0.241921895599790
0.538350616090674
-0.982099881040215
0.811938005715857
-0.134233265817766
-0.627380757516520
0.996818746958182
-0.743144825477536
0.024930691738169
0.708867630216793
-0.999552432283505
0.665416495326408
0.084671634772543
-0.781831482467910
0.990268068741579
-0.579687576412131
-0.193255917795489
0.845395038487656
-0.969077286229091
0.486988824404513
0.299516601786571
-0.898794046299096
0.936234870639751
-0.388434796274834
-0.402176068832385
0.941386466660854
-0.892135700463895
0.285210449497933
0.499999999999983
-0.972660192581089
0.837309998994529
-0.178556894798756
-0.591812216084364
0.992239206600157
-0.772416959224741
0.069756473744231
0.676508819316846
-0.999888101810271
0.698236818086221
0.039882659401014
-0.753071466003478
0.995514912254022
-0.615661475325810
-0.149042266176100
0.820579610508285
-0.979172218670644
0.525683769810655
0.256409873671970
-0.878221573370147
0.951056516295169
-0.429385542199555
-0.360694554957762
0.925304300473937
-0.911505852311687
0.327924627507343
0.460642450450606
-0.961261695938280
0.860995761366641
-0.222520933956442
-0.555051843608763
0.985661428529841
-0.800133548011346
0.114441775495547
0.642787609686366
-0.998210129767728
0.729650984817599
-0.004986634338859
-0.722794863827245
0.998756921218926
-0.650395513962030
-0.104528463267569
0.794111644398242
-0.987295228574607
0.563320058063776
0.212786770195494
-0.855880479068465
0.963962860695869
-0.469471562786042
-0.318486650251632
0.907358694567795
-0.929040352678519
0.369978408958024
0.420357228309530
-0.947927346167083
0.882947592858941
-0.266036845566811
-0.517173670587892
0.977098659516880
-0.826238774316003
0.158896606741227
0.607771911353842
-0.994521895368260
0.759595731569426
-0.049845885660808
-0.691062648986705
0.999987566661691
-0.683819742589475
-0.059804153944939
0.766044443118845
-0.993429957280065
0.599821894688071
0.168735142482066
-0.831815755384763
0.974927912181839
-0.508612130123588
-0.275637355816937
0.887585789004473
-0.944703889414188
0.411287103130763
0.379225462652883
-0.932683996873369
0.903121285404209
-0.309016994375091
-0.478253978621288
0.966568143838509
-0.850680065687352
0.203031441367309
0.571532241275922
-0.988830826225108
0.788010753606868
-0.094604754002657
-0.657938725939539
0.999204370226174
-0.715866849259873
-0.014959407015158
0.736434530278216
-0.997564050259830
0.635115769842338
0.124343704647396
-0.806075865469943
0.983929588598643
-0.546728420318504
-0.232232964430170
0.866025403784346
-0.958464918240254
0.451767519812965
0.337329987382774
-0.915562346133990
0.921476211870427
-0.351374824081493
-0.438371146789038
0.954091088551877
-0.873408200617146
0.246757397690435
0.534141581324904
-0.981148383394145
0.814838826856956
-0.139173100960195
-0.623489801858545
0.996408909165765
-0.746472295365304
0.029915466169514
0.705341536300249
-0.999689182000818
0.669130606359019
0.079701855139553
-0.778712646036762
0.990949761767946
-0.583743672234953
-0.188360886759214
0.842720958653934
-0.970295726276014
0.491338136832673
0.294755174410838
-0.896596874674941
0.937975407878414
-0.393025031654081
-0.397605493806739
0.939692620785852
-0.894377407666357
0.289986417453735
0.495675231314064
-0.971490038292831
0.840025923150911
-0.183461171813920
-0.587785252292454
0.991606813166983
-0.775574445610365
0.074730093586549
0.672828078337047
-0.999801072770516
0.701797902884153
0.034899496702391
-0.749781202967739
0.995974293995268
-0.619583342081664
-0.144109475329887
0.817719385664444
-0.980172487848605
0.529919264233371
0.251586763744432
-0.875825776431874
0.952585646243236
-0.433883739117721
-0.356039116274297
0.923401737138414
-0.913545457642715
0.332631443164438
0.456210657353120
-0.959875241542907
0.863521319028365
-0.227379776283108
-0.550896981452074
0.984807753012222
-0.803114692137452
0.119394224540378
0.638959634165642
-0.997899497235802
0.733051871829987
-0.009973144676612
-0.719339800338649
0.998993066541329
-0.654175253533202
-0.099567846595713
0.791071034656349
-0.988075312474545
0.567433204758951
0.207911690817672
-0.853290881632170
0.965277503889047
-0.473868662473167
-0.313755723344300
0.905251245281033
-0.930873748644310
0.374606593416075
0.415827335841979
-0.946327383799182
0.885277697888983
-0.270840468143159
-0.512899277405869
0.976025421103640
-0.829037572555188
0.163817911415281
0.603804410325455
-0.993988284916744
0.762829571862426
-0.054825701469490
-0.687449743083309
0.999999999999999
-0.687449743083486
-0.054825701469246
0.762829571862268
-0.993988284916821
0.603804410325649
0.163817911415040
-0.829037572555051
0.976025421103693
-0.512899277406078
-0.270840468142924
0.885277697888870
-0.946327383799261
0.415827335842201
0.374606593415848
-0.930873748644221
0.905251245281136
-0.313755723344532
-0.473868662472952
0.965277503888983
-0.853290881632297
0.207911690817911
0.567433204758750
-0.988075312474437
0.791071034656498
-0.099567846595956
-0.654175253533017
0.998993066541297
-0.719339800338819
-0.009973144676368
0.733051871829821
-0.997899497235848
0.638959634165829
0.119394224540136
-0.803114692137306
0.984807753012264
-0.550896981452278
-0.227379776282870
0.863521319028242
-0.959875241542976
0.456210657353337
0.332631443164208
-0.913545457642616
0.923401737138508
-0.356039116274525
-0.433883739117501
0.952585646243162
-0.875825776431992
0.251586763744668
0.529919264233164
-0.980172487848557
0.817719385664584
-0.144109475330128
-0.619583342081472
0.995974293995205
-0.749781202967900
0.034899496702635
0.701797902883979
-0.999801072770530
0.672828078337227
0.074730093586306
-0.775574445610211
0.991606813167073
-0.587785252292651
-0.183461171813680
0.840025923150778
-0.971490038292943
0.495675231314276
0.289986417453501
-0.894377407666349
0.939692620786013
-0.397605493806963
-0.393025031653856
0.937975407878408
-0.896596874675149
0.294755174411071
0.491338136832461
-0.970295726276010
0.842720958654188
