0.000000000000000
0.627768996627502
-0.977310392379381
0.893707228200284
-0.414012477270032
-0.249172855231208
0.801924626841824
-0.999262916410620
0.753727274054621
-0.174139245707386
-0.482627402182613
0.925493292074871
-0.958179992386565
0.566200737671931
0.076719028126819
-0.685636874028437
0.990680040617101
-0.856653211049501
0.342957157654127
0.322737716469641
-0.845395038487753
0.993372765600395
-0.701087079207486
0.098079173175331
0.548397482022571
-0.951824039861322
0.933401604696206
-0.501295010989922
-0.152985836284038
0.739463267929120
-0.998210129767735
0.814549655361579
-0.269880278599910
-0.394400201675767
0.883882272844564
-0.981627183447661
0.644314329694487
-0.021440973393826
-0.610935035347223
0.972544265084082
-0.903121285404185
0.433434403098315
0.228350870110663
-0.788930898890456
0.999856273754320
-0.767644740358010
0.195212591445483
0.463737896649717
-0.917159467080770
0.964095404234108
-0.583743672234788
-0.055323610109861
0.669871434827032
-0.987531832467860
0.867517521717714
-0.363018918048092
-0.302369890750445
0.833748180182053
-0.995608769388462
0.716214946851360
-0.119394224540226
-0.530342090657267
0.945030468923149
-0.940880768954226
0.519732140298991
0.131762088840158
-0.724859280117743
0.996698397863469
-0.826800179863263
0.290463619602276
0.374606593415932
-0.873650936538941
0.985492653565723
-0.660563427530411
0.042872088910193
0.593820185573520
-0.967330992875472
0.912120116172265
-0.452657049577017
-0.207423896524620
0.775574445610227
-0.999989928992004
0.781209268031027
-0.216196184644393
-0.444635179184940
0.908403961341503
-0.969567555685771
0.601018220027906
0.033902756056976
-0.653798010050667
0.983929588598629
-0.877982975427974
0.382913773892348
0.281863044974850
-0.821717990987328
0.997387023937893
-0.731013521647781
0.140654382238999
0.512042864870578
-0.937802403039835
0.947927346167130
-0.537930313304307
-0.110477761379592
0.709922025069483
-0.994728415744060
0.838670567945405
-0.310913414672961
-0.354640752961850
0.863017923326355
-0.988905025513379
0.676508819316979
-0.064283493204006
-0.576432316169794
0.961672972650260
-0.920699583128414
0.471671578744768
0.186401556029750
-0.761861407873408
0.999663820673246
-0.794414620535402
0.237080377715461
0.425328032610030
-0.899230800360080
0.974593930820404
-0.618016438763796
-0.012466314595454
0.637423989748684
-0.979874965206536
0.888044760497606
-0.402632578165093
-0.261226607538177
0.809310002001832
-0.998706711663818
0.745475999682849
-0.161849871527490
-0.493508218064383
0.930143165446115
-0.954538096542896
0.555881163064867
0.089142639758998
-0.694658370459028
0.992301089144611
-0.850155361981256
0.331220261646684
0.334511859971877
-0.851988121928025
0.991862730390569
-0.692143173870398
0.085665341992653
0.558779421525312
-0.955572805786154
0.928855741706677
-0.490469248326059
-0.165293514029510
0.747798090498556
-0.998878098732278
0.807254726470165
-0.257855568771202
-0.405825333736835
0.889644201664100
-0.979172218670620
0.634730513202263
-0.008975858480981
-0.620756902174774
0.975369826478435
-0.897698250837945
0.422166264787465
0.240470066417765
-0.796529918024214
0.999567225815805
-0.759595731569280
0.182970947394047
0.474746671879563
-0.922056277615800
0.960709980668803
-0.573576436351047
-0.067766533188530
0.679075334029121
-0.989417534072683
0.861249281627825
-0.351374824081343
-0.314229169070537
0.840566603495696
-0.994364408338674
0.707459303011738
-0.107007804582400
-0.540869617879343
0.949033296945787
-0.936584841964784
0.509041415750330
0.144109475329983
-0.733390959351526
0.997633124419047
-0.819723682363043
0.278512206039587
0.386136049285750
-0.879648572866623
0.983300314285333
-0.651152758743543
0.030413904743181
0.603804410325481
-0.970416243733770
0.906939008081203
-0.441505852791708
-0.219602964810999
0.783383614930442
-0.999968170756824
0.773366225503491
-0.204007899039832
-0.455766852278287
0.913545457642627
-0.966440160908886
0.591007997439111
0.046359269721974
-0.663180080364205
0.986079076295145
-0.871947226253851
0.371367835550203
0.293802005593958
-0.828758619280248
0.996408909165769
-0.722450164872120
0.128301068387863
0.522711139589882
-0.942057452787296
0.943883330308362
-0.527379542125939
-0.122859179678343
0.718646638372961
-0.995929470133143
0.831815755384828
-0.299040792256006
-0.366269231763437
0.869248509639803
-0.986976319697494
0.667275624961667
-0.051837967659602
-0.586574308417334
0.965016494472324
-0.915762783621205
0.460642450450565
0.198634896747292
-0.769877136972486
0.999909362145144
-0.786781150250528
0.224951054343845
0.436577485577698
-0.904614618530837
0.971726002708580
-0.608167831851734
-0.024930691738151
0.646979917596324
-0.982287250728685
0.882244277284700
-0.391190103902740
-0.273239761301942
0.816569598217111
-0.997995292875419
0.737108867130205
-0.149535343443640
-0.504312335347664
0.934648480581903
-0.950747851124640
0.545475196165723
0.101552397284378
-0.703571906532501
0.993767919160600
-0.843525385985064
0.319431889029654
0.346234015300673
-0.858448793601909
0.990198544796760
-0.683091699075626
0.073238197127626
0.569074518302953
-0.959173061326995
0.924165520566692
-0.479567259365279
-0.177575502677223
0.756016693999302
-0.999390827019098
0.799834338054728
-0.245790784309490
-0.417187394438179
0.895267866396157
-0.976565075805968
0.625048050043145
0.003490651415279
-0.630482294044765
0.978043800734092
-0.892135700463841
0.410832515490522
0.252551890060318
-0.804005144430428
0.999122830098856
-0.751428670180996
0.170700866905817
0.485681664337359
-0.926809786739365
0.957175248325296
-0.563320058063544
-0.080198924328851
0.688173694712312
-0.991149465313791
0.854847190448089
-0.339676121182886
-0.326039611452389
0.847254390118687
-0.992965508106527
0.698593709357620
-0.094604754002440
-0.551313085829153
0.952888630922459
-0.932143355606510
0.498271578510719
0.156434465040272
-0.741808658601475
0.998412803784635
-0.812519787475536
0.266517507491798
0.397605493806880
-0.885509498577869
0.980955155349189
-0.641640891025942
0.017950993798064
0.613694794792082
-0.973350677314630
0.901616948029679
-0.430286039357488
-0.231747903494246
0.791071034656334
-0.999791002430336
0.765402990234609
-0.191787907539936
-0.466827692348894
0.918544975241655
-0.963162566797641
0.580905923319791
0.058808578459418
-0.672459082520404
0.988075312474494
-0.865775963368395
0.359764181061792
0.305695304963132
-0.835670446020786
0.995275937465120
-0.713774528476655
0.115927814621161
0.533298177137634
-0.946166092639925
0.939692620785909
-0.516746808235987
-0.135221503812981
0.727259563181751
-0.996975742105725
0.824831666147008
-0.287121694403054
-0.377840786818539
0.875344001663105
-0.984894222919309
0.657938725939713
-0.039384385715538
-0.596625138196366
0.968210038219166
-0.910683660806157
0.449541731392448
0.210837366614686
-0.777773215587100
0.999999502665477
-0.779025402343181
0.212786770195560
0.447759087838782
-0.909857845986209
0.968707053763083
-0.598224706512989
-0.037391194276386
0.656435295035364
-0.984546874040406
0.876306680043817
-0.379686832815399
-0.285210449497807
0.823702287237178
-0.997128770610607
0.728627176774968
-0.137197575318756
-0.515038074910108
0.939008537288557
-0.946809845192889
0.534984454218116
0.113946372040069
-0.712376096951350
0.995080302697612
-0.836764313458943
0.307593871893490
0.357902360656753
-0.864776049423841
0.988380467458418
-0.673934061558367
0.060799669945291
0.579281172342678
-0.962624246950014
0.919331670207184
-0.468590738440687
-0.189829893421374
0.764117801136746
-0.999748234942507
0.792289643355140
-0.233687800263572
-0.428484617944846
0.900752393038693
-0.973806160042902
0.615268445017590
0.015956618811761
-0.640109699484993
0.980565772275231
-0.886434498785955
0.399434916642448
0.264594463341268
-0.811355416346594
0.998523155669252
-0.743144825477305
0.158404256935918
0.496541174560861
-0.931419255684637
0.953491756554200
-0.552976131367875
-0.092618851350296
0.697165102854635
-0.992727357023034
0.848312243159663
-0.327924627507184
-0.337799382375674
0.853810500668369
-0.991412286102147
0.689619543735620
-0.082187000421264
-0.561670871434845
0.956595871676299
-0.927557000153114
0.487424302374775
0.168735142482281
-0.750111069630482
0.999037314786334
-0.805189614794376
0.254481388115606
0.409013144454956
-0.891232802796699
0.978457541230227
-0.632029302664847
0.005485292998449
0.623489801858754
-0.976133837562950
0.896154763145894
-0.418999353002242
-0.243856825068198
0.798635510047275
-0.999458451547160
0.757320799830877
-0.179538109314979
-0.477815980375931
0.923401737138449
-0.959735282739429
0.570713567684294
0.071248747459289
-0.681633574422537
0.989917986891575
-0.859470145878650
0.348104613809385
0.317541094684854
-0.842452397007220
0.993988284916781
-0.704987960785606
0.103536543928851
0.543802332128702
-0.950127684053226
0.935355868899041
-0.506033764121074
-0.147562812492459
0.735759460917934
-0.997867069055413
0.817719385664344
-0.275157973521040
-0.389353619733379
0.881303452065025
-0.982659058768034
0.648499573345545
-0.026924682845670
-0.606583243456934
0.971253107566077
-0.905463004055266
0.438371146789041
0.223007069184837
-0.785548416547747
0.999934228225054
-0.771148582173356
0.200589415783288
0.458871101604293
-0.914959667849827
0.965537553173936
-0.588188608058718
-0.049845885660853
0.665788652558050
-0.986653483962233
0.870232891566964
-0.368124552684700
-0.297136811700919
0.830706960534934
-0.996107279539960
0.720032246799327
-0.124838484627371
-0.525683769810543
0.943222657947657
