0.000000000000000
0.966823388604458
-0.493941866584230
-0.714472679632803
0.858959896930663
0.275637355817000
-0.999780683474845
0.235142113102589
0.879648572866616
-0.684547105928687
-0.529919264233206
0.955278362122342
0.041875653729201
-0.976672278334167
0.457097927058692
0.743144825477395
-0.836764313458960
-0.315649036947105
0.998026728428270
-0.194234351219969
-0.898794046299167
0.653420603990102
0.564967003424940
-0.942057452787295
-0.083677843332319
0.984807753012208
-0.419452082446173
-0.770513242775791
0.813100761047024
0.355106962408141
-0.994521895368272
0.152985836284033
0.916362729562241
-0.621147780278306
-0.599023598515589
0.927183854566785
0.125333233564309
-0.991215540251541
0.381070376350268
0.796529918024199
-0.788010753606717
-0.393941909590956
0.989272332962986
-0.111468932206319
-0.932323801215514
0.587785252292467
0.632029302664856
-0.910683660806173
-0.166768746716109
0.995884398615970
-0.342020143325661
-0.821149209133708
0.761538307536731
0.432085748801989
-0.982287250728686
0.069756473744117
0.946649260115698
-0.553391549243336
-0.663926212652247
0.892585818452121
0.207911690817768
-0.998806137341434
0.302369890750435
0.844327925502019
-0.733729864502869
-0.469471562785899
0.973578902873157
-0.027921638723559
-0.959313974540059
0.518027009373121
0.694658370459004
-0.872922077269811
-0.248689887164865
0.999975630705394
-0.262189178640854
-0.866025403784436
0.704634209963586
0.506033764121186
-0.963162566797654
-0.013962180339143
0.970295726275998
-0.481753674101692
-0.724171861437475
0.851726934143048
0.289031796944483
-0.999390827019094
0.221548497619454
0.886203579231213
-0.674302387583713
-0.541708210282763
0.951056516295148
0.055821504993163
-0.979575249599346
0.444635179184902
0.752414908895733
-0.829037572555041
-0.328866646738597
0.997052752226917
-0.180519145250545
-0.904827052466019
0.642787609686527
0.576432316169817
-0.937281989491885
-0.097582899759151
0.987136265072989
-0.406736643075772
-0.779337964931483
0.804893797355912
0.368124552684693
-0.992965508106532
0.139173100960049
0.921863151588501
-0.610145163901254
-0.610145163901292
0.921863151588493
0.139173100960068
-0.992965508106538
0.368124552684648
0.804893797355924
-0.779337964931471
-0.406736643075816
0.987136265072982
-0.097582899759131
-0.937281989491892
0.576432316169778
0.642787609686564
-0.904827052466011
-0.180519145250565
0.997052752226921
-0.328866646738551
-0.829037572555052
0.752414908895720
0.444635179184945
-0.979575249599336
0.055821504993144
0.951056516295154
-0.541708210282722
-0.674302387583748
0.886203579231204
0.221548497619474
-0.999390827019095
0.289031796944437
0.851726934143043
-0.724171861437462
-0.481753674101734
0.970295726275987
-0.013962180339095
-0.963162566797659
0.506033764121144
0.704634209963620
-0.866025403784441
-0.262189178640873
0.999975630705394
-0.248689887164819
-0.872922077269834
0.694658370458990
0.518027009373150
-0.959313974540046
-0.027921638723564
0.973578902873162
-0.469471562785869
-0.733729864502902
0.844327925501986
0.302369890750454
-0.998806137341432
0.207911690817721
0.892585818452123
-0.663926212652233
-0.553391549243365
0.946649260115683
0.069756473744179
-0.982287250728690
0.432085748801959
0.761538307536762
-0.821149209133705
-0.342020143325680
0.995884398615967
-0.166768746716062
-0.910683660806199
0.632029302664840
0.587785252292494
-0.932323801215496
-0.111468932206324
0.989272332962989
-0.393941909590925
-0.788010753606747
0.796529918024161
0.381070376350287
-0.991215540251537
0.125333233564262
0.927183854566787
-0.599023598515574
-0.621147780278332
0.916362729562221
0.152985836284095
-0.994521895368274
0.355106962408109
0.813100761047052
-0.770513242775788
-0.419452082446191
0.984807753012202
-0.083677843332271
-0.942057452787316
0.564967003424924
0.653420603990128
-0.898794046299146
-0.194234351219974
0.998026728428272
-0.315649036947072
-0.836764313458986
0.743144825477353
0.457097927058709
-0.976672278334160
0.041875653729153
0.955278362122344
-0.529919264233189
-0.684547105928712
0.879648572866593
0.235142113102649
-0.999780683474845
0.275637355816967
0.858959896930688
-0.714472679632799
-0.493941866584247
0.966823388604450
0.000000000000048
-0.966823388604474
0.493941866584213
0.714472679632827
-0.858959896930639
-0.275637355817005
0.999780683474844
-0.235142113102556
-0.879648572866639
0.684547105928642
0.529919264233222
-0.955278362122332
-0.041875653729249
0.976672278334168
-0.457097927058674
-0.743144825477418
0.836764313458933
0.315649036947164
-0.998026728428269
0.194234351219936
0.898794046299188
-0.653420603990098
-0.564967003424956
0.942057452787283
0.083677843332367
-0.984807753012219
0.419452082446155
0.770513242775813
-0.813100761046996
-0.355106962408146
0.994521895368270
-0.152985836284000
-0.916362729562260
0.621147780278257
0.599023598515605
-0.927183854566772
-0.125333233564357
0.991215540251542
-0.381070376350250
-0.796529918024219
0.788010753606688
0.393941909591014
-0.989272332962984
0.111468932206285
0.932323801215531
-0.587785252292463
-0.632029302664871
0.910683660806159
0.166768746716157
-0.995884398615976
0.342020143325643
0.821149209133727
-0.761538307536700
-0.432085748801994
0.982287250728683
-0.069756473744083
-0.946649260115714
0.553391549243285
0.663926212652305
-0.892585818452131
-0.207911690817759
0.998806137341434
-0.302369890750417
-0.844327925502037
0.733729864502836
0.469471562785954
-0.973578902873140
0.027921638723468
0.959313974540057
-0.518027009373116
-0.694658370459018
0.872922077269787
0.248689887164912
-0.999975630705394
0.262189178640780
0.866025403784432
-0.704634209963592
-0.506033764121178
0.963162566797649
0.013962180339191
-0.970295726276010
0.481753674101650
0.724171861437528
-0.851726934142993
-0.289031796944475
0.999390827019094
-0.221548497619435
-0.886203579231235
0.674302387583678
0.541708210282803
-0.951056516295125
-0.055821504993154
0.979575249599344
-0.444635179184910
-0.752414908895746
0.829037572555014
0.328866646738642
-0.997052752226913
0.180519145250470
0.904827052466064
-0.642787609686534
-0.576432316169809
0.937281989491878
0.097582899759198
-0.987136265072997
0.406736643075729
0.779337964931531
-0.804893797355917
-0.368124552684684
0.992965508106533
-0.139173100960030
-0.921863151588519
0.610145163901216
0.610145163901330
-0.921863151588463
-0.139173100960172
0.992965508106537
-0.368124552684656
-0.804893797355935
0.779337964931441
0.406736643075860
-0.987136265072974
0.097582899759055
0.937281989491889
-0.576432316169785
-0.642787609686557
0.904827052466002
0.180519145250612
-0.997052752226924
0.328866646738506
0.829037572555095
-0.752414908895651
-0.444635179184937
0.979575249599338
-0.055821504993124
-0.951056516295169
0.541708210282682
0.674302387583784
-0.886203579231169
-0.221548497619465
0.999390827019095
-0.289031796944446
-0.851726934143068
0.724171861437429
0.481753674101776
-0.970295726275975
0.013962180339047
0.963162566797688
-0.506033764121152
-0.704634209963614
0.866025403784417
0.262189178640919
-0.999975630705393
0.248689887164772
0.872922077269857
-0.694658370458996
-0.518027009373142
0.959313974540048
0.027921638723612
-0.973578902873172
0.469471562785827
0.733729864502934
-0.844327925501960
-0.302369890750554
0.998806137341432
-0.207911690817730
-0.892585818452145
0.663926212652197
0.553391549243405
-0.946649260115667
-0.069756473744227
0.982287250728688
-0.432085748801966
-0.761538307536756
0.821149209133677
0.342020143325725
-0.995884398615963
0.166768746716015
0.910683660806219
-0.632029302664759
-0.587785252292487
0.932323801215500
0.111468932206372
-0.989272332962996
0.393941909590881
0.788010753606777
-0.796529918024132
-0.381070376350278
0.991215540251538
-0.125333233564271
-0.927183854566805
0.599023598515535
0.621147780278370
-0.916362729562202
-0.152985836284142
0.994521895368285
-0.355106962408117
-0.813100761047047
0.770513242775757
0.419452082446234
-0.984807753012193
0.083677843332223
0.942057452787332
-0.564967003424931
-0.653420603990121
0.898794046299150
0.194234351220021
-0.998026728428275
0.315649036947027
0.836764313459012
-0.743144825477321
-0.457097927058803
0.976672278334162
-0.041875653729162
-0.955278362122358
0.529919264233148
0.684547105928747
-0.879648572866570
-0.235142113102696
0.999780683474845
-0.275637355816976
-0.858959896930683
0.714472679632766
0.493941866584289
-0.966823388604438
-0.000000000000096
0.966823388604487
-0.493941866584122
-0.714472679632820
0.858959896930643
0.275637355817051
-0.999780683474843
0.235142113102509
0.879648572866662
-0.684547105928607
-0.529919264233215
0.955278362122335
0.041875653729241
-0.976672278334179
0.457097927058632
0.743144825477450
-0.836764313458907
-0.315649036947209
0.998026728428263
-0.194234351219944
-0.898794046299185
0.653420603990062
0.564967003424996
-0.942057452787267
-0.083677843332415
0.984807753012227
-0.419452082446163
-0.770513242775807
0.813100761047002
0.355106962408191
-0.994521895368265
0.152985836283952
0.916362729562279
-0.621147780278219
-0.599023598515689
0.927183854566775
0.125333233564348
-0.991215540251549
0.381070376350206
0.796529918024249
-0.788010753606658
-0.393941909591058
0.989272332962985
-0.111468932206294
-0.932323801215528
0.587785252292424
0.632029302664908
-0.910683660806139
-0.166768746716204
0.995884398615980
-0.342020143325544
-0.821149209133722
0.761538307536705
0.432085748802037
-0.982287250728674
0.069756473744035
0.946649260115729
-0.553391549243245
-0.663926212652255
0.892585818452109
0.207911690817806
-0.998806137341436
