0.000000000000000
0.991542217370804
0.257373734365302
-0.924735945302240
-0.497406623913222
0.795624548881780
0.703926182748944
-0.612907053652975
-0.863017923326350
0.388894256356593
0.963962860695853
-0.138679271154435
-0.999959716170870
-0.120879385912328
0.968583161128630
0.372293658401948
-0.871947226253860
-0.598624226943435
0.716562866343789
0.784621814930593
-0.512899277405902
-0.917754625683982
0.274678522802388
0.989052686346544
-0.017950993798097
-0.993712209893241
-0.239986003602570
0.931419255684616
0.481753674101717
-0.806370881570462
-0.691062648986869
0.626992362396813
0.853810500668349
-0.405369527637433
-0.959031909598965
0.156434465040223
0.999637465011020
0.103040545578648
-0.972891321940143
-0.355573083550945
0.880595531856733
0.584148485111093
-0.728968627421406
-0.773366225503514
0.528226641853080
0.910477546658819
-0.291894792201031
-0.986244419107041
0.035896202634582
0.995561964603078
0.222520933956326
-0.937802403039827
-0.465945472355833
0.816857349838955
0.677976410513225
-0.640875613985014
-0.844327925502017
0.421714162855298
0.953791896906692
-0.174139245707380
-0.998993066541314
-0.085168498971965
0.976885954764644
0.338737920245294
-0.888960053096188
-0.569484493168464
0.741139468049849
0.761861407873414
-0.543383777794801
-0.902907053368376
0.309016994374932
0.983118320656127
-0.053829843412114
-0.997090885390701
-0.204984153792241
0.943883330308361
0.449987113092129
-0.827080574274553
-0.664671684553430
0.654552334343425
0.834573253721312
-0.437922894720357
-0.948244511287231
0.191787907539952
0.998026728428271
0.067269005612045
-0.980565772275217
-0.321793593854466
0.897038094386964
0.554636976794322
-0.753071466003596
-0.750111069630477
0.558365800629658
0.895045585511178
-0.326039611452326
-0.979675398423239
0.071746136761380
0.998298479539764
0.187381314585736
-0.949660077825420
-0.433883739117579
0.837037260298629
0.651152758743578
-0.668018115955491
-0.824549628907150
0.453990499739524
0.942391540464035
-0.209374763007077
-0.996738762088015
-0.049347833863771
0.983929588598624
0.304745564927223
-0.904827052466015
-0.539610720810797
0.764760776027584
0.738118997487358
-0.573167882188918
-0.886895676556419
0.342957157654116
0.975916761938751
-0.089639308903405
-0.999184357885973
-0.169718089100680
0.955130783952417
0.417640539972152
-0.846724199228268
-0.637423989748694
0.681268619282656
0.814260281314389
-0.469911799899883
-0.936234870639747
0.226894144495869
0.995129582585912
0.031410759078148
-0.986976319697491
-0.287599327432047
0.912324417231450
0.524410567641378
-0.776203631076339
-0.725889056058906
0.587785252292446
0.878459952927514
-0.359764181061792
-0.971843622476427
0.107503593510497
0.999748234942505
0.152000169561278
-0.960293685676937
-0.401262750256495
0.856138269310446
0.623489801858760
-0.694299574162836
-0.803708526830799
0.485681664337286
0.929776485888262
-0.244340406137859
-0.993199708502813
-0.013463561731205
0.989704983719630
0.270360406986383
-0.919527772551435
-0.509041415750384
0.787396343527998
0.713425186616701
-0.602213200286056
-0.869741133155700
0.376455265374377
0.967457292663061
-0.125333233564276
-0.999989928992004
-0.134233265817667
0.965147119180887
0.384755647944957
-0.865276436727930
-0.609354685562835
0.707106781186538
0.792897765908486
-0.501295010989903
-0.923018467515408
0.261707925628592
0.990949761767939
-0.004487974438906
-0.992114701314470
-0.253034359076162
0.926434797042883
0.493508218064384
-0.798335306372688
-0.700731405818953
0.616447076559444
0.860742027003948
-0.393025031653882
-0.962759186055466
0.143122483211120
0.999909362145144
0.116423103505834
-0.969689520376675
-0.368124552684699
0.874135756577055
0.595023196102065
-0.719686113050181
-0.781831482468058
0.516746808235973
0.915962993388166
-0.278991106039194
-0.988380467458432
0.022438064295757
0.994204695916448
0.235626767265319
-0.933043264819430
-0.477815980375928
0.809016994374918
0.687811804415977
-0.630482294044710
-0.851465534561496
0.409468140058876
0.957750816684944
-0.160865609613671
-0.999506560365731
-0.098575422202483
0.973919425411299
0.351374824081391
-0.882713373816669
-0.580499952001578
0.732033515886157
0.770513242775800
-0.532032076515291
-0.908612337232886
0.296184377620470
0.985492653565733
-0.040380923169129
-0.995974293995233
-0.218143241396573
0.939351046208920
0.461969759730628
-0.819437965209719
-0.674670545932114
0.644314329694469
0.841914645309174
-0.425779291565032
-0.952433798569328
0.178556894798581
0.998781653462336
0.080695973575228
-0.977835471138016
-0.334511859971867
0.891006524188341
0.565789633582243
-0.744145010569344
-0.758946694294585
0.547145889934065
0.900968867902444
-0.313282199597398
-0.982287250728690
0.058310768718891
0.997422925272831
0.200589415783331
-0.945356108439556
-0.445974662797081
0.829594860571803
0.661311865323671
-0.657938725939666
-0.832092437156174
0.441953229673212
0.946809845192933
-0.196190637499068
-0.997734875046459
-0.062790519529353
0.981436395555736
0.317541094684893
-0.899012535107109
-0.550896981452155
0.756016693999225
0.747135564508161
-0.562083377852087
-0.893035048612898
0.330279061955106
0.978765291933719
-0.076221822798866
-0.998550122907317
-0.182970947394085
0.951056516295132
0.429835844221577
-0.839484407258065
-0.647740067614475
0.671351092125979
0.822002075447947
-0.457984742103028
-0.940880768954232
0.213761154992060
0.996366562457245
0.044864830350583
-0.984721038215618
-0.300467997289473
0.906728826522683
0.535826794979025
-0.767644740357966
-0.735083659720208
0.576839726452725
0.884813436149765
-0.347169487214385
-0.974927912181838
0.094108313318467
0.999355523643319
0.165293514029543
-0.956450432738620
-0.413558504966585
0.849103418222167
0.633959526508181
-0.684547105928644
-0.811646811946217
0.473868662472934
0.934648480581928
-0.231262784929925
-0.994677156652784
-0.026924682845702
0.987688340595125
0.283298069832798
-0.914152911751081
-0.520583930743662
0.779025402343220
0.722794863827442
-0.591410180293866
-0.876306680043877
0.363948032196724
0.970776348122927
-0.111964476103289
-0.999838867929056
-0.147562812492488
0.961536119504130
0.397147890634820
-0.858448793601855
-0.619974682979133
0.697522514745679
0.801029983781155
-0.489599871965014
-0.928114988519046
0.248689887164800
0.992667202067977
0.008975858481066
-0.990337346439111
-0.266036845566697
0.921282398275799
0.505173300974530
-0.790155012375647
-0.710273137068089
0.605790043840800
0.867517521717746
-0.380609289778831
-0.966311937657241
0.129784556752241
0.999999999999999
0.129784556752347
-0.966311937657214
-0.380609289778930
0.867517521717692
0.605790043840840
-0.710273137068014
-0.790155012375748
0.505173300974487
0.921282398275841
-0.266036845566594
-0.990337346439118
0.008975858480959
0.992667202067964
0.248689887164959
-0.928114988519027
-0.489599871965107
0.801029983781057
0.697522514745714
-0.619974682979049
-0.858448793601910
0.397147890634774
0.961536119504159
-0.147562812492383
-0.999838867929059
-0.111964476103338
0.970776348122902
0.363948032196877
-0.876306680043853
-0.591410180293953
0.722794863827329
0.779025402343252
-0.520583930743571
-0.914152911751124
0.283298069832750
0.987688340595142
-0.026924682845595
-0.994677156652767
-0.231262784929974
0.934648480581890
0.473868662473078
-0.811646811946187
-0.684547105928722
0.633959526508099
0.849103418222193
-0.413558504966488
-0.956450432738651
0.165293514029382
0.999355523643321
0.094108313318573
-0.974927912181802
-0.347169487214431
0.884813436149715
0.576839726452812
-0.735083659720174
-0.767644740358035
0.535826794978935
0.906728826522752
-0.300467997289426
-0.984721038215636
0.044864830350419
0.996366562457241
0.213761154992164
-0.940880768954196
-0.457984742103072
0.822002075447886
0.671351092126058
-0.647740067614350
-0.839484407258092
0.429835844221481
0.951056516295183
-0.182970947394036
-0.998550122907323
-0.076221822798972
0.978765291933709
0.330279061955207
-0.893035048612850
-0.562083377852222
0.747135564508128
0.756016693999295
-0.550896981452018
-0.899012535107131
0.317541094684791
0.981436395555757
-0.062790519529303
-0.997734875046452
-0.196190637499173
0.946809845192881
0.441953229673257
-0.832092437156115
-0.657938725939789
0.661311865323634
0.829594860571863
-0.445974662796985
-0.945356108439572
0.200589415783226
0.997422925272839
0.058310768719054
-0.982287250728681
-0.313282199597500
0.900968867902373
0.547145889934107
-0.758946694294516
-0.744145010569415
0.565789633582201
0.891006524188389
-0.334511859971766
-0.977835471138051
0.080695973575178
0.998781653462330
0.178556894798742
-0.952433798569313
-0.425779291565129
0.841914645309117
0.644314329694507
-0.674670545932035
-0.819437965209781
0.461969759730482
0.939351046208937
-0.218143241396469
-0.995974293995248
-0.040380923169179
0.985492653565715
0.296184377620572
-0.908612337232865
-0.532032076515382
0.770513242775732
0.732033515886268
-0.580499952001537
-0.882713373816719
0.351374824081237
0.973919425411310
-0.098575422202377
-0.999506560365727
-0.160865609613720
0.957750816684913
0.409468140058973
-0.851465534561410
-0.630482294044749
0.687811804415899
0.809016994375014
-0.477815980375884
-0.933043264819468
0.235626767265215
0.994204695916453
0.022438064295864
-0.988380467458416
-0.278991106039351
0.915962993388146
0.516746808236065
-0.781831482467956
-0.719686113050216
0.595023196101979
0.874135756577107
-0.368124552684653
-0.969689520376701
0.116423103505728
0.999909362145142
0.143122483211169
-0.962759186055437
-0.393025031654033
0.860742027003922
