0.000000000000000
0.912324417231454
-0.747135564508149
-0.300467997289452
0.993199708502812
-0.512899277405905
-0.573167882188922
0.982287250728687
-0.231262784929950
-0.792897765908476
0.880595531856737
0.071746136761382
-0.939351046208923
0.697522514745699
0.368124552684680
-0.998993066541314
0.449987113092118
0.630482294044715
-0.966311937657222
0.160865609613692
0.834573253721303
-0.844327925502012
-0.143122483211125
0.961536119504150
-0.644314329694491
-0.433883739117563
0.999637465011020
-0.384755647944933
-0.684547105928692
0.945356108439566
-0.089639308903424
-0.871947226253864
0.803708526830784
0.213761154992116
-0.978765291933711
0.587785252292467
0.497406623913229
-0.995129582585909
0.317541094684832
0.735083659720186
-0.919527772551449
0.017950993798092
0.904827052466022
-0.758946694294548
-0.283298069832761
0.990949761767936
-0.528226641853070
-0.558365800629666
0.985492653565725
-0.248689887164846
-0.781831482468036
0.888960053096186
0.053829843412144
-0.933043264819450
0.710273137068052
0.351374824081350
-0.998026728428271
0.465945472355814
0.616447076559481
-0.970776348122913
0.178556894798618
0.824549628907144
-0.853810500668342
-0.125333233564315
0.956450432738635
-0.657938725939700
-0.417640539972134
0.999959716170870
-0.401262750256466
-0.671351092126022
0.951056516295149
-0.107503593510496
-0.863017923326358
0.814260281314375
0.196190637499116
-0.974927912181825
0.602213200286061
0.481753674101727
-0.996738762088011
0.334511859971828
0.722794863827395
-0.926434797042878
0.035896202634572
0.897038094386980
-0.770513242775779
-0.266036845566705
0.988380467458433
-0.543383777794799
-0.543383777794825
0.988380467458428
-0.266036845566648
-0.770513242775799
0.897038094386953
0.035896202634603
-0.926434797042890
0.722794863827373
0.334511859971857
-0.996738762088016
0.481753674101699
0.602213200286109
-0.974927912181818
0.196190637499085
0.814260281314393
-0.863017923326342
-0.107503593510555
0.951056516295158
-0.671351092125977
-0.401262750256495
0.999959716170870
-0.417640539972106
-0.657938725939724
0.956450432738621
-0.125333233564284
-0.853810500668365
0.824549628907126
0.178556894798649
-0.970776348122924
0.616447076559456
0.465945472355854
-0.998026728428269
0.351374824081307
0.710273137068074
-0.933043264819438
0.053829843412098
0.888960053096201
-0.781831482468007
-0.248689887164876
0.985492653565732
-0.558365800629640
-0.528226641853121
0.990949761767930
-0.283298069832731
-0.758946694294560
0.904827052465996
0.017950993798137
-0.919527772551461
0.735083659720165
0.317541094684848
-0.995129582585915
0.497406623913189
0.587785252292493
-0.978765291933708
0.213761154992058
0.803708526830815
-0.871947226253845
-0.089639308903455
0.945356108439571
-0.684547105928648
-0.384755647944975
0.999637465011021
-0.433883739117541
-0.644314329694499
0.961536119504134
-0.143122483211080
-0.844327925502029
0.834573253721293
0.160865609613758
-0.966311937657235
0.630482294044685
0.449987113092143
-0.998993066541313
0.368124552684624
0.697522514745734
-0.939351046208911
0.071746136761358
0.880595531856741
-0.792897765908442
-0.231262784929993
0.982287250728693
-0.573167882188907
-0.512899277405960
0.993199708502806
-0.300467997289414
-0.747135564508167
0.912324417231447
0.000000000000060
-0.912324417231473
0.747135564508125
0.300467997289474
-0.993199708502813
0.512899277405857
0.573167882188958
-0.982287250728682
0.231262784929932
0.792897765908514
-0.880595531856712
-0.071746136761421
0.939351046208933
-0.697522514745689
-0.368124552684735
0.998993066541316
-0.449987113092086
-0.630482294044733
0.966311937657219
-0.160865609613640
-0.834573253721328
0.844327925501995
0.143122483211142
-0.961536119504167
0.644314329694451
0.433883739117597
-0.999637465011019
0.384755647944917
0.684547105928735
-0.945356108439551
0.089639308903393
0.871947226253876
-0.803708526830778
-0.213761154992174
0.978765291933721
-0.587785252292442
-0.497406623913244
0.995129582585903
-0.317541094684789
-0.735083659720208
0.919527772551436
-0.017950993798075
-0.904827052466047
0.758946694294519
0.283298069832791
-0.990949761767938
0.528226641853067
0.558365800629715
-0.985492653565717
0.248689887164816
0.781831482468047
-0.888960053096159
-0.053829843412189
0.933043264819461
-0.710273137068030
-0.351374824081366
0.998026728428275
-0.465945472355773
-0.616447076559505
0.970776348122909
-0.178556894798615
-0.824549628907178
0.853810500668318
0.125333233564346
-0.956450432738639
0.657938725939655
0.417640539972188
-0.999959716170870
0.401262750256438
0.671351092126024
-0.951056516295130
0.107503593510465
0.863017923326374
-0.814260281314357
-0.196190637499119
0.974927912181838
-0.602213200286036
-0.481753674101754
0.996738762088011
-0.334511859971772
-0.722794863827436
0.926434797042866
-0.035896202634483
-0.897038094387006
0.770513242775741
0.266036845566735
-0.988380467458437
0.543383777794773
0.543383777794828
-0.988380467458427
0.266036845566672
0.770513242775855
-0.897038094386927
-0.035896202634663
0.926434797042912
-0.722794863827352
-0.334511859971887
0.996738762088016
-0.481753674101697
-0.602213200286088
0.974927912181798
-0.196190637498999
-0.814260281314428
0.863017923326312
0.107503593510587
-0.951056516295168
0.671351092125975
0.401262750256498
-0.999959716170870
0.417640539972025
0.657938725939790
-0.956450432738604
0.125333233564225
0.853810500668382
-0.824549628907108
-0.178556894798680
0.970776348122925
-0.616447076559454
-0.465945472355831
0.998026728428264
-0.351374824081251
-0.710273137068117
0.933043264819417
-0.053829843412067
-0.888960053096215
0.781831482468006
0.248689887164879
-0.985492653565728
0.558365800629566
0.528226641853171
-0.990949761767921
0.283298069832673
0.758946694294598
-0.904827052465995
-0.017950993798140
0.919527772551462
-0.735083659720163
-0.317541094684959
0.995129582585921
-0.497406623913138
-0.587785252292541
0.978765291933695
-0.213761154992055
-0.803708526830817
0.871947226253843
0.089639308903458
-0.945356108439572
0.684547105928604
0.384755647945030
-0.999637465011023
0.433883739117487
0.644314329694544
-0.961536119504133
0.143122483211077
0.844327925502031
-0.834573253721292
-0.160865609613817
0.966311937657251
-0.630482294044638
-0.449987113092196
0.998993066541310
-0.368124552684622
-0.697522514745736
0.939351046208910
-0.071746136761355
-0.880595531856797
0.792897765908405
0.231262784930051
-0.982287250728704
0.573167882188858
0.512899277405962
-0.993199708502806
0.300467997289412
0.747135564508169
-0.912324417231446
-0.000000000000120
0.912324417231497
-0.747135564508085
-0.300467997289531
0.993199708502820
-0.512899277405855
-0.573167882188961
0.982287250728681
-0.231262784929929
-0.792897765908551
0.880595531856683
0.071746136761480
-0.939351046208953
0.697522514745646
0.368124552684738
-0.998993066541316
0.449987113092084
0.630482294044736
-0.966311937657189
0.160865609613581
0.834573253721361
-0.844327925501963
-0.143122483211201
0.961536119504167
-0.644314329694449
-0.433883739117600
0.999637465011019
-0.384755647944914
-0.684547105928779
0.945356108439531
-0.089639308903333
-0.871947226253905
0.803708526830742
0.213761154992177
-0.978765291933721
0.587785252292440
0.497406623913246
-0.995129582585897
0.317541094684732
0.735083659720248
-0.919527772551413
0.017950993798015
0.904827052466049
-0.758946694294517
-0.283298069832794
0.990949761767938
-0.528226641852968
-0.558365800629765
0.985492653565707
-0.248689887164758
-0.781831482468084
0.888960053096158
0.053829843412192
-0.933043264819462
0.710273137068028
0.351374824081475
-0.998026728428279
0.465945472355720
0.616447076559552
-0.970776348122895
0.178556894798556
0.824549628907179
-0.853810500668316
-0.125333233564349
0.956450432738640
-0.657938725939610
-0.417640539972243
0.999959716170869
-0.401262750256383
-0.671351092126068
0.951056516295129
-0.107503593510462
-0.863017923326375
0.814260281314355
0.196190637499233
-0.974927912181851
0.602213200285988
0.481753674101807
-0.996738762088006
0.334511859971769
0.722794863827438
-0.926434797042865
0.035896202634537
0.897038094387033
-0.770513242775703
-0.266036845566793
0.988380467458447
-0.543383777794722
-0.543383777794878
0.988380467458418
-0.266036845566614
-0.770513242775821
0.897038094386951
0.035896202634722
-0.926434797042935
0.722794863827310
0.334511859971943
-0.996738762088021
0.481753674101644
0.602213200286136
-0.974927912181810
0.196190637499052
0.814260281314462
-0.863017923326282
-0.107503593510646
0.951056516295187
-0.671351092125931
-0.401262750256553
0.999959716170871
-0.417640539972074
-0.657938725939750
0.956450432738586
-0.125333233564166
-0.853810500668413
0.824549628907075
0.178556894798738
-0.970776348122939
0.616447076559407
0.465945472355884
-0.998026728428267
0.351374824081302
0.710273137068159
-0.933043264819395
0.053829843412007
0.888960053096242
-0.781831482467968
-0.248689887164937
0.985492653565738
-0.558365800629611
-0.528226641853126
0.990949761767913
-0.283298069832616
-0.758946694294637
0.904827052465970
0.017950993798200
-0.919527772551486
0.735083659720122
0.317541094684907
-0.995129582585916
0.497406623913086
0.587785252292590
-0.978765291933683
0.213761154991996
0.803708526830853
-0.871947226253814
-0.089639308903518
0.945356108439592
-0.684547105928644
-0.384755647944981
0.999637465011024
-0.433883739117433
-0.644314329694590
0.961536119504116
-0.143122483211018
-0.844327925502063
0.834573253721259
0.160865609613764
-0.966311937657237
0.630482294044592
0.449987113092249
-0.998993066541308
0.368124552684566
