0.000000000000000
0.858448793601865
0.880595531856737
0.044864830350515
-0.834573253721302
-0.900968867902418
-0.089639308903434
0.809016994374946
0.919527772551450
0.134233265817656
-0.781831482468029
-0.936234870639736
-0.178556894798637
0.753071466003610
0.951056516295153
0.222520933956315
-0.722794863827390
-0.963962860695852
-0.266036845566676
0.691062648986862
0.974927912181823
0.309016994374946
-0.657938725939711
-0.983929588598629
-0.351374824081343
0.623489801858733
0.990949761767934
0.393025031653926
-0.587785252292472
-0.995974293995238
-0.433883739117559
0.550896981452099
0.998993066541314
0.473868662472998
-0.512899277405907
-0.999999999999999
-0.512899277405907
0.473868662472998
0.998993066541313
0.550896981452105
-0.433883739117556
-0.995974293995238
-0.587785252292471
0.393025031653920
0.990949761767933
0.623489801858733
-0.351374824081337
-0.983929588598628
-0.657938725939713
0.309016994374947
0.974927912181823
0.691062648986867
-0.266036845566673
-0.963962860695852
-0.722794863827395
0.222520933956310
0.951056516295152
0.753071466003611
-0.178556894798638
-0.936234870639735
-0.781831482468031
0.134233265817655
0.919527772551447
0.809016994374949
-0.089639308903431
-0.900968867902418
-0.834573253721301
0.044864830350518
0.880595531856739
0.858448793601869
0.000000000000006
-0.858448793601863
-0.880595531856738
-0.044864830350516
0.834573253721302
0.900968867902417
0.089639308903444
-0.809016994374942
-0.919527772551452
-0.134233265817660
0.781831482468027
0.936234870639737
0.178556894798636
-0.753071466003611
-0.951056516295151
-0.222520933956323
0.722794863827386
0.963962860695854
0.266036845566678
-0.691062648986863
-0.974927912181823
-0.309016994374946
0.657938725939704
0.983929588598630
0.351374824081349
-0.623489801858728
-0.990949761767934
-0.393025031653925
0.587785252292472
0.995974293995238
0.433883739117555
-0.550896981452094
-0.998993066541314
-0.473868662473003
0.512899277405902
0.999999999999999
0.512899277405906
-0.473868662472999
-0.998993066541313
-0.550896981452110
0.433883739117551
0.995974293995238
0.587785252292476
-0.393025031653921
-0.990949761767934
-0.623489801858732
0.351374824081345
0.983929588598627
0.657938725939718
-0.309016994374941
-0.974927912181822
-0.691062648986866
0.266036845566674
0.963962860695852
0.722794863827399
-0.222520933956318
-0.951056516295150
-0.753071466003605
0.178556894798631
0.936234870639730
0.781831482468030
-0.134233265817641
-0.919527772551450
-0.809016994374953
0.089639308903439
0.900968867902415
0.834573253721297
-0.044864830350511
-0.880595531856729
-0.858448793601865
-0.000000000000013
0.858448793601867
0.880595531856742
0.044864830350508
-0.834573253721299
-0.900968867902426
-0.089639308903436
0.809016994374938
0.919527772551449
0.134233265817667
-0.781831482468032
-0.936234870639739
-0.178556894798656
0.753071466003607
0.951056516295158
0.222520933956315
-0.722794863827381
-0.963962860695852
-0.266036845566684
0.691062648986868
0.974927912181824
0.309016994374965
-0.657938725939710
-0.983929588598631
-0.351374824081342
0.623489801858723
0.990949761767933
0.393025031653931
-0.587785252292479
-0.995974293995239
-0.433883739117573
0.550896981452101
0.998993066541314
0.473868662472996
-0.512899277405897
-0.999999999999999
-0.512899277405912
0.473868662472981
0.998993066541313
0.550896981452115
-0.433883739117558
-0.995974293995237
-0.587785252292470
0.393025031653915
0.990949761767931
0.623489801858737
-0.351374824081325
-0.983929588598628
-0.657938725939723
0.309016994374948
0.974927912181820
0.691062648986861
-0.266036845566667
-0.963962860695847
-0.722794863827394
0.222520933956298
0.951056516295152
0.753071466003619
-0.178556894798639
-0.936234870639733
-0.781831482468025
0.134233265817649
0.919527772551442
0.809016994374948
-0.089639308903418
-0.900968867902418
-0.834573253721308
0.044864830350519
0.880595531856733
0.858448793601876
0.000000000000005
-0.858448793601856
-0.880595531856738
-0.044864830350529
0.834573253721303
0.900968867902423
0.089639308903456
-0.809016994374943
-0.919527772551457
-0.134233265817659
0.781831482468019
0.936234870639736
0.178556894798649
-0.753071466003612
-0.951056516295155
-0.222520933956335
0.722794863827387
0.963962860695857
0.266036845566677
-0.691062648986854
-0.974927912181822
-0.309016994374958
0.657938725939716
0.983929588598630
0.351374824081361
-0.623489801858730
-0.990949761767936
-0.393025031653924
0.587785252292462
0.995974293995238
0.433883739117566
-0.550896981452084
-0.998993066541314
-0.473868662473015
0.512899277405903
0.999999999999999
0.512899277405905
-0.473868662472988
-0.998993066541313
-0.550896981452109
0.433883739117565
0.995974293995235
0.587785252292487
-0.393025031653922
-0.990949761767936
-0.623489801858753
0.351374824081333
0.983929588598630
0.657938725939738
-0.309016994374929
-0.974927912181822
-0.691062648986855
0.266036845566648
0.963962860695849
0.722794863827388
-0.222520933956278
-0.951056516295146
-0.753071466003614
0.178556894798647
0.936234870639726
0.781831482468038
-0.134233265817657
-0.919527772551457
-0.809016994374960
0.089639308903426
0.900968867902422
0.834573253721320
-0.044864830350498
-0.880595531856737
-0.858448793601857
-0.000000000000025
0.858448793601860
0.880595531856734
0.044864830350549
-0.834573253721292
-0.900968867902419
-0.089639308903420
0.809016994374930
0.919527772551454
0.134233265817651
-0.781831482468006
-0.936234870639744
-0.178556894798641
0.753071466003618
0.951056516295162
0.222520933956327
-0.722794863827392
-0.963962860695863
-0.266036845566697
0.691062648986859
0.974927912181821
0.309016994374977
-0.657938725939700
-0.983929588598629
-0.351374824081380
0.623489801858713
0.990949761767935
0.393025031653917
-0.587785252292445
-0.995974293995240
-0.433883739117559
0.550896981452114
0.998993066541315
0.473868662473008
-0.512899277405910
-0.999999999999999
-0.512899277405923
0.473868662472995
0.998993066541314
0.550896981452126
-0.433883739117546
-0.995974293995238
-0.587785252292503
0.393025031653903
0.990949761767933
0.623489801858725
-0.351374824081313
-0.983929588598626
-0.657938725939711
0.309016994374909
0.974927912181817
0.691062648986870
-0.266036845566683
-0.963962860695844
-0.722794863827403
0.222520933956313
0.951056516295157
0.753071466003627
-0.178556894798627
-0.936234870639738
-0.781831482468051
0.134233265817636
0.919527772551449
0.809016994374939
-0.089639308903405
-0.900968867902413
-0.834573253721300
0.044864830350478
0.880595531856727
0.858448793601868
-0.000000000000011
-0.858448793601850
-0.880595531856744
-0.044864830350513
0.834573253721280
0.900968867902428
0.089639308903441
-0.809016994374952
-0.919527772551462
-0.134233265817671
0.781831482468029
0.936234870639751
0.178556894798661
-0.753071466003604
-0.951056516295151
-0.222520933956348
0.722794863827378
0.963962860695853
0.266036845566717
-0.691062648986844
-0.974927912181825
-0.309016994374943
0.657938725939685
0.983929588598632
0.351374824081346
-0.623489801858742
-0.990949761767938
-0.393025031653936
0.587785252292475
0.995974293995242
0.433883739117578
-0.550896981452097
-0.998993066541313
-0.473868662473026
0.512899277405892
0.999999999999999
0.512899277405940
-0.473868662472977
-0.998993066541313
-0.550896981452096
0.433883739117528
0.995974293995237
0.587785252292474
-0.393025031653884
-0.990949761767930
-0.623489801858741
0.351374824081347
0.983929588598622
0.657938725939727
-0.309016994374944
-0.974927912181825
-0.691062648986885
0.266036845566663
0.963962860695853
0.722794863827417
-0.222520933956293
-0.951056516295151
-0.753071466003603
0.178556894798606
0.936234870639731
0.781831482468028
-0.134233265817616
-0.919527772551440
-0.809016994374951
0.089639308903442
0.900968867902404
0.834573253721311
-0.044864830350514
-0.880595531856717
-0.858448793601878
-0.000000000000010
0.858448793601868
0.880595531856754
0.044864830350534
-0.834573253721300
-0.900968867902437
-0.089639308903461
0.809016994374940
0.919527772551448
0.134233265817692
-0.781831482468016
-0.936234870639738
-0.178556894798682
0.753071466003591
0.951056516295157
0.222520933956312
-0.722794863827364
-0.963962860695858
-0.266036845566682
0.691062648986871
0.974927912181830
0.309016994374962
-0.657938725939712
-0.983929588598636
-0.351374824081366
0.623489801858726
0.990949761767933
0.393025031653954
-0.587785252292458
-0.995974293995238
-0.433883739117596
0.550896981452079
0.998993066541314
0.473868662472994
-0.512899277405875
-0.999999999999999
-0.512899277405909
0.473868662472959
0.998993066541312
0.550896981452113
-0.433883739117560
-0.995974293995235
-0.587785252292490
0.393025031653918
0.990949761767935
0.623489801858757
-0.351374824081328
-0.983929588598629
-0.657938725939742
0.309016994374924
0.974927912181821
0.691062648986858
-0.266036845566643
-0.963962860695848
-0.722794863827392
0.222520933956273
0.951056516295144
0.753071466003617
-0.178556894798642
-0.936234870639724
-0.781831482468041
0.134233265817652
0.919527772551432
0.809016994374963
-0.089639308903421
-0.900968867902420
-0.834573253721322
0.044864830350494
0.880595531856735
0.858448793601889
0.000000000000030
-0.858448793601858
-0.880595531856736
-0.044864830350554
0.834573253721289
0.900968867902421
0.089639308903482
-0.809016994374961
-0.919527772551456
-0.134233265817712
0.781831482468039
0.936234870639745
0.178556894798702
-0.753071466003614
-0.951056516295163
-0.222520933956388
0.722794863827389
0.963962860695864
0.266036845566647
-0.691062648986856
-0.974927912181834
-0.309016994374928
