0.000000000000000
0.587785252292473
0.951056516295154
0.951056516295154
0.587785252292473
0.000000000000000
-0.587785252292473
-0.951056516295154
-0.951056516295154
-0.587785252292473
-0.000000000000000
0.587785252292473
0.951056516295154
0.951056516295154
0.587785252292473
0.000000000000000
-0.587785252292473
-0.951056516295153
-0.951056516295154
-0.587785252292473
-0.000000000000000
0.587785252292473
0.951056516295153
0.951056516295154
0.587785252292474
0.000000000000001
-0.587785252292473
-0.951056516295153
-0.951056516295154
-0.587785252292474
-0.000000000000001
0.587785252292472
0.951056516295153
0.951056516295154
0.587785252292474
0.000000000000001
-0.587785252292472
-0.951056516295153
-0.951056516295154
-0.587785252292474
-0.000000000000001
0.587785252292472
0.951056516295153
0.951056516295154
0.587785252292474
0.000000000000001
-0.587785252292472
-0.951056516295153
-0.951056516295154
-0.587785252292474
-0.000000000000001
0.587785252292469
0.951056516295153
0.951056516295153
0.587785252292474
0.000000000000005
-0.587785252292472
-0.951056516295154
-0.951056516295154
-0.587785252292477
-0.000000000000001
0.587785252292475
0.951056516295153
0.951056516295155
0.587785252292474
-0.000000000000002
-0.587785252292472
-0.951056516295152
-0.951056516295154
-0.587785252292472
-0.000000000000002
0.587785252292469
0.951056516295153
0.951056516295153
0.587785252292475
0.000000000000005
-0.587785252292472
-0.951056516295154
-0.951056516295154
-0.587785252292478
-0.000000000000002
0.587785252292474
0.951056516295153
0.951056516295155
0.587785252292475
-0.000000000000001
-0.587785252292471
-0.951056516295152
-0.951056516295154
-0.587785252292472
-0.000000000000002
0.587785252292468
0.951056516295153
0.951056516295153
0.587785252292475
0.000000000000006
-0.587785252292471
-0.951056516295154
-0.951056516295154
-0.587785252292478
-0.000000000000002
0.587785252292474
0.951056516295151
0.951056516295155
0.587785252292475
-0.000000000000001
-0.587785252292477
-0.951056516295152
-0.951056516295154
-0.587785252292472
-0.000000000000010
0.587785252292468
0.951056516295153
0.951056516295153
0.587785252292470
0.000000000000006
-0.587785252292471
-0.951056516295154
-0.951056516295157
-0.587785252292478
-0.000000000000003
0.587785252292474
0.951056516295155
0.951056516295156
0.587785252292476
-0.000000000000000
-0.587785252292465
-0.951056516295152
-0.951056516295155
-0.587785252292473
0.000000000000004
0.587785252292468
0.951056516295153
0.951056516295154
0.587785252292482
0.000000000000007
-0.587785252292470
-0.951056516295154
-0.951056516295152
-0.587785252292479
-0.000000000000003
0.587785252292473
0.951056516295150
0.951056516295156
0.587785252292476
-0.000000000000000
-0.587785252292476
-0.951056516295151
-0.951056516295155
-0.587785252292473
-0.000000000000011
0.587785252292467
0.951056516295152
0.951056516295154
0.587785252292470
0.000000000000007
-0.587785252292470
-0.951056516295154
-0.951056516295157
-0.587785252292479
-0.000000000000004
0.587785252292473
0.951056516295155
0.951056516295156
0.587785252292476
0.000000000000000
-0.587785252292464
-0.951056516295151
-0.951056516295155
-0.587785252292474
0.000000000000003
0.587785252292467
0.951056516295152
0.951056516295154
0.587785252292482
0.000000000000008
-0.587785252292470
-0.951056516295153
-0.951056516295153
-0.587785252292480
-0.000000000000004
0.587785252292472
0.951056516295150
0.951056516295156
0.587785252292477
0.000000000000001
-0.587785252292475
-0.951056516295151
-0.951056516295155
-0.587785252292474
-0.000000000000012
0.587785252292466
0.951056516295152
0.951056516295154
0.587785252292471
0.000000000000008
-0.587785252292469
-0.951056516295153
-0.951056516295157
-0.587785252292480
-0.000000000000005
0.587785252292472
0.951056516295154
0.951056516295156
0.587785252292489
0.000000000000016
-0.587785252292463
-0.951056516295151
-0.951056516295155
-0.587785252292474
0.000000000000002
0.587785252292478
0.951056516295156
0.951056516295159
0.587785252292483
0.000000000000009
-0.587785252292469
-0.951056516295153
-0.951056516295153
-0.587785252292469
-0.000000000000020
0.587785252292460
0.951056516295150
0.951056516295156
0.587785252292478
0.000000000000002
-0.587785252292474
-0.951056516295155
-0.951056516295151
-0.587785252292486
-0.000000000000013
0.587785252292466
0.951056516295152
0.951056516295154
0.587785252292472
-0.000000000000005
-0.587785252292457
-0.951056516295149
-0.951056516295158
-0.587785252292481
-0.000000000000006
0.587785252292471
0.951056516295154
0.951056516295152
0.587785252292466
0.000000000000017
-0.587785252292462
-0.951056516295151
-0.951056516295155
-0.587785252292475
0.000000000000001
0.587785252292477
0.951056516295147
0.951056516295159
0.587785252292484
0.000000000000010
-0.587785252292468
-0.951056516295153
-0.951056516295153
-0.587785252292470
0.000000000000008
0.587785252292459
0.951056516295149
0.951056516295157
0.587785252292478
0.000000000000003
-0.587785252292474
-0.951056516295155
-0.951056516295160
-0.587785252292487
-0.000000000000014
0.587785252292465
0.951056516295152
0.951056516295155
0.587785252292473
-0.000000000000004
-0.587785252292479
-0.951056516295148
-0.951056516295158
-0.587785252292482
-0.000000000000007
0.587785252292470
0.951056516295154
0.951056516295152
0.587785252292490
0.000000000000018
-0.587785252292462
-0.951056516295150
-0.951056516295156
-0.587785252292476
0.000000000000000
0.587785252292476
0.951056516295156
0.951056516295159
0.587785252292485
0.000000000000011
-0.587785252292467
-0.951056516295152
-0.951056516295154
-0.587785252292470
-0.000000000000022
0.587785252292459
0.951056516295149
0.951056516295157
0.587785252292479
0.000000000000004
-0.587785252292473
-0.951056516295155
-0.951056516295152
-0.587785252292488
-0.000000000000015
0.587785252292464
0.951056516295151
0.951056516295155
0.587785252292474
-0.000000000000003
-0.587785252292455
-0.951056516295148
-0.951056516295158
-0.587785252292482
-0.000000000000008
0.587785252292470
0.951056516295153
0.951056516295153
0.587785252292468
0.000000000000019
-0.587785252292461
-0.951056516295150
-0.951056516295156
-0.587785252292477
-0.000000000000001
0.587785252292475
0.951056516295147
0.951056516295159
0.587785252292485
0.000000000000012
-0.587785252292466
-0.951056516295152
-0.951056516295154
-0.587785252292471
0.000000000000006
0.587785252292458
0.951056516295149
0.951056516295157
0.587785252292480
0.000000000000005
-0.587785252292472
-0.951056516295154
-0.951056516295161
-0.587785252292489
-0.000000000000016
0.587785252292463
0.951056516295151
0.951056516295155
0.587785252292474
-0.000000000000002
-0.587785252292478
-0.951056516295148
-0.951056516295159
-0.587785252292483
-0.000000000000009
0.587785252292469
0.951056516295153
0.951056516295153
0.587785252292492
0.000000000000020
-0.587785252292460
-0.951056516295150
-0.951056516295156
-0.587785252292478
-0.000000000000002
0.587785252292474
0.951056516295155
0.951056516295160
0.587785252292486
0.000000000000013
-0.587785252292466
-0.951056516295152
-0.951056516295154
-0.587785252292472
-0.000000000000024
0.587785252292457
0.951056516295149
0.951056516295158
0.587785252292481
0.000000000000006
-0.587785252292471
-0.951056516295154
-0.951056516295152
-0.587785252292489
-0.000000000000017
0.587785252292462
0.951056516295151
0.951056516295155
0.587785252292475
-0.000000000000001
-0.587785252292454
-0.951056516295147
-0.951056516295159
-0.587785252292484
-0.000000000000010
0.587785252292468
0.951056516295153
0.951056516295153
0.587785252292470
0.000000000000021
-0.587785252292459
-0.951056516295149
-0.951056516295165
-0.587785252292478
-0.000000000000031
0.587785252292474
0.951056516295146
0.951056516295151
0.587785252292487
-0.000000000000015
-0.587785252292465
-0.951056516295143
-0.951056516295155
-0.587785252292496
0.000000000000004
0.587785252292456
0.951056516295157
0.951056516295158
0.587785252292458
0.000000000000007
-0.587785252292447
-0.951056516295154
-0.951056516295161
-0.587785252292467
-0.000000000000018
0.587785252292485
0.951056516295150
0.951056516295165
0.587785252292476
0.000000000000028
-0.587785252292476
-0.951056516295147
-0.951056516295150
-0.587785252292485
-0.000000000000039
0.587785252292467
0.951056516295144
0.951056516295154
0.587785252292493
-0.000000000000007
-0.587785252292459
-0.951056516295158
-0.951056516295157
-0.587785252292502
-0.000000000000004
0.587785252292450
0.951056516295155
0.951056516295160
0.587785252292465
0.000000000000015
-0.587785252292487
-0.951056516295151
-0.951056516295164
-0.587785252292474
-0.000000000000025
0.587785252292478
0.951056516295148
0.951056516295149
0.587785252292482
0.000000000000036
-0.587785252292470
-0.951056516295145
-0.951056516295153
-0.587785252292491
0.000000000000010
0.587785252292461
0.951056516295141
0.951056516295156
0.587785252292500
0.000000000000001
-0.587785252292452
-0.951056516295155
-0.951056516295159
-0.587785252292462
-0.000000000000012
0.587785252292443
0.951056516295152
0.951056516295163
0.587785252292471
0.000000000000023
-0.587785252292481
-0.951056516295149
-0.951056516295149
-0.587785252292480
-0.000000000000033
0.587785252292472
0.951056516295145
0.951056516295152
0.587785252292489
-0.000000000000013
-0.587785252292463
-0.951056516295142
-0.951056516295155
-0.587785252292497
0.000000000000002
0.587785252292455
0.951056516295156
0.951056516295159
0.587785252292506
0.000000000000009
-0.587785252292446
-0.951056516295153
-0.951056516295162
-0.587785252292469
-0.000000000000020
0.587785252292483
0.951056516295150
0.951056516295165
0.587785252292478
0.000000000000030
-0.587785252292474
-0.951056516295146
-0.951056516295151
-0.587785252292486
0.000000000000016
0.587785252292466
0.951056516295143
0.951056516295154
0.587785252292495
-0.000000000000005
-0.587785252292457
-0.951056516295157
-0.951056516295158
-0.587785252292504
-0.000000000000006
0.587785252292448
0.951056516295154
0.951056516295161
0.587785252292466
0.000000000000017
-0.587785252292439
-0.951056516295151
-0.951056516295164
-0.587785252292475
-0.000000000000027
0.587785252292477
0.951056516295147
0.951056516295150
0.587785252292484
0.000000000000038
-0.587785252292468
-0.951056516295144
-0.951056516295153
-0.587785252292493
0.000000000000008
0.587785252292459
0.951056516295158
0.951056516295157
0.587785252292501
0.000000000000003
-0.587785252292451
-0.951056516295155
-0.951056516295160
-0.587785252292464
-0.000000000000014
0.587785252292442
0.951056516295152
0.951056516295163
0.587785252292473
0.000000000000024
-0.587785252292479
-0.951056516295148
-0.951056516295167
-0.587785252292482
-0.000000000000035
0.587785252292470
0.951056516295145
0.951056516295152
0.587785252292490
-0.000000000000011
-0.587785252292462
-0.951056516295142
-0.951056516295156
-0.587785252292499
0.000000000000000
0.587785252292453
0.951056516295156
0.951056516295159
0.587785252292462
0.000000000000011
-0.587785252292444
-0.951056516295152
-0.951056516295162
-0.587785252292470
-0.000000000000022
0.587785252292482
0.951056516295149
0.951056516295166
0.587785252292479
0.000000000000032
-0.587785252292473
-0.951056516295146
-0.951056516295152
-0.587785252292488
-0.000000000000043
0.587785252292464
0.951056516295142
0.951056516295155
0.587785252292497
-0.000000000000003
-0.587785252292455
-0.951056516295157
-0.951056516295158
-0.587785252292505
-0.000000000000008
0.587785252292447
0.951056516295153
0.951056516295162
0.587785252292468
0.000000000000019
-0.587785252292484
-0.951056516295150
-0.951056516295165
-0.587785252292477
-0.000000000000029
0.587785252292475
0.951056516295147
0.951056516295151
0.587785252292485
0.000000000000040
-0.587785252292466
-0.951056516295143
-0.951056516295154
-0.587785252292494
0.000000000000006
0.587785252292458
0.951056516295140
0.951056516295157
0.587785252292503
0.000000000000005
-0.587785252292449
-0.951056516295154
-0.951056516295161
-0.587785252292466
-0.000000000000016
0.587785252292440
0.951056516295151
0.951056516295164
0.587785252292474
0.000000000000026
-0.587785252292478
-0.951056516295148
-0.951056516295150
-0.587785252292483
-0.000000000000037
0.587785252292469
0.951056516295144
0.951056516295153
0.587785252292492
-0.000000000000009
-0.587785252292460
-0.951056516295141
-0.951056516295156
-0.587785252292501
-0.000000000000002
0.587785252292451
0.951056516295155
0.951056516295160
0.587785252292509
0.000000000000013
-0.587785252292443
-0.951056516295152
-0.951056516295163
-0.587785252292472
-0.000000000000024
0.587785252292480
0.951056516295149
0.951056516295166
0.587785252292481
0.000000000000034
-0.587785252292471
-0.951056516295145
-0.951056516295152
-0.587785252292489
0.000000000000012
0.587785252292462
0.951056516295142
0.951056516295155
0.587785252292498
-0.000000000000001
-0.587785252292454
-0.951056516295156
-0.951056516295159
-0.587785252292507
-0.000000000000010
0.587785252292445
0.951056516295153
0.951056516295162
0.587785252292470
0.000000000000021
-0.587785252292436
-0.951056516295149
-0.951056516295165
-0.587785252292478
-0.000000000000031
0.587785252292474
0.951056516295146
0.951056516295151
0.587785252292487
0.000000000000042
-0.587785252292465
-0.951056516295143
-0.951056516295155
-0.587785252292496
0.000000000000004
0.587785252292456
0.951056516295157
0.951056516295158
0.587785252292505
0.000000000000007
-0.587785252292447
-0.951056516295154
-0.951056516295161
-0.587785252292467
-0.000000000000018
0.587785252292439
0.951056516295150
0.951056516295165
0.587785252292476
0.000000000000028
-0.587785252292476
-0.951056516295147
-0.951056516295168
-0.587785252292485
-0.000000000000039
0.587785252292467
0.951056516295144
0.951056516295154
0.587785252292493
-0.000000000000007
-0.587785252292459
-0.951056516295140
-0.951056516295157
-0.587785252292502
-0.000000000000004
0.587785252292450
0.951056516295155
0.951056516295160
0.587785252292465
0.000000000000015
-0.587785252292441
-0.951056516295151
-0.951056516295164
-0.587785252292474
-0.000000000000025
0.587785252292478
0.951056516295148
0.951056516295167
0.587785252292482
0.000000000000036
-0.587785252292470
-0.951056516295145
-0.951056516295153
-0.587785252292491
-0.000000000000047
0.587785252292461
0.951056516295141
0.951056516295156
0.587785252292500
0.000000000000001
-0.587785252292452
-0.951056516295155
-0.951056516295159
-0.587785252292508
-0.000000000000012
0.587785252292443
0.951056516295152
0.951056516295163
0.587785252292471
0.000000000000023
-0.587785252292481
-0.951056516295149
-0.951056516295166
-0.587785252292480
-0.000000000000033
0.587785252292472
0.951056516295145
0.951056516295152
0.587785252292489
0.000000000000044
-0.587785252292463
-0.951056516295142
-0.951056516295155
-0.587785252292497
0.000000000000002
0.587785252292455
0.951056516295139
0.951056516295159
0.587785252292506
0.000000000000009
-0.587785252292446
-0.951056516295153
-0.951056516295162
-0.587785252292469
-0.000000000000020
0.587785252292437
0.951056516295150
0.951056516295165
0.587785252292478
0.000000000000030
-0.587785252292474
-0.951056516295146
-0.951056516295151
-0.587785252292486
-0.000000000000041
0.587785252292466
0.951056516295143
0.951056516295154
0.587785252292495
0.000000000000052
-0.587785252292411
-0.951056516295157
-0.951056516295158
-0.587785252292504
-0.000000000000063
0.587785252292494
0.951056516295154
0.951056516295161
0.587785252292512
0.000000000000073
-0.587785252292485
-0.951056516295151
-0.951056516295164
-0.587785252292521
0.000000000000029
0.587785252292477
0.951056516295147
0.951056516295168
0.587785252292530
-0.000000000000019
-0.587785252292468
-0.951056516295144
-0.951056516295171
-0.587785252292447
0.000000000000008
0.587785252292459
0.951056516295141
0.951056516295174
0.587785252292455
0.000000000000003
-0.587785252292451
-0.951056516295137
-0.951056516295142
-0.587785252292464
-0.000000000000014
0.587785252292442
0.951056516295134
0.951056516295146
0.587785252292473
0.000000000000024
-0.587785252292433
-0.951056516295131
-0.951056516295149
-0.587785252292482
-0.000000000000035
0.587785252292424
0.951056516295162
0.951056516295152
0.587785252292490
0.000000000000046
-0.587785252292416
-0.951056516295159
-0.951056516295156
-0.587785252292499
-0.000000000000057
0.587785252292499
0.951056516295156
0.951056516295159
0.587785252292508
0.000000000000068
-0.587785252292490
-0.951056516295152
-0.951056516295162
-0.587785252292516
-0.000000000000078
0.587785252292482
0.951056516295149
0.951056516295166
0.587785252292525
-0.000000000000025
-0.587785252292473
-0.951056516295146
-0.951056516295169
-0.587785252292534
0.000000000000014
0.587785252292464
0.951056516295142
0.951056516295172
0.587785252292451
-0.000000000000003
-0.587785252292455
-0.951056516295139
-0.951056516295176
-0.587785252292459
-0.000000000000008
0.587785252292447
0.951056516295136
0.951056516295144
0.587785252292468
0.000000000000019
-0.587785252292438
-0.951056516295132
-0.951056516295147
-0.587785252292477
-0.000000000000029
0.587785252292429
0.951056516295164
0.951056516295151
0.587785252292485
0.000000000000040
-0.587785252292421
-0.951056516295161
-0.951056516295154
-0.587785252292494
-0.000000000000051
0.587785252292412
0.951056516295158
0.951056516295157
0.587785252292503
0.000000000000062
-0.587785252292495
-0.951056516295154
-0.951056516295161
-0.587785252292512
-0.000000000000073
0.587785252292486
0.951056516295151
0.951056516295164
0.587785252292520
-0.000000000000030
-0.587785252292478
-0.951056516295148
-0.951056516295167
-0.587785252292529
0.000000000000020
0.587785252292469
0.951056516295144
0.951056516295171
0.587785252292538
-0.000000000000009
-0.587785252292460
-0.951056516295141
-0.951056516295174
-0.587785252292455
-0.000000000000002
0.587785252292451
0.951056516295138
0.951056516295177
0.587785252292463
0.000000000000013
-0.587785252292443
-0.951056516295134
-0.951056516295145
-0.587785252292472
-0.000000000000024
0.587785252292434
0.951056516295131
0.951056516295149
0.587785252292481
0.000000000000034
-0.587785252292425
-0.951056516295163
-0.951056516295152
-0.587785252292489
-0.000000000000045
0.587785252292417
0.951056516295159
0.951056516295155
0.587785252292498
0.000000000000056
-0.587785252292500
-0.951056516295156
-0.951056516295159
-0.587785252292507
-0.000000000000067
0.587785252292491
0.951056516295153
0.951056516295162
0.587785252292516
0.000000000000077
-0.587785252292482
-0.951056516295149
-0.951056516295165
-0.587785252292524
0.000000000000025
0.587785252292474
0.951056516295146
0.951056516295169
0.587785252292533
-0.000000000000015
-0.587785252292465
-0.951056516295143
-0.951056516295172
-0.587785252292450
0.000000000000004
0.587785252292456
0.951056516295139
0.951056516295175
0.587785252292458
0.000000000000007
-0.587785252292447
-0.951056516295136
-0.951056516295179
-0.587785252292467
-0.000000000000018
0.587785252292439
0.951056516295133
0.951056516295147
0.587785252292476
0.000000000000028
-0.587785252292430
-0.951056516295129
-0.951056516295150
-0.587785252292485
-0.000000000000039
0.587785252292421
0.951056516295161
0.951056516295154
