0.000000000000000
0.997422925272833
-0.143122483211119
-0.976885954764647
0.283298069832749
0.936234870639736
-0.417640539972131
-0.876306680043863
0.543383777794806
0.798335306372700
-0.657938725939711
-0.703926182748944
0.758946694294555
0.595023196102036
-0.844327925502015
-0.473868662472997
0.912324417231454
0.342957157654130
-0.961536119504148
-0.204984153792228
0.990949761767934
0.062790519529314
-0.999959716170870
0.080695973575217
0.988380467458430
-0.222520933956314
-0.956450432738630
0.359764181061807
0.904827052466018
-0.489599871965053
-0.834573253721301
0.609354685562809
0.747135564508147
-0.716562866343793
-0.644314329694492
0.809016994374948
0.528226641853081
-0.884813436149739
-0.401262750256470
0.942391540464033
0.266036845566677
-0.980565772275219
-0.125333233564306
0.998550122907320
-0.017950993798096
-0.995974293995238
0.160865609613697
0.972891321940144
-0.300467997289451
-0.929776485888250
0.433883739117558
0.867517521717716
-0.558365800629663
-0.787396343528010
0.671351092126004
0.691062648986863
-0.770513242775790
-0.580499952001571
0.853810500668348
0.457984742103064
-0.919527772551451
-0.326039611452338
0.966311937657224
0.187381314585720
-0.993199708502812
-0.044864830350510
0.999637465011020
-0.098575422202449
-0.985492653565725
0.239986003602571
0.951056516295151
-0.376455265374398
-0.897038094386965
0.505173300974507
0.824549628907136
-0.623489801858739
-0.735083659720171
0.728968627421416
0.630482294044717
-0.819437965209736
-0.512899277405910
0.893035048612889
0.384755647944940
-0.948244511287229
-0.248689887164858
0.983929588598631
0.107503593510528
-0.999355523643321
0.035896202634579
0.994204695916449
-0.178556894798634
-0.968583161128627
0.317541094684842
0.923018467515391
-0.449987113092120
-0.858448793601858
0.573167882188921
0.776203631076343
-0.684547105928688
-0.677976410513209
0.781831482468029
0.565789633582201
-0.863017923326350
-0.441953229673212
0.926434797042887
0.309016994374932
-0.970776348122918
-0.169718089100652
0.995129582585911
0.026924682845645
-0.998993066541313
0.116423103505841
0.982287250728687
-0.257373734365320
-0.945356108439566
0.393025031653941
0.888960053096190
-0.520583930743625
-0.814260281314374
0.637423989748705
0.722794863827386
-0.741139468049868
-0.616447076559464
0.829594860571843
0.497406623913215
-0.900968867902428
-0.368124552684670
0.953791896906698
0.231262784929943
-0.986976319697494
-0.089639308903424
0.999838867929057
-0.053829843412138
-0.992114701314477
0.196190637499105
0.963962860695853
-0.334511859971856
-0.915962993388167
0.465945472355835
0.849103418222194
-0.587785252292483
-0.764760776027599
0.697522514745711
0.664671684553426
-0.792897765908483
-0.550896981452102
0.871947226253868
0.425779291565072
-0.933043264819449
-0.291894792201032
0.974927912181826
0.152000169561266
-0.996738762088015
-0.008975858480996
0.998026728428270
-0.134233265817658
-0.978765291933713
0.274678522802393
0.939351046208917
-0.409468140058919
-0.880595531856742
0.535826794979000
0.803708526830777
-0.651152758743598
-0.710273137068063
0.753071466003614
0.602213200286066
-0.839484407258095
-0.481753674101722
0.908612337232876
0.351374824081323
-0.959031909598975
-0.213761154992121
0.989704983719635
0.071746136761357
-0.999999999999999
0.071746136761374
0.989704983719633
-0.213761154992137
-0.959031909598954
0.351374824081338
0.908612337232869
-0.481753674101736
-0.839484407258055
0.602213200286079
0.753071466003603
-0.710273137068074
-0.651152758743542
0.803708526830787
0.535826794978986
-0.880595531856750
-0.409468140058852
0.939351046208922
0.274678522802377
-0.978765291933716
-0.134233265817669
0.998026728428271
-0.008975858481013
-0.996738762088011
0.152000169561254
0.974927912181822
-0.291894792201048
-0.933043264819432
0.425779291565061
0.871947226253860
-0.550896981452116
-0.792897765908455
0.664671684553417
0.697522514745699
-0.764760776027609
-0.587785252292446
0.849103418222188
0.465945472355820
-0.915962993388173
-0.334511859971813
0.963962860695850
0.196190637499089
-0.992114701314479
-0.053829843412093
0.999838867929057
-0.089639308903441
-0.986976319697491
0.231262784929987
0.953791896906693
-0.368124552684685
-0.900968867902408
0.497406623913254
0.829594860571833
-0.616447076559477
-0.741139468049838
0.722794863827417
0.637423989748692
-0.814260281314384
-0.520583930743586
0.888960053096211
0.393025031653926
-0.945356108439572
-0.257373734365277
0.982287250728695
0.116423103505824
-0.998993066541314
0.026924682845690
0.995129582585906
-0.169718089100669
-0.970776348122914
0.309016994374974
0.926434797042870
-0.441953229673227
-0.863017923326342
0.565789633582239
0.781831482468001
-0.677976410513222
-0.684547105928676
0.776203631076372
0.573167882188884
-0.858448793601867
-0.449987113092105
0.923018467515409
0.317541094684854
-0.968583161128631
-0.178556894798618
0.994204695916454
0.035896202634591
-0.999355523643320
0.107503593510545
0.983929588598622
-0.248689887164847
-0.948244511287223
0.384755647944955
0.893035048612868
-0.512899277405900
-0.819437965209727
0.630482294044730
0.728968627421385
-0.735083659720172
-0.623489801858726
0.824549628907153
0.505173300974468
-0.897038094386966
-0.376455265374382
0.951056516295160
0.239986003602528
-0.985492653565725
-0.098575422202432
0.999637465011021
-0.044864830350555
-0.993199708502812
0.187381314585737
0.966311937657216
-0.326039611452381
-0.919527772551450
0.457984742103079
0.853810500668332
-0.580499952001608
-0.770513242775788
0.691062648986875
0.671351092125982
-0.787396343528038
-0.558365800629661
0.867517521717725
0.433883739117530
-0.929776485888267
-0.300467997289449
0.972891321940148
0.160865609613667
-0.995974293995242
-0.017950993798093
0.998550122907319
-0.125333233564337
-0.980565772275210
0.266036845566680
0.942391540464027
-0.401262750256453
-0.884813436149715
0.528226641853089
0.809016994374901
-0.644314329694521
-0.716562866343797
0.747135564508192
0.609354685562790
-0.834573253721290
-0.489599871965008
0.904827052466022
0.359764181061838
-0.956450432738641
-0.222520933956319
0.988380467458440
0.080695973575193
-0.999959716170870
0.062790519529366
0.990949761767932
-0.204984153792199
-0.961536119504137
0.342957157654129
0.912324417231425
-0.473868662473022
-0.844327925502023
0.595023196102081
0.758946694294546
-0.703926182748924
-0.657938725939680
0.798335306372701
0.543383777794745
-0.876306680043877
-0.417640539972143
0.936234870639757
0.283298069832734
-0.976885954764641
-0.143122483211075
0.997422925272833
-0.000000000000074
-0.997422925272831
0.143122483211108
0.976885954764634
-0.283298069832766
-0.936234870639745
0.417640539972173
0.876306680043861
-0.543383777794869
-0.798335306372680
0.657938725939705
0.703926182748900
-0.758946694294568
-0.595023196102054
0.844327925502040
0.473868662472992
-0.912324417231485
-0.342957157654098
0.961536119504146
0.204984153792167
-0.990949761767937
-0.062790519529333
0.999959716170870
-0.080695973575226
-0.988380467458417
0.222520933956351
0.956450432738632
-0.359764181061869
-0.904827052466008
0.489599871965037
0.834573253721272
-0.609354685562817
-0.747135564508094
0.716562866343820
0.644314329694495
-0.809016994374988
-0.528226641853061
0.884813436149731
0.401262750256422
-0.942391540464039
-0.266036845566702
0.980565772275227
0.125333233564304
-0.998550122907324
0.017950993798127
0.995974293995239
-0.160865609613756
-0.972891321940140
0.300467997289427
0.929776485888234
-0.433883739117560
-0.867517521717680
0.558365800629688
0.787396343528018
-0.671351092126048
-0.691062648986851
0.770513242775773
0.580499952001534
-0.853810500668349
-0.457984742102999
0.919527772551463
0.326039611452349
-0.966311937657239
-0.187381314585704
0.993199708502809
0.044864830350465
-0.999637465011020
0.098575422202522
0.985492653565719
-0.239986003602560
-0.951056516295132
0.376455265374413
0.897038094386976
-0.505173300974545
-0.824549628907134
0.623489801858796
0.735083659720150
-0.728968627421408
-0.630482294044660
0.819437965209746
0.512899277405920
-0.893035048612909
-0.384755647944924
0.948244511287252
0.248689887164815
-0.983929588598628
-0.107503593510455
0.999355523643321
-0.035896202634568
-0.994204695916444
0.178556894798651
0.968583161128609
-0.317541094684885
-0.923018467515396
0.449987113092185
0.858448793601850
-0.573167882188912
-0.776203631076315
0.684547105928700
0.677976410513239
-0.781831482468058
-0.565789633582211
0.863017923326387
0.441953229673197
-0.926434797042883
-0.309016994374889
0.970776348122922
0.169718089100692
-0.995129582585915
-0.026924682845657
0.998993066541310
-0.116423103505857
-0.982287250728689
0.257373734365364
0.945356108439561
-0.393025031653904
-0.888960053096169
0.520583930743615
0.814260281314332
-0.637423989748718
-0.722794863827394
0.741139468049898
0.616447076559451
-0.829594860571820
-0.497406623913176
0.900968867902423
0.368124552684602
-0.953791896906703
-0.231262784929955
0.986976319697506
0.089639308903407
-0.999838867929057
0.053829843412183
0.992114701314475
-0.196190637499177
-0.963962860695841
0.334511859971845
0.915962993388137
-0.465945472355850
-0.849103418222200
0.587785252292519
0.764760776027588
-0.697522514745764
-0.664671684553392
0.792897765908475
0.550896981452041
-0.871947226253877
-0.425779291565083
0.933043264819465
0.291894792201016
-0.974927912181842
-0.152000169561221
0.996738762088014
0.008975858480923
-0.998026728428268
0.134233265817646
0.978765291933698
-0.274678522802409
-0.939351046208891
0.409468140058935
0.880595531856734
-0.535826794979062
-0.803708526830767
0.651152758743568
0.710273137068011
-0.753071466003625
-0.602213200286098
0.839484407258104
0.481753674101707
-0.908612337232907
-0.351374824081307
0.959031909598963
0.213761154992049
-0.989704983719637
-0.071746136761397
0.999999999999999
-0.071746136761390
-0.989704983719622
0.213761154992153
0.959031909598965
-0.351374824081407
-0.908612337232862
0.481753674101701
0.839484407258046
-0.602213200286092
-0.753071466003554
0.710273137068086
0.651152758743573
-0.803708526830830
-0.535826794978971
0.880595531856731
0.409468140058837
-0.939351046208928
-0.274678522802306
0.978765291933720
0.134233265817653
-0.998026728428275
0.008975858481029
0.996738762088014
-0.152000169561327
-0.974927912181819
0.291894792201119
0.933043264819426
-0.425779291565076
-0.871947226253824
0.550896981452130
0.792897765908480
-0.664671684553472
-0.697522514745687
0.764760776027657
0.587785252292433
-0.849103418222196
-0.465945472355755
0.915962993388180
0.334511859971851
-0.963962860695870
-0.196190637499073
0.992114701314489
0.053829843412076
-0.999838867929057
0.089639308903514
0.986976319697488
-0.231262784929948
-0.953791896906671
0.368124552684701
0.900968867902376
-0.497406623913268
-0.829594860571824
0.616447076559535
0.741139468049827
-0.722794863827390
-0.637423989748635
0.814260281314394
0.520583930743621
-0.888960053096218
-0.393025031653910
0.945356108439596
0.257373734365261
-0.982287250728688
-0.116423103505751
0.998993066541315
-0.026924682845650
-0.995129582585904
0.169718089100685
0.970776348122896
-0.309016994374990
-0.926434797042885
0.441953229673293
0.863017923326333
-0.565789633582205
-0.781831482467991
0.677976410513234
0.684547105928622
-0.776203631076382
-0.573167882188917
0.858448793601905
0.449987113092090
-0.923018467515393
-0.317541094684784
0.968583161128635
0.178556894798546
-0.994204695916456
-0.035896202634574
0.999355523643317
-0.107503593510561
-0.983929588598630
0.248689887164918
0.948244511287218
-0.384755647945023
-0.893035048612861
0.512899277405914
0.819437965209684
-0.630482294044743
-0.728968627421413
0.735083659720145
0.623489801858713
-0.824549628907195
-0.505173300974551
0.897038094386973
0.376455265374314
-0.951056516295200
-0.239986003602567
0.985492653565738
0.098575422202302
-0.999637465011020
0.044864830350572
0.993199708502797
-0.187381314585697
-0.966311937657212
0.326039611452450
0.919527772551466
-0.457984742103094
-0.853810500668293
0.580499952001529
0.770513242775778
-0.691062648986928
-0.671351092126053
0.787396343528013
0.558365800629600
-0.867517521717790
-0.433883739117566
0.929776485888273
0.300467997289325
-0.972891321940139
-0.160865609613651
0.995974293995249
0.017950993798134
-0.998550122907318
0.125333233564410
0.980565772275229
-0.266036845566696
-0.942391540464003
0.401262750256416
0.884813436149734
-0.528226641853151
-0.809016994374858
0.644314329694490
0.716562866343745
-0.747135564508240
-0.609354685562822
0.834573253721331
0.489599871964943
-0.904827052466005
-0.359764181061770
0.956450432738663
0.222520933956358
-0.988380467458434
-0.080695973575120
0.999959716170870
-0.062790519529326
-0.990949761767922
0.204984153792383
0.961536119504148
-0.342957157654198
-0.912324417231395
0.473868662472986
0.844327925501983
-0.595023196102140
-0.758946694294572
0.703926182748976
0.657938725939625
-0.798335306372676
-0.543383777794779
0.876306680043912
0.417640539972179
-0.936234870639743
-0.283298069832664
0.976885954764681
0.143122483211115
-0.997422925272838
0.000000000000147
0.997422925272834
-0.143122483211181
-0.976885954764618
0.283298069832728
0.936234870639719
-0.417640539972240
-0.876306680043880
0.543383777794835
0.798335306372636
-0.657938725939675
-0.703926182748928
0.758946694294616
0.595023196102087
-0.844327925502019
-0.473868662472927
0.912324417231516
0.342957157654135
-0.961536119504166
-0.204984153792095
0.990949761767931
0.062790519529260
-0.999959716170869
0.080695973575186
0.988380467458424
-0.222520933956423
-0.956450432738643
0.359764181061832
0.904827052465977
-0.489599871965002
-0.834573253721294
0.609354685562875
0.747135564508045
-0.716562866343792
-0.644314329694439
0.809016994375031
0.528226641853095
-0.884813436149765
-0.401262750256355
0.942391540464025
0.266036845566631
-0.980565772275242
-0.125333233564343
0.998550122907322
-0.017950993798200
-0.995974293995243
0.160865609613716
0.972891321940123
-0.300467997289605
-0.929776485888249
0.433883739117626
0.867517521717643
-0.558365800629655
-0.787396343527972
0.671351092126103
0.691062648986880
-0.770513242775820
-0.580499952001474
0.853810500668328
0.457984742103035
-0.919527772551492
-0.326039611452387
0.966311937657229
0.187381314585632
-0.993199708502831
-0.044864830350505
0.999637465011018
-0.098575422202595
-0.985492653565726
0.239986003602631
0.951056516295110
-0.376455265374376
-0.897038094386944
0.505173300974609
0.824549628907157
-0.623489801858765
-0.735083659720100
0.728968627421381
0.630482294044692
-0.819437965209788
-0.512899277405955
0.893035048612891
0.384755647944857
-0.948244511287275
-0.248689887164854
0.983929588598642
0.107503593510382
-0.999355523643320
0.035896202634641
0.994204695916436
-0.178556894798611
-0.968583161128619
0.317541094684955
0.923018467515411
-0.449987113092150
-0.858448793601812
0.573167882188879
0.776203631076340
-0.684547105928754
-0.677976410513101
0.781831482468033
0.565789633582151
-0.863017923326424
-0.441953229673233
0.926434797042911
0.309016994374819
-0.970776348122912
-0.169718089100619
0.995129582585922
0.026924682845697
-0.998993066541312
0.116423103505930
0.982287250728697
-0.257373734365325
-0.945356108439537
0.393025031654076
0.888960053096188
-0.520583930743678
-0.814260281314289
0.637423989748687
0.722794863827344
-0.741139468049948
-0.616447076559482
0.829594860571861
0.497406623913112
-0.900968867902405
-0.368124552684639
0.953791896906725
0.231262784929994
-0.986976319697499
-0.089639308903334
0.999838867929060
-0.053829843412143
-0.992114701314466
0.196190637499250
0.963962860695852
-0.334511859971914
-0.915962993388108
0.465945472355814
0.849103418222161
-0.587785252292578
-0.764760776027614
0.697522514745735
0.664671684553337
-0.792897765908451
-0.550896981452074
0.871947226253913
0.425779291565119
-0.933043264819450
-0.291894792200946
0.974927912181859
0.152000169561261
-0.996738762088020
-0.008975858480849
0.998026728428271
-0.134233265817719
-0.978765291933683
0.274678522802370
0.939351046208905
-0.409468140059002
-0.880595531856753
0.535826794979028
0.803708526830723
-0.651152758743537
-0.710273137068039
0.753071466003673
0.602213200285948
-0.839484407258082
-0.481753674101643
0.908612337232938
0.351374824081345
-0.959031909598984
-0.213761154991977
0.989704983719632
0.071746136761324
-0.999999999999999
0.071746136761350
0.989704983719628
-0.213761154992225
-0.959031909598977
0.351374824081369
0.908612337232832
-0.481753674101865
-0.839484407258068
0.602213200286151
0.753071466003506
-0.710273137068058
-0.651152758743517
0.803708526830874
0.535826794979005
-0.880595531856766
-0.409468140058770
0.939351046208914
0.274678522802345
-0.978765291933735
-0.134233265817693
0.998026728428273
-0.008975858481103
-0.996738762088018
0.152000169561287
0.974927912181802
-0.291894792201189
-0.933043264819441
0.425779291565143
0.871947226253788
-0.550896981452097
-0.792897765908435
0.664671684553527
0.697522514745716
-0.764760776027631
-0.587785252292373
0.849103418222175
0.465945472355791
-0.915962993388210
-0.334511859971889
0.963962860695859
0.196190637499001
-0.992114701314498
-0.053829843412117
0.999838867929056
-0.089639308903587
-0.986976319697495
0.231262784930020
0.953791896906649
-0.368124552684664
-0.900968867902394
0.497406623913332
0.829594860571846
-0.616447076559503
-0.741139468049777
0.722794863827362
0.637423989748666
-0.814260281314436
-0.520583930743461
0.888960053096200
0.393025031653843
-0.945356108439620
-0.257373734365299
0.982287250728702
0.116423103505678
-0.998993066541313
0.026924682845724
0.995129582585897
-0.169718089100645
-0.970776348122906
0.309016994375060
0.926434797042901
-0.441953229673257
-0.863017923326296
0.565789633582360
0.781831482468016
-0.677976410513288
-0.684547105928569
0.776203631076357
0.573167882188857
-0.858448793601942
-0.449987113092126
0.923018467515422
0.317541094684714
-0.968583161128625
-0.178556894798585
0.994204695916464
0.035896202634615
-0.999355523643319
0.107503593510634
0.983929588598637
-0.248689887164879
-0.948244511287195
0.384755647945091
0.893035048612879
-0.512899277405977
-0.819437965209642
0.630482294044712
0.728968627421363
-0.735083659720272
-0.623489801858744
0.824549628907172
0.505173300974390
-0.897038094386955
-0.376455265374351
0.951056516295188
0.239986003602606
-0.985492653565731
-0.098575422202342
0.999637465011025
-0.044864830350532
-0.993199708502802
0.187381314585881
0.966311937657222
-0.326039611452412
-0.919527772551392
0.457984742103058
0.853810500668314
-0.580499952001681
-0.770513242775803
0.691062648986899
0.671351092125915
-0.787396343527989
-0.558365800629633
0.867517521717770
0.433883739117398
-0.929776485888258
-0.300467997289363
0.972891321940182
0.160865609613690
-0.995974293995245
-0.017950993797946
0.998550122907320
-0.125333233564370
-0.980565772275192
0.266036845566657
0.942391540464016
-0.401262750256588
-0.884813436149752
0.528226641853117
0.809016994374882
-0.644314329694633
-0.716562866343773
0.747135564508214
0.609354685562674
-0.834573253721309
-0.489599871964979
0.904827052466085
0.359764181061807
