0.000000000000000
0.595423903818872
-0.956741072739885
0.941890057539851
-0.556709929603208
-0.047355505202590
0.632801864369482
-0.969445349895138
0.924925627040598
-0.516746808235991
-0.094604754002538
0.668759942492383
-0.979974383116320
0.905885846074290
-0.475624209070275
-0.141641728415594
0.703217455360714
-0.988304547331991
0.884813436149735
-0.433434403098320
-0.188360886759299
0.736097087119739
-0.994417151298566
0.861755679593752
-0.390272055913743
-0.234657400467721
0.767325062368344
-0.998298479539764
0.836764313458961
-0.346234015300599
-0.280427389306013
0.796831311696495
-0.999939823121439
0.809895413436051
-0.301419093926066
-0.325568154457164
0.824549628907147
-0.999337499192699
0.781209268031034
-0.255927847624336
-0.369978408957883
0.850417819569847
-0.996492859249502
0.750770243289695
-0.209862349769229
-0.413558504966535
0.874377840572806
-0.991412286102167
0.718646638372915
-0.163325962241614
-0.456210657353174
0.896375930360151
-0.984107179553604
0.684910532306873
-0.116423103505804
-0.497839163110159
0.916362729562239
-0.974593930820406
0.649637622251886
-0.069259014315176
-0.538350616090700
0.934293391748357
-0.962893885754203
0.612907053652969
-0.021939521572626
-0.577654116593897
0.950127684053208
-0.949033296945779
0.574801242653073
0.025429199124056
-0.615661475325670
0.963830077451582
-0.933043264819434
0.535405691167534
0.072740861719268
-0.652287411278130
0.975369826478430
-0.914959667849815
0.494808795034635
0.119889308184524
-0.687449743083324
0.984721038215628
-0.894823082057643
0.453101645672901
0.166768746716131
-0.721069573411996
0.991862730390570
-0.872678689965173
0.410377825689791
0.213273989110995
-0.753071466003631
0.996778878456247
-0.848576179215530
0.366733198900906
0.259300686788347
-0.783383614930455
0.999458451547165
-0.822569631083443
0.322265695230496
0.304745564927240
-0.811938005715871
0.999895437230425
-0.794717399127550
0.277075090976012
0.349506654194883
-0.838670567945420
0.998088854996446
-0.765081978256530
0.231262784929915
0.393483519545688
-0.863521319028254
0.994042758459025
-0.733729864502874
0.184931570860637
0.436577485577680
-0.886434498786010
0.987766226259831
-0.700731405818914
0.138185406863778
0.478691857940614
-0.907358694567882
0.979273341697727
-0.666160644229868
0.091129182100636
0.519732140299003
-0.926246956610323
0.968583161128626
-0.630095149698324
0.043868481447644
0.559606246363236
-0.943056903383072
0.955719671206794
-0.592615846072315
-0.003490651415247
0.598224706513028
-0.957750816684939
0.940711735063532
-0.553806829508342
-0.050841951945642
0.635500868549622
-0.970295726276003
0.923593027544009
-0.513755179776172
-0.098079173175354
0.671351092126041
-0.980663483856315
0.904401959647563
-0.472550764869020
-0.145096324107621
0.705694936419773
-0.988830826225131
0.883181592340970
-0.430286039357528
-0.191787907539971
0.738455340625913
-0.994779427478935
0.859979539938246
-0.387055836939959
-0.238049156779115
0.769558796866444
-0.998495940131152
0.834847863263377
-0.342957157654104
-0.283776270716717
0.798935515127390
-0.999972025061269
0.807842952836205
-0.298088950228355
-0.328866646738639
0.826519579853835
-0.999204370226178
0.779025402343217
-0.252551890060295
-0.373219110944731
0.852249097851407
-0.996194698091744
0.748459872677273
-0.206448153320987
-0.416734145163407
0.876066337162389
-0.990949761767925
0.716214946851336
-0.159881187691818
-0.459314110250559
0.897917856604826
-0.983481329856157
0.682362976111730
-0.112955480248336
-0.500863465172564
0.917754625683990
-0.973806160042892
0.646979917596229
-0.065776323011823
-0.541288981381502
0.935532134607126
-0.961945961498690
0.610145163901242
-0.018449576695021
-0.580499952001607
0.951210494154640
-0.947927346167114
0.571941364940503
0.028918566828747
-0.618408395357584
0.964754525183625
-0.931781769052790
0.532454242494936
0.076221822798887
-0.654929252388116
0.976133837562932
-0.913545457642604
0.491772397870146
0.123354052049888
-0.689980577501643
0.985322898362556
-0.893259330618269
0.449987113092052
0.170209499166029
-0.723483722445880
0.992301089144619
-0.870968906043076
0.407192146088786
0.216683029776496
-0.755363512779418
0.997052752226919
-0.846724199228264
0.363483520315609
0.262670366455251
-0.785548416547722
0.999567225815807
-0.820579610508339
0.318959309298059
0.308068322699877
-0.813970704787331
0.999838867929057
-0.792593803177884
0.273719416573495
0.352775034460936
-0.840566603495693
0.997867069055408
-0.762829571862211
0.227865351528132
0.396690188705124
-0.865276436727981
0.993656253522167
-0.731353701619152
0.181500001629158
0.439715248498212
-0.888044760497620
0.987215869567924
-0.698236818086016
0.134727401566458
0.481753674101743
-0.908820487182116
0.978560368142493
-0.663553229010196
0.087652499818416
0.522711139589964
-0.927557000153159
0.967709170481960
-0.627380757516635
0.040380923169042
0.562495744497770
-0.944212258375530
0.954686624531096
-0.589800567488756
-0.006981260298008
0.601018220027987
-0.958748890738521
0.939521950311586
-0.550896981452046
-0.054327779195615
0.638192129352165
-0.971134279909648
0.922249174357820
-0.510757291371679
-0.101552397284404
0.673934061558489
-0.981340635521250
0.902907053368360
-0.469471562785836
-0.148549151846799
0.708163818808679
-0.989345056526710
0.881538987243230
-0.427132432717092
-0.195212591445528
0.740804596286795
-0.995129582585920
0.858192921703483
-0.383834901812949
-0.241438012536733
0.771783154533416
-0.998681234364615
0.832921240710057
-0.339676121182820
-0.287121694403145
0.801029983781153
-0.999992042657546
0.805780648924961
-0.294755174410857
-0.332161131883781
0.828479459920307
-0.999059066269735
0.776832044476726
-0.249172855231106
-0.376455265374413
0.854069991746664
-0.995884398615961
0.746140382317549
-0.203031441367133
-0.419904707586221
0.877744159160149
-0.990475163023572
0.713774528476654
-0.156434465040135
-0.462411966550397
0.899448842003784
-0.982843496749078
0.679807105539022
-0.109486480663960
-0.503881664371708
0.919135339255275
-0.973006523744651
0.644314329694449
-0.062292830244761
-0.544220751236838
0.936759478302082
-0.960986316235215
0.607375839723197
-0.014959407015232
-0.583338714200596
0.952281714056410
-0.946809845192911
0.569074518302895
0.032407582169800
-0.621147780278403
0.965667217686245
-0.930508919819342
0.529496306035474
0.079701855139678
-0.657563113391845
0.976885954764666
-0.912120116172220
0.488730008614157
0.126817292885027
-0.692503004724328
0.985912752660921
-0.891684695095847
0.446867097560263
0.173648177666950
-0.725889056058924
0.992727357023045
-0.869248509639746
0.404001504979958
0.220089430227659
-0.757646355689161
0.997314477224459
-0.844861902173839
0.360229412798351
0.266036845566798
-0.787703646505455
0.999663820673248
-0.818579591429672
0.315649036947070
0.311387326757222
-0.815993485882611
0.999770115906613
-0.790460549722855
0.270360406986268
0.356039116274470
-0.842452397007169
0.997633124419040
-0.760567870630329
0.224465141658895
0.399892024319797
-0.867021011307391
0.993257641197445
-0.728968627421377
0.178066220877438
0.442847653627155
-0.889644201664099
0.986653483962193
-0.695733722557879
0.131267754658098
0.484809620246385
-0.910271206105519
0.977835471138000
-0.660937728603791
0.084174749518146
0.525683769810598
-0.928855741706689
0.966823388604442
-0.624658720898405
0.036892872861692
0.565378388799169
-0.945356108439595
0.953641945300176
-0.586978102371366
-0.010471784116316
0.603804410325560
-0.959735282739480
0.938320717781170
-0.547980420889883
-0.057812944478687
0.640875613985057
-0.971961000578563
0.920894083856506
-0.507753179550727
-0.105024384009654
0.676508819317077
-0.982005829860199
0.901401145451602
-0.466386640339816
-0.152000169561271
0.710624072445057
-0.989847231970993
0.879885640871182
-0.423973621602809
-0.198634896747264
0.743144825477379
-0.995467612352979
0.856395846658769
-0.380609289778686
-0.244823926448306
0.773998108266247
-0.998854359982408
0.830984469274272
-0.336390945865355
-0.290463619602444
0.803114692137352
-0.999999875666361
0.803708526830697
-0.291417807094577
-0.335451569750248
0.830429245225981
-0.998901589093853
0.774629221156998
-0.245790784309365
-0.379686832815542
0.855880479068658
-0.995561964603068
0.743811800472697
-0.199612255539129
-0.423070153602686
0.879411286122249
-0.989988495651908
0.711325412984596
-0.152985836284031
-0.465504188506503
0.900968867902450
-0.982193688004179
0.677242951731308
-0.106016147021368
-0.506893723931689
0.920504853452489
-0.972195031668968
0.641640891025809
-0.058808578459220
-0.547145889934114
0.937975407878456
-0.960014961656745
0.604599114862357
-0.011469055059619
-0.586170368601443
0.953341330705964
-0.945680807639484
0.566200737671871
0.035896202634577
-0.623879596709497
0.966568143838562
-0.929224732628314
0.526531917830622
0.083180916338516
-0.660188962196637
0.977626168919328
-0.910683660806161
0.485681664337148
0.130278988491474
-0.695016994016360
0.986490593923548
-0.890099194676813
0.443741637094015
0.177084740319738
-0.728285544942897
0.993141528831897
-0.867517521717645
0.400805941240287
0.223493148958682
-0.759919966917158
0.997564050259827
-0.842989310743698
0.356970915999379
0.269400083103118
-0.789849278542910
0.999748234942508
-0.816569598217077
0.312334918512069
0.314702536658258
-0.818006324354711
0.999689182000811
-0.788317664755480
0.266998103142911
0.359298859863731
-0.844327925502049
0.997387023937877
-0.758296902118964
0.221062196752744
0.403088987376457
-0.868755021509392
0.992846926341832
-0.726574670970847
