0.000000000000000
0.994204695916451
-0.213761154992114
-0.948244511287225
0.417640539972130
0.858448793601865
-0.602213200286081
-0.728968627421412
0.758946694294554
0.565789633582216
-0.880595531856737
-0.376455265374393
0.961536119504147
0.169718089100671
-0.998026728428270
0.044864830350512
0.988380467458430
-0.257373734365299
-0.933043264819445
0.457984742103063
0.834573253721303
-0.637423989748685
-0.697522514745703
0.787396343528007
0.528226641853086
-0.900968867902415
-0.334511859971849
0.972891321940142
0.125333233564309
-0.999838867929057
0.089639308903428
0.980565772275221
-0.300467997289446
-0.915962993388167
0.497406623913215
0.809016994374949
-0.671351092125997
-0.664671684553429
0.814260281314373
0.489599871965063
-0.919527772551449
-0.291894792201039
0.982287250728686
0.080695973575232
-0.999637465011020
0.134233265817647
0.970776348122920
-0.342957157654116
-0.897038094386970
0.535826794978988
0.781831482468038
-0.703926182748942
-0.630482294044719
0.839484407258070
0.449987113092135
-0.936234870639734
-0.248689887164864
0.989704983719632
0.035896202634599
-0.997422925272833
0.178556894798626
0.959031909598969
-0.384755647944918
-0.876306680043867
0.573167882188911
0.753071466003621
-0.735083659720172
-0.595023196102045
0.863017923326342
0.409468140058907
-0.951056516295150
-0.204984153792242
0.995129582585909
-0.008975858480978
-0.993199708502813
0.222520933956301
0.945356108439574
-0.425779291565053
-0.853810500668360
0.609354685562784
0.722794863827394
-0.764760776027592
-0.558365800629673
0.884813436149730
0.368124552684697
-0.963962860695846
-0.160865609613727
0.998550122907320
-0.053829843412120
-0.986976319697497
0.266036845566659
0.929776485888258
-0.465945472355803
-0.829594860571846
0.644314329694469
0.691062648986870
-0.792897765908467
-0.520583930743622
0.904827052466010
0.326039611452364
-0.974927912181816
-0.116423103505854
0.999959716170870
-0.098575422202432
-0.978765291933714
0.309016994374929
0.912324417231463
-0.505173300974477
-0.803708526830807
0.677976410513194
0.657938725939720
-0.819437965209723
-0.481753674101731
0.923018467515388
0.283298069832775
-0.983929588598623
-0.071746136761414
0.999355523643321
-0.143122483211105
-0.968583161128635
0.351374824081322
0.893035048612896
-0.543383777794780
-0.776203631076374
0.710273137068030
0.623489801858743
-0.844327925502005
-0.441953229673246
0.939351046208914
0.239986003602594
-0.990949761767929
-0.026924682845700
0.996738762088015
-0.187381314585708
-0.956450432738637
0.393025031653900
0.871947226253876
-0.580499952001546
-0.747135564508173
0.741139468049827
0.587785252292486
-0.867517521717707
-0.401262750256496
0.953791896906683
0.196190637499127
-0.995974293995235
0.017950993798057
0.992114701314479
-0.231262784929933
-0.942391540464042
0.433883739117533
0.849103418222209
-0.616447076559441
-0.716562866343799
0.770513242775761
0.550896981452118
-0.888960053096169
-0.359764181061832
0.966311937657208
0.152000169561301
-0.998993066541313
0.062790519529271
0.985492653565729
-0.274678522802341
-0.926434797042897
0.473868662472946
0.824549628907159
-0.651152758743565
-0.684547105928719
0.798335306372690
0.512899277405949
-0.908612337232863
-0.317541094684899
0.976885954764639
0.107503593510534
-0.999999999999999
0.107503593510508
0.976885954764657
-0.317541094684820
-0.908612337232898
0.512899277405877
0.798335306372706
-0.684547105928658
-0.651152758743585
0.824549628907112
0.473868662473020
-0.926434797042865
-0.274678522802421
0.985492653565715
0.062790519529354
-0.998993066541314
0.152000169561219
0.966311937657229
-0.359764181061754
-0.888960053096207
0.550896981452048
0.770513242775814
-0.716562866343781
-0.616447076559507
0.849103418222180
0.433883739117608
-0.942391540464023
-0.231262784930014
0.992114701314472
0.017950993798112
-0.995974293995242
0.196190637499073
0.953791896906708
-0.401262750256446
-0.867517521717748
0.587785252292441
0.741139468049864
-0.747135564508118
-0.580499952001591
0.871947226253835
0.393025031653951
-0.956450432738612
-0.187381314585762
0.996738762088008
-0.026924682845617
-0.990949761767937
0.239986003602513
0.939351046208933
-0.441953229673171
-0.844327925502034
0.623489801858678
0.710273137068088
-0.776203631076339
-0.543383777794850
0.893035048612872
0.351374824081400
-0.968583161128621
-0.143122483211188
0.999355523643319
-0.071746136761359
-0.983929588598638
0.283298069832722
0.923018467515420
-0.481753674101683
-0.819437965209770
0.657938725939679
0.677976410513235
-0.803708526830757
-0.505173300974524
0.912324417231429
0.309016994374981
-0.978765291933696
-0.098575422202487
0.999959716170871
-0.116423103505772
-0.974927912181829
0.326039611452285
0.904827052466034
-0.520583930743550
-0.792897765908501
0.691062648986810
0.644314329694533
-0.829594860571816
-0.465945472355876
0.929776485888238
0.266036845566739
-0.986976319697488
-0.053829843412203
0.998550122907323
-0.160865609613673
-0.963962860695868
0.368124552684646
0.884813436149768
-0.558365800629627
-0.764760776027645
0.722794863827356
0.609354685562873
-0.853810500668316
-0.425779291565102
0.945356108439547
0.222520933956354
-0.993199708502803
-0.008975858481047
0.995129582585918
-0.204984153792174
-0.951056516295163
0.409468140058831
0.863017923326370
-0.595023196101978
-0.735083659720209
0.753071466003557
0.573167882188968
-0.876306680043847
-0.384755647944995
0.959031909598953
0.178556894798708
-0.997422925272830
0.035896202634502
0.989704983719642
-0.248689887164824
-0.936234870639759
0.449987113092086
0.839484407258115
-0.630482294044676
-0.703926182749001
0.781831482467995
0.535826794979070
-0.897038094386940
-0.342957157654168
0.970776348122900
0.134233265817702
-0.999637465011020
0.080695973575106
0.982287250728704
-0.291894792200973
-0.919527772551465
0.489599871965040
0.814260281314438
-0.664671684553366
-0.671351092126043
0.809016994374929
0.497406623913325
-0.915962993388128
-0.300467997289518
0.980565772275210
0.089639308903454
-0.999838867929059
0.125333233564219
0.972891321940158
-0.334511859971810
-0.900968867902424
0.528226641852998
0.787396343528059
-0.697522514745664
-0.637423989748711
0.834573253721237
0.457984742103150
-0.933043264819419
-0.257373734365345
0.988380467458427
0.044864830350624
-0.998026728428276
0.169718089100610
0.961536119504158
-0.376455265374381
-0.880595531856785
0.565789633582151
0.758946694294588
-0.728968627421392
-0.602213200286174
0.858448793601818
0.417640539972192
-0.948244511287212
-0.213761154992132
0.994204695916439
0.000000000000083
-0.994204695916457
0.213761154992081
0.948244511287265
-0.417640539972041
-0.858448793601904
0.602213200286041
0.728968627421428
-0.758946694294480
-0.565789633582289
0.880595531856706
0.376455265374430
-0.961536119504143
-0.169718089100774
0.998026728428265
-0.044864830350457
-0.988380467458435
0.257373734365184
0.933043264819479
-0.457984742103002
-0.834573253721329
0.637423989748670
0.697522514745783
-0.787396343527956
-0.528226641853139
0.900968867902401
0.334511859971967
-0.972891321940120
-0.125333233564384
0.999838867929056
-0.089639308903402
-0.980565772275243
0.300467997289359
0.915962993388195
-0.497406623913180
-0.809016994374960
0.671351092125920
0.664671684553491
-0.814260281314341
-0.489599871965086
0.919527772551399
0.291894792201133
-0.982287250728673
-0.080695973575272
0.999637465011021
-0.134233265817536
-0.970776348122940
0.342957157654064
0.897038094386988
-0.535826794978881
-0.781831482468099
0.703926182748883
0.630482294044762
-0.839484407258056
-0.449987113092234
0.936234870639700
0.248689887164931
-0.989704983719626
-0.035896202634612
0.997422925272842
-0.178556894798544
-0.959031909598984
0.384755647944894
0.876306680043928
-0.573167882188831
-0.753071466003667
0.735083659720134
0.595023196102066
-0.863017923326286
-0.409468140058983
0.951056516295129
0.204984153792282
-0.995129582585907
0.008975858480880
0.993199708502823
-0.222520933956247
-0.945356108439582
0.425779291564951
0.853810500668403
-0.609354685562741
-0.722794863827432
0.764760776027575
0.558365800629766
-0.884813436149691
-0.368124552684748
0.963962860695839
0.160865609613837
-0.998550122907314
0.053829843412036
0.986976319697506
-0.266036845566633
-0.929776485888299
0.465945472355729
0.829594860571877
-0.644314329694449
-0.691062648986889
0.792897765908399
0.520583930743693
-0.904827052465987
-0.326039611452389
0.974927912181792
0.116423103505937
-0.999959716170869
0.098575422202378
0.978765291933719
-0.309016994374822
-0.912324417231497
0.505173300974430
0.803708526830822
-0.677976410513112
-0.657938725939804
0.819437965209675
0.481753674101779
-0.923018467515377
-0.283298069832882
0.983929588598608
0.071746136761468
-0.999355523643323
0.143122483211079
0.968583161128662
-0.351374824081244
-0.893035048612921
0.543383777794758
0.776203631076444
-0.710273137067971
-0.623489801858809
0.844327925501975
0.441953229673269
-0.939351046208876
-0.239986003602675
0.990949761767922
0.026924682845727
-0.996738762088017
0.187381314585598
0.956450432738661
-0.393025031653850
-0.871947226253889
0.580499952001455
0.747135564508229
-0.741139468049790
-0.587785252292530
0.867517521717693
0.401262750256598
-0.953791896906658
-0.196190637499180
0.995974293995232
-0.017950993797945
-0.992114701314493
0.231262784929852
0.942391540464060
-0.433883739117509
-0.849103418222268
0.616447076559376
0.716562866343857
-0.770513242775744
-0.550896981452140
0.888960053096131
0.359764181061909
-0.966311937657201
-0.152000169561328
0.998993066541307
-0.062790519529187
