0.000000000000000
0.829594860571830
-0.926434797042887
0.204984153792230
0.697522514745701
-0.983929588598629
0.401262750256474
0.535826794978995
-0.999637465011020
0.580499952001573
0.351374824081340
-0.972891321940144
0.735083659720176
0.152000169561264
-0.904827052466018
0.858448793601866
-0.053829843412131
-0.798335306372697
0.945356108439568
-0.257373734365305
-0.657938725939708
0.992114701314477
-0.449987113092123
-0.489599871965047
0.996738762088014
-0.623489801858735
-0.300467997289446
0.959031909598962
-0.770513242775791
-0.098575422202438
0.880595531856737
-0.884813436149739
0.107503593510531
0.764760776027592
-0.961536119504151
0.309016994374959
0.616447076559468
-0.997422925272833
0.497406623913227
0.441953229673219
-0.990949761767932
0.664671684553435
0.248689887164853
-0.942391540464033
0.803708526830792
0.044864830350506
-0.853810500668341
0.908612337232879
-0.160865609613700
-0.728968627421408
0.974927912181824
-0.359764181061815
-0.573167882188912
0.999838867929057
-0.543383777794819
-0.393025031653919
0.982287250728686
-0.703926182748951
-0.196190637499084
0.923018467515391
-0.834573253721303
0.008975858481017
0.824549628907136
-0.929776485888259
0.213761154992126
0.691062648986864
-0.985492653565728
0.409468140058894
0.528226641853066
-0.999355523643320
0.587785252292494
0.342957157654118
-0.970776348122917
0.741139468049867
0.143122483211112
-0.900968867902408
0.863017923326356
-0.062790519529314
-0.792897765908464
0.948244511287227
-0.266036845566696
-0.651152758743565
0.993199708502815
-0.457984742103080
-0.481753674101712
0.995974293995236
-0.630482294044719
-0.291894792201010
0.956450432738627
-0.776203631076371
-0.089639308903416
0.876306680043860
-0.888960053096203
0.116423103505833
0.758946694294537
-0.963962860695856
0.317541094684847
0.609354685562792
-0.998026728428271
0.505173300974522
0.433883739117546
-0.989704983719630
0.671351092126016
0.239986003602560
-0.939351046208915
0.809016994374953
0.035896202634555
-0.849103418222184
0.912324417231467
-0.169718089100689
-0.722794863827385
0.976885954764652
-0.368124552684690
-0.565789633582189
0.999959716170870
-0.550896981452131
-0.384755647944914
0.980565772275217
-0.710273137068076
-0.187381314585681
0.919527772551448
-0.839484407258088
0.017950993798135
0.819437965209733
-0.933043264819448
0.222520933956344
0.684547105928654
-0.986976319697496
0.417640539972152
0.520583930743574
-0.998993066541314
0.595023196102050
0.334511859971814
-0.968583161128618
0.747135564508155
0.134233265817630
-0.897038094386949
0.867517521717718
-0.071746136761398
-0.787396343527989
0.951056516295169
-0.274678522802401
-0.644314329694472
0.994204695916455
-0.465945472355829
-0.473868662472979
0.995129582585907
-0.637423989748731
-0.283298069832735
0.953791896906682
-0.781831482468059
-0.080695973575210
0.871947226253850
-0.893035048612903
0.125333233564305
0.753071466003599
-0.966311937657232
0.326039611452389
0.602213200286074
-0.998550122907321
0.512899277405943
0.425779291565069
-0.988380467458427
0.677976410513247
0.231262784929900
-0.936234870639732
0.814260281314395
0.026924682845617
-0.844327925502011
0.915962993388175
-0.178556894798675
-0.716562866343753
0.978765291933714
-0.376455265374421
-0.558365800629622
0.999999999999999
-0.558365800629683
-0.376455265374353
0.978765291933698
-0.716562866343804
-0.178556894798602
0.915962993388145
-0.844327925502020
0.026924682845690
0.814260281314352
-0.936234870639758
0.231262784929972
0.677976410513193
-0.988380467458438
0.425779291565084
0.512899277405880
-0.998550122907317
0.602213200286087
0.326039611452320
-0.966311937657213
0.753071466003647
0.125333233564288
-0.893035048612870
0.871947226253886
-0.080695973575226
-0.781831482468013
0.953791896906704
-0.283298069832806
-0.637423989748675
0.995129582585914
-0.473868662473044
-0.465945472355814
0.994204695916447
-0.644314329694528
-0.274678522802331
0.951056516295146
-0.787396343528035
-0.071746136761325
0.867517521717709
-0.897038094386981
0.134233265817703
0.747135564508106
-0.968583161128636
0.334511859971883
0.595023196101991
-0.998993066541314
0.520583930743637
0.417640539972085
-0.986976319697484
0.684547105928707
0.222520933956272
-0.933043264819422
0.819437965209742
0.017950993798061
-0.839484407258048
0.919527772551477
-0.187381314585753
-0.710273137068024
0.980565772275231
-0.384755647944956
-0.550896981452070
0.999959716170870
-0.565789633582226
-0.368124552684595
0.976885954764636
-0.722794863827396
-0.169718089100588
0.912324417231437
-0.849103418222193
0.035896202634657
0.809016994374926
-0.939351046208921
0.239986003602631
0.671351092125983
-0.989704983719648
0.433883739117612
0.505173300974483
-0.998026728428265
0.609354685562850
0.317541094684831
-0.963962860695829
0.758946694294585
0.116423103505816
-0.888960053096156
0.876306680043882
-0.089639308903433
-0.776203631076306
0.956450432738640
-0.291894792201026
-0.630482294044662
0.995974293995240
-0.481753674101802
-0.457984742103015
0.993199708502810
-0.651152758743643
-0.266036845566625
0.948244511287222
-0.792897765908526
-0.062790519529269
0.863017923326347
-0.900968867902452
0.143122483211157
0.741139468049856
-0.970776348122934
0.342957157654160
0.587785252292388
-0.999355523643323
0.528226641853104
0.409468140058801
-0.985492653565716
0.691062648986876
0.213761154992026
-0.929776485888232
0.824549628907145
0.008975858480915
-0.834573253721278
0.923018467515398
-0.196190637499170
-0.703926182748919
0.982287250728708
-0.393025031653987
-0.543383777794781
0.999838867929055
-0.573167882188973
-0.359764181061786
0.974927912181801
-0.728968627421449
-0.160865609613683
0.908612337232837
-0.853810500668371
0.044864830350523
0.803708526830739
-0.942391540464048
0.248689887164856
0.664671684553369
-0.990949761767938
0.441953229673323
0.497406623913163
-0.997422925272831
0.616447076559549
0.309016994374890
-0.961536119504142
0.764760776027658
0.107503593510472
-0.884813436149731
0.880595531856778
-0.098575422202490
-0.770513242775784
0.959031909598987
-0.300467997289489
-0.623489801858645
0.996738762088019
-0.489599871965080
-0.449987113092026
0.992114701314469
-0.657938725939731
-0.257373734365206
0.945356108439549
-0.798335306372712
-0.053829843412036
0.858448793601839
-0.904827052466023
0.152000169561351
0.735083659720146
-0.972891321940171
0.351374824081415
0.580499952001542
-0.999637465011023
0.535826794979056
0.401262750256446
-0.983929588598610
0.697522514745748
0.204984153792207
-0.926434797042850
0.829594860571862
-0.000000000000017
-0.829594860571780
0.926434797042905
-0.204984153792240
-0.697522514745642
0.983929588598636
-0.401262750256580
-0.535826794978932
0.999637465011019
-0.580499952001662
-0.351374824081278
0.972891321940137
-0.735083659720245
-0.152000169561206
0.904827052466009
-0.858448793601914
0.053829843412183
0.798335306372692
-0.945356108439597
0.257373734365349
0.657938725939620
-0.992114701314487
0.449987113092157
0.489599871964952
-0.996738762088008
0.623489801858760
0.300467997289349
-0.959031909598946
0.770513242775806
0.098575422202343
-0.880595531856708
0.884813436149747
-0.107503593510618
-0.764760776027563
0.961536119504151
-0.309016994375029
-0.616447076559433
0.997422925272842
-0.497406623913291
-0.441953229673191
0.990949761767919
-0.664671684553479
-0.248689887164823
0.942391540463999
-0.803708526830827
-0.044864830350490
0.853810500668295
-0.908612337232898
0.160865609613716
0.728968627421348
-0.974927912181834
0.359764181061923
0.573167882188852
-0.999838867929058
0.543383777794904
0.393025031653852
-0.982287250728681
0.703926182749023
0.196190637499026
-0.923018467515385
0.834573253721359
-0.008975858481062
-0.824549628907127
0.929776485888286
-0.213761154992170
-0.691062648986770
0.985492653565741
-0.409468140058936
-0.528226641852979
0.999355523643317
-0.587785252292507
-0.342957157654022
0.970776348122899
-0.741139468049878
-0.143122483211011
0.900968867902388
-0.863017923326364
0.062790519529415
0.792897765908437
-0.948244511287232
0.266036845566767
0.651152758743531
-0.993199708502827
0.457984742103145
0.481753674101673
-0.995974293995227
0.630482294044776
0.291894792200994
-0.956450432738597
0.776203631076399
0.089639308903400
-0.876306680043811
0.888960053096223
-0.116423103505850
-0.758946694294489
0.963962860695868
-0.317541094684971
-0.609354685562734
0.998026728428274
-0.505173300974610
-0.433883739117480
0.989704983719627
-0.671351092126092
-0.239986003602489
0.939351046208909
-0.809016994375013
-0.035896202634510
0.849103418222176
-0.912324417231497
0.169718089100733
0.722794863827295
-0.976885954764668
0.368124552684732
0.565789633582105
-0.999959716170871
0.550896981452145
0.384755647944820
-0.980565772275202
0.710273137068088
0.187381314585609
-0.919527772551419
0.839484407258097
-0.017950993798208
-0.819437965209691
0.933043264819454
-0.222520933956305
-0.684547105928559
0.986976319697517
-0.417640539972219
-0.520583930743560
0.998993066541313
-0.595023196102017
-0.334511859971691
0.968583161128600
-0.747135564508204
-0.134233265817613
0.897038094386967
-0.867517521717811
0.071746136761528
0.787396343527944
-0.951056516295174
0.274678522802417
0.644314329694503
-0.994204695916469
0.465945472355944
0.473868662472914
-0.995129582585905
0.637423989748700
0.283298069832556
-0.953791896906643
0.781831482468105
0.080695973575136
-0.871947226253841
0.893035048612885
-0.125333233564490
-0.753071466003513
0.966311937657251
-0.326039611452405
-0.602213200286060
0.998550122907319
-0.512899277406055
-0.425779291564951
