0.000000000000000
0.962893885754204
0.519732140298998
-0.682362976111757
-0.888044760497614
0.203031441367177
0.997633124419045
0.335451569750253
-0.816569598217091
-0.776203631076352
0.397605493806789
0.990815393959217
0.137197575318807
-0.916761554258672
-0.632029302664848
0.575617065685675
0.942724690773079
-0.066771461307960
-0.978765291933711
-0.461527438034032
0.729650984817452
0.855364260160504
-0.267959095144397
-0.999998010662407
-0.271800388289465
0.853290881632155
0.732373150012772
-0.457984742103072
-0.979575249599342
-0.070751340439831
0.941386466660904
0.578874624225100
-0.628932776940321
-0.918347730347645
0.133244894304677
0.990268068741570
0.401262750256473
-0.773682263079599
-0.818865919671939
0.331690738005526
0.997899497235825
0.206936050651913
-0.886203579231216
-0.685273788370238
0.516319817386057
0.963962860695851
0.003989313423078
-0.961809586659766
-0.523136191838692
0.679441304261522
0.889871808811468
-0.199123600901018
-0.997350874585438
-0.339207062888956
0.814260281314385
0.778712646036886
-0.393941909590961
-0.991346950662068
-0.141148072876750
0.915160788198431
0.635115769842171
-0.572350346382022
-0.944047911718847
0.062790519529320
0.977939757526860
0.465062788901245
-0.726917207456617
-0.857424025836173
0.264113537514763
0.999982096009160
0.275637355816996
-0.851203923248290
-0.735083659720175
0.454434757489238
0.980369617633536
0.074730093586410
-0.940033260679737
-0.582122970157278
0.625826241948824
0.919919291221851
-0.129290092740045
-0.989704983719636
-0.404913620735915
0.771148582173417
0.821149209133698
-0.327924627507212
-0.998149988796538
-0.210837366614611
0.884348294314090
0.688173694712304
-0.512899277405911
-0.965016494472309
-0.007978563357490
0.960709980668816
0.526531917830728
-0.676508819317007
-0.891684695095875
0.195212591445510
0.997052752226920
0.342957157654117
-0.811938005715856
-0.781209268031031
0.390272055913750
0.991862730390567
0.145096324107608
-0.913545457642605
-0.638192129352152
0.569074518302947
0.945356108439560
-0.058808578459344
-0.977098659516913
-0.468590738440711
0.724171861437482
0.859470145878639
-0.260263776601412
-0.999950266955942
-0.279469936662846
0.849103418222195
0.737782470802743
-0.450877540689434
-0.981148383394168
-0.078707657427117
0.938665094365422
0.585362051785826
-0.622709747129875
-0.921476211870407
0.125333233564318
0.989126147854732
0.408558047142675
-0.768602628680538
-0.823419430264532
0.324153298191792
0.998384595114689
0.214735327167039
-0.882478935272512
-0.691062648986847
0.509470574795375
0.966054770315323
0.011967686315580
-0.959595085281241
-0.529919264233199
0.673565567947812
0.893483390499325
-0.191298475243106
-0.996738762088014
-0.346701794364190
0.809602808379810
0.783693457325829
-0.386595991179755
-0.992362724936241
-0.149042266176146
0.911915588298672
0.641258332235451
-0.565789633582225
-0.946649260115687
0.054825701469372
0.976242011289674
0.472111230506224
-0.721414990451344
-0.861502587724546
0.256409873672051
0.999902524009303
0.283298069832728
-0.846989399982746
-0.740469540309769
0.447313148315638
0.981911534487435
0.082683968660242
-0.937281989491897
-0.588591817561751
0.619583342081511
0.923018467515384
-0.121374379749671
-0.988531570358858
-0.412195971476848
0.766044443118996
0.825676546934587
-0.320376810078756
-0.998603312456593
-0.218629870274411
0.880595531856743
0.693940605217091
-0.506033764121173
-0.967077671701069
-0.015956618811713
0.958464918240241
0.533298177137553
-0.670611596994828
-0.895267866396144
0.187381314585745
0.996408909165776
0.350440913424449
-0.807254726470170
-0.786165174386190
0.382913773892400
0.992846926341834
0.152985836284007
-0.910271206105489
-0.644314329694470
0.562495744497761
0.947927346167130
-0.050841951945665
-0.975369826478433
-0.475624209070263
0.718646638372926
0.863521319028209
-0.252551890060343
-0.999838867929057
-0.287121694403120
0.844861902173892
0.743144825477378
-0.443741637094032
-0.982659058768029
-0.086658964004031
0.935883968070841
0.591812216084362
-0.616447076559508
-0.924546033612299
0.117413594300015
0.987921260694513
0.415827335841990
-0.763474066201517
-0.827920523222562
0.316595223269709
0.998806137341431
0.222520933956285
-0.878698114040553
-0.696807517601279
0.502588900079087
0.968085182350389
0.019945297363286
-0.957319497532066
-0.536668602769433
0.667646953469584
0.897038094386963
-0.183461171813834
-0.996063198709712
-0.354174455327993
0.804893797355918
0.788624379875498
-0.379225462652961
-0.993315326901434
-0.156926971670516
0.908612337232893
0.647360073093952
-0.559192903470761
-0.949190346253536
0.046857393288283
0.974482118963735
0.479129618224880
-0.715866849259719
-0.865526307662184
0.248689887164882
0.999759299728271
0.290940749522189
-0.842720958654060
-0.745808283729249
0.440163063864091
0.983390944339317
0.090632580197741
-0.934471052351323
-0.595023196102029
0.613301000476496
0.926058885850408
-0.113450940250001
-0.987295228574596
-0.419452082446132
0.760891538834840
0.830151323416283
-0.312808597947468
-0.998993066541312
-0.226408456287611
0.876786712020751
0.699663340513363
-0.499136037492993
-0.969077286229070
-0.023933658491735
0.956158841385739
0.540030487489625
-0.664671684553445
-0.898794046299161
0.179538109315152
0.995701636221691
0.357902360656678
-0.802520058610498
-0.791071034656308
0.375531116159775
0.993767919160593
0.160865609613690
-0.906939008081237
-0.650395513961849
0.555881163064901
0.950438240274665
-0.042872088910253
-0.973578902873167
-0.482627402182594
0.713075667351170
0.867517521717694
-0.244823926448228
-0.999663820673246
-0.294755174410848
0.840566603495707
0.748459872677283
-0.436577485577682
-0.984107179553596
-0.094604754002496
0.933043264819453
0.598224706513018
-0.610145163901310
-0.927557000153142
0.109486480664021
0.986653483962206
0.423070153602549
-0.758296902119074
-0.832368912013266
0.309016994374954
0.999164097081314
0.230292375399695
-0.874861356216696
-0.702508028503842
0.495675231314138
0.970053967548089
0.027921638723551
-0.954982968272749
-0.543383777794768
0.661685837596881
0.900535694187315
-0.175612189524031
-0.995324227455868
-0.361624570082066
0.800133548011213
0.793505099790863
-0.371830793207202
-0.994204695916448
-0.164801687431375
0.905251245281036
0.653420603990076
-0.552560575985485
-0.951671008370676
0.038886102236435
0.972660192581127
0.486117505277275
-0.710273137068101
-0.869494929505194
0.240954069435926
0.999552432283503
0.298564908363837
-0.838398870984716
-0.751099550122278
0.432984959298152
0.984807753012197
0.098575422202400
-0.931600628198018
-0.601416696366300
0.606979617058092
0.929040352678486
-0.105520278635200
-0.985996037070506
-0.426681491730777
0.755690197347045
0.834573253721288
-0.305220472894344
-0.999319226239541
-0.234172629481188
0.872922077269820
0.705341536300363
-0.492206536620160
-0.971015210763872
-0.031909174591285
0.953791896906710
0.546728420318303
-0.658689460118704
-0.902263010333649
0.171683474920249
0.994930978418586
0.365341024366367
-0.797734303538629
-0.795926536541783
0.368124552684717
0.994625650217834
0.168735142482132
-0.903549075692506
-0.656435295035279
0.549231195078610
0.952888630922454
-0.034899496702554
-0.971726002708602
-0.489599871965032
0.707459303011817
0.871458499554864
-0.237080377715532
-0.999425136331752
-0.302369890750384
0.836217795619866
0.753727274054600
-0.429385542199426
-0.985492653565715
-0.102544521605576
0.930143165446127
0.604599114862316
-0.603804410325478
-0.930508919819352
0.101552397284449
0.985322898362557
0.430286039357509
-0.753071466003600
-0.836764313458946
0.301419093926135
0.999458451547164
0.238049156779068
-0.870968906043163
-0.708163818808662
0.488730008614242
0.971961000578523
0.035896202634560
-0.952585646243165
-0.550064361831348
0.655682599805318
0.903975967248446
-0.167752028028003
-0.994521895368277
-0.369051664363328
0.795322363375964
0.798335306372665
-0.364412453575917
-0.995030775365397
-0.172665912166208
0.901832526405113
0.659439539119600
-0.545893073330373
-0.954091088551919
0.030912335754179
0.970776348122941
0.493074446825095
-0.704634209963642
-0.873408200617131
0.233202912935630
0.999281934843870
0.306170061015449
-0.834023412112286
-0.756343002654812
0.425779291565092
0.986161870314174
0.106511989044946
-0.928670899758840
-0.607771911353969
0.600619594235974
0.931962678203956
-0.097582899759237
-0.984634078551149
-0.433883739117505
0.750440749765174
0.838942056356214
-0.297612917967967
-0.999581770788450
-0.241921895599627
0.869001873620776
0.710974831112882
-0.485245702624233
-0.972891321940122
-0.039882659401080
0.951364235479213
0.553391549243347
-0.652665304509957
-0.905674537670585
0.163817911415145
0.994096984815371
0.372756431019389
-0.792897765908487
-0.800731370948695
0.360694554957901
0.995420064911698
0.176593933926753
-0.900101624737249
-0.662433288431441
0.542546263865832
0.955278362122338
-0.026924682845721
-0.969811243937571
-0.496541174560702
0.701797902884041
0.875344001663062
-0.229321736804848
-0.999122830098861
-0.309965358680411
0.831815755384898
0.758946694294493
-0.422166264787492
-0.986815392607200
-0.110477761379571
0.927183854566800
0.610935035347158
-0.597425219474879
-0.933401604696191
0.093611849232924
0.983929588598632
0.437474533754506
-0.747798090498600
-0.841106447755000
0.293802005593985
0.999689182000815
0.245790784309445
-0.867021011307386
-0.713774528476688
0.481753674101765
0.973806160042883
0.043868481447643
-0.950127684053222
-0.556709929603211
0.649637622251925
0.907358694567829
-0.159881187691845
