0.000000000000000
0.781831482468029
-0.974927912181823
0.433883739117557
0.433883739117558
-0.974927912181823
0.781831482468029
0.000000000000001
-0.781831482468029
0.974927912181822
-0.433883739117557
-0.433883739117559
0.974927912181823
-0.781831482468028
-0.000000000000001
0.781831482468028
-0.974927912181822
0.433883739117553
0.433883739117559
-0.974927912181822
0.781831482468028
0.000000000000005
-0.781831482468030
0.974927912181823
-0.433883739117556
-0.433883739117563
0.974927912181823
-0.781831482468030
-0.000000000000002
0.781831482468033
-0.974927912181824
0.433883739117558
0.433883739117560
-0.974927912181824
0.781831482468023
-0.000000000000000
-0.781831482468031
0.974927912181821
-0.433883739117561
-0.433883739117558
0.974927912181823
-0.781831482468025
-0.000000000000011
0.781831482468029
-0.974927912181822
0.433883739117551
0.433883739117555
-0.974927912181823
0.781831482468026
0.000000000000008
-0.781831482468036
0.974927912181822
-0.433883739117554
-0.433883739117565
0.974927912181822
-0.781831482468028
-0.000000000000005
0.781831482468034
-0.974927912181820
0.433883739117543
0.433883739117550
-0.974927912181821
0.781831482468030
0.000000000000002
-0.781831482468032
0.974927912181821
-0.433883739117546
-0.433883739117573
0.974927912181827
-0.781831482468032
0.000000000000001
0.781831482468031
-0.974927912181821
0.433883739117549
0.433883739117570
-0.974927912181826
0.781831482468034
-0.000000000000004
-0.781831482468029
0.974927912181822
-0.433883739117551
-0.433883739117567
0.974927912181826
-0.781831482468018
-0.000000000000022
0.781831482468027
-0.974927912181823
0.433883739117554
0.433883739117565
-0.974927912181825
0.781831482468020
0.000000000000019
-0.781831482468025
0.974927912181823
-0.433883739117557
-0.433883739117562
0.974927912181825
-0.781831482468021
-0.000000000000016
0.781831482468041
-0.974927912181818
0.433883739117559
0.433883739117559
-0.974927912181824
0.781831482468023
0.000000000000013
-0.781831482468039
0.974927912181818
-0.433883739117562
-0.433883739117557
0.974927912181823
-0.781831482468025
-0.000000000000010
0.781831482468037
-0.974927912181819
0.433883739117565
0.433883739117580
-0.974927912181823
0.781831482468009
0.000000000000007
-0.781831482468018
0.974927912181820
-0.433883739117567
-0.433883739117577
0.974927912181822
-0.781831482468011
-0.000000000000004
0.781831482468051
-0.974927912181820
0.433883739117570
0.433883739117574
-0.974927912181821
0.781831482468013
0.000000000000001
-0.781831482468050
0.974927912181821
-0.433883739117521
-0.433883739117572
0.974927912181821
-0.781831482468015
0.000000000000002
0.781831482468048
-0.974927912181821
0.433883739117524
0.433883739117569
-0.974927912181820
0.781831482468017
-0.000000000000005
-0.781831482468046
0.974927912181822
-0.433883739117527
-0.433883739117566
0.974927912181819
-0.781831482468018
0.000000000000008
0.781831482468044
-0.974927912181823
0.433883739117529
0.433883739117564
-0.974927912181831
0.781831482468020
-0.000000000000011
-0.781831482468042
0.974927912181823
-0.433883739117532
-0.433883739117561
0.974927912181831
-0.781831482468022
-0.000000000000043
0.781831482468040
-0.974927912181824
0.433883739117535
0.433883739117558
-0.974927912181830
0.781831482468024
0.000000000000040
-0.781831482468039
0.974927912181825
-0.433883739117537
-0.433883739117556
0.974927912181829
-0.781831482468026
-0.000000000000037
0.781831482468037
-0.974927912181825
0.433883739117540
0.433883739117553
-0.974927912181829
0.781831482468028
0.000000000000034
-0.781831482468035
0.974927912181813
-0.433883739117543
-0.433883739117550
0.974927912181828
-0.781831482468029
-0.000000000000031
0.781831482468033
-0.974927912181814
0.433883739117545
0.433883739117599
-0.974927912181827
0.781831482468031
0.000000000000028
-0.781831482468031
0.974927912181815
-0.433883739117548
-0.433883739117596
0.974927912181827
-0.781831482468033
-0.000000000000025
0.781831482468029
-0.974927912181815
0.433883739117551
0.433883739117594
-0.974927912181826
0.781831482468035
0.000000000000023
-0.781831482468028
0.974927912181816
-0.433883739117553
-0.433883739117591
0.974927912181825
-0.781831482468001
-0.000000000000020
0.781831482468026
-0.974927912181817
0.433883739117556
0.433883739117588
-0.974927912181825
0.781831482468039
0.000000000000073
-0.781831482468059
0.974927912181817
-0.433883739117558
-0.433883739117535
0.974927912181837
-0.781831482468005
-0.000000000000014
0.781831482468022
-0.974927912181831
0.433883739117510
0.433883739117583
-0.974927912181823
0.781831482468042
0.000000000000068
-0.781831482468056
0.974927912181819
-0.433883739117564
-0.433883739117529
0.974927912181835
-0.781831482468009
-0.000000000000008
0.781831482468018
-0.974927912181807
0.433883739117515
0.433883739117578
-0.974927912181822
0.781831482468046
0.000000000000062
-0.781831482468052
0.974927912181820
-0.433883739117569
-0.433883739117626
0.974927912181834
-0.781831482468012
-0.000000000000002
0.781831482468015
-0.974927912181808
0.433883739117520
0.433883739117573
-0.974927912181821
0.781831482467979
0.000000000000056
-0.781831482468048
0.974927912181821
-0.433883739117574
-0.433883739117621
0.974927912181833
-0.781831482468016
0.000000000000004
0.781831482468011
-0.974927912181809
0.433883739117526
0.433883739117567
-0.974927912181820
0.781831482467982
0.000000000000050
-0.781831482468045
0.974927912181823
-0.433883739117580
-0.433883739117616
0.974927912181832
-0.781831482468020
0.000000000000010
0.781831482468078
-0.974927912181811
0.433883739117531
0.433883739117562
-0.974927912181818
0.781831482467986
0.000000000000044
-0.781831482468041
0.974927912181824
-0.433883739117585
-0.433883739117611
0.974927912181830
-0.781831482468023
0.000000000000016
0.781831482468075
-0.974927912181812
0.433883739117536
0.433883739117557
-0.974927912181817
0.781831482467990
0.000000000000038
-0.781831482468037
0.974927912181825
-0.433883739117488
-0.433883739117605
0.974927912181829
-0.781831482468027
0.000000000000022
0.781831482468071
-0.974927912181813
0.433883739117542
0.433883739117551
-0.974927912181841
0.781831482467993
0.000000000000032
-0.781831482468034
0.974927912181826
-0.433883739117493
-0.433883739117600
0.974927912181828
-0.781831482468031
-0.000000000000086
0.781831482468067
-0.974927912181814
0.433883739117547
0.433883739117546
-0.974927912181839
0.781831482467997
0.000000000000026
-0.781831482468030
0.974927912181828
-0.433883739117498
-0.433883739117595
0.974927912181826
-0.781831482468034
-0.000000000000080
0.781831482468064
-0.974927912181816
0.433883739117552
0.433883739117541
-0.974927912181838
0.781831482468001
0.000000000000021
-0.781831482468026
0.974927912181804
-0.433883739117504
-0.433883739117589
0.974927912181825
-0.781831482468038
-0.000000000000074
0.781831482468060
-0.974927912181817
0.433883739117558
0.433883739117535
-0.974927912181837
0.781831482468004
0.000000000000015
-0.781831482468023
0.974927912181805
-0.433883739117509
-0.433883739117584
0.974927912181824
-0.781831482468042
-0.000000000000069
0.781831482468056
-0.974927912181818
0.433883739117563
0.433883739117633
-0.974927912181836
0.781831482468008
0.000000000000009
-0.781831482468019
0.974927912181806
-0.433883739117514
-0.433883739117579
0.974927912181822
-0.781831482467975
-0.000000000000063
0.781831482468053
-0.974927912181820
0.433883739117568
0.433883739117627
-0.974927912181834
0.781831482468012
0.000000000000003
-0.781831482468086
0.974927912181808
-0.433883739117520
-0.433883739117573
0.974927912181821
-0.781831482467978
-0.000000000000057
0.781831482468049
-0.974927912181821
0.433883739117573
0.433883739117622
-0.974927912181833
0.781831482468015
-0.000000000000003
-0.781831482468083
0.974927912181809
-0.433883739117525
-0.433883739117568
0.974927912181820
-0.781831482467982
-0.000000000000051
0.781831482468045
-0.974927912181822
0.433883739117476
0.433883739117617
-0.974927912181832
0.781831482468019
-0.000000000000009
-0.781831482468079
0.974927912181810
-0.433883739117530
-0.433883739117563
0.974927912181818
-0.781831482467986
-0.000000000000045
0.781831482468042
-0.974927912181824
0.433883739117482
0.433883739117611
-0.974927912181830
0.781831482468023
-0.000000000000015
-0.781831482468075
0.974927912181812
-0.433883739117535
-0.433883739117558
0.974927912181842
-0.781831482467989
-0.000000000000039
0.781831482468038
-0.974927912181825
0.433883739117487
0.433883739117606
-0.974927912181829
0.781831482468026
0.000000000000093
-0.781831482468072
0.974927912181838
-0.433883739117541
-0.433883739117655
0.974927912181816
-0.781831482467993
-0.000000000000147
0.781831482468034
-0.974927912181801
0.433883739117595
0.433883739117601
-0.974927912181853
0.781831482468030
0.000000000000087
-0.781831482467997
0.974927912181814
-0.433883739117444
-0.433883739117547
0.974927912181840
-0.781831482468067
-0.000000000000027
0.781831482468102
-0.974927912181828
0.433883739117498
0.433883739117493
-0.974927912181826
0.781831482467963
-0.000000000000032
-0.781831482468064
0.974927912181790
-0.433883739117551
-0.433883739117644
0.974927912181813
-0.781831482468000
-0.000000000000135
0.781831482468027
-0.974927912181804
0.433883739117605
0.433883739117590
-0.974927912181850
0.781831482468037
0.000000000000075
-0.781831482467990
0.974927912181817
-0.433883739117454
-0.433883739117536
0.974927912181837
-0.781831482467933
-0.000000000000016
0.781831482468094
-0.974927912181830
0.433883739117508
0.433883739117687
-0.974927912181824
0.781831482467970
-0.000000000000044
