0.000000000000000
0.999373299586926
0.070751340439836
-0.994364408338678
-0.141148072876760
0.984371730566860
0.210837366614618
-0.969445349895138
-0.279469936662865
0.949660077825425
0.346701794364207
-0.925115078780221
-0.412195971476860
0.895933373087320
0.475624209070273
-0.862261220397961
-0.536668602769466
0.824267386628732
0.595023196102037
-0.782142298101336
-0.650395513961876
0.736097087119734
0.702508028503844
-0.686362533768213
-0.751099550122296
0.633187909234138
0.795926536541817
-0.576839726452746
-0.836764313458959
0.517600404335666
0.873408200617129
-0.455766852278239
-0.905674537670618
0.391648982040052
0.933401604696207
-0.325568154457155
-0.956450432738631
0.257855568771218
0.974705500327469
-0.188850602648198
-0.988075312474495
0.118899111206531
0.996492859249503
-0.048351693580139
-0.999915951636247
-0.022438064295800
0.998327432985149
0.093115361868941
-0.991735265002984
-0.163325962241625
0.980172487848542
0.232717967617589
-0.963697054534301
-0.300943583025169
0.942391540464035
0.367660859476870
-0.916362729562241
-0.432535407828754
0.885741079069654
0.495242074749630
-0.850680065687337
-0.555466572400010
0.811355416346531
0.612907053652974
-0.767964227459555
-0.667275624961677
0.720723977066253
0.718299789291104
-0.669871434827031
-0.765723811882018
0.615661475325655
0.809310002001835
-0.558365800629662
-0.848839904258218
0.498271578510748
0.884115393504607
-0.435680003150673
-0.914959667849821
0.370904785546283
0.941218134794851
-0.304270581179853
-0.962759186055460
0.236111362835375
0.979474857187142
-0.166768746716104
-0.991281368706422
0.096590280253171
0.998119545996328
-0.025927700186616
-0.999955115891464
-0.044864830350504
0.996778878456246
0.115432496909180
-0.988606753095264
-0.185421612065921
0.975479698764713
0.254481388115546
-0.957463508684782
-0.322265695230517
0.934648480581913
0.388434796274698
-0.907148964113676
-0.452657049577020
0.875102787744594
0.514610571130133
-0.838670567945432
-0.573984847883476
0.798034904178238
0.630482294044708
-0.753399463702009
-0.683819742589312
0.704987960785717
0.733729864502867
-0.653043035445233
-0.779962508642696
0.597825037323715
0.822285955503473
-0.539610720810788
-0.860488078602883
0.478691857940613
0.894377407666338
-0.415373776021023
-0.923784088282269
0.349973827323199
0.948560733217859
-0.282819798501843
-0.968583161128629
0.214248267717874
0.983751018959348
-0.144602917697794
-0.993988284916783
0.074232813184874
0.999243649493385
-0.003490651415223
-0.999490772632194
-0.067269005612038
0.994728415744060
0.137691508210991
-0.984980447915486
-0.207423896524599
0.970295726275994
0.276116669570911
-0.950747851124636
-0.343425536953263
0.926434797042887
0.409013144454867
-0.897478421842894
-0.472550764869037
0.864023855812189
0.533719945590569
-0.826238774315999
-0.592214104710498
0.784312557402898
0.647740067614434
-0.738455340625892
-0.700019536383342
0.688896961836242
0.748790484631597
-0.635885809228728
-0.793808470791720
0.579687576411977
0.834847863263401
-0.520583930743605
-0.871702971286371
0.458871101604194
0.904189075869133
-0.394858395686158
-0.932143355606510
0.328866646738587
0.955425702745797
-0.261226607538173
-0.973919425411298
0.192277292145465
0.987531832467862
-0.122364276755707
-0.996194698091742
0.051837967659646
0.999864603720714
0.018948155004279
-0.998523155669254
-0.089639308903412
0.992177077318311
0.159881187691839
-0.980858175417499
-0.229321736804782
0.964623180668659
0.297612917967897
-0.943553463389690
-0.364412453575898
0.917754625683988
0.429385542199403
-0.887355972159162
-0.492206536620084
0.852509861848330
0.552560575985456
-0.813390944581527
-0.610145163901278
0.770195285635344
0.664671684553412
-0.723139383047179
-0.715866849259723
0.672459082520360
0.763474066201482
-0.618408395357562
-0.807254726470168
0.561258225348231
0.846989399982727
-0.501295010989938
-0.882478935272506
0.438819289849220
0.913545457642586
-0.374144192257935
-0.940033260679729
0.307593871893528
0.961809586659770
-0.239501881110744
-0.978765291933708
0.170209499166034
0.990815393959219
-0.100064021715332
-0.997899497235824
0.029417020156574
0.999982096009160
0.041377420457056
-0.997052752226921
-0.111964476103296
0.989126147854732
0.181990362179865
-0.976242011289675
-0.251104106684491
0.958464918240236
0.318959309298077
-0.935883968070846
-0.385215877553907
0.908612337232878
0.449541731392501
-0.876786712020735
-0.511614467557174
0.840566603495692
0.571122975489979
-0.800133548011200
-0.627768996627475
0.755690197347033
0.681268619282659
-0.707459303011768
-0.731353701619142
0.655682599805312
0.777773215587040
-0.600619594235972
-0.820294505083373
0.542546263865786
0.858704452032103
-0.481753674101721
-0.892810544538890
0.418546519366821
0.922441841766719
-0.353241595961537
-0.947449830697106
0.286166214270784
0.967709170481962
-0.217656558273580
-0.983118320656124
0.148056000577915
0.993600050061318
-0.077713381426540
-0.999101823931317
0.006981260297959
0.999596067197817
0.063785851132609
-0.995080302697611
-0.134233265817652
0.985577163588187
0.204007899039840
-0.971134279909640
-0.272760038084486
0.951824039861320
0.340145095010516
-0.927743226989926
-0.405825333736797
0.899012535107122
0.469471562785900
-0.865775963368414
-0.530764785202585
0.828200094544542
0.589397797376982
-0.786473260103473
-0.645076728758661
0.740804596286758
0.697522514745702
-0.691422995912163
-0.746472295365129
0.638575961155389
0.791680732735920
-0.582528363061033
-0.832921240710078
0.523561114000664
0.869987120530007
-0.461969759730588
-0.902692596809096
0.398062998107347
0.930873748644197
-0.332161131883706
-0.954389331192288
0.264594463341318
0.973121483594283
-0.195701638804600
-0.986976319697495
0.125827951334857
0.995884398615967
-0.055323610109862
-0.999801072770522
-0.015458014835456
0.998706711663820
0.086162163711207
-0.992606800269062
-0.156434465040236
0.981531911539142
0.225922711779009
-0.965537553173974
-0.294278626591141
0.944703889414165
0.361159607424206
-0.919135339255241
-0.426230444642726
0.888960053096189
0.489165001109257
-0.854329270445676
-0.549647846794673
0.815416561904553
0.607375839723253
-0.772416959224617
-0.662059645330439
0.725545977802931
0.713425186616688
-0.675038536511963
-0.761215017830395
0.621147780278317
0.805189614794413
-0.564143811312458
-0.845128575408737
0.504312335347656
0.880831724313046
-0.441953229673268
-0.912120116172259
0.377379040140664
0.938836932555983
-0.310913414672944
-0.960848267917792
0.242889481131191
0.978043800734061
-0.173648177666986
-0.990337346439111
0.103536543928938
0.997667289384866
-0.032905981689424
-0.999996891660591
-0.037889506392883
0.997314477224455
0.108495091045547
-0.989633490424245
-0.178556894798595
0.976992428613807
0.247723765629138
-0.959454649203134
-0.315649036947111
0.937108052108945
0.381992265099294
-0.910064639197515
-0.446420935683802
0.878459952927528
0.508612130123407
-0.842452397007155
-0.568254144143261
0.802222442469386
0.625048050043198
-0.757971723145428
-0.678709194932833
0.709922025069513
0.728968627421384
-0.658314174879812
-0.775574445610203
0.603406832788018
0.818293059633581
-0.545475196165705
-0.856910362418550
0.484809620246391
0.891232802796685
-0.421714162855341
-0.921088355588442
0.356505060462504
0.946327383799164
-0.289509143194740
-0.966823388604465
0.221062196752867
0.982473643366406
-0.151507279442449
-0.993199708502808
0.081193002755150
0.998947824628823
-0.010471784116243
-0.999689182000815
-0.060301919442799
0.995420064911708
0.130773387834275
-0.986161870314192
-0.200589415783240
0.971961000578550
0.269400083103075
-0.952888630922456
-0.336860508507210
0.929040352678490
0.402632578165055
-0.900535694187346
-0.466386640339851
0.867517521717732
0.527803157613193
-0.830151323416297
-0.586574308417307
0.788624379875517
0.642405529846587
-0.743144825477439
-0.695016994016303
0.693940605217140
0.744145010569332
-0.641258332235485
-0.789543348300232
0.585362051785820
0.830984469274339
-0.526531917830703
-0.868260669255102
0.465062788901298
0.901185118724652
-0.401262750256500
-0.929592799279023
0.335451569750257
0.953341330705965
-0.267959095144373
-0.972311684599076
0.199123600901082
0.986408780932135
-0.129290092740072
-0.995561964603077
0.058808578459348
0.999725359559777
0.011967686315599
-0.998878098732274
-0.082683968660172
0.993024428619207
0.152985836283988
-0.982193688004184
-0.222520933956290
0.966440160908909
0.290940749522189
-0.945842804519879
-0.357902360656727
0.920504853452468
0.423070153602540
-0.890553302335533
-0.486117505277262
0.856138269310472
0.546728420318335
-0.817432243634102
-0.604599114862387
0.774629221156967
0.659439539119578
-0.727943732009951
-0.710974831112858
0.677609765372028
0.758946694294541
-0.623879596709392
-0.803114692137304
0.567022523362378
0.843257453209731
-0.507323514818669
-0.879173780697025
0.445081784436632
0.910683660806163
-0.380609289778882
-0.937629165000492
0.314229169070521
0.959875241542893
-0.246274121620017
-0.977310392379366
0.177084740319638
0.989847231970976
-0.107007804582431
-0.997422925272832
0.036394542273272
0.999999502665477
0.034401130656975
-0.997564050259829
-0.105024384009410
0.990128774621979
0.175121251757966
-0.977730941593516
-0.244340406137879
0.960432689513917
0.312334918512242
-0.938320717781182
-0.378763998189322
0.911505852311699
0.443294700476933
-0.880122490076993
-0.505603595411343
0.844327925502022
0.565378388799127
-0.804301562100276
-0.622319487445639
0.760244013297690
0.676141500725697
-0.712376096951380
-0.726574670970949
0.660937728603842
0.773366225503503
-0.606186719018229
-0.816281643541096
0.548397482022547
0.855105831622685
-0.487859659138786
-0.889644201664060
0.424876667889871
0.919723646239231
-0.359764181061816
-0.945193406200692
0.292848544541150
0.965925826289075
-0.224465141658994
-0.981816994945404
0.154956712238539
0.992787265119284
-0.084671634772644
-0.998781653462333
0.013962180339141
0.999770115906613
0.056817252993074
-0.995747698246443
-0.127311916418492
0.986734560969013
0.197168488407910
-0.972775878209400
-0.266036845566668
0.953941611336336
0.333571817464861
-0.930326158303608
-0.399434916642463
0.902047880524304
0.463296035119823
-0.869248509639821
-0.524835098908889
0.832092437156156
0.583743672234796
-0.790765890508402
-0.639726503425731
0.745475999682906
0.692503004724207
-0.696449759074796
-0.741808658601420
0.643932889785172
0.787396343528009
-0.588188608058735
-0.829037572555054
0.529496306035630
0.866523638497977
-0.468150151428639
-0.899666659983933
0.404457613145671
0.928300523118951
-0.338737920245292
-0.952281714056383
0.271320461950472
0.971490038292848
-0.202543136739270
-0.985829223087080
0.132750658786309
0.995227399981828
-0.062292830244864
-0.999637465011020
-0.008477211973262
0.999037314786325
0.079204766131128
-0.993429957280062
-0.149535343443661
0.982843496749100
0.219116444786214
-0.967330992875473
-0.287599327432019
0.946970194829509
0.354640752961877
-0.921863151588528
-0.419904707586096
0.892135700463904
0.483064086256875
-0.857936836400638
-0.543802332128732
0.819437965209729
0.601815023152061
-0.776832044476823
-0.656811397846082
0.730332616452282
0.708515812605120
-0.680172737770943
-0.756669123232726
0.626603811364465
0.801029983781118
-0.569894326421792
-0.841376056184712
0.510328512712755
0.877505124625937
-0.448204916018913
-0.909236109047055
0.383834901813017
0.936409972729523
-0.317541094684837
-0.958890519391095
0.249655761336500
0.976565075805961
-0.180519145250614
-0.989345056526697
0.110477761379595
0.997166407877220
-0.039882659401108
-0.999989928992004
-0.030912335754146
0.997801468292054
0.101552397284298
-0.990611994413059
-0.171683474920150
0.978457541230255
0.240954069435879
-0.961399027255472
-0.309016994374958
0.939521950311589
0.375531116159668
-0.912935959014726
-0.440163063864035
0.881774303211665
0.502588900079028
-0.846193166127570
-0.562495744497748
0.806370881570455
0.619583342081518
-0.762507040116493
-0.673565567947751
0.714821488755317
0.724171861437441
-0.663553229010228
-0.771148582173404
0.608959219054571
0.814260281314386
-0.551313085829229
-0.853290881632117
0.490903753615193
0.888044760497592
-0.428033995936285
-0.918347730347637
0.363018918048116
0.944047911718851
-0.296184377620462
-0.965016494472288
0.227865351528206
0.981148383394160
-0.158404256935992
-0.992362724936239
0.088149235092990
0.998603312456593
-0.017452406437278
-0.999838867929057
-0.053331894242939
0.996063198709715
0.123848893747186
-0.987295228574602
-0.193745158596772
0.973578902873164
0.262670366455255
-0.954982968272729
-0.330279061955186
0.931600628197996
0.396232388131570
-0.903549075692457
-0.460199784783914
0.870968906043194
0.521860645254436
-0.834023412112323
-0.580905923319764
0.792897765908530
0.637039682139404
-0.747798090498575
-0.689980577501540
0.698950426911924
0.739463267929103
-0.646599601215810
-0.785239744579828
0.591007997439082
0.827080574274574
-0.532454242494975
-0.864776049423832
0.471231809694025
0.898137239088930
-0.407647547846569
-0.926996935909916
0.342020143325776
0.951210494154603
-0.274678522802475
-0.970656554687087
0.205960204653255
0.985237653224050
-0.136209607307661
-0.994880708828785
0.065776323011903
0.999537390195218
0.004986634338772
-0.999184357885972
-0.075724598517118
0.993823381310382
0.146083028562476
-0.983481329856153
-0.215709285751296
0.968210038219188
0.284254401034696
-0.948086046606197
-0.351374824081263
0.923210217113008
0.416734145163305
-0.893707228200305
-0.480004781253043
0.859724949801200
0.540869617879326
-0.821433702192348
-0.599023598515600
0.779025402343227
0.654175253533067
-0.732712602022084
-0.706048161055880
0.682727422479780
0.754382332396360
-0.629320391049930
-0.798935515127302
0.572759185498779
0.839484407258032
-0.513327292414965
-0.875825776431829
0.451322586365736
0.907777478532895
-0.387055836940004
-0.935179370598550
0.320849151161124
0.957894113460926
-0.253034359076098
-0.975807860095317
0.183951350612661
0.988830826225138
-0.113946372040214
-0.996897740323607
0.043370290571439
0.999968170756823
0.027423164194147
-0.998026728428275
-0.098079173175272
0.991083143909606
0.168243606173372
-0.979172218670636
-0.237564796784584
0.962353650653279
0.305695304963117
-0.940711735063527
-0.372293658401980
0.914354941881152
0.437026064003213
-0.883415372204778
-0.499568080859474
0.848048096156492
0.559606246363140
-0.808430375665983
-0.616839647289812
0.764760776027645
0.670981427985924
-0.717258170684998
-0.721760228098337
0.666160644229924
0.768921542641191
-0.611724299115003
-0.812228997583114
0.554221972059755
0.851465534561497
-0.493941866584183
-0.886434498786020
0.431186108523641
0.916960624678717
-0.366269231763568
-0.942890914311091
0.299516601786711
0.964095404234087
-0.231262784930021
-0.980467816859497
0.161849871527564
0.991926093126561
-0.091625761342724
-0.998412803784631
0.020942419883351
0.999895437230425
0.049845885660729
-0.996366562457238
-0.120384362016306
0.987843866299384
0.190319468061907
-0.974370064785264
-0.259300686788210
0.956012689043060
0.326982282099262
-0.932863746832807
-0.393025031653862
0.905039261400363
0.457097927058657
-0.872678689965195
-0.518879832892904
0.835944224756290
0.578061096249565
-0.795019980099467
-0.634345098725675
0.750111069630427
0.687449743083362
-0.701442578258756
-0.737108867130150
0.649258434034448
0.783073577733094
-0.593820185573583
-0.825113498278244
0.535405691167600
0.863017923326317
-0.474307726148722
-0.896596874675003
0.410832515490535
0.925682053535845
-0.345298198998534
-0.950127684053205
0.278033236783142
0.969811243937556
-0.209374763007033
-0.984634078551157
0.139666896158047
0.994521895368258
-0.069259014315316
-0.999425136331747
-0.001495995943603
0.999319226239546
0.072243508222546
-0.994204695916457
-0.142628933705465
0.984107179553611
0.212299498367027
-0.969077286229079
-0.280906011087420
0.949190346253532
0.348104613809518
-0.924546033612296
-0.413558504966571
0.895267866396117
0.476939627542331
-0.861502587724619
-0.537930313304218
0.823419430264600
0.596224874965539
-0.781209268031091
-0.651531138300860
0.735083659720214
0.703571906532452
-0.685273788370264
-0.752086349649492
0.632029302664854
0.796831311696499
-0.575617065685656
-0.837582529478837
0.516319817386015
0.874135756577084
-0.454434757489375
-0.906307787036589
0.390272055913870
0.933937373602030
-0.324153298191866
-0.956886035893244
0.256409873672104
0.975038754473794
-0.187381314585776
-0.988304547331985
0.117413594300022
0.996616925885647
-0.046857393288239
-0.999934228225054
-0.023933658491774
0.998239827923762
0.094604754002587
-0.991542217370796
-0.164801687431236
0.979874965206563
0.234172629481101
-0.963296548075584
-0.302369890750348
0.941890057539881
0.369051664363341
-0.915762783621255
-0.433883739117513
0.885045677060262
0.496541174560706
-0.849892692986869
-0.556709929603211
0.810480019292376
0.614088436501846
-0.767005193570013
-0.668389112327231
0.719686113050143
0.719339800338547
-0.668759942492481
-0.766685134042565
0.614481925507990
0.810187817097763
-0.557124105270642
-0.849629812651926
0.496973961027606
0.884813436149716
-0.434332967244133
-0.915562346134050
0.369515082603806
0.941722428075174
-0.302845176437472
-0.963162566797666
0.234657400467672
0.979775303633925
-0.165293514029640
-0.991477375010457
0.095101171161585
0.998210129767727
-0.024432178152759
-0.999939823121439
-0.046359269721906
0.996657785792652
0.116918363439740
-0.988380467458436
-0.186891458544608
0.975149354305566
0.255927847624346
-0.957030761100409
-0.323681518067635
0.934115498817175
0.389812886290383
-0.906518419490386
-0.453990499739409
0.874377840572871
0.515892698144162
-0.837854851683811
-0.575209225687147
0.797132507222976
0.631642786016930
-0.752414908895766
-0.684910532306846
0.703926182748972
0.734745484892421
-0.651909355843788
-0.780897869382081
0.596625138196338
0.823136368534456
-0.538350616090649
-0.861249281627874
0.477377863313257
0.895045585511106
-0.414012477270157
-0.924355892017993
0.348572047321920
0.949033296945748
-0.281384563016779
-0.968954116344015
0.212786770195621
0.984018506422709
-0.143122483211154
-0.994150963972312
0.072740861719270
0.999300704788398
-0.001994660679577
-0.999441918203706
-0.068761537663851
0.994573896452040
0.139173100959907
-0.984721038215651
-0.208887124180146
0.969932726338116
0.277554198388829
-0.950283080316116
-0.344830161992696
0.925870584810020
0.410377825689758
-0.896817596035608
-0.473868662472971
0.863269728510765
0.534984454218195
-0.825395125230819
-0.593418886603717
0.783383614930417
0.648879084367516
-0.737445760655775
-0.701087079207376
0.687811804416061
0.749781202967647
-0.634730513202358
-0.794717399127491
0.578467932160428
0.835670446020721
-0.519306051163225
-0.872435085653895
0.457541391468702
0.904827052466007
-0.393483519545688
-0.932683996873426
0.327453495516751
0.955866298971255
-0.259782263994497
-0.974257768312801
0.190808995376484
0.987766226259811
-0.120879385912464
-0.996323967984939
0.050343925062717
0.999888101810271
0.020443861165099
-0.998440764181984
-0.091129182100603
