0.000000000000000
0.965147119180891
-0.505173300974500
-0.700731405818914
0.871947226253861
0.244340406137895
-0.999838867929057
0.278991106039225
0.853810500668348
-0.725889056058886
-0.473868662473000
0.973919425411302
-0.035896202634577
-0.955130783952423
0.535826794978990
0.674670545932079
-0.888960053096189
-0.209374763007091
0.998550122907320
-0.313282199597424
-0.834573253721305
0.750111069630453
0.441953229673236
-0.981436395555738
0.071746136761369
0.943883330308371
-0.565789633582206
-0.647740067614442
0.904827052466012
0.174139245707400
-0.995974293995239
0.347169487214408
0.814260281314386
-0.773366225503500
-0.409468140058902
0.987688340595134
-0.107503593510513
-0.931419255684625
0.595023196102022
0.619974682979101
-0.919527772551446
-0.138679271154456
0.992114701314479
-0.380609289778853
-0.792897765908488
0.795624548881769
0.376455265374405
-0.992667202067970
0.143122483211099
0.917754625683987
-0.623489801858712
-0.591410180293927
0.933043264819437
0.103040545578671
-0.986976319697499
0.413558504966501
0.770513242775808
-0.816857349838940
-0.342957157654153
0.996366562457241
-0.178556894798608
-0.902907053368382
0.651152758743557
0.562083377852156
-0.945356108439559
-0.067269005612063
0.980565772275226
-0.445974662797042
-0.747135564508166
0.837037260298610
0.309016994374977
-0.998781653462332
0.213761154992091
0.886895676556430
-0.677976410513188
-0.532032076515358
0.956450432738620
0.031410759078174
-0.972891321940150
0.477815980375881
0.722794863827405
-0.856138269310445
-0.274678522802429
0.999909362145144
-0.248689887164823
-0.869741133155715
0.703926182748927
0.501295010989954
-0.966311937657211
0.004487974438899
0.963962860695862
-0.509041415750330
-0.697522514745722
0.874135756577036
0.239986003602613
-0.999748234942506
0.283298069832710
0.851465534561502
-0.728968627421388
-0.469911799899943
0.974927912181811
-0.040380923169114
-0.953791896906705
0.539610720810737
0.671351092126031
-0.891006524188345
-0.204984153792287
0.998298479539766
-0.317541094684797
-0.832092437156186
0.753071466003583
0.437922894720412
-0.982287250728676
0.076221822798841
0.942391540464052
-0.569484493168422
-0.644314329694529
0.906728826522683
0.169718089100706
-0.995561964603084
0.351374824081288
0.811646811946218
-0.776203631076321
-0.405369527637491
0.988380467458423
-0.111964476103256
-0.929776485888274
0.598624226943399
0.616447076559512
-0.921282398275796
-0.134233265817702
0.991542217370811
-0.384755647944874
-0.790155012375720
0.798335306372665
0.372293658402009
-0.993199708502806
0.147562812492397
0.915962993388194
-0.626992362396776
-0.587785252292524
0.934648480581894
0.098575422202527
-0.986244419107051
0.417640539972088
0.767644740358065
-0.819437965209692
-0.338737920245338
0.996738762088006
-0.182970947393986
-0.900968867902441
0.654552334343366
0.558365800629722
-0.946809845192900
-0.062790519529405
0.979675398423249
-0.449987113092071
-0.744145010569415
0.839484407258035
0.304745564927275
-0.998993066541312
0.218143241396466
0.884813436149766
-0.681268619282635
-0.528226641853152
0.957750816684912
0.026924682845707
-0.971843622476442
0.481753674101658
0.719686113050222
-0.858448793601822
-0.270360406986417
0.999959716170870
-0.253034359076047
-0.867517521717751
0.707106781186511
0.497406623913299
-0.967457292663038
0.008975858480945
0.962759186055485
-0.512899277405843
-0.694299574162885
0.876306680043818
0.235626767265389
-0.999637465011022
0.287599327431925
0.849103418222234
-0.732033515886144
-0.465945472355911
0.975916761938729
-0.044864830350453
-0.952433798569352
0.543383777794736
0.668018115955548
-0.893035048612838
-0.200589415783355
0.998026728428275
-0.321793593854350
-0.829594860571879
0.756016693999207
0.433883739117654
-0.983118320656109
0.080695973575147
0.940880768954261
-0.573167882188847
-0.640875613985079
0.908612337232827
0.165293514029576
-0.995129582585918
0.355573083550836
0.809016994375003
-0.779025402343198
-0.401262750256579
0.989052686346529
-0.116423103505744
-0.928114988519082
0.602213200286002
0.612907053653040
-0.923018467515350
-0.129784556752389
0.990949761767945
-0.388894256356482
-0.787396343528075
0.801029983781064
0.368124552684793
-0.993712209893230
0.152000169561180
0.914152911751120
-0.630482294044629
-0.584148485111159
0.936234870639711
0.094108313318624
-0.985492653565741
0.421714162855240
0.764760776027670
-0.822002075447856
-0.334511859971917
0.997090885390693
-0.187381314585630
-0.899012535107156
0.657938725939624
0.554636976794391
-0.948244511287200
-0.058310768719057
0.978765291933731
-0.453990499739473
-0.741139468049935
0.841914645309114
0.300467997289532
-0.999184357885969
0.222520933956212
0.882713373816723
-0.684547105928597
-0.524410567641456
0.959031909598939
0.022438064295932
-0.970776348122943
0.485681664337228
0.716562866343882
-0.860742027003886
-0.266036845566765
0.999989928992004
-0.257373734365192
-0.865276436727993
0.710273137067962
0.493508218064447
-0.968583161128606
0.013463561731049
0.961536119504180
-0.516746808235908
-0.691062648986964
0.878459952927452
0.231262784930051
-0.999506560365735
0.291894792200916
0.846724199228339
-0.735083659720079
-0.461969759730700
0.976885954764624
-0.049347833863606
-0.951056516295192
0.547145889933995
0.664671684553492
-0.895045585511141
-0.196190637499259
0.997734875046465
-0.326039611452218
-0.827080574274624
0.758946694294493
0.429835844221607
-0.983929588598598
0.085168498971806
0.939351046208969
-0.576839726452648
-0.637423989748765
0.910477546658782
0.160865609613872
-0.994677156652794
0.359764181061676
0.806370881570534
-0.781831482467965
-0.397147890634858
0.989704983719608
-0.120879385912164
-0.926434797042941
0.605790043840719
0.609354685562893
-0.924735945302206
-0.125333233564487
0.990337346439141
-0.393025031653787
-0.784621814930672
0.803708526830721
0.363948032196871
-0.994204695916430
0.156434465040062
0.912324417231516
-0.633959526508057
-0.580499952001667
0.937802403039794
0.089639308903513
-0.984721038215656
0.425779291564930
0.761861407873496
-0.824549628907072
-0.330279061955263
0.997422925272827
-0.191787907539784
-0.897038094387039
0.661311865323544
0.550896981452206
-0.949660077825392
-0.053829843412216
0.977835471138064
-0.457984742102920
-0.738118997487439
0.844327925501945
0.296184377620583
-0.999355523643317
0.226894144495693
0.880595531856818
-0.687811804415847
-0.520583930743722
0.960293685676910
0.017950993798194
-0.969689520376733
0.489599871964900
0.713425186616791
-0.863017923326280
-0.261707925628715
0.999999999999999
-0.261707925628410
-0.863017923326440
0.713425186616570
0.489599871965176
-0.969689520376656
0.017950993797991
0.960293685676998
-0.520583930743452
-0.687811804416077
0.880595531856668
0.226894144496001
-0.999355523643324
0.296184377620281
0.844327925502115
-0.738118997487226
-0.457984742103201
0.977835471137998
-0.053829843412014
-0.949660077825491
0.550896981451942
0.661311865323781
-0.897038094386899
-0.191787907540094
0.997422925272842
-0.330279061954965
-0.824549628907251
0.761861407873291
0.425779291565217
-0.984721038215601
0.089639308903311
0.937802403039904
-0.580499952001410
-0.633959526508302
0.912324417231386
0.156434465040375
-0.994204695916464
0.363948032196682
0.803708526830910
-0.784621814930476
-0.393025031654078
0.990337346439097
-0.125333233564173
-0.924735945302283
0.609354685562642
0.605790043840971
-0.926434797042822
-0.120879385912479
0.989704983719653
-0.397147890634672
-0.781831482468162
0.806370881570347
0.359764181061972
-0.994677156652761
0.160865609613560
0.910477546658866
-0.637423989748521
-0.576839726452907
0.939351046208860
0.085168498972122
-0.983929588598655
0.429835844221424
0.758946694294699
-0.827080574274446
-0.326039611452517
0.997734875046444
-0.196190637498949
-0.895045585511232
0.664671684553256
0.547145889934260
-0.951056516295094
-0.049347833863922
0.976885954764679
-0.461969759730469
-0.735083659720332
0.846724199228170
0.291894792201219
-0.999506560365725
0.231262784929798
0.878459952927576
-0.691062648986694
-0.516746808236179
0.961536119504093
0.013463561731366
-0.968583161128670
0.493508218064221
0.710273137068225
-0.865276436727834
-0.257373734365498
0.999989928992005
-0.266036845566514
-0.860742027004018
0.716562866343622
0.485681664337505
-0.970776348122867
0.022438064295616
0.959031909599013
-0.524410567641235
-0.684547105928869
0.882713373816574
0.222520933956520
-0.999184357885981
0.300467997289285
0.841914645309254
-0.741139468049761
-0.453990499739755
0.978765291933666
-0.058310768718741
-0.948244511287282
0.554636976794175
0.657938725939820
-0.899012535107017
-0.187381314585941
0.997090885390717
-0.334511859971672
-0.822002075448003
0.764760776027503
0.421714162855527
-0.985492653565688
0.094108313318309
0.936234870639802
-0.584148485110949
-0.630482294044831
0.914152911750992
0.152000169561493
-0.993712209893265
0.368124552684499
0.801029983781219
-0.787396343527915
-0.388894256356826
0.990949761767902
-0.129784556752075
-0.923018467515472
0.612907053652835
0.602213200286210
-0.928114988518943
-0.116423103506059
0.989052686346576
-0.401262750256290
-0.779025402343360
0.809016994374850
0.355573083551185
-0.995129582585886
0.165293514029264
0.908612337232959
-0.640875613984880
-0.573167882189060
0.940880768954135
0.080695973575463
-0.983118320656167
0.433883739117369
0.756016693999377
-0.829594860571734
-0.321793593854704
0.998026728428255
-0.200589415783045
-0.893035048612981
0.668018115955355
0.543383777794954
-0.952433798569238
-0.044864830350770
0.975916761938798
