0.000000000000000
0.976457630438006
-0.421261956056631
-0.794717399127555
0.764117801136707
0.465062788901252
-0.964754525183621
-0.048849769795616
0.985829223087089
-0.376455265374388
-0.823419430264540
0.731693699726815
0.507753179550756
-0.950747851124637
-0.097582899759155
0.992846926341837
-0.330749702924245
-0.850155361981264
0.697522514745696
0.549231195078595
-0.934471052351312
-0.146083028562418
0.997493983854522
-0.284254401034796
-0.874861356216689
0.661685837596855
0.589397797376981
-0.915962993388161
-0.194234351219983
0.999759299728271
-0.237080377715487
-0.897478421842897
0.624269236421591
0.628157079632713
-0.895267866396144
-0.241921895599676
0.999637465011020
-0.189340271576118
-0.917952555519690
0.585362051785821
0.665416495326271
-0.872435085653918
-0.289031796944484
0.997128770610608
-0.141148072876747
-0.936234870639743
0.545057183359309
0.701087079207500
-0.847519169570119
-0.335451569750271
0.992239206600170
-0.092618851350304
-0.952281714056383
0.503450868096805
0.735083659720192
-0.820579610508382
-0.381070376350294
0.984980447915480
-0.043868481447649
-0.966054770315333
0.460642450450613
0.767325062368350
-0.791680732735912
-0.425779291565084
0.975369826478422
0.004986634338784
-0.977521153141464
0.416734145163335
0.797734303538630
-0.760891538834802
-0.469471562785905
0.963430289813115
0.053829843412159
-0.986653483962208
0.371830793207150
0.826238774316015
-0.728285544942824
-0.512042864870590
0.949190346253533
0.102544521605601
-0.993429957280058
0.326039611452322
0.852770413853945
-0.693940605217085
-0.553391549243365
0.932683996873420
0.151014351648672
-0.997834392738112
0.279469936662842
0.877265871885031
-0.657938725939683
-0.593418886603726
0.913950654301088
0.199123600901034
-0.999856273754321
0.232232964430214
0.899666659983960
-0.620365869709233
-0.632029302664878
0.893035048612872
0.246757397690313
-0.999490772632192
0.184441483668943
0.919919291221866
-0.581311750185817
-0.669130606358887
0.869987120529996
0.293802005593938
-0.996738762088010
0.136209607307587
0.937975407878404
-0.540869617879313
-0.704634209963626
0.844861902173852
0.340145095010582
-0.991606813167026
0.087652499818425
0.953791896906702
-0.499136037492931
-0.738455340625916
0.817719385664407
0.385676011372370
-0.984107179553601
0.038886102236337
0.967330992875480
-0.456210657353133
-0.770513242775804
0.788624379875500
0.430286039357595
-0.974257768312783
-0.009973144676545
0.978560368142523
-0.412195971476829
-0.800731370948750
0.757646355689058
0.473868662473036
-0.962082097133152
-0.058808578459363
0.987453210044210
-0.367197074843809
-0.829037572555060
0.724859280117703
0.516319817386095
-0.947609238173037
-0.107503593510586
0.993988284916790
-0.321321412458807
-0.855364260160526
0.690341439691874
0.557538142399421
-0.930873748644177
-0.155941919509872
0.998149988796542
-0.274678522802341
-0.879648572866636
0.654175253533007
0.597425219474896
-0.911915588298657
-0.204007899039943
0.999928384677748
-0.227379776282907
-0.901832526405134
0.616447076559438
0.635885809228738
-0.890780024015849
-0.251586763744581
0.999319226239541
-0.179538109315039
-0.921863151588520
0.577246993294495
0.672828078337080
-0.867517521717702
-0.298564908363970
0.996323967984944
-0.131267754658169
-0.939692620785927
0.536668602769425
0.708163818808699
-0.842183625869893
-0.344830161992799
0.990949761767923
-0.082683968660179
-0.955278362122361
0.494808795034612
0.741808658601470
-0.814838826856921
-0.390272055913780
0.983209439716724
-0.033902756056897
-0.968583161128647
0.451767519812756
0.773682263079632
-0.785548416547681
-0.434782087366287
0.973121483594268
0.014959407015342
-0.979575249599357
0.407647547846384
0.803708526830821
-0.754382332396416
-0.478253978621354
0.960709980668806
0.063785851132721
-0.988228381446563
0.362554225509552
0.831815755384902
-0.721414990451290
-0.520583930743647
0.946004566200065
0.112459992158476
-0.994521895368281
0.316595223269638
0.857936836400660
-0.686725107669306
-0.561670871434811
0.929040352678486
0.160865609613789
-0.998440764181985
0.269880278599840
0.882009399911644
-0.650395513961829
-0.601416696366355
0.909857845986179
0.208887124180316
-0.999975630705394
0.222520933956235
0.903975967248510
-0.612512954419515
-0.639726503425838
0.888502848680019
0.256409873672071
-0.999122830098853
0.174630270445030
0.923784088282298
-0.573167882188863
-0.676508819317051
0.865026350627721
0.303320386816896
-0.995884398615960
0.126322637815946
0.941386466660930
-0.532454242494942
-0.711675817973118
0.839484407258043
0.349506654194916
-0.990268068741563
0.077713381426422
0.956741072739910
-0.490469248326001
-0.745143530261019
0.811938005715818
0.394858395686209
-0.982287250728678
0.028918566828586
0.969811243937569
-0.447313148315556
-0.776832044476818
0.782452919241402
0.439267323789439
-0.971961000578532
-0.019945297363402
0.980565772275238
-0.403088987376193
-0.806665697152861
0.751099550122250
0.482627402182669
-0.959313974540040
-0.068761537663918
0.988978978893332
-0.357902360656614
-0.834573253721349
0.717952761591584
0.524835098908965
-0.944376370237459
-0.117413594300052
0.995030775365411
-0.311861161409434
-0.860488078602926
0.683091699075561
0.565789633582277
-0.927183854566761
-0.165785299524557
0.998706711663824
-0.265075323371727
-0.884348294314131
0.646599601215732
0.605393218023313
-0.907777478532853
-0.213761154992234
0.999998010662407
-0.217656558273457
-0.906096929213840
0.608563601118033
0.643551289750854
-0.886203579231178
-0.261226607538206
0.998901589093852
-0.169718089100614
-0.925682053535868
0.569074518302905
0.680172737771026
-0.862513669207186
-0.308068322699960
0.995420064911689
-0.121374379749539
-0.943056903383096
0.528226641852998
0.715170120125116
-0.836764313458913
-0.354174455328088
0.989561751039366
-0.072740861719197
-0.958179992386582
0.486117505277250
0.748459872677330
-0.809016994374860
-0.399434916642655
0.981340635521203
-0.023933658491625
-0.971015210763909
0.442847653626952
0.779962508642770
-0.779337964931413
-0.443741637094103
0.970776348122898
0.024930691738146
-0.981531911539147
0.398520403422558
0.809602808379839
-0.747798090498502
-0.486988824404498
0.957894113460879
0.073735514324194
-0.989704983719652
0.353241595961413
0.837309998994584
-0.714472679632729
-0.529073216169602
0.942724690773050
0.122364276755804
-0.995514912254021
0.307119344598634
0.863017923326380
-0.679441304261477
-0.569894326421937
0.925304300473938
0.170700866906005
-0.998947824628829
0.260263776601267
0.886665197913568
-0.642787609686451
-0.609354685562892
0.905674537670577
0.218629870274526
-0.999995523992272
0.212786770195487
0.908195359559824
-0.604599114862325
-0.647360073094018
0.883882272844489
0.266036845566822
-0.998655508726058
0.164801687431249
0.927557000153206
-0.564967003424836
-0.683819742589404
0.859979539938219
0.312808597947559
-0.994930978418572
0.116423103505738
0.944703889414195
-0.523985905970018
-0.718646638372971
0.834023412112228
0.358833449319667
-0.988830826225105
0.067766533188373
0.959595085281274
-0.481753674101599
-0.751757603384102
0.806075865469992
0.404001504980095
-0.980369617633516
0.018948155004174
0.972195031669000
-0.438371146789005
-0.783073577733211
0.776203631076311
0.448204916019027
-0.969567555685733
-0.029915466169555
0.982473643366445
-0.393941909590821
-0.812519787475659
0.744478035621388
0.491338136832614
-0.956450432738598
-0.078707657427223
0.990406377872188
-0.348572047321731
-0.840025923150815
0.710974831112839
0.533298177137617
-0.941049568878597
-0.127311916418714
0.995974293995252
-0.302369890750301
-0.865526307662277
0.675774014000117
0.573984847883584
-0.923401737138347
-0.175612189524086
0.999164097081320
-0.255445757935695
-0.888960053096234
0.638959634165591
0.613301000476516
-0.903549075692404
-0.223493148958647
0.999968170756823
-0.207911690817603
-0.910271206105545
0.600619594235855
0.651152758743677
-0.881538987243207
-0.270840468143122
0.998384595114683
-0.159881187691729
-0.929408881510534
0.560845439695087
0.687449743083379
-0.857424025836136
-0.317541094685018
0.994417151298547
-0.111468932206158
-0.946327383799215
0.519732140298867
0.722105286267347
-0.831261771374999
-0.363483520315797
0.988075312474476
-0.062790519529197
-0.960986316235266
0.477377863313225
0.755036640377581
-0.803114692137250
-0.408558047142759
0.979374221211559
-0.013962180338968
-0.973350677314656
0.433883739117411
0.786165174386297
-0.773049995616455
-0.452657049577144
0.968334653325732
0.034899496702626
-0.983390944339348
0.389353619733117
0.815416561904614
-0.741139468049790
-0.495675231314174
0.954982968272673
0.083677843332502
-0.991083143909622
0.343893830853565
0.842720958654127
-0.707459303011660
-0.537509876752418
0.939351046208874
0.132256390257256
-0.996408909165786
0.297612917967784
0.868013169235322
-0.672089919484969
-0.578061096249636
0.921476211870372
0.180519145250753
-0.999355523643327
0.250621387182958
0.891232802796787
-0.635115769842050
-0.617232064632582
0.901401145451608
0.228350870110795
-0.999915951636245
0.203031441367050
0.912324417231503
-0.596625138196257
-0.654929252388170
0.879173780697006
0.275637355817087
-0.998088854996436
0.154956712238305
0.931237651557804
-0.556709929603063
-0.691062648986985
0.854847190448020
0.322265695230655
-0.993878596328810
0.106511989044801
0.947927346167172
-0.515465450616752
-0.725545977803008
0.828479459920182
0.368124552684771
-0.987295228574562
0.057812944478364
0.962353650653331
-0.472990181723799
-0.758296902119165
0.800133548011104
0.413104429824689
