0.000000000000000
0.689258338483946
-0.998756921218921
0.757971723145452
-0.099567846595817
-0.613694794792047
0.988830826225128
-0.819152044288991
0.198146143199397
0.532032076515336
-0.969077286229077
0.872191264396604
-0.294755174410904
-0.445081784436592
0.939692620785907
-0.916562255869974
0.388434796274694
0.353708069622578
-0.900968867902418
0.951824039861320
-0.478253978621318
-0.258819045102517
0.853290881632155
-0.977626168919303
0.563320058063622
0.161357760632803
-0.797132507222922
0.993712209893241
-0.642787609686539
-0.062292830244848
0.733051871829830
-0.999922292480974
0.715866849259718
-0.037391194276329
-0.661685837596853
0.996194698091745
-0.781831482468029
0.136703608310077
0.583743672234795
-0.982566473233288
0.840025923150771
-0.234657400467719
-0.499999999999993
0.959173061326988
-0.889871808811468
0.330279061955170
0.411287103130617
-0.926246956610309
0.930873748644203
-0.422618261740702
-0.318486650251677
0.884115393504610
-0.962624246950011
0.510757291371688
0.222520933956321
-0.833197094412450
0.984807753012207
-0.593820185573504
-0.124343704647478
0.773998108266220
-0.997203797181178
0.670981427985962
0.024930691738080
-0.707106781186549
0.999689182000815
-0.741474155515829
0.074730093586432
0.633187909234130
-0.992239206600169
0.804597779766661
-0.173648177666924
-0.552976131367942
0.974927912181823
-0.859724949801191
0.270840468143012
0.467268628273052
-0.947927346167135
0.906307787036645
-0.365341024366388
-0.376917199621008
0.911505852311672
-0.943883330308368
0.456210657353169
0.282819798501816
-0.866025403784430
0.972078136985771
-0.542546263865753
-0.185911607162917
0.811938005715855
-0.990611994413052
0.623489801858739
0.087155742747647
-0.749781202967742
0.999300704788397
-0.698236818086068
0.012466314595412
0.680172737770918
-0.998057915804531
0.766044443118982
-0.111964476103319
-0.603804410325465
0.986895978856722
-0.826238774315990
0.210349884345493
0.521435203379497
-0.965925826289066
0.878221573370231
-0.306644740933345
-0.433883739117570
0.935355868899027
-0.921476211870404
0.399892024319764
0.342020143325668
-0.895489924657311
0.955572805786142
-0.489165001109274
-0.246757397690279
0.846724199228289
-0.980172487848547
0.573576436351043
0.149042266176202
-0.789543348300232
0.995030775365398
-0.652287411278129
-0.049845885660711
0.724515660859259
-0.999999999999999
0.724515660859290
-0.049845885660698
-0.652287411278139
0.995030775365400
-0.789543348300224
0.149042266176189
0.573576436351054
-0.980172487848538
0.846724199228282
-0.246757397690322
-0.489165001109285
0.955572805786146
-0.895489924657305
0.342020143325656
0.399892024319724
-0.921476211870409
0.935355868899042
-0.433883739117558
-0.306644740933357
0.878221573370224
-0.965925826289063
0.521435203379510
0.210349884345505
-0.826238774315982
0.986895978856720
-0.603804410325455
-0.111964476103303
0.766044443118990
-0.998057915804532
0.680172737770909
0.012466314595396
-0.698236818086077
0.999300704788397
-0.749781202967734
0.087155742747634
0.623489801858727
-0.990611994413054
0.811938005715865
-0.185911607162905
-0.542546263865740
0.972078136985774
-0.866025403784452
0.282819798501832
0.456210657353181
-0.943883330308363
0.911505852311667
-0.376917199621022
-0.365341024366400
0.906307787036638
-0.947927346167131
0.467268628273040
0.270840468142997
-0.859724949801198
0.974927912181826
-0.552976131367931
-0.173648177666908
0.804597779766669
-0.992239206600168
0.633187909234143
0.074730093586444
-0.741474155515818
0.999689182000815
-0.707106781186560
0.024930691738067
0.670981427985950
-0.997203797181179
0.773998108266212
-0.124343704647493
-0.593820185573514
0.984807753012204
-0.833197094412443
0.222520933956336
0.510757291371687
-0.962624246950003
0.884115393504611
-0.318486650251665
-0.422618261740688
0.930873748644208
-0.926246956610315
0.411287103130606
0.330279061955142
-0.889871808811467
0.959173061326980
-0.500000000000007
-0.234657400467731
0.840025923150762
-0.982566473233285
0.583743672234808
0.136703608310075
-0.781831482468046
0.996194698091745
-0.661685837596886
-0.037391194276370
0.715866849259727
-0.999922292480974
0.733051871829860
-0.062292830244821
-0.642787609686538
0.993712209893238
-0.797132507222892
0.161357760632790
0.563320058063609
-0.977626168919294
0.853290881632137
-0.258819045102518
-0.478253978621292
0.951824039861337
-0.900968867902410
0.353708069622592
0.388434796274654
-0.916562255869990
0.939692620785906
-0.445081784436616
-0.294755174410957
0.872191264396616
-0.969077286229079
0.532032076515370
0.198146143199438
-0.819152044288996
0.988830826225131
-0.613694794792090
-0.099567846595843
0.757971723145449
-0.998756921218923
0.689258338483914
0.000000000000013
-0.689258338483932
0.998756921218919
-0.757971723145432
0.099567846595818
0.613694794792020
-0.988830826225135
0.819152044288982
-0.198146143199413
-0.532032076515296
0.969077286229085
-0.872191264396603
0.294755174410933
0.445081784436638
-0.939692620785914
0.916562255869980
-0.388434796274735
-0.353708069622616
0.900968867902421
-0.951824039861329
0.478253978621369
0.258819045102543
-0.853290881632150
0.977626168919312
-0.563320058063588
-0.161357760632815
0.797132507222908
-0.993712209893248
0.642787609686518
0.062292830244847
-0.733051871829800
0.999922292480973
-0.715866849259709
0.037391194276345
0.661685837596820
-0.996194698091747
0.781831482468030
-0.136703608310107
-0.583743672234828
0.982566473233290
-0.840025923150779
0.234657400467762
0.500000000000029
-0.959173061326987
0.889871808811481
-0.330279061955118
-0.411287103130629
0.926246956610303
-0.930873748644220
0.422618261740665
0.318486650251689
-0.884115393504596
0.962624246949996
-0.510757291371665
-0.222520933956306
0.833197094412426
-0.984807753012200
0.593820185573494
0.124343704647462
-0.773998108266192
0.997203797181177
-0.670981427985973
-0.024930691738035
0.707106781186578
-0.999689182000816
0.741474155515839
-0.074730093586476
-0.633187909234162
0.992239206600171
-0.804597779766688
0.173648177666883
0.552976131367952
-0.974927912181819
0.859724949801214
-0.270840468142972
-0.467268628273063
0.947927346167121
-0.906307787036627
0.365341024366377
0.376917199620993
-0.911505852311654
0.943883330308354
-0.456210657353158
-0.282819798501801
0.866025403784408
-0.972078136985768
0.542546263865766
0.185911607162874
-0.811938005715879
0.990611994413051
-0.623489801858751
-0.087155742747603
0.749781202967751
-0.999300704788398
0.698236818086099
-0.012466314595371
-0.680172737770928
0.998057915804530
-0.766044443119011
0.111964476103278
0.603804410325475
-0.986895978856715
0.826238774315967
-0.210349884345480
-0.521435203379484
0.965925826289055
-0.878221573370212
0.306644740933333
0.433883739117530
-0.935355868899051
0.921476211870399
-0.399892024319752
-0.342020143325626
0.895489924657317
-0.955572805786138
0.489165001109312
0.246757397690346
-0.846724199228295
0.980172487848545
-0.573576436351079
-0.149042266176214
0.789543348300240
-0.995030775365403
0.652287411278163
0.049845885660723
-0.724515660859268
0.999999999999999
-0.724515660859242
0.049845885660685
0.652287411278105
-0.995030775365395
0.789543348300216
-0.149042266176177
-0.573576436351018
0.980172487848552
-0.846724199228275
0.246757397690309
0.489165001109246
-0.955572805786150
0.895489924657300
-0.342020143325697
-0.399892024319787
0.921476211870414
-0.935355868899038
0.433883739117598
0.306644740933369
-0.878221573370230
0.965925826289074
-0.521435203379548
-0.210349884345518
0.826238774315989
-0.986895978856727
0.603804410325445
0.111964476103316
-0.766044443118962
0.998057915804534
-0.680172737770900
-0.012466314595409
0.698236818086045
-0.999300704788399
0.749781202967726
-0.087155742747678
-0.623489801858692
0.990611994413056
-0.811938005715857
0.185911607162948
0.542546263865799
-0.972078136985777
0.866025403784446
-0.282819798501874
-0.456210657353192
0.943883330308367
-0.911505852311685
0.376917199620958
0.365341024366412
-0.906307787036643
0.947927346167145
-0.467268628273029
-0.270840468143009
0.859724949801175
-0.974927912181811
0.552976131368015
0.173648177666921
-0.804597779766710
0.992239206600180
-0.633187909234133
-0.074730093586514
0.741474155515788
-0.999689182000815
0.707106781186471
-0.024930691738111
-0.670981427986002
0.997203797181171
-0.773998108266240
0.124343704647424
0.593820185573433
-0.984807753012207
0.833197094412404
-0.222520933956379
-0.510757291371698
0.962624246950037
-0.884115393504632
0.318486650251653
0.422618261740597
-0.930873748644192
0.926246956610289
-0.411287103130698
-0.330279061955154
0.889871808811499
-0.959173061327009
0.499999999999996
0.234657400467799
-0.840025923150738
0.982566473233283
-0.583743672234705
-0.136703608310032
0.781831482468054
-0.996194698091754
0.661685837596877
0.037391194276383
-0.715866849259656
0.999922292480974
-0.733051871829774
0.062292830244922
0.642787609686547
-0.993712209893252
0.797132507222953
-0.161357760632778
-0.563320058063713
0.977626168919296
-0.853290881632130
0.258819045102616
0.478253978621303
-0.951824039861341
0.900968867902453
-0.353708069622580
-0.388434796274770
0.916562255869950
-0.939692620785901
0.445081784436502
0.294755174410860
-0.872191264396622
0.969077286229104
-0.532032076515360
-0.198146143199450
0.819152044288938
-0.988830826225129
0.613694794791990
0.099567846595743
-0.757971723145457
0.998756921218917
-0.689258338483987
-0.000000000000025
0.689258338484024
-0.998756921218919
0.757971723145424
-0.099567846595919
-0.613694794792030
0.988830826225137
-0.819152044289040
