0.000000000000000
0.844595018849514
-0.904401959647565
0.123848893747243
0.771783154533411
-0.950283080316086
0.245790784309488
0.687087510804422
-0.981531911539135
0.363948032196783
0.591812216084368
-0.997667289384867
0.476501273172328
0.487424302374785
-0.998440764181980
0.581717432498605
0.375531116159740
-0.983840426103449
0.677976410513219
0.257855568771219
-0.954091088551924
0.763796028634640
0.136209607307628
-0.909650826523038
0.837854851683750
0.012466314595412
-0.851203923248288
0.899012535107122
-0.111468932206327
-0.779650333723851
0.946327383799163
-0.233687800263655
-0.696091827363989
0.979070852155443
-0.352308385236555
-0.601815023152043
0.996738762088013
-0.465504188506370
-0.498271578510748
0.999059066269736
-0.571532241275934
-0.387055836939986
0.985996037070505
-0.668759942492382
-0.269880278599920
0.957750816684929
-0.755690197347014
-0.148549151846705
0.914758319980689
-0.830984469274327
-0.024930691738067
0.857680537756944
-0.893483390499329
0.099071646717065
0.787396343528009
-0.942224613775878
0.221548497619470
0.704987960785723
-0.976457630438007
0.340613984255226
0.611724299115005
-0.995655326598523
0.454434757489224
0.509041415750365
-0.999522099554693
0.561258225348237
0.398520403422600
-0.987998409425940
0.659439539119630
0.281863044974854
-0.961261695938315
0.747466920438624
0.160865609613703
-0.919723646239245
0.823984939382000
0.037391194276324
-0.864023855812189
0.887815385136394
-0.086658964004074
-0.795019980099481
0.937975407878390
-0.209374763007097
-0.713774528476695
0.973692652520782
-0.328866646738573
-0.621538503922732
0.994417151298566
-0.443294700476976
-0.519732140299008
0.999829792074516
-0.550896981452103
-0.409923033841578
0.989847231970984
-0.650016648925825
-0.293802005593915
0.964623180668658
-0.739127475930352
-0.173157066445847
0.924546033612313
-0.816857349838950
-0.049845885660686
0.870232891567001
-0.882009399911609
0.074232813184866
0.802520058610486
-0.933580426497201
0.197168488407936
0.722450164872185
-0.970776348122919
0.317068198399518
0.631256112300244
-0.993024428619198
0.432085748801987
0.530342090657267
-0.999982096009160
0.540450119880635
0.421261956056628
-0.991542217370804
0.640492736369772
0.305695304963096
-0.967834748450665
0.730673159897264
0.185421612065950
-0.929224732628399
0.809602808379792
0.062292830244831
-0.876306680043856
0.876066337162377
-0.061795125470201
-0.809895413436063
0.929040352678495
-0.184931570860647
-0.731013521647773
0.967709170481975
-0.305220472894344
-0.640875613985022
0.991477375010475
-0.420809644503880
-0.540869617879350
0.999978987688302
-0.529919264233222
-0.432535407828748
0.993083102199183
-0.630869281610747
-0.317541094684853
0.970895900158422
-0.722105286267229
-0.197657340379101
0.933759016147286
-0.802222442469398
-0.074730093586422
0.882244277284703
-0.869987120530006
0.049347833863731
0.817144898335144
-0.924355892018049
0.172665912166293
0.739463267929117
-0.964491596283471
0.293325311537734
0.650395513961888
-0.989776230907785
0.409468140058913
0.551313085829142
-0.999820467595024
0.519306051163171
0.443741637094028
-0.994469646979449
0.621147780278294
0.329337533745296
-0.973806160042900
0.713425186616692
0.209862349769233
-0.938148179473168
0.794717399127549
0.087155742747674
-0.888044760497625
0.863772694816223
-0.036892872861840
-0.824267386628725
0.919527772551451
-0.160373418592572
-0.747798090498539
0.961124125586831
-0.281384563016670
-0.659814332695161
0.987921260694515
-0.398062998107326
-0.561670871434771
0.999506560365730
-0.508612130123417
-0.454878902235895
0.995701636221685
-0.611329743239978
-0.341082788800347
0.976565075805975
-0.704634209963591
-0.222034743394290
0.942391540464041
-0.787088844750875
-0.099567846595795
0.893707228200278
-0.857424025836179
0.024432178152652
0.831261771375081
-0.914556744641093
0.148056000577899
0.756016693999272
-0.957607281747658
0.269400083103093
0.669130606358855
-0.985912752660915
0.386595991179742
0.571941364940543
-0.999037314786325
0.497839163110157
0.465945472355811
-0.996778878456246
0.601416696366311
0.352775034460852
-0.979172218670634
0.695733722557936
0.234172629481253
-0.946488439637774
0.779337964931480
0.111964476103304
-0.899230800360080
0.850942100268535
-0.011967686315568
-0.838126965541609
0.909443580859491
-0.135715572434319
-0.764117801136703
0.953941611336338
-0.257373734365295
-0.678342887063901
0.983751018959345
-0.375068901421478
-0.582122970157274
0.998412803784632
-0.486988824404370
-0.476939627542413
0.997701206263483
-0.591410180293939
-0.364412453575953
0.981627183447659
-0.686725107669317
-0.246274121620041
0.950438240274684
-0.771465964272576
-0.124343704647444
0.904614618530828
-0.844327925502029
-0.000498665479941
0.844861902173866
-0.904189075869116
0.123354052049829
0.772100152876997
-0.950127684053195
0.245307385878832
0.687449743083342
-0.981436395555742
0.363483520315629
0.592214104710494
-0.997633124419049
0.476062800311908
0.487859659138702
-0.998468476299785
0.581311750185848
0.375993237515715
-0.983929588598628
0.677609765371959
0.258337339056901
-0.954240328516264
0.763474066201480
0.136703608310050
-0.909857845986215
0.837582529478823
0.012964939775335
-0.851465534561479
0.898794046299185
-0.110973360590645
-0.779962508642688
0.946166092639881
-0.233202912935604
-0.696449759074804
0.978969242177370
-0.351841648404745
-0.602213200286096
0.996698397863470
-0.465062788901220
-0.498703870007503
0.999080569319851
-0.571122975489982
-0.387515586452056
0.986079076295146
-0.668389112327217
-0.270360406986381
0.957894113460914
-0.755363512779334
-0.149042266176170
0.914959667849848
-0.830706960534928
-0.025429199124007
0.857936836400640
-0.893259330618299
0.098575422202403
0.787703646505421
-0.942057452787277
0.221062196752788
0.705341536300378
-0.976349942256973
0.340145095010580
0.612118702874261
-0.995608769388463
0.453990499739500
0.509470574795370
-0.999537390195217
0.560845439695149
0.398977709638890
-0.988075312474500
0.659064581563066
0.282341456842922
-0.961399027255471
0.747135564508182
0.161357760632820
-0.919919291221842
0.823702287237152
0.037889506392843
-0.864274801953726
0.887585789004556
-0.086162163711168
-0.795322363375959
0.937802403039842
-0.208887124180253
-0.714123692844331
0.973578902873150
-0.328395677953531
-0.621929073010928
0.994364408338677
-0.442847653627090
-0.520158100194470
0.999838867929057
-0.550480740084965
-0.410377825689799
0.989917986891569
-0.649637622251893
-0.294278626591096
0.964754525183626
-0.738791500134769
-0.173648177666962
0.924735945302233
-0.816569598217063
-0.050343925062601
0.870478446205524
-0.881774303211641
0.073735514324095
0.802817475191131
-0.933401604696216
0.196679587407364
0.722794863827387
-0.970656554687091
0.316595223269698
0.631642786016959
-0.992965508106533
0.431635982329639
0.530764785202636
-0.999984955667193
0.540030487489614
0.421714162855312
-0.991606813167024
0.640109699484939
0.306170061015430
-0.967960085750539
0.730332616452251
0.185911607162965
-0.929408881510498
0.809310002001863
0.062790519529330
-0.876546805016540
0.875825776431840
-0.061297405329144
-0.810187817097848
0.928855741706679
-0.184441483669027
-0.731353701619179
0.967583351875680
-0.304745564927193
-0.641258332235456
0.991412286102163
-0.420357228309571
-0.541288981381513
0.999975630705394
-0.529496306035598
-0.432984959298159
0.993141528831894
-0.630482294044682
-0.318013912008081
0.971015210763894
-0.721760228098358
-0.198146143199354
0.933937373602079
-0.801924626841840
-0.075227355405077
0.882478935272501
-0.869741133155670
0.048849769795612
0.817432243634076
-0.924165520566701
0.172174714950376
0.739798876047605
-0.964359772060793
0.292848544541120
0.650774217265848
-0.989704983719625
0.409013144454869
0.551729053112658
-0.999810894492899
0.518879832892936
0.444188463367082
-0.994521895368272
0.620756902174707
0.329808338856497
-0.973919425411294
0.713075667351151
0.210349884345471
-0.938320717781203
0.794414620535424
0.087652499818522
-0.888273915031158
0.863521319028252
-0.036394542273248
-0.824549628907123
0.919331670207179
-0.159881187691849
-0.748129074605559
0.960986316235236
-0.280906011087462
-0.660188962196502
0.987843866299401
-0.397605493806759
-0.562083377852115
0.999490772632192
-0.508182718021301
-0.455322933869068
0.995747698246438
-0.610935035347249
-0.341551508529380
0.976672278334162
-0.704280283921969
-0.222520933956307
0.942558232810270
-0.786781150250528
-0.100064021715259
0.893930843665510
-0.857167300702125
0.023933658491712
0.831538866768219
-0.914354941881151
0.147562812492453
0.756343002654843
-0.957463508684775
0.268919820615294
0.669501103834474
-0.985829223087091
0.386136049285700
0.572350346382015
-0.999015314875031
0.497406623913208
0.466386640339861
-0.996818746958192
0.601018220027938
0.353241595961568
-0.979273341697730
0.695375444745663
0.234657400467726
-0.946649260115683
0.779025402343229
0.112459992158366
-0.899448842003780
0.850680065687343
-0.011469055059844
-0.838398870984633
0.909236109047038
-0.135221503812939
-0.764439383627666
0.953791896906714
-0.256891835958863
-0.678709194932920
0.983661367188563
-0.374606593415954
-0.582528363060962
0.998384595114685
-0.486553225335733
-0.477377863313300
0.997734875046451
-0.591007997439000
-0.364876784337679
0.981722211257636
-0.686362533768235
-0.246757397690212
0.950593163890388
-0.771148582173382
-0.124838484627514
0.904827052465996
-0.844060622197843
-0.000997330835879
0.845128575408735
-0.903975967248488
0.122859179678378
0.772416959224666
-0.949972051524634
0.244823926448191
0.687811804415927
-0.981340635521246
0.363018918048027
0.592615846072383
-0.997598711374512
0.475624209070328
0.488294894588048
-0.998495940131155
0.580905923319834
0.376455265374363
-0.984018506422704
0.677242951731340
0.258819045102568
-0.954389331192285
0.763151913917367
0.137197575318710
-0.910064639197521
0.837309998994506
0.013463561731166
-0.851726934143011
0.898575333990495
-0.110477761379506
-0.780274489610413
0.946004566200090
-0.232717967617674
-0.696807517601344
0.978867388761676
-0.351374824081350
-0.602611227669353
0.996657785792637
-0.464621273650173
-0.499136037492974
0.999101823931317
-0.570713567684494
-0.387975239601865
0.986161870314193
-0.668018115955498
-0.270840468142960
0.958037172039962
-0.755036640377465
-0.149535343443742
0.915160788198421
-0.830429245225939
-0.025927700186721
0.858192921703527
-0.893035048612878
0.098079173175372
0.788010753606669
-0.941890057539820
0.220575840915144
0.705694936419735
-0.976242011289680
0.339676121183020
0.612512954419627
-0.995561964603077
0.453546129097296
0.509899607151642
-0.999552432283506
0.560432514578129
0.399434916642532
-0.988151969821046
0.658689460118749
0.282819798501910
-0.961536119504158
0.746804022789519
0.161849871527459
-0.920114707450693
0.823419430264500
0.038387809087537
-0.864525533178344
0.887355972159203
-0.085665341992580
-0.795624548881809
0.937629165000495
-0.208399433410128
-0.714472679632733
0.973464911128304
-0.327924627507177
-0.622319487445604
0.994311418112909
-0.442400496655305
-0.520583930743658
0.999847695156390
-0.550064361831375
-0.410832515490431
0.989988495651944
-0.649258434034321
-0.294755174410895
0.964885629795691
-0.738455340625802
-0.174139245707458
0.924925627040606
-0.816281643541104
-0.050841951945544
0.870723784384642
-0.881538987243245
0.073238197127630
0.803114692137273
-0.933222550788815
0.196190637499015
0.723139383047198
-0.970536519880776
0.316122169413087
0.632029302664937
-0.992906340675836
0.431186108523496
0.531187347764075
-0.999987566661690
0.539610720810706
0.422166264787510
-0.991671162383089
0.639726503425835
0.306644740933235
-0.968085182350415
0.729991891397377
0.186401556029735
-0.929592799279002
0.809016994374886
0.063288193199882
-0.876786712020745
0.875584997912148
-0.060799669945486
-0.810480019292434
0.928670899758814
-0.183951350612733
-0.731693699726774
0.967457292663026
-0.304270581179793
-0.641640891025971
0.991346950662074
-0.419904707586225
-0.541708210282820
0.999972025061268
-0.529073216169521
-0.433434403098277
0.993199708502800
-0.630095149698303
-0.318486650251711
0.971134279909630
-0.721414990451376
-0.198634896747312
0.934115498817209
-0.801626611801836
-0.075724598517038
0.882713373816640
-0.869494929505174
0.048351693580097
0.817719385664425
-0.923974919305674
0.171683474920073
0.740134300202320
-0.964227708033382
0.292371704722764
0.651152758743513
-0.989633490424223
0.408558047142641
0.552144883199260
-0.999801072770523
0.518453485594315
0.444635179184999
-0.994573896452049
0.620365869709281
0.330279061955103
-0.974032448597835
0.712725970767026
0.210837366614631
-0.938493022759542
0.794111644398413
0.088149235093061
-0.888502848680062
0.863269728510759
-0.035896202634638
-0.824831666147108
0.919135339255205
-0.159388917033850
-0.748459872677285
0.960848267917807
-0.280427389305904
-0.660563427530451
0.987766226259834
-0.397147890634821
-0.562495744497670
0.999474736358006
-0.507753179550723
-0.455766852278226
0.995793512661313
-0.610540175534834
-0.342020143325729
0.976779237995926
-0.703926182748968
-0.223007069184595
0.942724690773112
-0.786473260103421
-0.100560171952132
0.894154236839344
-0.856910362418642
0.023435132879253
0.831815755384883
-0.914152911751101
0.147069587713021
0.756669123232809
-0.957319497532050
0.268439491255882
0.669871434826994
-0.985745448369808
0.385676011372258
0.572759185498733
-0.998993066541314
0.496973961027607
0.466827692348966
-0.996858367583936
0.600619594235955
0.353708069622553
-0.979374221211581
0.695016994016272
0.235142113102638
-0.946809845192917
0.778712646036924
0.112955480248252
-0.899666659983986
0.850417819569826
-0.010970420952028
-0.838670567945386
0.909028411137342
-0.134727401566397
-0.764760776027605
0.953641945300222
-0.256409873672112
-0.679075334029172
0.983571470813377
-0.374144192257922
-0.582933611109001
0.998356138179163
-0.486117505277230
-0.477815980375935
0.997768295725412
-0.590605667619986
-0.365341024366490
0.981816994945425
-0.685999789191169
-0.247240612400004
0.950747851124608
-0.770831008314770
-0.125333233564338
0.905039261400334
-0.843793109003341
-0.001495995943815
0.845395038487784
-0.903762633838570
0.122364276755757
0.772733573497297
-0.949816182769110
0.244340406137850
0.688173694712306
-0.981244631459425
0.362554225509711
0.593017440070103
-0.997564050259821
0.475185499556472
0.488730008614134
-0.998523155669258
0.580499952001527
0.376917199621011
-0.984107179553598
0.676875969682727
0.259300686788408
-0.954538096542910
0.762829571862274
0.137691508210934
-0.910271206105530
0.837037260298593
0.013962180339163
-0.851988121927985
0.898356398235675
-0.109982134696163
-0.780586276549405
0.945842804519883
-0.232232964430291
-0.697165102854493
0.978765291933694
-0.350907912382535
-0.603009105203008
0.996616925885653
-0.464179642863020
-0.499568080859646
0.999122830098858
-0.570304017961124
-0.388434796274613
0.986244419107055
-0.667646953469535
-0.271320461950487
0.958179992386549
-0.754709580222692
-0.150028383526768
0.915361680976500
-0.830151323416309
-0.026426194801724
0.858448793601917
-0.892810544538864
0.097582899759147
0.788317664755500
-0.941722428075205
0.220089430227507
0.706048161055854
-0.976133837562921
0.339207062889017
0.612907053653065
-0.995514912254008
0.453101645672910
0.510328512712665
-0.999567225815803
0.560019450099883
0.399892024319781
-0.988228381446551
0.658314174879833
0.283298069832868
-0.961672972650277
0.746472295365133
0.162341942175443
-0.920309894876992
0.823136368534382
0.038886102236440
-0.864776049423810
0.887125934657405
-0.085168498972052
-0.795926536541870
0.937455693803457
-0.207911690817772
-0.714821488755239
0.973350677314591
-0.327453495516698
-0.622709747129876
0.994258180634416
-0.441953229673299
-0.521009631840658
0.999856273754321
-0.549647846794683
-0.411287103130565
0.990058758234545
-0.648879084367422
-0.295231648934727
0.965016494472305
-0.738118997487387
-0.174630270445221
0.925115078780243
-0.815993485882547
-0.051339966185871
0.870968906043079
-0.881303452064949
0.072740861719221
0.803411709375140
-0.933043264819464
0.195701638804474
0.723483722445908
-0.970416243733761
0.315649036947129
0.632415662147645
-0.992846926341824
0.430736127495478
0.531609778236700
-0.999989928992004
0.539190819948461
0.422618261740773
-0.991735265002987
0.639343148287597
0.307119344598635
-0.968210038219185
0.729650984817408
0.186891458544650
-0.929776485888237
0.808723785572056
0.063785851132731
-0.877026400996786
0.875344001663064
-0.060301919442826
-0.810772019947162
0.928485826880885
-0.183461171813758
-0.732033515886167
0.967330992875489
-0.303795521770257
-0.642023290261393
0.991281368706423
-0.419452082446217
-0.542127304478831
0.999968170756823
-0.528649994740249
-0.433883739117545
0.993257641197453
-0.629707848667878
-0.318959309298132
0.971253107566077
-0.721069573412014
-0.199123600900937
0.934293391748382
-0.801328397423525
-0.076221822798882
0.882947592858902
-0.869248509639743
0.047853605341099
0.818006324354721
-0.923784088282276
0.171192192198045
0.740469540309855
-0.964095404234094
0.291894792201025
0.651531138300881
-0.989561751039389
0.408102848235396
0.552560575985498
-0.999791002430336
0.518027009373181
0.445081784436698
-0.994625650217844
0.619974682979074
0.330749702924222
-0.974145229574303
0.712376096951274
0.211324796455437
-0.938665094365417
0.793808470791753
0.088645948447544
-0.888731561387383
0.863017923326334
-0.035397854069704
-0.825113498278256
0.918938779744349
-0.158896606741043
-0.748790484631608
0.960709980668825
-0.279948697791557
-0.660937728603892
0.987688340595130
-0.396690188705095
-0.562907971269034
0.999458451547159
-0.507323514818545
-0.456210657353183
0.995839079454937
-0.610145163901327
-0.342488693072862
0.976885954764658
-0.703571906532480
-0.223493148958433
0.942890914311096
-0.786165174386150
-0.101056297182981
0.894377407666329
-0.856653211049534
0.022936601439472
0.832092437156063
-0.913950654301184
0.146576326361857
0.756995055651850
-0.957175248325292
0.267959095144352
0.670241599244492
-0.985661428529871
0.385215877554023
0.573167882188798
-0.998970569790723
0.496541174560549
0.467268628273199
-0.996897740323625
0.600220819089535
0.354174455328022
-0.979474857187134
0.694658370459062
0.235626767265180
-0.946970194829453
0.778399696090052
0.113450940250145
-0.899884254246533
0.850155361981226
-0.010471784116227
-0.838942056356213
0.908820487182121
-0.134233265817783
-0.765081978256419
0.953491756554117
-0.255927847624178
-0.679441304261610
0.983481329856153
-0.373681698062474
-0.583338714200528
0.998327432985153
-0.485681664337411
-0.478253978621171
0.997801468292065
-0.590203190936303
-0.365805173546943
0.981911534487456
-0.685636874028403
-0.247723765629147
0.950902301939020
-0.770513242775856
-0.125827951334662
0.905251245280927
-0.843525385984983
-0.001994660679745
0.845661291344750
-0.903549075692460
0.121869343405144
0.773049995616520
-0.949660077825455
0.243856825068267
0.688535413882242
-0.981148383394131
0.362089442815600
0.593418886603792
-0.997529141083595
