0.000000000000000
0.993372765600395
-0.228350870110655
-0.940880768954225
0.444635179184927
0.838670567945423
-0.637423989748688
-0.692143173870407
0.796529918024195
0.509041415750372
-0.913545457642600
-0.299040792256086
0.982287250728687
0.073238197127635
-0.999122830098857
0.156434465040231
0.963162566797658
-0.377840786818463
-0.876306680043864
0.579281172342678
0.743144825477395
-0.750111069630456
-0.570713567684430
0.881303452064991
0.368124552684680
-0.965925826289066
-0.146083028562418
0.999506560365730
-0.083677843332312
-0.980271174621722
0.309016994374947
0.909236109047069
-0.518027009373126
-0.790155012375693
0.699663340513359
0.629320391049839
-0.844327925502012
-0.435231099372333
0.944376370237480
0.218143241396552
-0.994521895368272
0.010471784116246
0.992114701314478
-0.238533457578577
-0.937281989491890
0.453990499739540
0.832921240710100
-0.645457687723941
-0.684547105928692
0.802817475191113
0.500000000000008
-0.917754625683978
-0.289031796944484
0.984195607969239
0.062790519529316
-0.998629534754574
0.166768746716095
0.960293685676943
-0.387515586452093
-0.871213811120191
0.587785252292472
0.736097087119740
-0.756995055651753
-0.562083377852141
0.886203579231210
0.358367949545303
-0.968583161128627
-0.135715572434311
0.999780683474844
-0.094108313318504
-0.978147600733806
0.318959309298056
0.904827052466022
-0.526955795496674
-0.783693457325847
0.707106781186541
0.621147780278312
-0.849892692986865
-0.425779291565091
0.947768410009580
0.207911690817769
-0.995561964603079
0.020942419883357
0.990747840471446
-0.248689887164838
-0.933580426497205
0.463296035119855
0.827080574274562
-0.653420603990107
-0.676875969682675
0.809016994374938
0.490903753615149
-0.921863151588498
-0.278991106039228
0.985996037070500
0.052335956242961
-0.998026728428271
0.177084740319576
0.957319497532067
-0.397147890634757
-0.866025403784448
0.596224874965604
0.728968627421417
-0.763796028634639
-0.553391549243366
0.891006524188357
0.348572047321831
-0.971134279909632
-0.125333233564310
0.999945169365511
-0.104528463267629
-0.975916761938751
0.328866646738570
0.900318771402196
-0.535826794978993
-0.777145961456987
0.714472679632788
0.612907053652989
-0.855364260160500
-0.416280792260406
0.951056516295152
0.197657340379149
-0.996492859249502
0.031410759078115
0.989272332962989
-0.258819045102517
-0.929776485888260
0.472550764869035
0.821149209133712
-0.661311865323643
-0.669130606358862
0.815127795728537
0.481753674101735
-0.925870584809987
-0.268919820615278
0.987688340595135
0.041875653729231
-0.997314477224459
0.187381314585704
0.954240328516280
-0.406736643075790
-0.860742027003945
0.604599114862352
0.721760228098378
-0.770513242775777
-0.544639035015037
0.895711760239409
0.338737920245320
-0.973578902873153
-0.114937150492887
0.999999999999999
-0.114937150492857
-0.973578902873160
0.338737920245291
0.895711760239409
-0.544639035014988
-0.770513242775814
0.721760228098337
0.604599114862398
-0.860742027003930
-0.406736643075818
0.954240328516271
0.187381314585734
-0.997314477224457
0.041875653729200
0.987688340595136
-0.268919820615222
-0.925870584810009
0.481753674101684
0.815127795728571
-0.669130606358839
-0.661311865323666
0.821149209133695
0.472550764869062
-0.929776485888249
-0.258819045102519
0.989272332962988
0.031410759078173
-0.996492859249507
0.197657340379092
0.951056516295162
-0.416280792260379
-0.855364260160516
0.612907053652965
0.714472679632809
-0.777145961456968
-0.535826794978995
0.900318771402171
0.328866646738625
-0.975916761938738
-0.104528463267688
0.999945169365511
-0.125333233564280
-0.971134279909640
0.348572047321802
0.891006524188371
-0.553391549243341
-0.763796028634640
0.728968627421377
0.596224874965651
-0.866025403784418
-0.397147890634811
0.957319497532058
0.177084740319606
-0.998026728428269
0.052335956242931
0.985996037070505
-0.278991106039226
-0.921863151588521
0.490903753615097
0.809016994374973
-0.676875969682632
-0.653420603990130
0.827080574274545
0.463296035119882
-0.933580426497194
-0.248689887164867
0.990747840471442
0.020942419883359
-0.995561964603084
0.207911690817711
0.947768410009599
-0.425779291565037
-0.849892692986881
0.621147780278288
0.707106781186563
-0.783693457325828
-0.526955795496687
0.904827052466016
0.318959309298071
-0.978147600733793
-0.094108313318562
0.999780683474845
-0.135715572434267
-0.968583161128638
0.358367949545274
0.886203579231224
-0.562083377852116
-0.756995055651764
0.736097087119729
0.587785252292474
-0.871213811120162
-0.387515586452147
0.960293685676930
0.166768746716139
-0.998629534754571
0.062790519529286
0.984195607969245
-0.289031796944455
-0.917754625683985
0.499999999999994
0.802817475191148
-0.684547105928650
-0.645457687723986
0.832921240710075
0.453990499739580
-0.937281989491879
-0.238533457578607
0.992114701314474
0.010471784116262
-0.994521895368274
0.218143241396537
0.944376370237499
-0.435231099372280
-0.844327925502040
0.629320391049804
0.699663340513391
-0.790155012375670
-0.518027009373152
0.909236109047059
0.309016994374962
-0.980271174621719
-0.083677843332378
0.999506560365732
-0.146083028562360
-0.965925826289079
0.368124552684639
0.881303452065008
-0.570713567684406
-0.750111069630476
0.743144825477380
0.579281172342691
-0.876306680043858
-0.377840786818524
0.963162566797642
0.156434465040282
-0.999122830098855
0.073238197127591
0.982287250728694
-0.299040792256057
-0.913545457642610
0.509041415750353
0.796529918024205
-0.692143173870399
-0.637423989748736
0.838670567945392
0.444635179184973
-0.940880768954209
-0.228350870110695
0.993372765600391
0.000000000000030
-0.993372765600398
0.228350870110636
0.940880768954230
-0.444635179184918
-0.838670567945456
0.637423989748690
0.692143173870443
-0.796529918024202
-0.509041415750406
0.913545457642563
0.299040792256115
-0.982287250728672
-0.073238197127651
0.999122830098860
-0.156434465040222
-0.963162566797674
0.377840786818468
0.876306680043887
-0.579281172342688
-0.743144825477420
0.750111069630398
0.570713567684455
-0.881303452064953
-0.368124552684695
0.965925826289049
0.146083028562420
-0.999506560365729
0.083677843332317
0.980271174621731
-0.309016994374959
-0.909236109047084
0.518027009373052
0.790155012375708
-0.699663340513307
-0.629320391049851
0.844327925501976
0.435231099372335
-0.944376370237460
-0.218143241396540
0.994521895368267
-0.010471784116258
-0.992114701314482
0.238533457578492
0.937281989491901
-0.453990499739475
-0.832921240710109
0.645457687723896
0.684547105928694
-0.802817475191078
-0.499999999999997
0.917754625683961
0.289031796944459
-0.984195607969234
-0.062790519529404
0.998629534754574
-0.166768746716023
-0.960293685676947
0.387515586452038
0.871213811120192
-0.587785252292425
-0.736097087119732
0.756995055651724
0.562083377852213
-0.886203579231196
-0.358367949545384
0.968583161128623
0.135715572434383
-0.999780683474844
0.094108313318445
0.978147600733806
-0.318959309298014
-0.904827052466017
0.526955795496636
0.783693457325901
-0.707106781186520
-0.621147780278380
0.849892692986849
0.425779291565144
-0.947768410009579
-0.207911690817826
0.995561964603078
-0.020942419883299
-0.990747840471442
0.248689887164808
0.933580426497237
-0.463296035119828
-0.827080574274611
0.653420603990084
0.676875969682718
-0.809016994374937
-0.490903753615200
0.921863151588497
0.278991106039285
-0.985996037070505
-0.052335956242991
0.998026728428277
-0.177084740319547
-0.957319497532092
0.397147890634756
0.866025403784477
-0.596224874965602
-0.728968627421457
0.763796028634638
0.553391549243392
-0.891006524188369
-0.348572047321859
0.971134279909612
0.125333233564341
-0.999945169365510
0.104528463267627
0.975916761938763
-0.328866646738568
-0.900318771402222
0.535826794978991
0.777145961457006
-0.714472679632727
-0.612907053653013
0.855364260160455
0.416280792260434
-0.951056516295125
-0.197657340379151
0.996492859249497
-0.031410759078113
-0.989272332962997
0.258819045102516
0.929776485888271
-0.472550764868958
-0.821149209133730
0.661311865323578
0.669130606358884
-0.815127795728503
-0.481753674101737
0.925870584809965
0.268919820615280
-0.987688340595126
-0.041875653729204
0.997314477224461
-0.187381314585618
-0.954240328516290
0.406736643075711
0.860742027003961
-0.604599114862305
-0.721760228098379
0.770513242775740
0.544639035015039
-0.895711760239382
-0.338737920245295
0.973578902873147
0.114937150492973
-0.999999999999999
0.114937150492770
0.973578902873167
-0.338737920245209
-0.895711760239423
0.544639035014962
0.770513242775798
-0.721760228098316
-0.604599114862377
0.860742027003914
0.406736643075898
-0.954240328516262
-0.187381314585820
0.997314477224455
-0.041875653729113
-0.987688340595141
0.268919820615192
0.925870584809999
-0.481753674101657
-0.815127795728556
0.669130606358817
0.661311865323731
-0.821149209133678
-0.472550764869138
0.929776485888238
0.258819045102604
-0.989272332962984
-0.031410759078204
0.996492859249504
-0.197657340379062
-0.951056516295154
0.416280792260351
0.855364260160561
-0.612907053652941
-0.714472679632870
0.777145961456949
0.535826794979068
-0.900318771402182
-0.328866646738654
0.975916761938744
0.104528463267718
-0.999945169365512
0.125333233564250
0.971134279909660
-0.348572047321774
-0.891006524188410
0.553391549243316
0.763796028634696
-0.728968627421395
-0.596224874965675
0.866025403784431
0.397147890634839
-0.957319497532033
-0.177084740319636
0.998026728428264
-0.052335956242900
-0.985996037070520
0.278991106039197
0.921863151588532
-0.490903753615121
-0.809016994374990
0.676875969682651
