0.000000000000000
0.989052686346543
-0.291894792201033
-0.902907053368372
0.558365800629662
0.738118997487341
-0.776203631076352
-0.509041415750372
0.926434797042886
0.235626767265317
-0.995974293995238
0.058310768718936
0.978765291933711
-0.347169487214416
-0.876306680043864
0.605790043840818
0.697522514745703
-0.811646811946193
-0.457984742103068
0.946809845192916
0.178556894798641
-0.999506560365730
0.116423103505818
0.965147119180892
-0.401262750256470
-0.846724199228286
0.651152758743570
0.654552334343438
-0.844327925502012
-0.405369527637439
0.963962860695851
0.120879385912329
-0.999637465011020
0.174139245707385
0.948244511287226
-0.453990499739543
-0.814260281314380
0.694299574162843
0.609354685562816
-0.874135756577050
-0.351374824081352
0.977835471138024
0.062790519529323
-0.996366562457243
0.231262784929943
0.928114988519042
-0.505173300974493
-0.779025402343251
0.735083659720170
0.562083377852137
-0.900968867902414
-0.296184377620485
0.988380467458428
0.004487974438934
-0.989704983719635
0.287599327432009
0.904827052466022
-0.554636976794303
-0.741139468049859
0.773366225503505
0.512899277405912
-0.924735945302237
-0.239986003602573
0.995561964603078
-0.053829843412121
-0.979675398423236
0.342957157654125
0.878459952927512
-0.602213200286076
-0.700731405818918
0.809016994374943
0.461969759730595
-0.945356108439566
-0.182970947394061
0.999355523643320
-0.111964476103288
-0.966311937657228
0.397147890634762
0.849103418222203
-0.647740067614418
-0.657938725939727
0.841914645309159
0.409468140058908
-0.962759186055455
-0.125333233564323
0.999748234942506
-0.169718089100650
-0.949660077825431
0.449987113092104
0.816857349838966
-0.691062648986851
-0.612907053652990
0.871947226253853
0.355573083550959
-0.976885954764643
-0.067269005612057
0.996738762088015
-0.226894144495859
-0.929776485888257
0.501295010989909
0.781831482468040
-0.732033515886173
-0.565789633582228
0.899012535107114
0.300467997289468
-0.987688340595134
-0.008975858481015
0.990337346439120
-0.283298069832733
-0.906728826522714
0.550896981452088
0.744145010569363
-0.770513242775778
-0.516746808236007
0.923018467515390
0.244340406137909
-0.995129582585909
0.049347833863735
0.980565772275222
-0.338737920245277
-0.880595531856744
0.598624226943422
0.703926182748955
-0.806370881570454
-0.465945472355837
0.943883330308362
0.187381314585739
-0.999184357885973
0.107503593510511
0.967457292663059
-0.393025031653910
-0.851465534561483
0.644314329694483
0.661311865323661
-0.839484407258069
-0.413558504966533
0.961536119504144
0.129784556752302
-0.999838867929057
0.165293514029472
0.951056516295157
-0.445974662797057
-0.819437965209738
0.687811804415948
0.616447076559479
-0.869741133155688
-0.359764181061818
0.975916761938744
0.071746136761391
-0.997090885390705
0.222520933956275
0.931419255684632
-0.497406623913187
-0.784621814930616
0.728968627421383
0.569484493168484
-0.897038094386950
-0.304745564927258
0.986976319697488
0.013463561731225
-0.990949761767939
0.278991106039191
0.908612337232890
-0.547145889934053
-0.747135564508175
0.767644740357986
0.520583930743641
-0.921282398275807
-0.248689887164892
0.994677156652773
-0.044864830350477
-0.981436395555747
0.334511859971809
0.882713373816700
-0.595023196102006
-0.707106781186573
0.803708526830766
0.469911799899938
-0.942391540464022
-0.191787907539996
0.998993066541312
-0.103040545578606
-0.968583161128639
0.388894256356561
0.853810500668365
-0.640875613984996
-0.664671684553452
0.837037260298610
0.417640539972163
-0.960293685676932
-0.134233265817691
0.999909362145144
-0.160865609613663
-0.952433798569333
0.441953229673195
0.822002075447929
-0.684547105928662
-0.619974682979118
0.867517521717699
0.363948032196816
-0.974927912181815
-0.076221822798920
0.997422925272835
-0.218143241396509
-0.933043264819456
0.493508218064317
0.787396343528032
-0.725889056058864
-0.573167882188949
0.895045585511159
0.309016994374979
-0.986244419107034
-0.017950993798131
0.991542217370808
-0.274678522802358
-0.910477546658829
0.543383777794777
0.750111069630480
-0.764760776027577
-0.524410567641393
0.919527772551437
0.253034359076163
-0.994204695916447
0.040380923169116
0.982287250728694
-0.330279061955137
-0.884813436149752
0.591410180293883
0.710273137068079
-0.801029983781096
-0.473868662473026
0.940880768954214
0.196190637499126
-0.998781653462332
0.098575422202413
0.969689520376693
-0.384755647944907
-0.856138269310477
0.637423989748666
0.668018115955523
-0.834573253721285
-0.421714162855334
0.959031909598956
0.138679271154466
-0.999959716170870
0.156434465040201
0.953791896906700
-0.437922894720339
-0.824549628907157
0.681268619282644
0.623489801858756
-0.865276436727930
-0.368124552684705
0.973919425411296
0.080695973575246
-0.997734875046457
0.213761154992086
0.934648480581920
-0.489599871965027
-0.790155012375707
0.722794863827371
0.576839726452767
-0.893035048612872
-0.313282199597459
0.985492653565721
0.022438064295832
-0.992114701314480
0.270360406986326
0.912324417231465
-0.539610720810761
-0.753071466003628
0.761861407873388
0.528226641853107
-0.917754625683970
-0.257373734365328
0.993712209893239
-0.035896202634556
-0.983118320656130
0.326039611452317
0.886895676556426
-0.587785252292452
-0.713425186616700
0.798335306372685
0.477815980375937
-0.939351046208914
-0.200589415783297
0.998550122907319
-0.094108313318489
-0.970776348122923
0.380609289778841
0.858448793601878
-0.633959526508142
-0.671351092126022
0.832092437156140
0.425779291565094
-0.957750816684923
-0.143122483211143
0.999989928992004
-0.152000169561187
-0.955130783952446
0.433883739117485
0.827080574274606
-0.677976410513161
-0.626992362396880
0.863017923326309
0.372293658402019
-0.972891321940125
-0.085168498972039
0.998026728428276
-0.209374763007007
-0.936234870639764
0.485681664337239
0.792897765908523
-0.719686113050135
-0.580499952001637
0.891006524188331
0.317541094684919
-0.984721038215612
-0.026924682845741
0.992667202067982
-0.266036845566599
-0.914152911751124
0.535826794978930
0.756016693999303
-0.758946694294504
-0.532032076515402
0.915962993388134
0.261707925628675
-0.993199708502803
0.031410759078051
0.983929588598642
-0.321793593854376
-0.888960053096228
0.584148485111024
0.716562866343845
-0.795624548881734
-0.481753674101782
0.937802403039802
0.204984153792305
-0.998298479539759
0.089639308903358
0.971843622476440
-0.376455265374321
-0.860742027003981
0.630482294044654
0.674670545932129
-0.829594860571788
-0.429835844221607
0.956450432738609
0.147562812492532
-0.999999999999999
0.147562812492383
0.956450432738652
-0.429835844221471
-0.829594860571872
0.674670545932019
0.630482294044771
-0.860742027003905
-0.376455265374460
0.971843622476405
0.089639308903507
-0.998298479539768
0.204984153792158
0.937802403039854
-0.481753674101650
-0.795624548881825
0.716562866343740
0.584148485111146
-0.888960053096159
-0.321793593854518
0.983929588598616
0.031410759078201
-0.993199708502820
0.261707925628530
0.915962993388195
-0.532032076515275
-0.758946694294602
0.756016693999205
0.535826794979057
-0.914152911751063
-0.266036845566744
0.992667202067964
-0.026924682845591
-0.984721038215638
0.317541094684776
0.891006524188399
-0.580499952001515
-0.719686113050239
0.792897765908431
0.485681664337370
-0.936234870639712
-0.209374763007153
0.998026728428266
-0.085168498971889
-0.972891321940160
0.372293658401880
0.863017923326385
-0.626992362396763
-0.677976410513271
0.827080574274522
0.433883739117620
-0.955130783952402
-0.152000169561335
0.999989928992004
-0.143122483211051
-0.957750816684949
0.425779291565010
0.832092437156191
-0.671351092125952
-0.633959526508214
0.858448793601830
0.380609289778927
-0.970776348122901
-0.094108313318582
0.998550122907324
-0.200589415783206
-0.939351046208946
0.477815980375856
0.798335306372741
-0.713425186616635
-0.587785252292527
0.886895676556383
0.326039611452405
-0.983118320656113
-0.035896202634649
0.993712209893249
-0.257373734365238
-0.917754625684007
0.528226641853027
0.761861407873449
-0.753071466003567
-0.539610720810839
0.912324417231427
0.270360406986416
-0.992114701314469
0.022438064295739
0.985492653565737
-0.313282199597370
-0.893035048612914
0.576839726452691
0.722794863827436
-0.790155012375650
-0.489599871965108
0.934648480581887
0.213761154992177
-0.997734875046451
0.080695973575153
0.973919425411317
-0.368124552684618
-0.865276436727977
0.623489801858683
0.681268619282712
-0.824549628907104
-0.437922894720423
0.953791896906672
0.156434465040293
-0.999959716170870
0.138679271154373
0.959031909598983
-0.421714162855250
-0.834573253721336
0.668018115955454
0.637423989748737
-0.856138269310428
-0.384755647944993
0.969689520376671
0.098575422202505
-0.998781653462337
0.196190637499034
0.940880768954246
-0.473868662472944
-0.801029983781152
0.710273137068013
0.591410180293958
-0.884813436149709
-0.330279061955224
0.982287250728676
0.040380923169209
-0.994204695916457
0.253034359076073
0.919527772551474
-0.524410567641314
-0.764760776027636
0.750111069630419
0.543383777794856
-0.910477546658790
-0.274678522802448
0.991542217370796
-0.017950993798038
-0.986244419107050
0.309016994374890
0.895045585511200
-0.573167882188873
-0.725889056058928
0.787396343527975
0.493508218064398
-0.933043264819422
-0.218143241396600
0.997422925272829
-0.076221822798827
-0.974927912181836
0.363948032196730
0.867517521717746
-0.619974682979044
-0.684547105928730
0.822002075447876
0.441953229673278
-0.952433798569304
-0.160865609613755
0.999909362145143
-0.134233265817599
-0.960293685676958
