0.000000000000000
0.920504853452439
-0.719339800338650
-0.358367949545300
0.999390827019095
-0.422618261740698
-0.669130606358858
0.945518575599315
-0.069756473744124
-0.891006524188367
0.766044443118976
0.292371704722740
-0.994521895368273
0.484809620246336
0.615661475325660
-0.965925826289066
0.139173100960063
0.857167300702112
-0.809016994374947
-0.224951054343870
0.984807753012208
-0.544639035015025
-0.559192903470752
0.981627183447662
-0.207911690817755
-0.819152044288992
0.848048096156425
0.156434465040237
-0.970295726275997
0.601815023152045
0.500000000000007
-0.992546151641320
0.275637355816994
0.777145961456977
-0.882947592858925
-0.087155742747666
0.951056516295152
-0.656059028990503
-0.438371146789086
0.998629534754573
-0.342020143325662
-0.731353701619178
0.913545457642598
0.017452406437293
-0.927183854566792
0.707106781186543
0.374606593415922
-0.999847695156390
0.406736643075792
0.681998360062508
-0.939692620785906
0.052335956242933
0.898794046299167
-0.754709580222766
-0.309016994374959
0.996194698091745
-0.469471562785882
-0.629320391049849
0.961261695938316
-0.121869343405135
-0.866025403784447
0.798635510047287
0.241921895599681
-0.987688340595138
0.529919264233195
0.573576436351059
-0.978147600733800
0.190808995376545
0.829037572555044
-0.838670567945417
-0.173648177666946
0.974370064785239
-0.587785252292474
-0.515038074910057
0.990268068741568
-0.258819045102506
-0.788010753606734
0.874619707139382
0.104528463267656
-0.956304755963037
0.642787609686528
0.453990499739564
-0.997564050259822
0.325568154457154
0.743144825477399
-0.906307787036643
-0.034899496702520
0.933580426497210
-0.694658370458975
-0.390731128489280
0.999999999999999
-0.390731128489257
-0.694658370459013
0.933580426497191
-0.034899496702495
-0.906307787036654
0.743144825477382
0.325568154457177
-0.997564050259825
0.453990499739542
0.642787609686547
-0.956304755963030
0.104528463267632
0.874619707139408
-0.788010753606719
-0.258819045102530
0.990268068741571
-0.515038074910036
-0.587785252292494
0.974370064785227
-0.173648177666922
-0.838670567945431
0.829037572555030
0.190808995376569
-0.978147600733811
0.573576436351039
0.529919264233216
-0.987688340595134
0.241921895599644
0.798635510047310
-0.866025403784420
-0.121869343405160
0.961261695938323
-0.629320391049819
-0.469471562785916
0.996194698091742
-0.309016994374936
-0.754709580222782
0.898794046299156
0.052335956242972
-0.939692620785919
0.681998360062490
0.406736643075840
-0.999847695156390
0.374606593415913
0.707106781186570
-0.927183854566783
0.017452406437240
0.913545457642608
-0.731353701619171
-0.342020143325698
0.998629534754573
-0.438371146789039
-0.656059028990522
0.951056516295154
-0.087155742747627
-0.882947592858930
0.777145961456944
0.275637355817017
-0.992546151641327
0.499999999999974
0.601815023152053
-0.970295726275986
0.156434465040213
0.848048096156453
-0.819152044288974
-0.207911690817765
0.981627183447671
-0.559192903470732
-0.544639035015069
0.984807753012202
-0.224951054343860
-0.809016994374970
0.857167300702103
0.139173100960115
-0.965925826289074
0.615661475325654
0.484809620246370
-0.994521895368271
0.292371704722689
0.766044443118994
-0.891006524188365
-0.069756473744162
0.945518575599321
-0.669130606358822
-0.422618261740722
0.999390827019093
-0.358367949545266
-0.719339800338660
0.920504853452421
0.000000000000024
-0.920504853452462
0.719339800338626
0.358367949545312
-0.999390827019096
0.422618261740678
0.669130606358900
-0.945518575599305
0.069756473744114
0.891006524188388
-0.766044443118963
-0.292371704722791
0.994521895368276
-0.484809620246327
-0.615661475325693
0.965925826289062
-0.139173100960010
-0.857167300702128
0.809016994374941
0.224951054343907
-0.984807753012211
0.544639035014981
0.559192903470773
-0.981627183447661
0.207911690817717
0.819152044289002
-0.848048096156397
-0.156434465040261
0.970295726275997
-0.601815023152014
-0.500000000000016
0.992546151641315
-0.275637355816970
-0.777145961457010
0.882947592858907
0.087155742747676
-0.951056516295169
0.656059028990485
0.438371146789134
-0.998629534754571
0.342020143325652
0.731353701619205
-0.913545457642589
-0.017452406437346
0.927183854566801
-0.707106781186535
-0.374606593415958
0.999847695156391
-0.406736643075744
-0.681998360062526
0.939692620785902
-0.052335956242894
-0.898794046299178
0.754709580222732
0.309016994374983
-0.996194698091746
0.469471562785847
0.629320391049857
-0.961261695938301
0.121869343405111
0.866025403784473
-0.798635510047263
-0.241921895599691
0.987688340595146
-0.529919264233174
-0.573576436351103
0.978147600733795
-0.190808995376521
-0.829037572555073
0.838670567945404
0.173648177666998
-0.974370064785245
0.587785252292454
0.515038074910102
-0.990268068741565
0.258819045102455
0.788010753606749
-0.874619707139384
-0.104528463267709
0.956304755963044
-0.642787609686487
-0.453990499739586
0.997564050259822
-0.325568154457158
-0.743144825477453
0.906307787036621
0.034899496702544
-0.933580426497208
0.694658370458999
0.390731128489354
-0.999999999999999
0.390731128489234
0.694658370459011
-0.933580426497202
0.034899496702414
0.906307787036676
-0.743144825477366
-0.325568154457174
0.997564050259823
-0.453990499739469
-0.642787609686587
0.956304755963023
-0.104528463267636
-0.874619707139392
0.788010753606669
0.258819045102581
-0.990268068741575
0.515038074910039
0.587785252292467
-0.974370064785215
0.173648177666870
0.838670567945444
-0.829037572555032
-0.190808995376649
0.978147600733822
-0.573576436350996
-0.529919264233236
0.987688340595134
-0.241921895599565
-0.798635510047342
0.866025403784408
0.121869343405184
-0.961261695938322
0.629320391049755
0.469471562785963
-0.996194698091739
0.309016994374913
0.754709580222780
-0.898794046299121
-0.052335956243025
0.939692620785927
-0.681998360062472
-0.406736643075811
0.999847695156388
-0.374606593415837
-0.707106781186587
0.927183854566774
-0.017452406437272
-0.913545457642642
0.731353701619116
0.342020143325721
-0.998629534754575
0.438371146789068
0.656059028990583
-0.951056516295128
0.087155742747603
0.882947592858941
-0.777145961456964
-0.275637355817095
0.992546151641330
-0.499999999999952
-0.601815023152073
0.970295726275993
-0.156434465040133
-0.848048096156466
0.819152044288960
0.207911690817789
-0.981627183447664
0.559192903470665
0.544639035015090
-0.984807753012198
0.224951054343836
0.809016994374951
-0.857167300702061
-0.139173100960139
0.965925826289081
-0.615661475325635
-0.484809620246342
0.994521895368262
-0.292371704722666
-0.766044443119010
0.891006524188354
0.069756473744244
-0.945518575599347
0.669130606358803
0.422618261740744
-0.999390827019094
0.358367949545190
0.719339800338716
-0.920504853452411
-0.000000000000049
0.920504853452450
-0.719339800338569
-0.358367949545388
0.999390827019097
-0.422618261740655
-0.669130606358876
0.945518575599278
-0.069756473744032
-0.891006524188399
0.766044443118947
0.292371704722760
-0.994521895368284
0.484809620246256
0.615661475325712
-0.965925826289055
0.139173100960042
0.857167300702170
-0.809016994374893
-0.224951054343931
0.984807753012215
-0.544639035015008
-0.559192903470840
0.981627183447646
-0.207911690817693
-0.819152044289017
0.848048096156414
0.156434465040342
-0.970295726276017
0.601815023151995
0.500000000000037
-0.992546151641319
0.275637355816892
0.777145961457026
-0.882947592858895
-0.087155742747701
0.951056516295159
-0.656059028990423
-0.438371146789156
0.998629534754570
-0.342020143325629
-0.731353701619183
0.913545457642555
0.017452406437370
-0.927183854566810
0.707106781186518
0.374606593415928
-0.999847695156392
0.406736643075721
0.681998360062544
-0.939692620785894
0.052335956242927
0.898794046299213
-0.754709580222716
-0.309016994375006
0.996194698091748
-0.469471562785876
-0.629320391049920
0.961261695938295
-0.121869343405087
-0.866025403784457
0.798635510047214
0.241921895599770
-0.987688340595150
0.529919264233153
0.573576436351076
-0.978147600733778
0.190808995376441
0.829037572555087
-0.838670567945391
-0.173648177666966
0.974370064785263
-0.587785252292388
-0.515038074910123
0.990268068741561
-0.258819045102486
-0.788010753606799
0.874619707139345
0.104528463267733
-0.956304755963051
0.642787609686512
0.453990499739658
-0.997564050259816
0.325568154457081
0.743144825477431
-0.906307787036635
-0.034899496702625
0.933580426497237
-0.694658370458940
-0.390731128489325
0.999999999999999
-0.390731128489160
-0.694658370459069
0.933580426497173
-0.034899496702446
-0.906307787036663
0.743144825477311
0.325568154457251
-0.997564050259829
0.453990499739498
0.642787609686562
-0.956304755962999
0.104528463267555
0.874619707139432
-0.788010753606688
-0.258819045102550
0.990268068741586
-0.515038074909970
-0.587785252292533
0.974370064785222
-0.173648177666901
-0.838670567945488
0.829037572554987
0.190808995376617
-0.978147600733815
0.573576436351022
0.529919264233305
-0.987688340595122
0.241921895599596
0.798635510047322
-0.866025403784367
-0.121869343405265
0.961261695938344
-0.629320391049781
-0.469471562785934
0.996194698091732
-0.309016994374836
-0.754709580222833
0.898794046299135
0.052335956242992
-0.939692620785955
0.681998360062413
0.406736643075885
-0.999847695156389
0.374606593415867
0.707106781186645
-0.927183854566743
0.017452406437191
0.913545457642628
-0.731353701619138
-0.342020143325798
0.998629534754579
-0.438371146788995
-0.656059028990559
0.951056516295138
-0.087155742747522
-0.882947592858979
0.777145961456913
0.275637355817064
-0.992546151641327
0.499999999999882
0.601815023152138
