0.000000000000000
0.923593027544012
-0.708163818808669
-0.380609289778864
0.999995523992272
-0.386136049285745
-0.703926182748944
0.925870584809993
-0.005983950294384
-0.921282398275822
0.712376096951343
0.375068901421507
-0.999959716170870
0.391648982040050
0.699663340513367
-0.928114988519037
0.011967686315586
0.918938779744393
-0.716562866343789
-0.369515082603799
0.999888101810272
-0.397147890634782
-0.695375444745708
0.930326158303576
-0.017950993798097
-0.916562255869977
0.720723977066250
0.363948032196786
-0.999780683474845
0.402632578165118
0.691062648986867
-0.932504014986086
0.023933658491747
0.914152911751092
-0.724859280117740
-0.358367949545304
0.999637465011020
-0.408102848235479
-0.686725107669347
0.934648480581909
-0.029915466169393
-0.911710833661497
0.728968627421413
0.352775034460844
-0.999458451547164
0.413558504966515
0.682362976111764
-0.936759478302067
0.035896202634581
0.909236109047069
-0.733051871829821
-0.347169487214427
0.999243649493385
-0.418999353002194
-0.677976410513223
0.938836932555983
-0.041875653729189
-0.906728826522707
0.737108867130243
0.341551508529359
-0.998993066541314
0.424425197516705
0.673565567947797
-0.940880768954224
0.047853605341170
0.904189075869143
-0.741139468049856
-0.335921299574145
0.998706711663819
-0.429835844221545
-0.669130606358865
0.942890914311128
-0.053829843412113
-0.901616948029710
0.745143530260975
0.330279061955176
-0.998384595114689
0.435231099372313
0.664671684553429
-0.944867296647448
0.059804153945023
0.899012535107121
-0.749120910386196
-0.324624997709609
0.998026728428270
-0.440610769775873
-0.660188962196490
0.946809845192912
-0.065776323011885
-0.896375930360147
0.753071466003602
0.318959309298071
-0.997633124419047
0.445974662797062
0.655682599805288
-0.948718490388795
0.071746136761378
0.893707228200293
-0.756995055651751
-0.313282199597429
0.997203797181180
-0.451322586365696
-0.651152758743588
0.950593163890356
-0.077713381426519
-0.891006524188373
0.760891538834816
0.307593871893551
-0.996738762088014
0.456654348983427
0.646599601215810
-0.952433798569321
0.083677843332295
0.888273915031160
-0.764760776027599
-0.301894529873917
0.996238035791517
-0.461969759730570
-0.642023290261359
0.954240328516276
-0.089639308903417
-0.885509498577872
0.768602628680507
0.296184377620488
-0.995701636221687
0.467268628273047
0.637423989748694
-0.956012689043023
0.095597564671809
0.882713373816682
-0.772416959224588
-0.290463619602319
0.995129582585910
-0.472550764869043
-0.632801864369503
0.957750816684932
-0.101552397284356
-0.879885640871189
0.776203631076362
0.284732460668126
-0.994521895368274
0.477815980375883
0.628157079632703
-0.959454649203129
0.107503593510494
0.877026400996761
-0.779962508642700
-0.278991106039254
0.993878596328825
-0.483064086256903
-0.623489801858749
0.961124125586826
-0.113450940249982
-0.874135756577062
0.783693457325819
0.273239761301913
-0.993199708502813
0.488294894587922
0.618800198173348
-0.962759186055459
0.119394224540223
0.871213811120208
-0.787396343528012
-0.267478632400260
0.992485256199837
-0.493508218064352
-0.614088436501833
0.964359772060781
-0.125333233564315
-0.868260669255138
0.791071034656326
0.261707925628639
-0.991735265002983
0.498703870007501
0.609354685562835
-0.965925826289069
0.131267754658220
0.865276436727960
-0.794717399127560
-0.255927847624357
0.990949761767937
-0.503881664371611
-0.604599114862376
0.967457292663051
-0.137197575318772
-0.862261220397960
0.798335306372692
0.250138605360451
-0.990128774621970
0.509041415750363
0.599821894687934
-0.968954116344023
0.143122483211116
0.859215128234006
-0.801924626841801
-0.244340406137892
0.989272332962990
-0.514182939383378
-0.595023196102031
0.970416243733764
-0.149042266176147
-0.856138269310484
0.805485232008597
0.238533457578602
-0.988380467458436
0.519306051163169
0.590203190936469
-0.971843622476414
0.154956712238498
0.853030753803469
-0.809016994374930
-0.232717967617633
0.987453210044203
-0.524410567641345
-0.585362051785860
0.973236201460450
-0.160865609613681
-0.849892692986882
0.812519787475584
0.226894144495889
-0.986490593923525
0.529496306035524
0.580499952001579
-0.974593930820402
0.166768746716061
0.846724199228284
-0.815993485882541
-0.221062196752830
0.985492653565725
-0.534563084235725
-0.575617065685698
0.975916761938736
-0.172665912166270
-0.843525385985105
0.819437965209706
0.215222333218625
-0.984459424705051
0.539610720810752
0.570713567684430
-0.977204647447550
0.178556894798604
0.840296367800358
-0.822853102117259
-0.209374763007111
0.983390944339335
-0.544639035015022
-0.565789633582232
0.978457541230241
-0.184441483668977
-0.837037260298639
0.826238774315975
0.203519695507919
-0.982287250728690
0.549647846794658
0.560845439695202
-0.979675398423233
0.190319468062025
0.833748180182069
-0.829594860571830
-0.197657340379144
0.981148383394178
-0.554636976794266
-0.555881163064942
0.980858175417508
-0.196190637499104
-0.830429245225907
0.832921240710085
0.191787907540001
-0.979974383116331
0.559606246363171
0.550896981452085
-0.982005829860196
0.202054781745375
0.827080574274579
-0.836217795619813
-0.185911607162979
0.978765291933704
-0.564555477561952
-0.545893073330304
0.983118320656122
-0.207911690817722
-0.823702287237200
0.839484407258037
0.180028649666422
-0.977521153141459
0.569484493168443
0.540869617879356
-0.984195607969233
0.213761154992054
0.820294505083412
-0.842720958654048
-0.174139245707388
0.976242011289672
-0.574393116684636
-0.535826794979039
0.985237653224047
-0.219602964810975
-0.816857349838949
0.845927333913349
0.168243606173434
-0.974927912181832
0.579281172342631
0.530764785202666
-0.986244419107043
0.225436911090845
0.813390944581535
-0.849103418222177
-0.162341942175513
0.973578902873174
-0.584148485111020
-0.525683769810492
0.987215869567931
-0.231262784929933
-0.809895413436079
0.852249097851362
0.156434465040301
-0.972195031668973
0.588994880701249
0.520583930743616
-0.988151969821049
0.237080377715455
0.806370881570498
-0.855364260160465
-0.150521386302518
0.970776348122917
-0.593820185573488
-0.515465450616886
0.989052686346536
-0.242889481131156
-0.802817475191164
0.858448793601871
0.144602917697805
-0.969322903035173
0.598624226943403
0.510328512712744
-0.989917986891551
0.248689887164876
0.799235321538319
-0.861502587724545
-0.138679271154465
0.967834748450677
-0.603406832787967
-0.505173300974570
0.990747840471445
-0.254481388115564
-0.795624548881791
0.864525533178342
0.132750658786323
-0.966311937657241
0.608167831851718
0.499999999999991
-0.991542217370803
0.260263776601368
0.791985286515995
-0.867517521717687
-0.126817292885024
0.964754525183616
-0.612907053652978
-0.494808795034672
0.992301089144608
-0.266036845566628
-0.788317664755569
0.870478446205508
0.120879385912312
-0.963162566797658
0.617624328489600
0.489599871965085
-0.993024428619193
0.271800388289396
0.784621814930647
-0.873408200617132
-0.114937150492877
0.961536119504156
-0.622319487445584
-0.484373417312254
0.993712209893233
-0.277554198388949
-0.780897869382081
0.876306680043854
0.108990799406063
-0.959875241542902
0.626992362396764
0.479129618224970
-0.994364408338679
0.283298069832743
0.777145961456985
-0.879173780697033
-0.103040545578700
0.958179992386587
-0.631642786017006
-0.473868662472995
0.994981000601597
-0.289031796944442
-0.773366225503541
0.882009399911581
0.097086602077370
-0.956450432738626
0.636270591783851
0.468590738440736
-0.995561964603076
0.294755174410852
0.769558796866463
-0.884813436149696
-0.091129182100657
0.954686624531127
-0.640875613985003
-0.463296035119900
0.996107279539966
-0.300467997289377
-0.765723811882013
0.887585789004554
0.085168498971975
-0.952888630922467
0.645457687723911
0.457984742103127
-0.996616925885641
0.306170061015468
0.761861407873409
-0.890326359203688
-0.079204766131242
0.951056516295170
-0.650016648925764
-0.452657049577100
0.997090885390702
-0.311861161409516
-0.757971723145471
0.893035048612864
0.073238197127695
-0.949190346253563
0.654552334343446
0.447313148315634
-0.997529141083598
0.317541094684810
0.754054896979958
-0.895711760239381
-0.067269005612127
0.947290187621391
-0.659064581563047
-0.441953229673249
0.997931677271287
-0.323209657454403
-0.750111069630510
0.898356398235598
0.061297405329125
-0.945356108439573
0.663553229010187
0.436577485577714
-0.998298479539760
0.328866646738504
0.746140382317547
-0.900968867902416
-0.055323610109869
0.943388177963544
-0.668018115955459
-0.431186108523574
0.998629534754568
-0.334511859971851
-0.742142977223521
0.903549075692470
0.049347833863796
-0.941386466660923
0.672459082520275
0.425779291565160
-0.998924831061298
0.340145095010538
0.738118997487363
-0.906096929213776
-0.043370290571392
0.939351046208952
-0.676875969682668
-0.420357228309571
0.999184357885973
-0.345766150139894
-0.734068587199667
0.908612337232842
0.037391194276418
-0.937281989491889
0.681268619282656
0.414920112910156
-0.999408105935467
0.351374824081281
0.729991891397450
-0.911095209677984
-0.031410759078131
0.935179370598558
-0.685636874028406
-0.409468140058940
0.999596067197815
-0.356970915999406
-0.725889056058883
0.913545457642596
0.025429199124072
-0.933043264819459
0.689980577501534
0.404001504980067
-0.999748234942503
0.362554225509616
0.721760228098373
-0.915962993388152
-0.019446728601717
0.930873748644228
-0.694299574162784
-0.398520403422705
0.999864603720714
-0.368124552684656
-0.717605555360839
0.918347730347623
0.013463561731260
-0.928670899758861
0.698593709357684
0.393025031653935
-0.999945169365511
0.373681698062458
0.713425186616727
-0.920699583128392
-0.007479912757831
0.926434797042887
-0.702862829321758
-0.387515586452136
0.999989928992004
-0.379225462652863
-0.709219271556603
0.923018467515356
0.001495995943710
-0.924165520566761
0.707106781186517
0.381992265099213
-0.999998880997441
0.384755647944953
0.704987960785798
-0.925304300473990
0.004487974438779
0.921863151588519
-0.711325412984690
-0.376455265374469
0.999972025061269
-0.390272055913642
-0.700731405818929
0.927557000153100
-0.010471784116190
-0.919527772551434
0.715518573655348
0.370904785546270
-0.999909362145146
0.395774489027912
0.696449759074880
-0.929776485888227
0.016455218820146
0.917159467080806
-0.719686113050189
-0.365341024366517
0.999810894492900
-0.401262750256530
-0.692143173870456
0.931962678203982
-0.022438064295701
-0.914758319980694
0.723827881937722
0.359764181061845
-0.999676625630461
0.406736643075730
0.687811804415942
-0.934115498817149
0.028420106309688
0.912324417231513
-0.727943732009877
-0.354174455327969
0.999506560365733
-0.412195971476875
-0.683455805809103
0.936234870639729
-0.034401130656802
-0.909857845986221
0.732033515886213
0.348572047321899
-0.999300704788397
0.417640539972018
0.679075334029125
-0.938320717781135
0.040380923169087
0.907358694567849
-0.736097087119669
-0.342957157654131
0.999059066269742
-0.423070153602565
-0.674670545932195
0.940372965551549
-0.046359269722015
-0.904827052466062
0.740134300202269
0.337329987382959
-0.998781653462336
0.428484617944802
0.670241599244550
-0.942391540464041
0.052335956242835
0.902263010333662
-0.744145010569256
-0.331690738005565
0.998468476299781
-0.433883739117484
-0.665788652557998
0.944376370237442
-0.058310768718919
-0.899666659984016
0.748129074605491
0.326039611452301
-0.998119545996333
0.439267323789391
0.661311865323743
-0.946327383799155
0.064283493203839
0.897038094386994
-0.752086349649527
-0.320376810078819
0.997734875046455
-0.444635179184811
-0.656811397846161
0.948244511287173
-0.070253915826839
-0.894377407666323
0.756016693999186
0.314702536658176
-0.997314477224467
0.449987113092086
0.652287411278249
-0.950127684053178
0.076221822798908
0.891684695095926
-0.759919966917065
-0.309016994375083
0.996858367583935
-0.455322933869058
-0.647740067614494
0.951976834664478
-0.082187000421116
-0.888960053096201
0.763796028634545
0.303320386816900
-0.996366562457238
0.460642450450555
0.643169529686264
-0.953791896906655
0.088149235092945
0.886203579231286
-0.767644740357972
-0.297612917967863
0.995839079454948
-0.465945472355827
-0.638575961155473
0.955572805786130
-0.094108313318353
-0.883415372204738
0.771465964272601
0.291894792201129
-0.995275937465126
0.471231809693961
0.633959526508190
-0.957319497532017
0.100064021715228
0.880595531856726
-0.775259563547970
-0.286166214270806
0.994677156652792
-0.476501273172288
-0.629320391049797
0.959031909598942
-0.106016147021446
-0.877744159160151
0.779025402343235
0.280427389306144
-0.994042758459033
0.481753674101754
0.624658720898547
-0.960709980668818
0.111964476103188
0.874861356216698
-0.782763345811024
-0.274678522802446
0.993372765600391
-0.486988824404286
-0.619974682979087
0.962353650653245
-0.117908795963248
-0.871947226253940
0.786473260103409
0.268919820615235
-0.992667202067985
0.492206536620115
0.615268445017716
-0.963962860695842
0.123848893747076
0.869001873620770
-0.790155012375705
-0.263151488952233
0.991926093126566
-0.497406623913100
-0.610540175534959
0.965537553173926
-0.129784556752211
-0.866025403784428
0.793808470791655
0.257373734365317
-0.991149465313808
0.502588900079007
0.605790043840782
-0.967077671701054
0.135715572434316
0.863017923326409
-0.797433504528566
-0.251586763744657
0.990337346439125
-0.507753179550787
-0.601018220027996
0.968583161128631
-0.141641728415465
-0.859979539938289
0.801029983781019
0.245790784309549
-0.989489765582884
0.512899277405822
0.596224874965616
-0.970053967548065
0.147562812492422
0.856910362418675
-0.804597779766626
-0.239986003602540
0.988606753095280
-0.518027009373123
-0.591410180294020
0.971490038292856
-0.153478612642669
-0.853810500668386
0.808136764729675
0.234172629481332
-0.987688340595139
0.523136191838569
0.586574308417341
-0.972891321940102
0.159388917033791
0.850680065687332
-0.811646811946126
-0.228350870110676
0.986734560969030
-0.528226641853037
-0.581717432498572
0.974257768312770
-0.165293514029491
-0.847519169570190
0.815127795728537
0.222520933956469
-0.985745448369803
0.533298177137590
0.576839726452823
-0.975589328481118
0.171192192197846
0.844327925502033
-0.818579591429643
-0.216683029776514
0.984721038215621
-0.538350616090595
-0.571941364940532
0.976885954764617
-0.177084740319543
-0.841106447755110
0.822002075447866
0.210837366614598
-0.983661367188583
0.543383777794794
0.567022523362511
-0.978147600733795
0.182970947393879
0.837854851683793
-0.825395125230832
-0.204984153792344
0.982566473233291
-0.548397482022443
-0.562083377852175
0.979374221211605
-0.188850602648107
-0.834573253721297
0.828758619280147
0.199123600901044
-0.981436395555770
0.553391549243293
0.557124105270542
-0.980565772275200
0.194723495543415
0.831261771375149
-0.832092437156135
-0.193255917795714
0.980271174621734
-0.558365800629686
-0.552144883199344
0.981722211257632
-0.200589415783139
-0.827920523222594
0.835396459481252
0.187381314585797
-0.979070852155437
0.563320058063532
0.547145889934096
-0.982843496749067
0.206448153320961
0.824549628907240
-0.838670567945379
-0.181500001629201
0.977835471138050
-0.568254144143247
-0.542127304479035
0.983929588598619
-0.212299498366868
-0.821149209133753
0.841914645309174
0.175612189524095
-0.976565075805981
0.573167882188794
0.537089306539197
-0.984980447915489
0.218143241396450
0.817719385664429
-0.845128575408652
-0.169718089100700
0.975259711649618
-0.578061096249502
-0.532032076515310
0.985996037070487
-0.223979173156841
-0.814260281314456
0.848312243159708
0.163817911415305
-0.973919425411319
0.582933611109067
0.526955795496768
-0.986976319697493
0.229807084674881
0.810772019947117
-0.851465534561383
-0.157911867740914
0.972544265084078
-0.587785252292380
-0.521860645254562
0.987921260694489
-0.235626767265265
-0.807254726470275
0.854588336700916
0.152000169561257
-0.971134279909664
0.592615846072333
0.516746808236127
-0.988830826225119
0.241438012536463
0.803708526830843
-0.857680537756945
-0.146083028562537
0.969689520376693
-0.597425219474744
-0.511614467557254
0.989704983719638
-0.247240612399952
-0.800133548011207
0.860742027003875
0.140160656625183
-0.968210038219199
0.602213200286024
0.506463806996901
-0.990543701876202
0.253034359076122
0.796529918024281
-0.863772694816188
-0.134233265817829
0.966695886414339
-0.606979617058061
-0.501295010990022
0.991346950662067
-0.258819045102378
-0.792897765908505
0.866772432671556
0.128301068387926
-0.965147119180888
0.611724299114911
0.496108264620377
-0.992114701314458
0.264594463341229
0.789237221724194
-0.869741133155649
-0.122364276755718
0.963563791977136
-0.616447076559446
-0.490903753615280
0.992846926341829
-0.270360406986165
-0.785548416547768
0.872678689965180
0.116423103505955
-0.961945961498715
0.621147780278179
0.485681664337370
-0.993543599524651
0.276116669570820
0.781831482468034
-0.875584997912059
-0.110477761379608
0.960293685676991
-0.625826241948754
-0.480442183779320
0.994204695916439
-0.281863044974830
-0.778086552581042
0.878459952927485
0.104528463267833
-0.958607023676500
0.630482294044723
0.475185499556556
-0.994830191844715
0.287599327431871
0.774313760984888
-0.881303452064903
-0.098575422202534
0.956886035893268
-0.635115769842082
-0.469911799899930
0.995420064911686
-0.293325311537682
-0.770513242775912
0.884115393504563
0.092618851350322
-0.955130783952461
0.639726503425766
0.464621273650383
-0.995974293995232
0.299040792256112
0.766685134042710
-0.886895676556411
-0.086658964004205
0.953341330705974
-0.644314329694362
-0.459314110250581
0.996492859249505
-0.304745564927115
-0.762829571862275
0.889644201664016
0.080695973575265
-0.951517740230653
0.648879084367419
0.453990499739534
-0.996975742105713
0.310439425274729
0.758946694294653
-0.892360870408452
-0.074730093586609
0.949660077825453
-0.653420603990110
-0.448650632745193
0.997422925272831
-0.316122169412874
-0.755036640377560
0.895045585511088
0.068761537663905
-0.947768410009585
0.657938725939614
0.443294700477011
-0.997834392738099
0.321793593854385
0.751099550122430
-0.897698250837897
-0.062790519529319
0.945842804519928
-0.662433288431445
-0.437922894720520
0.998210129767730
-0.327453495516782
-0.747135564508221
0.900318771402187
0.056817252993188
-0.943883330308382
0.666904130524050
0.432535407828834
-0.998550122907321
0.333101671730196
0.743144825477406
-0.902907053368307
-0.050841951945675
0.941890057539914
-0.671351092125938
-0.427132432717189
0.998854359982394
-0.338737920245267
-0.739127475930448
0.905463004055300
0.044864830350706
-0.939863057589446
0.675774014000218
0.421714162855424
-0.999122830098856
0.344362039238881
0.735083659720221
-0.907986531939538
-0.038886102236486
0.937802403039830
-0.680172737770819
-0.416280792260437
0.999355523643314
-0.349973827323118
-0.731013521647929
0.910477546658770
0.032905981689430
-0.935708167679027
0.684547105928655
0.410832515490673
-0.999552432283500
0.355573083550957
0.726917207456692
-0.912935959014693
-0.026924682845812
0.933580426497220
-0.688896961836097
-0.405369527637515
0.999713548968503
-0.361159607424122
-0.722794863827408
0.915361680976428
0.020942419883416
-0.931419255684687
