0.000000000000000
0.989847231970982
0.281384563016696
-0.909857845986198
-0.540030487489660
0.756343002654873
0.755036640377519
-0.541708210282739
-0.909028411137387
0.283298069832750
0.989561751039376
-0.001994660679594
-0.990128774621971
-0.279469936662865
0.910683660806176
0.538350616090680
-0.757646355689091
-0.753727274054622
0.543383777794807
0.908195359559795
-0.285210449497801
-0.989272332962987
0.003989313423081
0.990406377872175
0.277554198388931
-0.911505852311671
-0.536668602769466
0.758946694294557
0.752414908895725
-0.545057183359319
-0.907358694567863
0.287121694403115
0.988978978893317
-0.005983950294388
-0.990680040617101
-0.275637355816998
0.912324417231455
0.534984454218201
-0.760244013297641
-0.751099550122296
0.546728420318342
0.906518419490410
-0.289031796944475
-0.988681689997526
0.007978563357497
0.990949761767933
0.273719416573558
-0.913139352308717
-0.533298177137557
0.761538307536741
0.749781202967736
-0.548397482022567
-0.905674537670619
0.290940749522191
0.988380467458429
-0.009973144676501
-0.991215540251540
-0.271800388289467
0.913950654301098
0.531609778236696
-0.762829571862270
-0.748459872677296
0.550064361831339
0.904827052466019
-0.292848544541166
-0.988075312474494
0.011967686315594
0.991477375010475
0.269880278599917
-0.914758319980691
-0.529919264233202
0.764117801136711
0.747135564508144
-0.551729053112685
-0.903975967248480
0.294755174410904
0.987766226259834
-0.013962180339151
-0.991735265002984
-0.267959095144399
0.915562346134058
0.528226641853083
-0.765402990234620
-0.745808283729262
0.553391549243351
0.903121285404192
-0.296660631545545
-0.987453210044202
0.015956618811727
0.991989209203003
0.266036845566680
-0.916362729562243
-0.526531917830732
0.766685134042654
0.744478035621469
-0.555051843608769
-0.902263010333652
0.298564908363893
0.987136265072985
-0.017950993798100
-0.992239206600170
-0.264113537514751
0.917159467080766
0.524835098908893
-0.767964227459554
-0.743144825477401
0.556709929603214
0.901401145451675
-0.300467997289462
-0.986815392607211
0.019945297363314
0.992485256199833
0.262189178640872
-0.917952555519688
-0.523136191838695
0.769240265396257
0.741808658601438
-0.558365800629654
-0.900535694187318
0.302369890750440
0.986490593923518
-0.021939521572640
-0.992727357023036
-0.260263776601387
0.918741991723546
0.521435203379489
-0.770513242775788
-0.740469540309773
0.560019450099963
0.899666659983954
-0.304270581179864
-0.986161870314185
0.023933658491764
0.992965508106536
0.258337339056900
-0.919527772551452
-0.519732140299002
0.771783154533418
0.739127475930343
-0.561670871434784
-0.898794046299164
0.306170061015451
0.985829223087086
-0.025927700186606
-0.993199708502814
-0.256409873672025
0.920309894877018
0.518027009373123
-0.773049995616546
-0.737782470802747
0.563320058063622
0.897917856604806
-0.308068322699840
-0.985492653565727
0.027921638723580
0.993429957280055
0.254481388115549
-0.921088355588453
-0.516319817386061
0.774313760984859
0.736434530278363
-0.564967003424949
-0.897038094386967
0.309965358680412
0.985152163089197
-0.029915466169394
-0.993656253522180
-0.252551890060317
0.921863151588506
0.514610571130130
-0.775574445610207
-0.735083659720169
0.566611700966056
0.896154763145910
-0.311861161409531
-0.984807753012208
0.031909174591314
0.993878596328826
0.250621387183120
-0.922634279794504
-0.512899277405914
0.776832044476774
0.733729864502860
-0.568254144143249
-0.895267866396148
0.313755723344386
0.984459424705042
-0.033902756056964
-0.994096984815367
-0.248689887164829
0.923401737138388
0.511185943022047
-0.778086552580963
-0.732373150012785
0.569894326421804
0.894377407666330
-0.315649036947130
-0.984107179553607
0.035896202634588
0.994311418112904
0.246757397690310
-0.924165520566707
-0.509470574795354
0.779337964931494
0.731013521647795
-0.571532241275944
-0.893483390499315
0.317541094684830
0.983751018959349
-0.037889506392882
-0.994521895368270
-0.244823926448202
0.924925627040603
0.507753179550728
-0.780586276549368
-0.729650984817446
0.573167882188940
0.892585818452133
-0.319431889029711
-0.983390944339324
0.039882659401137
0.994728415744057
0.242889481131213
-0.925682053535859
-0.506033764121176
0.781831482468030
0.728285544942831
-0.574801242653059
-0.891684695095879
0.321321412458862
0.983026957126152
-0.041875653729188
-0.994930978418582
-0.240954069435873
0.926434797042880
0.504312335347595
-0.783073577733175
-0.726917207456592
0.576432316169786
0.890780024015857
-0.323209657454483
-0.982659058768031
0.043868481447671
0.995129582585912
0.239017699062556
-0.927183854566784
-0.502588900079041
0.784312557402908
0.725545977802937
-0.578061096249560
-0.889871808811458
0.325096616503807
0.982287250728688
-0.045861134627716
-0.995324227455867
-0.237080377715506
0.927929223127296
0.500863465172502
-0.785548416547698
-0.724171861437466
0.579687576411996
0.888960053096177
-0.326982282099344
-0.981911534487437
0.047853605341202
0.995514912254013
0.235142113102586
-0.928670899758834
-0.499136037492972
0.786781150250531
0.722794863827381
-0.581311750185857
-0.888044760497619
0.328866646738589
0.981531911539130
-0.049845885660680
-0.995701636221687
-0.233202912935576
0.929408881510510
0.497406623913228
-0.788010753606727
-0.721414990451309
0.582933611109037
0.887125934657383
-0.330749702924268
-0.981148383394165
0.051837967659626
0.995884398615971
0.231262784929923
-0.930143165446112
-0.495675231314092
0.789237221724093
0.720032246799355
-0.584553152728770
-0.886203579231207
0.332631443164312
0.980760951578485
-0.053829843412137
-0.996063198709711
-0.229321736804822
0.930873748644204
0.493941866584214
-0.790460549722910
-0.718646638372930
0.586170368601381
0.885277697888841
-0.334511859971834
-0.980369617633535
0.055821504993186
0.996238035791515
0.227379776282963
-0.931600628198013
-0.492206536620089
0.791680732735919
0.717258170684959
-0.587785252292493
-0.884348294314094
0.336390945865374
0.979974383116315
-0.057812944478598
-0.996408909165775
-0.225436911090830
0.932323801215521
0.490469248326081
-0.792897765908477
-0.715866849259703
0.589397797376962
0.883415372204708
-0.338268693368605
-0.979575249599337
0.059804153945025
0.996575818152633
0.223493148958453
-0.933043264819438
-0.488730008614196
0.794111644398371
0.714472679632779
-0.591007997439086
-0.882478935272503
0.340145095010580
0.979172218670633
-0.061795125470206
-0.996738762088015
-0.221548497619431
0.933759016147291
0.486988824404355
-0.795322363375972
-0.713075667351174
0.592615846072358
0.881538987243257
-0.342020143325653
-0.978765291933710
0.063785851132655
0.996897740323619
0.219602964810954
-0.934471052351318
-0.485245702624162
0.796529918024187
0.711675817973068
-0.594221336879624
-0.880595531856747
0.343893830853723
0.978354471007609
-0.065776323011921
-0.997052752226923
-0.217656558273500
0.935179370598539
0.483500650208984
-0.797734303538619
-0.710273137068045
0.595824463473293
0.879648572866592
-0.345766150139995
-0.977939757526865
0.067766533188506
0.997203797181179
0.215709285751410
-0.935883968070846
-0.481753674101668
0.798935515127340
0.708867630216958
-0.597425219474865
-0.878698114040544
0.347637093734960
0.977521153141452
-0.069756473744181
-0.997350874585435
-0.213761154992138
0.936584841964794
0.480004781253064
-0.800133548011221
-0.707459303011741
0.599023598515633
0.877744159160115
-0.349506654194846
-0.977098659516909
0.071746136761391
0.997493983854523
0.211812173746552
-0.937281989491912
-0.478253978621348
0.801328397423542
0.706048161055832
-0.600619594235983
-0.876786712020727
0.351374824081388
0.976672278334153
-0.073735514324028
-0.997633124419044
-0.209862349769238
0.937975407878399
0.476501273172296
-0.802520058610522
-0.704634209963546
0.602213200286059
0.875825776431861
-0.353241595961530
-0.976242011289664
0.075724598517116
0.997768295725418
0.207911690817801
-0.938665094365407
-0.474746671879553
0.803708526830793
0.703217455360694
-0.603804410325510
-0.874861356216658
0.355106962408100
0.975807860095311
-0.077713381426511
-0.997899497235826
-0.205960204653167
0.939351046208938
0.472990181723908
-0.804893797355892
-0.701797902884005
0.605393218023246
0.873893455212343
-0.356970915999517
-0.975369826478416
0.079701855139716
0.998026728428268
0.204007899039890
-0.940033260679732
-0.471231809694065
0.806075865470081
0.700375558181333
-0.606979617058100
-0.872922077269823
0.358833449319504
0.974927912181822
-0.081690011745015
-0.998149988796540
-0.202054781745336
0.940711735063520
0.469471562785914
-0.807254726470161
-0.698950426911890
0.608563601118124
0.871947226253842
-0.360694554957856
-0.974482118963737
0.083677843332292
0.998269277850215
0.200100860540548
-0.941386466660911
-0.467709448002807
0.808430375665960
0.697522514745729
-0.610145163901251
-0.870968906043125
0.362554225509627
0.974032448597803
-0.085665341992723
-0.998384595114693
-0.198146143199431
0.942057452787290
0.465945472355825
-0.809602808379818
-0.696091827363966
0.611724299115044
0.869987120529980
-0.364412453575899
-0.973578902873163
0.087652499818470
0.998495940131152
0.196190637499060
-0.942724690773097
-0.464179642863055
0.810772019947074
0.694658370459005
-0.613301000476460
-0.869001873620723
0.366269231763490
0.973121483594275
-0.089639308903392
-0.998603312456592
-0.194234351219980
0.943388177963534
0.462411966550360
-0.811938005715880
-0.693222149733942
0.614875261712405
0.868013169235278
-0.368124552684673
-0.972660192581116
0.091625761342733
0.998706711663821
0.192277292145395
-0.944047911718838
-0.460642450450649
0.813100761047026
0.691783170903197
-0.616447076559494
-0.867021011307319
0.369978408957938
0.972195031668987
-0.093611849232818
-0.998806137341433
-0.190319468062031
0.944703889414181
0.458871101604150
-0.814260281314417
-0.690341439691918
0.618016438763808
0.866025403784436
-0.371830793207184
-0.971726002708584
0.095597564671874
0.998901589093859
0.188360886759323
-0.945356108439565
-0.457097927058687
0.815416561904568
0.688896961836201
-0.619583342081542
-0.865026350627769
0.373681698062480
0.971253107566075
-0.097582899759159
-0.998993066541315
-0.186401556029717
0.946004566200097
0.455322933869046
-0.816569598217079
-0.687449743083320
0.621147780278320
0.864023855812171
-0.375531116159783
-0.970776348122902
0.099567846595783
0.999080569319848
0.184441483668977
-0.946649260115701
-0.453546129097246
0.817719385664459
0.685999789191123
-0.622709747129839
-0.863017923326357
0.377379040140647
0.970295726275991
-0.101552397284399
-0.999164097081318
-0.182480677475371
0.947290187621385
0.451767519812818
-0.818865919671946
-0.684547105928672
0.624269236421629
0.862008557172489
-0.379225462652995
-0.969811243937552
0.103536543928899
0.999243649493386
0.180519145250535
-0.947927346167144
-0.449987113092068
0.820009195677920
0.683091699075637
-0.625826241948811
-0.860995761366625
0.381070376350300
0.969322903035156
-0.105520278635235
-0.999319226239542
-0.178556894798655
0.948560733217858
0.448204916018860
-0.821149209133721
-0.681633574422528
0.627380757516742
0.859979539938291
-0.382913773892355
-0.968830705511809
0.107503593510543
0.999390827019096
0.176593933926776
-0.949190346253559
-0.446420935683875
0.822285955503477
0.680172737770915
-0.628932776940335
-0.858959896930644
0.384755647944986
0.968334653325747
-0.109486480663971
-0.999458451547163
-0.174630270445107
0.949816182769147
0.444635179184890
-0.823419430264571
-0.678709194932910
0.630482294044695
0.857936836400630
-0.386595991179763
-0.967834748450659
0.111468932206369
0.999522099554695
0.172665912166315
-0.950438240274661
-0.442847653627054
0.824549628907148
0.677242951731389
-0.632029302664887
-0.856910362418556
0.388434796274664
0.967330992875474
-0.113450940249980
-0.999581770788450
-0.170700866905830
0.951056516295168
0.441058366122145
-0.825676546934578
-0.675774014000227
0.633573796645688
0.855880479068547
-0.390272055913785
-0.966823388604445
0.115432496909262
0.999637465011019
0.168735142482155
-0.951671008370680
-0.439267323789363
0.826800179863284
0.674302387583681
-0.635115769842235
-0.854847190448116
0.392107762787057
0.966311937657221
-0.117413594300021
-0.999689182000816
-0.166768746716043
0.952281714056368
0.437474533754580
-0.827920523222569
-0.672828078337043
0.636655216119341
0.853810500668322
-0.393941909591008
-0.965796642068670
0.119394224540227
0.999736921552070
0.164801687431370
-0.952888630922467
-0.435680003150624
0.829037572555078
0.671351092126027
-0.638192129352138
-0.852770413853937
0.395774489027955
0.965277503888957
-0.121374379749706
-0.999780683474846
-0.162833972454312
0.953491756554182
0.433883739117553
-0.830151323416306
-0.669871434826996
0.639726503425835
0.851726934143009
-0.397605493806765
-0.964754525183623
0.123354052049840
0.999820467595024
0.160865609613657
-0.954091088551941
-0.432085748801914
0.831261771375064
0.668389112327195
-0.641258332235481
-0.850680065687324
0.399434916642567
0.964227708033371
-0.125333233564269
-0.999856273754320
-0.158896606741105
0.954686624531128
0.430286039357532
-0.832368912013305
-0.666904130524135
0.642787609686514
0.849629812651972
-0.401262750256474
-0.963697054534296
0.127311916418584
0.999888101810273
0.156926971670455
-0.955278362122334
-0.428484617944763
0.833472740925947
0.665416495326245
-0.644314329694522
-0.848576179215509
0.403088987376339
0.963162566797664
-0.129290092740023
-0.999915951636247
-0.154956712238469
0.955866298971227
0.426681491730774
-0.834573253721280
-0.663926212652173
0.645838486185009
0.847519169570059
-0.404913620735949
-0.962624246950030
0.131267754658292
0.999939823121438
0.152985836283946
-0.956450432738630
-0.424876667889723
0.835670446020780
0.662433288431525
-0.647360073094025
-0.846458787921242
0.406736643075888
0.962082097133162
-0.133244894304803
-0.999959716170870
-0.151014351648696
0.957030761100431
0.423070153602623
-0.836764313459015
-0.660937728603821
0.648879084367583
0.845395038487730
-0.408558047142631
-0.961536119504129
0.135221503812934
0.999975630705395
0.149042266176169
-0.957607281747626
-0.421261956056596
0.837854851683717
0.659439539119578
-0.650395513961857
-0.844327925501958
0.410377825689818
0.960986316235261
-0.137197575318849
-0.999987566661691
-0.147069587712875
0.958179992386559
0.419452082446078
-0.838942056356236
-0.657938725939776
0.651909355843813
0.843257453209743
-0.412195971476934
-0.960432689513921
0.139173100960176
0.999995523992272
0.145096324107688
-0.958748890738534
-0.417640539972175
0.840025923150815
0.656435295035321
-0.653420603990192
-0.842183625869902
0.414012477269960
0.959875241542874
-0.141148072876715
-0.999999502665477
-0.143122483211132
0.959313974540090
0.415827335842013
-0.841106447754976
-0.654929252388048
0.654929252388057
0.841106447754969
-0.415827335842024
-0.959313974540022
0.143122483211143
0.999999502665477
0.141148072876703
-0.959875241542877
-0.414012477269949
0.842183625869909
0.653420603990011
-0.656435295035330
-0.840025923150808
0.417640539972186
0.958748890738531
-0.145096324107700
-0.999995523992272
-0.139173100959939
0.960432689513925
0.412195971476923
-0.843257453209749
-0.651909355843804
0.657938725939785
0.838942056356230
-0.419452082446295
-0.958179992386556
0.147069587712887
0.999987566661691
0.137197575318838
-0.960986316235264
-0.410377825689807
0.844327925502086
0.650395513961848
-0.659439539119587
-0.837854851683710
0.421261956056607
0.957607281747623
-0.149042266176180
-0.999975630705393
-0.135221503812923
0.961536119504132
0.408558047142620
-0.845395038487736
-0.648879084367401
0.660937728603830
0.836764313459009
-0.423070153602634
-0.957030761100427
0.151014351648708
0.999959716170870
0.133244894304566
-0.962082097133165
-0.406736643075877
0.846458787921248
0.647360073094016
-0.662433288431534
-0.835670446020774
0.424876667889940
0.956450432738626
-0.152985836283957
-0.999939823121438
-0.131267754658281
0.962624246950033
0.404913620735938
-0.847519169570186
-0.645838486185000
0.663926212652182
0.834573253721273
-0.426681491730785
-0.955866298971223
0.154956712238481
0.999915951636245
0.129290092740012
-0.963162566797637
-0.403088987376224
0.848576179215515
0.644314329694426
-0.665416495326254
-0.833472740925878
0.428484617944773
0.955278362122364
-0.156926971670579
-0.999888101810273
-0.127311916418459
0.963697054534299
0.401262750256359
-0.849629812651978
-0.642787609686592
0.666904130524228
0.832368912013298
-0.430286039357645
-0.954686624531125
0.158896606741229
0.999856273754320
0.125333233564370
-0.964227708033405
-0.399434916642556
0.850680065687390
0.641258332235472
-0.668389112327288
-0.831261771375058
0.432085748801925
0.954091088551903
-0.160865609613669
-0.999820467595022
-0.123354052049829
0.964754525183656
0.397605493806754
-0.851726934143015
-0.639726503425739
0.669871434827004
0.830151323416236
-0.433883739117564
-0.953491756554144
0.162833972454324
0.999780683474846
0.121374379749582
-0.965277503888960
-0.395774489027840
0.852770413853943
0.638192129352217
-0.671351092126035
-0.829037572555071
0.435680003150737
0.952888630922463
-0.164801687431494
-0.999736921552070
-0.119394224540328
0.965796642068673
0.393941909590997
-0.853810500668388
-0.636655216119332
0.672828078337136
0.827920523222563
-0.437474533754488
-0.952281714056365
0.166768746716055
0.999689182000813
0.117413594300010
-0.966311937657253
-0.392107762787046
0.854847190448063
0.635115769842138
-0.674302387583690
-0.826800179863214
0.439267323789373
0.951671008370642
-0.168735142482167
-0.999637465011022
-0.115432496909138
0.966823388604448
0.390272055913669
-0.855880479068553
-0.633573796645591
0.675774014000236
0.825676546934635
-0.441058366122258
-0.951056516295164
0.170700866905954
0.999581770788450
0.113450940249855
-0.967330992875477
-0.388434796274758
0.856910362418621
0.632029302664878
-0.677242951731482
-0.824549628907141
0.442847653627166
0.950438240274657
-0.172665912166214
-0.999522099554691
-0.111468932206357
0.967834748450690
0.386595991179752
-0.857936836400694
-0.630482294044686
0.678709194932835
0.823419430264500
-0.444635179184901
-0.949816182769108
0.174630270445119
0.999458451547159
0.109486480663960
-0.968334653325750
-0.384755647944870
0.858959896930650
0.628932776940237
-0.680172737770924
-0.822285955503405
0.446420935683886
0.949190346253555
-0.176593933926900
-0.999390827019096
-0.107503593510418
0.968830705511812
0.382913773892240
-0.859979539938297
-0.627380757516733
0.681633574422620
0.821149209133715
-0.448204916018972
-0.948560733217855
0.178556894798554
0.999319226239542
0.105520278635223
-0.969322903035187
-0.381070376350289
0.860995761366688
0.625826241948801
-0.683091699075563
-0.820009195677914
0.449987113092079
0.947927346167104
-0.180519145250546
-0.999243649493381
-0.103536543928888
0.969811243937527
0.379225462652879
-0.862008557172495
-0.624269236421531
0.684547105928680
0.818865919671874
-0.451767519812828
-0.947290187621418
0.182480677475495
0.999164097081318
0.101552397284274
-0.970295726275994
-0.377379040140531
0.863017923326362
0.622709747129919
-0.685999789191215
-0.817719385664452
0.453546129097357
0.946649260115697
-0.184441483669100
