0.000000000000000
0.798034904178243
-0.961809586659765
0.361159607424234
0.526531917830734
-0.995747698246437
0.673565567947794
0.183951350612723
-0.895267866396150
0.895045585511171
-0.183461171813775
-0.673934061558438
0.995701636221687
-0.526107909233521
-0.361624570082098
0.961945961498707
-0.797734303538614
-0.000498665479914
0.798335306372708
-0.961672972650252
0.360694554957789
0.526955795496685
-0.995793512661320
0.673196906843436
0.184441483668991
-0.895489924657307
0.894823082057644
-0.182970947394036
-0.674302387583733
0.995655326598522
-0.525683769810490
-0.362089442815775
0.962082097133167
-0.797433504528571
-0.000997330835826
0.798635510047302
-0.961536119504141
0.360229412798420
0.527379542125984
-0.995839079454942
0.672828078337029
0.184931570860697
-0.895711760239421
0.894600356090898
-0.182480677475417
-0.674670545932097
0.995608769388459
-0.525259499667100
-0.362554225509642
0.962217993529291
-0.797132507222903
-0.001495995943728
0.798935515127387
-0.961399027255464
0.359764181061771
0.527803157613236
-0.995884398615972
0.672459082520308
0.185421612065979
-0.895933373087337
0.894377407666321
-0.181990362179825
-0.675038536511974
0.995561964603075
-0.524835098908872
-0.363018918048138
0.962353650653286
-0.796831311696464
-0.001994660679638
0.799235321538346
-0.961261695938309
0.359298859863544
0.528226641853127
-0.995929470133142
0.672089919485018
0.185911607162947
-0.896154763145941
0.894154236839345
-0.181500001629172
-0.675406359231836
0.995514912254008
-0.524410567641317
-0.363483520315722
0.962489068471425
-0.796529918024172
-0.002493324919542
0.799534929205642
-0.961124125586822
0.358833449319473
0.528649994740312
-0.995974293995244
0.671720589322947
0.186401556029810
-0.896375930360169
0.893930843665469
-0.181009595945407
-0.675774014000259
0.995467612352963
-0.523985905970039
-0.363948032196848
0.962624246950028
-0.796228326280936
-0.002991988539409
0.799834338054765
-0.960986316235217
0.358367949545240
0.529073216169568
-0.996018870191128
0.671351092125947
0.186891458544705
-0.896596874675048
0.893707228200258
-0.180519145250508
-0.676141500725799
0.995420064911694
-0.523561114000589
-0.364412453576009
0.962759186055482
-0.795926536541772
-0.003490651415294
0.800133548011244
-0.960848267917770
0.357902360656652
0.529496306035604
-0.996063198709717
0.670981427985900
0.187381314585811
-0.896817596035625
0.893483390499292
-0.180028649666376
-0.676508819317053
0.995372269942033
-0.523136191838647
-0.364876784337718
0.962893885754231
-0.795624548881723
-0.003989313423169
0.800432559000711
-0.960709980668793
0.357436682769431
0.529919264233261
-0.996107279539977
0.670611596994729
0.187871124031315
-0.897038094387012
0.893259330618245
-0.179538109315010
-0.676875969682722
0.995324227455857
-0.522711139589829
-0.365341024366457
0.963028346012780
-0.795322363375885
-0.004487974439032
0.800731370948793
-0.960571454522683
0.356970915999405
0.530342090657336
-0.996151112670957
0.670241599244440
0.188360886759419
-0.897258369674380
0.893035048612834
-0.179047524318391
-0.677242951731487
0.995275937465116
-0.522285957359855
-0.365805173546892
0.963162566797679
-0.795019980099436
-0.004986634338883
0.801029983781187
-0.960432689513884
0.356505060462393
0.530764785202689
-0.996194698091753
0.669871434826956
0.188850602648278
-0.897478421842928
0.892810544538829
-0.178556894798513
-0.677609765372092
0.995227399981819
-0.521860645254455
-0.366269231763550
0.963296548075580
-0.794717399127499
-0.005485292998664
0.801328397423635
-0.960293685676905
0.356039116274238
0.531187347764208
-0.996238035791527
0.669501103834368
0.189340271576228
-0.897698250837986
0.892585818452083
-0.178066220877377
-0.677976410513322
0.995178615018035
-0.521435203379389
-0.366733198901037
0.963430289813152
-0.794414620535350
-0.005983950294489
0.801626611801900
-0.960154443046311
0.355573083550807
0.531609778236816
-0.996281125759502
0.669130606358763
0.189829893421448
-0.897917856604865
0.892360870408427
-0.177575502677056
-0.678342887064005
0.995129582585895
-0.521009631840452
-0.367197074843977
0.963563791977138
-0.794111644398282
-0.006482606102302
0.801924626841893
-0.960014961656742
0.355106962408038
0.532032076515469
-0.996323967984963
0.668759942492272
0.190319468062186
-0.898137239088956
0.892135700463824
-0.177084740319406
-0.678709194933009
0.995080302697593
-0.520583930743469
-0.367660859477022
0.963697054534341
-0.793808470791635
-0.006981260298102
0.802222442469473
-0.959875241542852
0.354640752961735
0.532454242495106
-0.996366562457252
0.668389112327111
0.190808995376644
-0.898356398235682
0.891910308674241
-0.176593933926632
-0.679075334029247
0.995030775365382
-0.520158100194297
-0.368124552684841
0.963830077451622
-0.793505099790796
-0.007479912757892
0.802520058610583
-0.959735282739399
0.354174455327881
0.532876276070845
-0.996408909165786
0.668018115955407
0.191298475243205
-0.898575333990593
0.891684695095827
-0.176103083620837
-0.679441304261671
0.994981000601578
-0.519732140298827
-0.368588154352131
0.963962860695902
-0.793201531471206
-0.007978563357672
0.802817475191216
-0.959595085281188
0.353708069622431
0.533298177137692
-0.996451008100031
0.667646953469458
0.191787907540095
-0.898794046299224
0.891458859784558
-0.175612189523856
-0.679807105539193
0.994930978418559
-0.519306051162982
-0.369051664363608
0.964095404234164
-0.792897765908352
-0.008477211973444
0.803114692137414
-0.959454649203081
0.353241595961358
0.533719945590733
-0.996492859249517
0.667275624961559
0.192277292145609
-0.899012535107187
0.891232802796642
-0.175121251757870
-0.680172737771017
0.994880708828774
-0.518879832892716
-0.369515082604014
0.964227708033447
-0.792593803177770
-0.008975858481212
0.803411709375269
-0.959313974539999
0.352775034460660
0.534141581325090
-0.996534462603839
0.666904130524049
0.192766628938052
-0.899230800360152
0.891006524188293
-0.174630270444960
-0.680538200866139
0.994830191844702
-0.518453485594111
-0.369978408958110
0.964359772060853
-0.792289643355045
-0.009474502756977
0.803708526830923
-0.959173061326924
0.352308385236355
0.534563084235914
-0.996575818152650
0.666532470249304
0.193255917795742
-0.899448842003843
0.890780024015778
-0.174139245707215
-0.680903494733680
0.994779427478916
-0.518027009372994
-0.370441643310577
0.964491596283510
-0.791985286515813
-0.009973144676743
0.804005144430566
-0.959031909598897
0.351841648404483
0.534984454218392
-0.996616925885666
0.666160644229746
0.193745158597010
-0.899666659984040
0.890553302335420
-0.173648177666739
-0.681268619282803
0.994728415744039
-0.517600404335511
-0.370904785546435
0.964623180668699
-0.791680732735826
-0.010471784116514
0.804301562100439
-0.958890519391017
0.351374824081107
0.535405691167743
-0.996657785792666
0.665788652557834
0.194234351220196
-0.899884254246580
0.890326359203599
-0.173157066445644
-0.681633574422715
0.994677156652757
-0.517173670587745
-0.371367835550410
0.964754525183670
-0.791375982090678
-0.010970420952182
0.804597779766834
-0.958748890738442
0.350907912382310
0.535826794979219
-0.996698397863489
0.665416495326072
0.194723495543656
-0.900101624737352
0.890099194676747
-0.172665912166052
-0.681998360062662
0.994625650217815
-0.516746808235811
-0.371830793207358
0.964885629795760
-0.791071034656220
-0.011469055059978
0.804893797356023
-0.958607023676425
0.350440913424199
0.536247765548105
-0.996738762088036
0.665044172627002
0.195212591445754
-0.900318771402306
0.889871808811352
-0.172174714950099
-0.682362976111935
0.994573896452021
-0.516319817385856
-0.372293658402155
0.965016494472368
-0.790765890508283
-0.011967686315796
0.805189614794532
-0.958464918240178
0.349973827323006
0.536668602769720
-0.996778878456270
0.664671684553209
0.195701638804869
-0.900535694187442
0.889644201663958
-0.171683474919927
-0.682727422479865
0.994521895368246
-0.515892698144058
-0.372756431019701
0.965147119180954
-0.790460549722745
-0.012466314595642
0.805485232008731
-0.958322574465071
0.349506654194669
0.537089306539320
-0.996818746958215
0.664299031197319
0.196190637499391
-0.900752393038820
0.889416373291164
-0.171192192197694
-0.683091699075826
0.994469646979419
-0.515465450616628
-0.373219110944921
0.965277503889033
-0.790155012375536
-0.012964939775524
0.805780648925112
-0.958179992386498
0.349039394155464
0.537509876752480
-0.996858367583948
0.663926212652083
0.196679587407721
-0.900968867902555
0.889188323749623
-0.170700866905565
-0.683455805809235
0.994417151298534
-0.515038074909808
-0.373681698062762
0.965407648564186
-0.789849278542631
-0.013463561731449
0.806075865470214
-0.958037172039917
0.348572047321477
0.537930313304619
-0.996897740323644
0.663553229009954
0.197168488408273
-0.901185118724814
0.888960053096043
-0.170209499165716
-0.683819742589550
0.994364408338645
-0.514610571129873
-0.374144192258192
0.965537553174047
-0.789543348300058
-0.013962180339427
0.806370881570626
-0.957894113460842
0.348104613809241
0.538350616090900
-0.996936865167477
0.663180080364020
0.197657340379364
-0.901401145451776
0.888731561387240
-0.169718089100446
-0.684183509326189
0.994311418112878
-0.514182939383227
-0.374606593416100
0.965667217686286
-0.789237221723961
-0.014460795475354
0.806665697153054
-0.957750816684814
0.347637093734566
0.538770785007192
-0.996975742105752
0.662806766806733
0.198146143199764
-0.901616948029868
0.888502848679876
-0.169226636831618
-0.684547105928945
0.994258180634376
-0.513755179775914
-0.375068901421817
0.965796642068746
-0.788930898890254
-0.014959407015582
0.806960312143986
