0.000000000000000
0.405369527637436
0.741139468049854
0.949660077825425
0.995129582585910
0.869741133155695
0.595023196102037
0.218143241396543
-0.196190637499095
-0.576839726452744
-0.858448793601865
-0.992667202067972
-0.956450432738631
-0.756016693999252
-0.425779291565073
-0.022438064295806
0.384755647944935
0.725889056058887
0.942391540464034
0.997090885390702
0.880595531856737
0.612907053652977
0.239986003602567
-0.174139245707387
-0.558365800629661
-0.846724199228283
-0.989704983719634
-0.962759186055460
-0.770513242775790
-0.445974662797070
-0.044864830350517
0.363948032196782
0.710273137068055
0.934648480581909
0.998550122907320
0.891006524188368
0.630482294044714
0.261707925628603
-0.152000169561264
-0.539610720810782
-0.834573253721301
-0.986244419107040
-0.968583161128631
-0.784621814930592
-0.465945472355828
-0.067269005612041
0.342957157654128
0.694299574162844
0.926434797042885
0.999506560365731
0.900968867902419
0.647740067614436
0.283298069832751
-0.129784556752285
-0.520583930743606
-0.822002075447907
-0.982287250728687
-0.973919425411304
-0.798335306372704
-0.485681664337310
-0.089639308903438
0.321793593854447
0.677976410513217
0.917754625683979
0.999959716170870
0.910477546658817
0.664671684553428
0.304745564927225
-0.107503593510522
-0.501295010989920
-0.809016994374945
-0.977835471138025
-0.978765291933711
-0.811646811946197
-0.505173300974506
-0.111964476103312
0.300467997289446
0.661311865323646
0.908612337232871
0.999909362145144
0.919527772551450
0.681268619282670
0.326039611452346
-0.085168498971957
-0.481753674101708
-0.795624548881777
-0.972891321940143
-0.983118320656126
-0.824549628907144
-0.524410567641370
-0.134233265817659
0.278991106039221
0.644314329694489
0.899012535107120
0.999355523643320
0.928114988519041
0.697522514745706
0.347169487214422
-0.062790519529304
-0.461969759730583
-0.781831482468026
-0.967457292663055
-0.986976319697496
-0.837037260298633
-0.543383777794809
-0.156434465040240
0.257373734365295
0.626992362396813
0.888960053096191
0.998298479539763
0.936234870639739
0.713425186616686
0.368124552684687
-0.040380923169140
-0.441953229673220
-0.767644740358007
-0.961536119504145
-0.990337346439119
-0.849103418222196
-0.562083377852133
-0.178556894798645
0.235626767265309
0.609354685562803
0.878459952927504
0.996738762088013
0.943883330308369
0.728968627421414
0.388894256356603
-0.017950993798089
-0.421714162855302
-0.753071466003603
-0.955130783952419
-0.993199708502813
-0.860742027003945
-0.580499952001581
-0.200589415783281
0.213761154992108
0.591410180293899
0.867517521717712
0.994677156652777
0.951056516295154
0.744145010569360
0.409468140058898
0.004487974438933
-0.401262750256469
-0.738118997487333
-0.948244511287223
-0.995561964603080
-0.871947226253867
-0.598624226943442
-0.222520933956322
0.191787907539954
0.573167882188913
0.856138269310456
0.992114701314475
0.957750816684931
0.758946694294562
0.429835844221553
0.026924682845669
-0.380609289778853
-0.722794863827389
-0.940880768954222
-0.997422925272834
-0.882713373816684
-0.616447076559476
-0.244340406137908
0.169718089100664
0.554636976794301
0.844327925502006
0.989052686346542
0.963962860695855
0.773366225503521
0.449987113092128
0.049347833863764
-0.359764181061803
-0.707106781186540
-0.933043264819438
-0.998781653462334
-0.893035048612889
-0.633959526508173
-0.266036845566681
0.147562812492446
0.535826794978982
0.832092437156149
0.985492653565723
0.969689520376690
0.787396343528017
0.469911799899918
0.071746136761384
-0.338737920245281
-0.691062648986853
-0.924735945302237
-0.999637465011020
-0.902907053368379
-0.651152758743579
-0.287599327432029
0.125333233564286
0.516746808235986
0.819437965209723
0.981436395555738
0.974927912181825
0.801029983781124
0.489599871965058
0.094108313318526
-0.317541094684828
-0.674670545932068
-0.915962993388160
-0.999989928992004
-0.912324417231457
-0.668018115955511
-0.309016994374966
0.103040545578632
0.497406623913208
0.806370881570459
0.976885954764644
0.979675398423238
0.814260281314382
0.509041415750382
0.116423103505841
-0.296184377620469
-0.657938725939701
-0.906728826522699
-0.999838867929057
-0.921282398275828
-0.684547105928703
-0.330279061955178
0.080695973575200
0.477815980375908
0.792897765908467
0.971843622476418
0.983929588598630
0.827080574274569
0.528226641853100
0.138679271154446
-0.274678522802375
-0.640875613985008
-0.897038094386963
-0.999184357885973
-0.929776485888253
-0.700731405818922
-0.351374824081359
0.058310768718930
0.457984742103054
0.779025402343234
0.966311937657220
0.987688340595139
0.839484407258088
0.547145889934095
0.160865609613715
-0.253034359076110
-0.623489801858723
-0.886895676556406
-0.998026728428270
-0.937802403039833
-0.716562866343805
-0.372293658401954
0.035896202634567
0.437922894720347
0.764760776027590
0.960293685676937
0.990949761767937
0.851465534561482
0.565789633582229
0.182970947394063
-0.231262784929938
-0.605790043840804
-0.876306680043858
-0.996366562457241
-0.945356108439575
-0.732033515886192
-0.393025031653939
0.013463561731163
0.417640539972119
0.750111069630447
0.953791896906684
0.993712209893243
0.863017923326359
0.584148485111095
0.204984153792245
-0.209374763007064
-0.587785252292463
-0.865276436727937
-0.994204695916448
-0.952433798569326
-0.747135564508161
-0.413558504966541
-0.008975858481012
0.397147890634762
0.735083659720169
0.946809845192912
0.995974293995240
0.874135756577061
0.602213200286095
0.226894144495898
-0.187381314585712
-0.569484493168437
-0.853810500668334
-0.991542217370802
-0.959031909598970
-0.761861407873422
-0.433883739117572
-0.031410759078149
0.376455265374381
0.719686113050178
0.939351046208915
0.997734875046456
0.884813436149746
0.619974682979108
0.248689887164882
-0.165293514029480
-0.550896981452093
-0.841914645309161
-0.988380467458427
-0.965147119180898
-0.776203631076372
-0.453990499739553
-0.053829843412141
0.355573083550925
0.703926182748928
0.931419255684607
0.998993066541314
0.895045585511178
0.637423989748701
0.270360406986373
-0.143122483211094
-0.532032076515310
-0.829594860571826
-0.984721038215623
-0.970776348122922
-0.790155012375704
-0.473868662473023
-0.076221822798919
0.334511859971835
0.687811804415946
0.923018467515388
0.999748234942506
0.904827052466032
0.654552334343441
0.291894792201045
-0.120879385912307
-0.512899277405886
-0.816857349838939
-0.980565772275212
-0.975916761938749
-0.803708526830797
-0.493508218064364
-0.098575422202469
0.313282199597403
0.671351092125998
0.914152911751087
0.999999999999999
0.914152911751102
0.671351092126024
0.313282199597464
-0.098575422202433
-0.493508218064333
-0.803708526830776
-0.975916761938741
-0.980565772275225
-0.816857349838960
-0.512899277405917
-0.120879385912343
0.291894792201011
0.654552334343413
0.904827052466004
0.999748234942505
0.923018467515402
0.687811804415972
0.334511859971869
-0.076221822798854
-0.473868662472966
-0.790155012375682
-0.970776348122913
-0.984721038215630
-0.829594860571846
-0.532032076515364
-0.143122483211130
0.270360406986338
0.637423989748673
0.895045585511162
0.998993066541312
0.931419255684631
0.703926182748953
0.355573083550959
-0.053829843412105
-0.453990499739521
-0.776203631076331
-0.965147119180888
-0.988380467458432
-0.841914645309180
-0.550896981452124
-0.165293514029515
0.248689887164819
0.619974682979080
0.884813436149729
0.997734875046454
0.939351046208932
0.719686113050213
0.376455265374401
-0.031410759078113
-0.433883739117539
-0.761861407873389
-0.959031909598956
-0.991542217370808
-0.853810500668353
-0.569484493168466
-0.187381314585747
0.226894144495849
0.602213200286055
0.874135756577036
0.995974293995237
0.946809845192924
0.735083659720194
0.397147890634809
-0.008975858480962
-0.413558504966508
-0.747135564508137
-0.952433798569315
-0.994204695916454
-0.865276436727962
-0.587785252292504
-0.209374763007100
0.204984153792210
0.584148485111065
0.863017923326334
0.993712209893237
0.953791896906695
0.750111069630471
0.417640539972152
0.013463561731214
-0.393025031653892
-0.732033515886158
-0.945356108439563
-0.996366562457244
-0.876306680043875
-0.605790043840844
-0.231262784929987
0.182970947394042
0.565789633582199
0.851465534561463
0.990949761767930
0.960293685676952
0.764760776027623
0.437922894720380
0.035896202634603
-0.372293658401921
-0.716562866343770
-0.937802403039815
-0.998026728428273
-0.886895676556423
-0.623489801858751
-0.253034359076159
0.160865609613665
0.547145889934053
0.839484407258068
0.987688340595133
0.966311937657230
0.779025402343265
0.457984742103099
0.058310768718980
-0.351374824081325
-0.700731405818897
-0.929776485888240
-0.999184357885975
-0.897038094386985
-0.640875613985035
-0.274678522802410
0.138679271154410
0.528226641853057
0.827080574274541
0.983929588598621
0.971843622476427
0.792897765908489
0.477815980375940
0.080695973575251
-0.330279061955130
-0.684547105928677
-0.921282398275813
-0.999838867929058
-0.906728826522720
-0.657938725939739
-0.296184377620517
0.116423103505805
0.509041415750351
0.814260281314361
0.979675398423228
0.976885954764655
0.806370881570472
0.497406623913239
0.103040545578668
-0.309016994374918
-0.668018115955474
-0.912324417231437
-0.999989928992004
-0.915962993388175
-0.674670545932095
-0.317541094684876
0.094108313318476
0.489599871965014
0.801029983781103
0.974927912181817
0.981436395555745
0.819437965209752
0.516746808236029
0.125333233564322
-0.287599327431995
-0.651152758743551
-0.902907053368357
-0.999637465011019
-0.924735945302256
-0.691062648986879
-0.338737920245315
