0.000000000000000
0.908612337232874
-0.758946694294555
-0.274678522802391
0.988380467458430
-0.550896981452102
-0.528226641853085
0.992114701314477
-0.300467997289450
-0.741139468049855
0.919527772551449
-0.026924682845662
-0.897038094386969
0.776203631076350
0.248689887164858
-0.983929588598629
0.573167882188919
0.505173300974503
-0.995129582585910
0.326039611452340
0.722794863827392
-0.929776485888250
0.053829843412127
0.884813436149738
-0.792897765908470
-0.222520933956321
0.978765291933712
-0.595023196102031
-0.481753674101720
0.997422925272833
-0.351374824081337
-0.703926182748948
0.939351046208921
-0.080695973575212
-0.871947226253864
0.809016994374944
0.196190637499099
-0.972891321940145
0.616447076559466
0.457984742103070
-0.998993066541313
0.376455265374389
0.684547105928690
-0.948244511287225
0.107503593510523
0.858448793601866
-0.824549628907139
-0.169718089100670
0.966311937657227
-0.637423989748678
-0.433883739117571
0.999838867929057
-0.401262750256461
-0.664671684553435
0.956450432738627
-0.134233265817642
-0.844327925502021
0.839484407258069
0.143122483211132
-0.959031909598968
0.657938725939703
0.409468140058901
-0.999959716170870
0.425779291565062
0.644314329694502
-0.963962860695850
0.160865609613688
0.829594860571836
-0.853810500668341
-0.116423103505832
0.951056516295155
-0.677976410513214
-0.384755647944943
0.999355523643321
-0.449987113092114
-0.623489801858739
0.970776348122915
-0.187381314585717
-0.814260281314382
0.867517521717713
0.089639308903440
-0.942391540464036
0.697522514745698
0.359764181061812
-0.998026728428271
0.473868662472994
0.602213200286085
-0.976885954764646
0.213761154992110
0.798335306372703
-0.880595531856735
-0.062790519529316
0.933043264819444
-0.716562866343790
-0.334511859971847
0.995974293995238
-0.497406623913195
-0.580499952001597
0.982287250728682
-0.239986003602537
-0.781831482468047
0.893035048612872
0.035896202634611
-0.923018467515407
0.735083659720157
0.309016994374973
-0.993199708502815
0.520583930743585
0.558365800629684
-0.986976319697490
0.266036845566649
0.764760776027614
-0.904827052466008
-0.008975858481023
0.912324417231464
-0.753071466003594
-0.283298069832773
0.989704983719637
-0.543383777794785
-0.535826794979016
0.990949761767931
-0.291894792201011
-0.747135564508164
0.915962993388157
-0.017950993798075
-0.900968867902428
0.770513242775774
0.257373734365323
-0.985492653565729
0.565789633582197
0.512899277405923
-0.994204695916448
0.317541094684825
0.728968627421424
-0.926434797042879
0.044864830350495
0.888960053096201
-0.787396343527999
-0.231262784929970
0.980565772275223
-0.587785252292458
-0.489599871965067
0.996738762088012
-0.342957157654115
-0.710273137068068
0.936234870639730
-0.071746136761363
-0.876306680043870
0.803708526830779
0.204984153792245
-0.974927912181826
0.609354685562796
0.465945472355837
-0.998550122907319
0.368124552684664
0.691062648986874
-0.945356108439564
0.098575422202430
0.863017923326356
-0.819437965209724
-0.178556894798649
0.968583161128633
-0.630482294044704
-0.441953229673237
0.999637465011020
-0.393025031653913
-0.671351092126011
0.953791896906688
-0.125333233564294
-0.849103418222198
0.834573253721296
0.152000169561276
-0.961536119504150
0.651152758743566
0.417640539972139
-0.999999999999999
0.417640539972123
0.651152758743579
-0.961536119504146
0.152000169561260
0.834573253721306
-0.849103418222189
-0.125333233564310
0.953791896906693
-0.671351092125999
-0.393025031653928
0.999637465011020
-0.441953229673222
-0.630482294044717
0.968583161128629
-0.178556894798632
-0.819437965209733
0.863017923326319
0.098575422202503
-0.945356108439587
0.691062648986821
0.368124552684733
-0.998550122907323
0.465945472355772
0.609354685562854
-0.974927912181810
0.204984153792173
0.803708526830822
-0.876306680043835
-0.071746136761436
0.936234870639756
-0.710273137068017
-0.342957157654184
0.996738762088018
-0.489599871965003
-0.587785252292517
0.980565772275208
-0.231262784929899
-0.787396343528045
0.888960053096167
0.044864830350569
-0.926434797042907
0.728968627421374
0.317541094684894
-0.994204695916456
0.512899277405860
0.565789633582257
-0.985492653565717
0.257373734365252
0.770513242775821
-0.900968867902396
-0.017950993798148
0.915962993388186
-0.747135564508115
-0.291894792201081
0.990949761767940
-0.535826794978954
-0.543383777794847
0.989704983719627
-0.283298069832702
-0.753071466003642
0.912324417231434
-0.008975858480950
-0.904827052466039
0.764760776027567
0.266036845566720
-0.986976319697502
0.558365800629623
0.520583930743648
-0.993199708502806
0.309016994374904
0.735083659720207
-0.923018467515379
0.035896202634537
0.893035048612905
-0.781831482468001
-0.239986003602608
0.982287250728696
-0.580499952001537
-0.497406623913259
0.995974293995234
-0.334511859971805
-0.716562866343861
0.933043264819428
-0.062790519529215
-0.880595531856757
0.798335306372642
0.213761154992154
-0.976885954764668
0.602213200286049
0.473868662473084
-0.998026728428268
0.359764181061717
0.697522514745730
-0.942391540464002
0.089639308903395
0.867517521717764
-0.814260281314356
-0.187381314585818
0.970776348122926
-0.623489801858659
-0.449987113092154
0.999355523643317
-0.384755647944902
-0.677976410513289
0.951056516295141
-0.116423103505731
-0.853810500668365
0.829594860571779
0.160865609613733
-0.963962860695877
0.644314329694467
0.425779291565154
-0.999959716170870
0.409468140058808
0.657938725939737
-0.959031909598939
0.143122483211087
0.839484407258125
-0.844327925501997
-0.134233265817743
0.956450432738640
-0.664671684553359
-0.401262750256502
0.999838867929059
-0.433883739117530
-0.637423989748756
0.966311937657215
-0.169718089100584
-0.824549628907157
0.858448793601821
0.107503593510553
-0.948244511287253
0.684547105928667
0.376455265374470
-0.998993066541315
0.457984742102992
0.616447076559491
-0.972891321940125
0.196190637499069
0.809016994374996
-0.871947226253849
-0.080695973575300
0.939351046208931
-0.703926182748886
-0.351374824081366
0.997422925272839
-0.481753674101693
-0.595023196102102
0.978765291933706
-0.222520933956236
-0.792897765908489
0.884813436149700
0.053829843412151
-0.929776485888280
0.722794863827375
0.326039611452416
-0.995129582585912
0.505173300974433
0.573167882188939
-0.983929588598615
0.248689887164835
0.776203631076401
-0.897038094386959
-0.026924682845739
0.919527772551457
-0.741139468049803
-0.300467997289470
0.992114701314486
-0.528226641853068
-0.550896981452164
0.988380467458427
-0.274678522802318
-0.758946694294566
0.908612337232843
0.000000000000017
-0.908612337232904
0.758946694294544
0.274678522802460
-0.988380467458432
0.550896981452042
0.528226641853097
-0.992114701314468
0.300467997289438
0.741139468049902
-0.919527772551444
0.026924682845592
0.897038094386974
-0.776203631076308
-0.248689887164867
0.983929588598641
-0.573167882188912
-0.505173300974560
0.995129582585909
-0.326039611452277
-0.722794863827398
0.929776485888226
-0.053829843412118
-0.884813436149769
0.792897765908468
0.222520933956379
-0.978765291933712
0.595023196101984
0.481753674101723
-0.997422925272828
0.351374824081335
0.703926182748990
-0.939351046208920
0.080695973575153
0.871947226253921
-0.809016994374909
-0.196190637499213
0.972891321940159
-0.616447076559375
-0.457984742103123
0.998993066541308
-0.376455265374334
-0.684547105928775
0.948244511287206
-0.107503593510407
-0.858448793601897
0.824549628907073
0.169718089100728
-0.966311937657253
0.637423989748643
0.433883739117663
-0.999838867929056
0.401262750256368
0.664671684553469
-0.956450432738597
0.134233265817598
0.844327925502076
-0.839484407258045
-0.143122483211232
0.959031909598981
-0.657938725939626
-0.409468140058942
0.999959716170871
-0.425779291565022
-0.644314329694580
0.963962860695838
-0.160865609613588
-0.829594860571861
0.853810500668288
0.116423103505877
-0.951056516295187
0.677976410513181
0.384755647945037
-0.999355523643322
0.449987113092023
0.623489801858774
-0.970776348122891
0.187381314585673
0.814260281314441
-0.867517521717691
-0.089639308903541
0.942391540464051
-0.697522514745625
-0.359764181061854
0.998026728428277
-0.473868662472954
-0.602213200286167
0.976885954764636
-0.213761154992011
-0.798335306372730
0.880595531856687
0.062790519529361
-0.933043264819481
0.716562866343758
0.334511859971943
-0.995974293995242
0.497406623913132
0.580499952001611
-0.982287250728668
0.239986003602521
0.781831482468093
-0.893035048612864
-0.035896202634684
0.923018467515414
-0.735083659720107
-0.309016994374989
0.993199708502824
-0.520583930743571
-0.558365800629745
0.986976319697488
-0.266036845566579
-0.764760776027625
0.904827052465976
0.008975858481040
-0.912324417231494
0.753071466003583
0.283298069832843
-0.989704983719640
0.543383777794723
0.535826794979030
-0.990949761767921
0.291894792200995
0.747135564508213
-0.915962993388150
0.017950993798001
0.900968867902435
-0.770513242775728
-0.257373734365339
0.985492653565742
-0.565789633582183
-0.512899277405987
0.994204695916447
-0.317541094684755
-0.728968627421436
0.926434797042851
-0.044864830350479
-0.888960053096235
0.787396343527989
0.231262784930042
-0.980565772275226
0.587785252292399
0.489599871965082
-0.996738762088006
0.342957157654099
0.710273137068120
-0.936234870639725
0.071746136761290
0.876306680043878
-0.803708526830735
-0.204984153792262
0.974927912181842
-0.609354685562782
-0.465945472355902
0.998550122907318
-0.368124552684596
-0.691062648986886
0.945356108439540
-0.098575422202414
-0.863017923326393
0.819437965209714
0.178556894798721
-0.968583161128637
