0.000000000000000
0.887355972159165
-0.818293059633574
-0.132750658786271
0.940711735063535
-0.734745484892439
-0.263151488952131
0.977415894286095
-0.638192129352150
-0.388894256356592
0.996818746958190
-0.530342090657264
-0.507753179550753
0.998576841838649
-0.413104429824542
-0.617624328489618
0.982659058768029
-0.288554378821442
-0.716562866343788
0.949347159528717
-0.158896606741104
-0.802817475191112
0.899230800360077
-0.026426194801800
-0.874861356216686
0.833197094412450
0.106511989044933
-0.931419255684617
0.752414908895725
0.237564796784594
-0.971490038292867
0.658314174879792
0.364412453575926
-0.994364408338677
0.552560575985470
0.484809620246330
-0.999637465011020
0.437026064003153
0.596625138196349
-0.987215869567932
0.313755723344372
0.697879753185813
-0.957319497532068
0.184931570860679
0.786781150250536
-0.910477546658814
0.052833931812017
0.861755679593753
-0.847519169570126
-0.080198924328854
0.921476211870404
-0.769558796866422
-0.211812173746587
0.964885629795707
-0.677976410513220
-0.339676121182921
0.991215540251540
-0.574393116684668
-0.461527438034029
0.999999875666361
-0.460642450450629
-0.575209225687232
0.991083143909599
-0.338737920245306
-0.678709194932878
0.964623180668653
-0.210837366614626
-0.770195285635327
0.921088355588456
-0.079204766131201
-0.848048096156417
0.861249281627849
0.053829843412110
-0.910889548496309
0.786165174386197
0.185911607162905
-0.957607281747653
0.697165102854573
0.314702536658171
-0.987374342073240
0.595824463473271
0.437922894720373
-0.999663820673246
0.483937093930240
0.553391549243334
-0.994258180634413
0.363483520315689
0.659064581563051
-0.971253107566071
0.236595899692272
0.753071466003614
-0.931055815862531
0.105520278635171
0.833748180182039
-0.874377840572804
-0.027423164194220
0.899666659983948
-0.802222442469388
-0.159881187691826
0.949660077825426
-0.715866849259727
-0.289509143194753
0.982843496749090
-0.616839647289884
-0.414012477270014
0.998629534754573
-0.506893723931702
-0.531187347764096
0.996738762088014
-0.387975239601786
-0.638959634165653
0.977204647447558
-0.262189178640871
-0.735421651756666
0.940372965551576
-0.131762088840135
-0.818865919671935
0.886895676556415
0.000997330835786
-0.887815385136398
0.817719385664426
0.133739096689425
-0.941049568878657
0.734068587199636
0.264113537514758
-0.977626168919300
0.637423989748714
0.389812886290347
-0.996897740323616
0.529496306035584
0.508612130123446
-0.998523155669252
0.412195971476876
0.618408395357529
-0.982473643366416
0.287599327432023
0.717258170684949
-0.949033296945773
0.157911867740833
0.803411709375137
-0.898794046299179
0.025429199124034
0.875344001663059
-0.832645179887504
-0.107503593510488
0.931781769052809
-0.751757603384027
-0.238533457578553
0.971726002708596
-0.657563113391803
-0.365341024366377
0.994469646979444
-0.551729053112684
-0.485681664337298
0.999610115040354
-0.436128798589636
-0.597425219474872
0.987056415109559
-0.312808597947496
-0.698593709357686
0.957030761100414
-0.183951350612745
-0.787396343528021
0.910064639197488
-0.051837967659647
-0.862261220397945
0.846989399982738
0.081193002755120
-0.921863151588490
0.768921542641187
0.212786770195563
-0.965147119180887
0.677242951731435
0.340613984255240
-0.991346950662069
0.573576436351064
0.462411966550398
-0.999998880997441
0.459757004680456
0.576024762546963
-0.990949761767932
0.337799382375541
0.679441304261500
-0.964359772060798
0.209862349769236
0.770831008314815
-0.920699583128434
0.078210529151005
0.848576179215535
-0.860742027003953
-0.054825701469324
0.911300644300175
-0.785548416547714
-0.186891458544610
0.957894113460924
-0.696449759074768
-0.315649036947085
0.987531832467856
-0.595023196102032
-0.438819289849220
0.999689182000815
-0.483064086256892
-0.554221972059777
0.994150963972316
-0.362554225509646
-0.659814332695183
0.971015210763883
-0.235626767265340
-0.753727274054595
0.930691449948040
-0.104528463267669
-0.834298436648122
0.873893455212345
0.028420106309695
-0.900101624737237
0.801626611801865
0.160865609613700
-0.949972051524647
0.715170120125071
0.290463619602295
-0.983026957126156
0.616054352538860
0.414920112910094
-0.998681234364613
0.506033764121175
0.532032076515311
-0.996657785792645
0.387055836939992
0.639726503425777
-0.976992428613808
0.261226607538134
0.736097087119726
-0.940033260679742
0.130773387834320
0.819437965209729
-0.886434498785998
-0.001994660679559
0.888273915031158
-0.817144898335134
-0.134727401566431
0.941386466660907
-0.733390959351518
-0.265075323371809
0.977835471138019
-0.636655216119313
-0.390731128489265
0.996975742105720
-0.528649994740313
-0.509470574795368
0.998468476299785
-0.411287103130641
-0.619191847113809
0.982287250728700
-0.286643989976469
-0.717952761591651
0.948718490388816
-0.156926971670537
-0.804005144430436
0.898356398235660
-0.024432178152659
-0.875825776431872
0.832092437156174
0.108495091045618
-0.932143355606491
0.751099550122319
0.239501881110729
-0.971961000578531
0.656811397846152
0.366269231763473
-0.994573896452040
0.550896981452112
0.486553225335788
-0.999581770788451
0.435231099372330
0.598224706513058
-0.986895978856726
0.311861161409523
0.699306970659961
-0.956741072739893
0.182970947394041
0.788010753606685
-0.909650826523044
0.050841951945599
0.862765903537601
-0.846458787921229
-0.082187000421261
0.922249174357837
-0.768283523593523
-0.213761154992042
0.965407648564105
-0.676508819316999
-0.341551508529293
0.991477375010472
-0.572759185498688
-0.463296035119811
0.999996891660591
-0.458871101604173
-0.576839726452705
0.990815393959218
-0.336860508507161
-0.680172737770890
0.964095404234109
-0.208887124180347
-0.771465964272562
0.920309894877017
-0.077216214377302
-0.849103418222181
0.860233916226579
0.055821504993110
-0.911710833661489
0.784930877348504
0.187871124031167
-0.958179992386564
0.695733722557926
0.316595223269673
-0.987688340595137
0.594221336879708
0.439715248498104
-0.999713548968503
0.482190598094726
0.555051843608759
-0.994042758459025
0.361624570082139
0.660563427530403
-0.970776348122910
0.234657400467756
0.754382332396446
-0.930326158303605
0.103536543928940
0.834847863263410
-0.873408200617161
-0.029417020156542
0.900535694187328
-0.801029983781149
-0.161849871527504
0.950283080316094
-0.714472679632836
-0.291417807094640
0.983209439716744
-0.615268445017642
-0.415827335842034
0.998731940617342
-0.505173300974527
-0.532876276070738
0.996575818152638
-0.386136049285766
-0.640492736369796
0.976779237995935
-0.260263776601405
-0.736771790309839
0.939692620785923
-0.129784556752293
-0.820009195677963
0.885972439306626
0.002991988539360
-0.888731561387314
0.816569598217107
0.135715572434317
-0.941722428075152
0.732712602022135
0.266036845566696
-0.978043800734065
0.635885809228721
0.391648982040078
-0.997052752226916
0.527803157613210
0.510328512712632
-0.998412803784633
0.410377825689804
0.619974682979038
-0.982099881040243
0.285688367404958
0.718646638372887
-0.948402740170911
0.155941919509783
0.804597779766639
-0.897917856604817
0.023435132879297
0.876306680043843
-0.831538866768224
-0.109486480663925
0.932504014986075
-0.750440749765101
-0.240470066417686
0.972195031668974
-0.656059028990493
-0.367197074843797
0.994677156652776
-0.550064361831319
-0.487424302374746
0.999552432283503
-0.434332967244174
-0.599023598515556
0.986734560969005
-0.310913414673015
-0.700019536383322
0.956450432738627
-0.181990362179911
-0.788624379875517
0.909236109047059
-0.049845885660749
-0.863269728510750
0.845927333913337
0.083180916338424
-0.922634279794502
0.767644740358059
0.214735327167029
-0.965667217686236
0.675774014000266
0.342488693072741
-0.991606813167031
0.571941364940574
0.464179642863101
-0.999993907657789
0.457984742103111
0.577654116593875
-0.990680040617112
0.335921299574169
0.680903494733556
-0.963830077451596
0.207911690817790
0.772100152877032
-0.919919291221881
0.076221822798908
0.849629812651973
-0.859724949801217
-0.056817252993030
0.912120116172283
-0.784312557402920
-0.188850602648189
0.958464918240212
-0.695016994016370
-0.317541094684847
0.987843866299385
-0.593418886603724
-0.440610769775894
0.999736921552069
-0.481316630312399
-0.555881163064901
0.993933564202187
-0.360694554957814
-0.661311865323673
0.970536519880783
-0.233687800263665
-0.755036640377470
0.929959941292499
-0.102544521605560
-0.835396459481309
0.872922077269822
0.030413904743247
-0.900968867902393
0.800432559000672
0.162833972454308
-0.950593163890343
0.713774528476705
0.292371704722658
-0.983390944339319
0.614481925507903
0.416734145163292
-0.998781653462332
0.504312335347586
0.533719945590533
-0.996492859249505
0.385215877553913
0.641258332235430
-0.976565075805979
0.259300686788299
0.737445760655783
-0.939351046208925
0.128795596577641
0.820579610508369
-0.885509498577868
-0.003989313423010
0.889188323749750
-0.815993485882546
-0.136703608310012
0.942057452787289
-0.732033515886171
-0.266998103142858
0.978251157500231
-0.635115769842156
-0.392566446029667
0.997128770610609
-0.526955795496742
-0.511185943022019
0.998356138179170
-0.409468140058952
-0.620756902174731
0.981911534487436
-0.284732460668181
-0.719339800338638
0.948086046606158
-0.154956712238542
-0.805189614794405
0.897478421842929
-0.022438064295846
-0.876786712020742
0.830984469274368
0.110477761379533
-0.932863746832782
0.749781202967776
0.241438012536513
-0.972428095747115
0.655306007573313
0.368124552684558
-0.994779427478936
0.549231195078628
0.488294894587841
-0.999522099554692
0.433434403098359
0.599821894687824
-0.986572161606961
0.309965358680450
0.700731405818840
-0.956158841385724
0.181009595945490
0.789237221724021
-0.908820487182063
0.048849769795626
0.863772694816167
-0.845395038487712
-0.084174749518218
0.923018467515367
-0.767005193569989
-0.215709285751434
0.965925826289050
-0.675038536512041
-0.343425536953288
0.991735265002975
-0.571122975490090
-0.465062788901270
0.999989928992004
-0.457097927058803
-0.578467932160378
0.990543701876222
-0.334981756510658
-0.681633574422593
0.963563791977112
-0.206936050652022
-0.772733573497381
0.919527772551459
-0.075227355405139
-0.850155361981292
0.859215128234004
0.057812944478474
-0.912528491425434
0.783693457325843
0.189829893421250
-0.958748890738542
0.694299574162844
0.318486650251617
-0.987998409425918
0.592615846072344
0.441505852791689
-0.999759299728267
0.480442183779320
0.556709929603164
-0.993823381310401
0.359764181061781
0.662059645330418
-0.970295726276024
0.232717967617553
0.755690197346995
-0.929592799279069
0.101552397284318
0.835944224756274
-0.872435085653970
-0.031410759078182
0.901401145451665
-0.799834338054775
-0.163817911415199
0.950902301939035
-0.713075667351226
-0.293325311537811
0.983571470813385
-0.613694794792105
-0.417640539971997
0.998830372850131
-0.503450868096875
-0.534563084235620
0.996408909165774
-0.384295322659856
-0.642023290261252
0.976349942256973
-0.258337339056937
-0.738118997487258
0.939008537288520
-0.127806508293883
-0.821149209133639
0.885045677060225
0.004986634338727
-0.889644201664035
0.815416561904525
0.137691508210973
-0.942391540464002
0.731353701619129
0.267959095144383
-0.978457541230231
0.634345098725595
0.393483519545670
-0.997203797181173
0.526107909233463
0.512042864870574
-0.998298479539768
0.408558047142816
0.621538503922750
-0.981722211257645
0.283776270716839
0.720032246799358
-0.947768410009601
0.153971350836656
0.805780648924988
-0.897038094386987
0.021440973393948
0.877265871885041
-0.830429245225922
-0.111468932206219
0.933222550788798
-0.749120910386224
-0.242405718504534
0.972660192581132
-0.654552334343447
-0.369051664363328
0.994880708828794
-0.548397482022575
-0.489165001109218
0.999490772632191
-0.432535407828760
-0.600619594235913
0.986408780932167
-0.309016994374938
-0.701442578258601
0.955866298971288
-0.180028649666428
-0.789849278542763
0.908403961341557
-0.047853605341149
-0.864274801953681
0.844861902173935
0.085168498971995
-0.923401737138379
0.766364883865815
0.216683029776490
-0.966183474115375
0.674302387583798
0.344362039239085
-0.991862730390566
0.570304017961169
0.465945472355879
-0.999984955667193
0.456210657353237
0.579281172342736
-0.990406377872175
0.334041880251058
0.682362976111649
-0.963296548075552
0.205960204653259
0.773366225503422
-0.919135339255228
0.074232813184935
0.850680065687270
-0.858704452032101
-0.058808578459286
0.912935959014650
-0.783073577733145
-0.190808995376505
0.959031909598932
-0.693581463711024
-0.319431889029682
0.988151969821037
-0.591812216084327
-0.442400496655381
0.999780683474843
-0.479567259365274
-0.557538142399389
0.993712209893251
-0.358833449319453
-0.662806766807013
0.970053967548116
-0.231747903494304
-0.756343002654875
0.929224732628417
-0.100560171952277
-0.836491158543396
0.871947226253891
0.032407582169580
-0.901832526405122
0.799235321538354
0.164801687431262
-0.951210494154643
0.712376096951375
0.294278626591030
-0.983751018959356
0.612907053653003
0.418546519366689
-0.998878098732278
0.502588900079073
0.535405691167452
-0.996323967984945
0.383374385519033
0.642787609686469
-0.976133837562904
0.257373734365311
0.738791500134693
-0.938665094365391
0.126817292884948
0.821717990987276
-0.884580975215151
-0.005983950294393
0.890099194676825
-0.814838826857024
-0.138679271154453
0.942724690773061
-0.730673159897356
-0.268919820615290
0.978662951718828
-0.633573796645778
-0.394400201675797
0.997277831863999
-0.525259499667223
-0.512899277405943
0.998239827923766
-0.407647547846535
-0.622319487445660
0.981531911539139
-0.282819798501917
-0.720723977066291
0.947449830697110
-0.152985836284122
-0.806370881570504
0.896596874675021
-0.020443861165263
-0.877744159160025
0.829873195175213
0.112459992158322
-0.933580426497150
0.748459872677293
0.243373183359090
-0.972891321940113
0.653798010050637
0.369978408957832
-0.994981000601586
0.547563223492523
0.490034621073312
-0.999458451547167
0.431635982329581
0.601416696366285
-0.986244419107057
0.308068322699788
0.702153052995145
-0.955572805786168
0.179047524318441
0.790460549722878
-0.907986531939658
0.046857393288172
0.864776049423804
-0.844327925502057
-0.086162163711075
0.923784088282269
-0.765723811882070
-0.217656558273422
0.966440160908909
-0.673565567947843
-0.345298198998408
0.991989209203004
-0.569484493168495
-0.466827692348750
0.999978987688302
-0.455322933869053
-0.580093836331859
0.990268068741564
-0.333101671730339
-0.683091699075542
0.963028346012736
-0.204984153792257
-0.773998108266163
0.918741991723527
-0.073238197127650
-0.851203923248241
0.858192921703462
0.059804153945024
-0.913342518534823
0.782452919241543
0.191787907539959
-0.959313974540036
0.692862663375357
0.320376810078736
-0.988304547331981
0.591007997439203
0.443294700476995
-0.999801072770521
0.478691857940720
0.558365800629683
-0.993600050061328
0.357902360656815
0.663553229010236
-0.969811243937556
0.230777608858369
0.756995055651783
-0.928855741706689
0.099567846595919
0.837037260298657
-0.871458499554899
-0.033404373026387
0.902263010333682
-0.798635510047300
-0.165785299524412
0.951517740230549
-0.711675817973073
-0.295231648934626
0.983929588598602
-0.612118702874229
-0.419452082446114
0.998924831061291
-0.501726432151650
-0.536247765547817
0.996238035791528
-0.382453067047577
-0.643551289750750
0.975916761938773
-0.256409873671999
-0.739463267929093
0.938320717781230
-0.125827951334778
-0.822285955503464
0.884115393504659
0.006981260298009
-0.890553302335500
0.814260281314435
0.139666896157955
-0.943056903383054
0.729991891397455
0.269880278599758
-0.978867388761682
0.632801864369543
0.395316491508044
-0.997350874585438
0.524410567641426
0.513755179776082
-0.998180183389509
0.406736643075857
0.623099851966463
-0.981340635521225
0.281863044974896
0.721414990451239
-0.947130308985602
0.152000169561312
0.806960312143731
-0.896154763145900
0.019446728601703
0.878221573370175
-0.829316319675326
-0.113450940249951
0.933937373602035
-0.747798090498496
-0.244340406137875
0.973121483594267
-0.653043035445186
-0.370904785546266
0.995080302697601
-0.546728420318474
-0.490903753615138
0.999425136331754
-0.430736127495657
-0.602213200286087
0.986079076295154
-0.307119344598831
-0.702862829321782
0.955278362122360
-0.178066220877647
-0.791071034656355
0.907568199391663
-0.045861134627824
-0.865276436727961
0.843793109003328
0.087155742747545
-0.924165520566723
0.765081978256554
0.218629870274335
-0.966695886414332
0.672828078337069
0.346234015300515
-0.992114701314484
0.568664401927226
0.467709448002768
-0.999972025061270
0.454434757489242
0.580905923319786
-0.990128774621992
0.332161131883700
0.683819742589269
-0.962759186055498
0.204007899039862
0.774629221156947
-0.918347730347699
0.072243508222598
0.851726934143019
-0.857680537757007
-0.060799669945422
0.913748169581465
-0.781831482468102
-0.192766628937918
0.959595085281225
-0.692143173870484
-0.321321412458895
0.988456141806986
-0.590203190936536
-0.444188463367093
0.999820467595024
-0.477815980375994
-0.559192903470611
0.993486901926193
-0.356970915999565
-0.664299031197433
0.969567555685773
-0.229807084675090
-0.757646355688996
0.928485826880909
-0.098575422202507
-0.837582529478744
0.870968906043115
0.034401130656898
-0.902692596809059
0.798034904178227
0.166768746716056
-0.951824039861285
0.710974831112866
0.296184377620441
-0.984107179553586
0.611329743239929
0.420357228309538
-0.998970569790709
0.500863465172477
0.537089306539129
-0.996151112670958
0.381531368162105
0.644314329694485
-0.975698715600402
0.255445757935943
0.740134300202271
-0.937975407878419
0.124838484627665
0.822853102117268
-0.883648932391954
-0.007978563357354
0.891006524188373
-0.813680925852351
-0.140654382238894
0.943388177963539
-0.729309896797217
-0.270840468142887
0.979070852155448
-0.632029302664882
-0.396232388131423
0.997422925272836
-0.523561114000672
-0.514610571130044
0.998119545996324
-0.405825333736832
-0.623879596709310
0.981148383394160
-0.280906011087430
-0.722105286267185
0.946809845192969
-0.151014351648639
-0.807548940058651
0.895711760239480
-0.018449576695084
-0.878698114040513
0.828758619280296
0.114441775495443
-0.934293391748326
0.747135564508238
0.245307385878821
-0.973350677314605
0.652287411278216
0.371830793207191
-0.995178615018044
0.545893073330400
0.491772397870198
-0.999390827019096
0.429835844221637
0.603009105203061
-0.985912752660920
0.306170061015552
0.703571906532522
-0.954982968272736
0.177084740319673
0.791680732735824
-0.907148964113675
0.044864830350597
0.865775963368319
-0.843257453209715
-0.088149235092896
0.924546033612256
-0.764439383627678
-0.219602964810884
0.966950650377224
-0.672089919485034
-0.347169487214365
0.992239206600155
-0.567843745053267
-0.468590738440475
0.999964067793017
-0.453546129097245
-0.581717432498574
0.989988495651948
-0.331220261646880
-0.684547105928500
0.962489068471379
-0.203031441367126
-0.775259563548024
0.917952555519722
-0.071248747459391
-0.852249097851264
0.857167300702039
0.061795125470271
-0.914152911751091
0.781209268031088
0.193745158596656
-0.959875241542826
0.691422995912058
0.322265695230592
-0.988606753095266
