0.000000000000000
0.376455265374392
0.697522514745702
0.915962993388166
0.999637465011020
0.936234870639736
0.735083659720176
0.425779291565072
0.053829843412128
-0.326039611452341
-0.657938725939712
-0.893035048612885
-0.996738762088014
-0.953791896906691
-0.770513242775788
-0.473868662472998
-0.107503593510525
0.274678522802390
0.616447076559469
0.867517521717717
0.990949761767934
0.968583161128630
0.803708526830788
0.520583930743607
0.160865609613697
-0.222520933956314
-0.573167882188922
-0.839484407258076
-0.982287250728688
-0.980565772275219
-0.834573253721302
-0.565789633582214
-0.213761154992114
0.169718089100669
0.528226641853085
0.809016994374946
0.970776348122917
0.989704983719634
0.863017923326349
0.609354685562807
0.266036845566675
-0.116423103505822
-0.481753674101715
-0.776203631076352
-0.956450432738631
-0.995974293995238
-0.888960053096192
-0.651152758743571
-0.317541094684842
0.062790519529312
0.433883739117557
0.741139468049854
0.939351046208923
0.999355523643320
0.912324417231453
0.691062648986863
0.368124552684676
-0.008975858481000
-0.384755647944937
-0.703926182748943
-0.919527772551449
-0.999838867929057
-0.933043264819443
-0.728968627421411
-0.417640539972130
-0.044864830350514
0.334511859971846
0.664671684553426
0.897038094386969
0.997422925272833
0.951056516295153
0.764760776027598
0.465945472355825
0.098575422202443
-0.283298069832749
-0.623489801858733
-0.871947226253862
-0.992114701314477
-0.966311937657223
-0.798335306372699
-0.512899277405907
-0.152000169561268
0.231262784929951
0.580499952001573
0.844327925502014
0.983929588598629
0.978765291933710
0.829594860571830
0.558365800629661
0.204984153792228
-0.178556894798639
-0.535826794978998
-0.814260281314379
-0.972891321940145
-0.988380467458429
-0.858448793601863
-0.602213200286078
-0.257373734365305
0.125333233564302
0.489599871965050
0.781831482468028
0.959031909598964
0.995129582585910
0.884813436149738
0.644314329694494
0.309016994374947
-0.071746136761380
-0.441953229673227
-0.747135564508150
-0.942391540464034
-0.998993066541314
-0.908612337232873
-0.684547105928686
-0.359764181061804
0.017950993798100
0.393025031653927
0.710273137068059
0.923018467515398
0.999959716170870
0.929776485888251
0.722794863827392
0.409468140058891
0.035896202634583
-0.342957157654130
-0.671351092126003
-0.900968867902418
-0.998026728428271
-0.948244511287225
-0.758946694294554
-0.457984742103066
-0.089639308903432
0.291894792201035
0.630482294044715
0.876306680043864
0.993199708502812
0.963962860695851
0.792897765908472
0.505173300974497
0.143122483211115
-0.239986003602563
-0.587785252292471
-0.849103418222192
-0.985492653565725
-0.976885954764647
-0.824549628907140
-0.550896981452102
-0.196190637499095
0.187381314585725
0.543383777794806
0.819437965209732
0.974927912181823
0.986976319697494
0.853810500668345
0.595023196102035
0.248689887164852
-0.134233265817658
-0.497406623913224
-0.787396343528013
-0.961536119504149
-0.994204695916450
-0.880595531856738
-0.637423989748691
-0.300467997289453
0.080695973575216
0.449987113092120
0.753071466003610
0.945356108439568
0.998550122907320
0.904827052466018
0.677976410513214
0.351374824081341
-0.026924682845657
-0.401262750256475
-0.716562866343788
-0.926434797042887
-0.999999999999999
-0.926434797042885
-0.716562866343794
-0.401262750256470
-0.026924682845666
0.351374824081347
0.677976410513218
0.904827052466021
0.998550122907320
0.945356108439566
0.753071466003611
0.449987113092115
0.080695973575218
-0.300467997289458
-0.637423989748689
-0.880595531856741
-0.994204695916451
-0.961536119504146
-0.787396343528010
-0.497406623913226
-0.134233265817653
0.248689887164850
0.595023196102039
0.853810500668344
0.986976319697495
0.974927912181823
0.819437965209729
0.543383777794807
0.187381314585719
-0.196190637499093
-0.550896981452107
-0.824549628907139
-0.976885954764648
-0.985492653565726
-0.849103418222189
-0.587785252292472
-0.239986003602558
0.143122483211120
0.505173300974508
0.792897765908475
0.963962860695851
0.993199708502812
0.876306680043865
0.630482294044711
0.291894792201037
-0.089639308903437
-0.457984742103064
-0.758946694294558
-0.948244511287225
-0.998026728428270
-0.900968867902419
-0.671351092125999
-0.342957157654132
0.035896202634589
0.409468140058890
0.722794863827396
0.929776485888251
0.999959716170870
0.923018467515396
0.710273137068050
0.393025031653922
0.017950993798102
-0.359764181061809
-0.684547105928685
-0.908612337232875
-0.998993066541313
-0.942391540464033
-0.747135564508151
-0.441953229673222
-0.071746136761381
0.309016994374952
0.644314329694492
0.884813436149740
0.995129582585910
0.959031909598963
0.781831482468029
0.489599871965046
0.125333233564304
-0.257373734365310
-0.602213200286082
-0.858448793601870
-0.988380467458430
-0.972891321940145
-0.814260281314376
-0.535826794979000
-0.178556894798633
0.204984153792227
0.558365800629665
0.829594860571829
0.978765291933711
0.983929588598629
0.844327925502011
0.580499952001574
0.231262784929946
-0.152000169561266
-0.512899277405911
-0.798335306372701
-0.966311937657225
-0.992114701314477
-0.871947226253858
-0.623489801858732
-0.283298069832741
0.098575422202445
0.465945472355820
0.764760776027599
0.951056516295151
0.997422925272833
0.897038094386969
0.664671684553422
0.334511859971848
-0.044864830350519
-0.417640539972129
-0.728968627421414
-0.933043264819443
-0.999838867929057
-0.919527772551450
-0.703926182748940
-0.384755647944936
-0.008975858480991
0.368124552684678
0.691062648986870
0.912324417231454
0.999355523643321
0.939351046208922
0.741139468049857
0.433883739117555
0.062790519529317
-0.317541094684847
-0.651152758743570
-0.888960053096194
-0.995974293995238
-0.956450432738629
-0.776203631076354
-0.481753674101710
-0.116423103505824
0.266036845566681
0.609354685562807
0.863017923326353
0.989704983719634
0.970776348122915
0.809016994374946
0.528226641853077
0.169718089100668
-0.213761154992123
-0.565789633582216
-0.834573253721299
-0.980565772275220
-0.982287250728688
-0.839484407258074
-0.573167882188925
-0.222520933956310
0.160865609613696
0.520583930743612
0.803708526830787
0.968583161128631
0.990949761767934
0.867517521717714
0.616447076559470
0.274678522802383
-0.107503593510539
-0.473868662472992
-0.770513242775789
-0.953791896906694
-0.996738762088012
-0.893035048612887
-0.657938725939710
-0.326039611452333
0.053829843412117
0.425779291565068
0.735083659720178
0.936234870639740
0.999637465011020
0.915962993388167
0.697522514745698
0.376455265374380
0.000000000000009
-0.376455265374390
-0.697522514745706
-0.915962993388171
-0.999637465011020
-0.936234870639736
-0.735083659720171
-0.425779291565059
-0.053829843412134
0.326039611452343
0.657938725939719
0.893035048612892
0.996738762088013
0.953791896906690
0.770513242775782
0.473868662473008
0.107503593510528
-0.274678522802394
-0.616447076559478
-0.867517521717712
-0.990949761767933
-0.968583161128629
-0.803708526830780
-0.520583930743615
-0.160865609613699
0.222520933956321
0.573167882188933
0.839484407258073
0.982287250728688
0.980565772275217
0.834573253721293
0.565789633582218
0.213761154992112
-0.169718089100678
-0.528226641853098
-0.809016994374944
-0.970776348122918
-0.989704983719632
-0.863017923326355
-0.609354685562810
-0.266036845566670
0.116423103505835
0.481753674101707
0.776203631076351
0.956450432738632
0.995974293995237
0.888960053096196
0.651152758743573
0.317541094684837
-0.062790519529328
-0.433883739117552
-0.741139468049855
-0.939351046208926
-0.999355523643320
-0.912324417231455
-0.691062648986862
-0.368124552684668
0.008975858480987
0.384755647944933
0.703926182748947
0.919527772551454
0.999838867929057
0.933043264819444
0.728968627421407
0.417640539972119
0.044864830350523
-0.334511859971845
-0.664671684553430
-0.897038094386974
-0.997422925272833
-0.951056516295152
-0.764760776027592
-0.465945472355811
-0.098575422202449
0.283298069832751
0.623489801858740
0.871947226253870
0.992114701314476
0.966311937657222
0.798335306372694
0.512899277405914
0.152000169561270
-0.231262784929957
-0.580499952001583
-0.844327925502010
-0.983929588598628
-0.978765291933709
-0.829594860571823
-0.558365800629668
-0.204984153792230
0.178556894798644
0.535826794979009
0.814260281314374
0.972891321940144
0.988380467458428
0.858448793601857
0.602213200286085
0.257373734365299
-0.125333233564314
-0.489599871965043
-0.781831482468027
-0.959031909598966
-0.995129582585909
-0.884813436149742
-0.644314329694495
-0.309016994374942
0.071746136761392
0.441953229673219
0.747135564508149
0.942391540464036
0.998993066541313
0.908612337232876
0.684547105928687
0.359764181061799
-0.017950993798113
-0.393025031653918
-0.710273137068058
-0.923018467515400
-0.999959716170870
-0.929776485888252
-0.722794863827388
-0.409468140058880
-0.035896202634592
0.342957157654129
0.671351092126007
0.900968867902424
0.998026728428270
0.948244511287226
0.758946694294551
0.457984742103055
0.089639308903441
-0.291894792201033
-0.630482294044719
-0.876306680043870
-0.993199708502811
-0.963962860695852
-0.792897765908469
-0.505173300974486
-0.143122483211124
0.239986003602569
0.587785252292481
0.849103418222187
0.985492653565725
0.976885954764646
0.824549628907133
0.550896981452110
0.196190637499097
-0.187381314585730
-0.543383777794816
-0.819437965209727
-0.974927912181823
-0.986976319697494
-0.853810500668339
-0.595023196102042
-0.248689887164854
0.134233265817664
0.497406623913235
0.787396343528008
0.961536119504149
0.994204695916449
0.880595531856729
0.637423989748692
