0.000000000000000
0.902907053368371
0.776203631076352
-0.235626767265315
-0.978765291933710
-0.605790043840820
0.457984742103066
0.999506560365731
0.401262750256475
-0.654552334343433
-0.963962860695853
-0.174139245707389
0.814260281314377
0.874135756577056
-0.062790519529312
-0.928114988519038
-0.735083659720177
0.296184377620475
0.989704983719633
0.554636976794313
-0.512899277405902
-0.995561964603079
-0.342957157654133
0.700731405818911
0.945356108439569
0.111964476103311
-0.849103418222190
-0.841914645309172
0.125333233564302
0.949660077825424
0.691062648986866
-0.355573083550938
-0.996738762088013
-0.501295010989929
0.565789633582209
0.987688340595138
0.283298069832755
-0.744145010569347
-0.923018467515399
-0.049347833863759
0.880595531856733
0.806370881570464
-0.187381314585722
-0.967457292663055
-0.644314329694497
0.413558504966516
0.999838867929057
0.445974662797073
-0.616447076559464
-0.975916761938748
-0.222520933956322
0.784621814930586
0.897038094386972
-0.013463561731176
-0.908612337232869
-0.767644740358017
0.248689887164851
0.981436395555737
0.595023196102041
-0.469911799899894
-0.998993066541314
-0.388894256356607
0.664671684553420
0.960293685676946
0.160865609613707
-0.822002075447908
-0.867517521717721
0.076221822798882
0.933043264819439
0.725889056058891
-0.309016994374936
-0.991542217370803
-0.543383777794816
0.524410567641360
0.994204695916452
0.330279061955174
-0.710273137068046
-0.940880768954228
-0.098575422202460
0.856138269310455
0.834573253721312
-0.138679271154425
-0.953791896906690
-0.681268619282675
0.368124552684672
0.997734875046454
0.489599871965058
-0.576839726452732
-0.985492653565727
-0.270360406986368
0.753071466003604
0.917754625683987
0.035896202634593
-0.886895676556406
-0.798335306372708
0.200589415783254
0.970776348122914
0.633959526508166
-0.425779291565060
-0.999989928992004
-0.433883739117571
0.626992362396811
0.972891321940148
0.209374763007094
-0.792897765908464
-0.891006524188372
0.026924682845644
0.914152911751087
0.758946694294568
-0.261707925628587
-0.983929588598625
-0.584148485111098
0.481753674101708
0.998298479539765
0.376455265374413
-0.674670545932061
-0.956450432738634
-0.147562812492461
0.829594860571816
0.860742027003952
-0.089639308903421
-0.937802403039826
-0.716562866343811
0.321793593854429
0.993199708502810
0.532032076515343
-0.535826794978971
-0.992667202067975
-0.317541094684860
0.719686113050182
0.936234870639738
0.085168498971985
-0.863017923326340
-0.827080574274568
0.152000169561261
0.957750816684921
0.671351092126019
-0.380609289778850
-0.998550122907319
-0.477815980375942
0.587785252292453
0.983118320656129
0.257373734365313
-0.761861407873385
-0.912324417231464
-0.022438064295825
0.893035048612879
0.790155012375694
-0.213761154992086
-0.973919425411298
-0.623489801858745
0.437922894720358
0.999959716170870
0.421714162855329
-0.637423989748675
-0.969689520376689
-0.196190637499127
0.801029983781099
0.884813436149747
-0.040380923169135
-0.919527772551436
-0.750111069630478
0.274678522802368
0.986244419107037
0.573167882188929
-0.493508218064319
-0.997422925272835
-0.363948032196801
0.684547105928680
0.952433798569332
0.134233265817682
-0.837037260298618
-0.853810500668354
0.103040545578607
0.942391540464024
0.707106781186563
-0.334511859971830
-0.994677156652776
-0.520583930743635
0.547145889934064
0.990949761767936
0.304745564927232
-0.728968627421388
-0.931419255684627
-0.071746136761400
0.869741133155687
0.819437965209752
-0.165293514029456
-0.961536119504141
-0.661311865323664
0.393025031653888
0.999184357885972
0.465945472355847
-0.598624226943419
-0.980565772275221
-0.244340406137927
0.770513242775771
0.906728826522716
0.008975858481013
-0.899012535107105
-0.781831482468048
0.226894144495853
0.976885954764643
0.612907053653007
-0.449987113092092
-0.999748234942506
-0.409468140058908
0.647740067614401
0.966311937657232
0.182970947394082
-0.809016994374934
-0.878459952927516
0.053829843412091
0.924735945302228
0.741139468049870
-0.287599327432000
-0.988380467458424
-0.562083377852157
0.505173300974478
0.996366562457244
0.351374824081381
-0.694299574162820
-0.948244511287234
-0.120879385912347
0.844327925502006
0.846724199228303
-0.116423103505792
-0.946809845192909
-0.697522514745735
0.347169487214407
0.995974293995235
0.509041415750418
-0.558365800629645
-0.989052686346550
-0.291894792201040
0.738118997487320
0.926434797042906
0.058310768718955
-0.876306680043844
-0.811646811946229
0.178556894798612
0.965147119180879
0.651152758743582
-0.405369527637405
-0.999637465011019
-0.453990499739565
0.609354685562774
0.977835471138027
0.231262784929981
-0.779025402343214
-0.900968867902425
0.004487974438887
0.904827052465993
0.773366225503526
-0.239986003602520
-0.979675398423232
-0.602213200286109
0.461969759730540
0.999355523643321
0.397147890634820
-0.657938725939706
-0.962759186055468
-0.169718089100720
0.816857349838946
0.871947226253880
-0.067269005611979
-0.929776485888241
-0.732033515886217
0.300467997289440
0.990337346439113
0.550896981452149
-0.516746808235976
-0.995129582585915
-0.338737920245299
0.703926182748923
0.943883330308384
0.107503593510542
-0.851465534561455
-0.839484407258109
0.129784556752263
0.951056516295138
0.687811804415967
-0.359764181061774
-0.997090885390697
-0.497406623913240
0.569484493168416
0.986976319697505
0.278991106039258
-0.747135564508114
-0.921282398275828
-0.044864830350554
0.882713373816653
0.803708526830804
-0.191787907539913
-0.968583161128627
-0.640875613985050
0.417640539972079
0.999909362145144
0.441953229673266
-0.619974682979038
-0.974927912181830
-0.218143241396594
0.787396343528000
0.895045585511191
-0.017950993798036
-0.910477546658804
-0.764760776027629
0.253034359076118
0.982287250728681
0.591410180293955
-0.473868662472978
-0.998781653462336
-0.384755647944997
0.668018115955477
0.959031909598980
0.156434465040249
-0.824549628907117
-0.865276436727976
0.080695973575190
0.934648480581893
0.722794863827440
-0.313282199597398
-0.992114701314470
-0.539610720810803
0.528226641853046
0.993712209893249
0.326039611452371
-0.713425186616645
-0.939351046208929
-0.094108313318555
0.858448793601833
0.832092437156168
-0.143122483211070
-0.955130783952401
-0.677976410513247
0.372293658401891
0.998026728428269
0.485681664337347
-0.580499952001518
-0.984721038215631
-0.266036845566727
0.756016693999239
0.915962993388182
0.031410759078191
-0.888960053096180
-0.795624548881810
0.204984153792160
0.971843622476414
0.630482294044759
-0.429835844221517
-0.999999999999999
-0.429835844221599
0.630482294044688
0.971843622476435
0.204984153792249
-0.795624548881755
-0.888960053096221
0.031410759078100
0.915962993388145
0.756016693999299
-0.266036845566639
-0.984721038215615
-0.580499952001593
0.485681664337268
0.998026728428275
0.372293658401975
-0.677976410513180
-0.955130783952445
-0.143122483211161
0.832092437156118
0.858448793601880
-0.094108313318464
-0.939351046208898
-0.713425186616708
0.326039611452285
0.993712209893239
0.528226641853123
-0.539610720810726
-0.992114701314481
-0.313282199597485
0.722794863827337
0.934648480581925
0.080695973575281
-0.865276436727930
-0.824549628907169
0.156434465040159
0.959031909598954
0.668018115955545
-0.384755647944913
-0.998781653462332
-0.473868662473059
0.591410180293881
0.982287250728698
0.253034359076206
-0.764760776027570
-0.910477546658842
-0.017950993798127
0.895045585511151
0.787396343528056
-0.218143241396505
-0.974927912181809
-0.619974682979110
0.441953229673184
0.999909362145145
0.417640539972162
-0.640875613984980
-0.968583161128650
-0.191787907540002
0.803708526830749
0.882713373816696
-0.044864830350463
-0.921282398275793
-0.747135564508175
0.278991106039171
0.986976319697481
0.569484493168490
-0.497406623913161
-0.997090885390704
-0.359764181061859
0.687811804415900
0.951056516295166
0.129784556752353
-0.839484407258060
-0.851465534561503
0.107503593510451
0.943883330308354
0.703926182748988
-0.338737920245213
-0.995129582585906
-0.516746808236054
0.550896981452073
0.990337346439125
0.300467997289527
-0.732033515886155
-0.929776485888275
-0.067269005612070
0.871947226253836
0.816857349838998
-0.169718089100630
-0.962759186055443
-0.657938725939775
0.397147890634736
0.999355523643318
0.461969759730621
-0.602213200286036
-0.979675398423250
-0.239986003602608
0.773366225503468
0.904827052466032
0.004487974438978
-0.900968867902386
-0.779025402343271
0.231262784929892
0.977835471138009
0.609354685562846
-0.453990499739483
-0.999637465011023
-0.405369527637540
0.651152758743556
0.965147119180903
0.178556894798702
-0.811646811946143
-0.876306680043916
0.058310768718920
0.926434797042871
0.738118997487382
-0.291894792200953
-0.989052686346528
-0.558365800629674
0.509041415750340
0.995974293995243
0.347169487214493
-0.697522514745629
-0.946809845192920
-0.116423103505854
0.846724199228255
0.844327925502055
-0.120879385912229
-0.948244511287187
-0.694299574162865
0.351374824081296
0.996366562457236
0.505173300974581
-0.562083377852035
-0.988380467458433
-0.287599327432060
0.741139468049809
0.924735945302274
0.053829843412239
-0.878459952927500
-0.809016994374971
0.182970947393993
0.966311937657201
0.647740067614514
-0.409468140058876
-0.999748234942505
-0.449987113092173
0.612907053652912
0.976885954764669
0.226894144495887
-0.781831482468009
-0.899012535107145
0.008975858480922
0.906728826522666
0.770513242775865
-0.244340406137866
-0.980565772275209
-0.598624226943492
0.465945472355741
0.999184357885978
0.393025031653945
-0.661311865323617
