0.000000000000000
0.684910532306883
-0.998088854996448
0.769558796866416
-0.123354052049830
-0.589800567488769
0.982843496749094
-0.842452397007145
0.244823926448193
0.485681664337313
-0.952585646243147
0.902477915779745
-0.362554225509608
-0.374144192257922
0.907777478532910
-0.948718490388797
0.474746671879538
0.256891835958972
-0.849103418222199
0.980467816859507
-0.579687576411974
-0.135715572434315
0.777459685186409
-0.997240938513183
0.675774014000205
0.012466314595427
-0.693940605217119
0.998781653462335
-0.761538307536729
0.110973360590648
0.599821894687924
-0.985066427979237
0.835670446020754
-0.232717967617577
-0.496541174560746
0.956304755963039
-0.897038094386957
0.350907912382544
0.385676011372353
-0.912935959014710
0.944703889414163
-0.463737896649684
-0.268919820615287
0.855622475997196
-0.977939757526853
0.569484493168434
0.148056000577952
-0.785239744579844
0.996238035791514
-0.666532470249431
-0.024930691738096
0.702862829321794
-0.999319226239544
0.753399463701989
-0.098575422202413
-0.609750000544494
0.987136265072990
-0.828758619280191
0.220575840915150
0.507323514818637
-0.959875241542896
0.891458859784605
-0.339207062888912
-0.397147890634818
0.917952555519699
-0.940542467248610
0.452657049576996
0.280906011087462
-0.862008557172539
0.975259711649574
-0.559192903470719
-0.160373418592604
0.792897765908505
-0.995080302697605
0.657187337329431
0.037391194276361
-0.711675817973091
0.999701489781183
-0.745143530260938
0.086162163711185
0.619583342081527
-0.989052686346548
0.821717990987286
-0.208399433410029
-0.518027009373168
0.963296548075564
-0.885741079069634
0.327453495516707
0.408558047142735
-0.922826488393343
0.936234870639722
-0.441505852791712
-0.292848544541222
0.868260669255162
-0.972428095747099
0.548814406786634
0.172665912166346
-0.800432559000699
0.993767919160589
-0.647740067614393
-0.049845885660744
0.720378201500087
-0.999928384677748
0.736771790309780
-0.073735514324005
-0.629320391049875
0.990815393959227
-0.814549655361544
0.196190637499034
0.528649994740327
-0.966568143838559
0.879885640871156
-0.315649036947063
-0.419904707586183
0.927557000153190
-0.931781769052778
0.430286039357490
0.304745564927289
-0.874377840572835
0.969445349895123
-0.538350616090635
-0.184931570860722
0.807842952836261
-0.992301089144607
0.638192129352079
0.062292830244939
-0.728968627421467
0.999999875666361
-0.728285544942795
0.061297405329061
0.638959634165702
-0.992424113959745
0.807254726470137
-0.183951350612620
-0.539190819948461
0.969689520376708
-0.873893455212308
0.303795521770278
0.431186108523576
-0.932143355606542
0.927183854566762
-0.418999353002141
-0.316595223269759
0.880359120425159
-0.966311937657197
0.527803157613127
0.197168488408031
-0.815127795728603
0.990680040617090
-0.628545006435741
-0.074730093586494
0.737445760655858
-0.999915951636246
0.719686113050112
-0.048849769795507
-0.648499573345694
0.993878596328837
-0.799834338054665
0.171683474920106
0.549647846794749
-0.972660192581137
0.867765453368893
-0.291894792200971
-0.442400496655506
0.936584841964835
-0.922441841766688
0.407647547846350
0.328395677953613
-0.886203579231255
0.963028346012726
-0.517173670587844
-0.209374763007157
0.822285955503523
-0.988905025513364
0.618800198173267
0.087155742747768
-0.745808283729336
0.999676625630460
-0.710974831112824
0.036394542273178
0.657938725939775
-0.995178615018056
0.792289643355145
-0.159388917033749
-0.560019450100060
0.975479698764738
-0.861502587724496
0.279948697791374
0.453546129097363
-0.940880768954256
0.917556467632698
-0.396232388131451
-0.340145095010681
0.891910308674392
-0.959595085281200
0.506463806996819
0.221548497619579
-0.829316319675412
0.986976319697478
-0.608959219054494
-0.099567846595910
0.754054896979981
-0.999281934843862
0.702153052995066
-0.023933658491621
-0.667275624961773
0.996323967984960
-0.784621814930521
0.147069587712842
0.570304017961177
-0.978147600733825
0.855105831622675
-0.267959095144256
-0.464621273650360
0.945030468923189
-0.912528491425377
0.384755647944821
0.351841648404866
-0.897478421842942
0.956012689042981
-0.495675231314008
-0.233687800263813
0.836217795619891
-0.984894222919302
0.599023598515520
0.111964476103441
-0.762184318760121
0.998731940617339
-0.693222149733858
0.011469055059675
0.676508819317126
-0.997314477224465
0.776832044476673
-0.134727401566365
-0.580499952001690
0.980663483856326
-0.848576179215467
0.255927847624171
0.475624209070383
-0.949033296945834
0.907358694567817
-0.373219110944526
-0.363483520315769
0.902907053368437
-0.952281714056352
0.484809620246211
0.245790784309566
-0.842989310743876
0.982659058767994
-0.588994880701143
-0.124343704647658
0.770195285635395
-0.998026728428260
0.684183509325955
0.000997330835957
-0.685636874028500
0.998149988796547
-0.768921542641073
0.122364276755591
0.590605667620073
-0.983026957126180
0.841914645309076
-0.243856825068019
-0.486553225335905
0.952888630922488
-0.902047880524214
0.361624570081902
0.375068901421638
-0.908195359559877
0.948402740170864
-0.473868662472837
-0.257855568771334
0.849629812652055
-0.980271174621699
0.578874624224971
0.136703608310173
-0.778086552581046
0.997166407877206
-0.675038536511833
-0.013463561731379
0.694658370459091
-0.998830372850139
0.760891538834739
-0.109982134696089
-0.600619594236059
0.985237653224086
-0.835122265206048
0.231747903494010
0.497406623913398
-0.956595871676344
0.896596874674935
-0.349973827323064
-0.386595991179921
0.913342518534905
-0.944376370237424
0.462854058383354
0.269880278600070
-0.856138269310571
0.977730941593478
-0.568664401927048
-0.149042266176313
0.785856893175520
-0.996151112670938
0.665788652557874
0.025927700186728
-0.703571906532604
0.999355523643328
-0.752743281040872
0.097582899758938
0.610540175535044
-0.987295228574627
0.828200094544459
-0.219602964810761
-0.508182718021410
0.960154443046403
-0.891006524188313
0.338268693368431
0.398062998107524
-0.918347730347709
0.940203230014468
-0.451767519812674
-0.281863044975037
0.862513669207327
-0.975038754473766
0.558365800629555
0.161357760632985
-0.793505099791038
0.994981000601581
-0.656435295035143
-0.038387809087679
0.712376096951492
-0.999725359559781
0.744478035621338
-0.085168498971821
-0.620365869709416
0.989199363399651
-0.821149209133601
0.207423896524380
0.518879832893062
-0.963563791977162
0.885277697888780
-0.326510987371945
-0.409468140059026
0.923210217113057
-0.935883968070785
0.440610769775713
0.293802005594145
-0.868755021509423
0.972195031668925
-0.547980420889817
-0.173648177667147
0.801029983781210
-0.993656253522155
0.646979917596142
0.050841951945821
-0.721069573412166
0.999939823121441
-0.736097087119570
0.072740861719082
0.630095149698542
-0.990949761767956
0.813970704787158
-0.195212591445339
-0.529496306035742
0.966823388604496
-0.879411286122144
0.314702536657934
0.420809644504064
-0.927929223127383
0.931419255684553
-0.429385542199201
-0.305695304963265
0.874861356216793
-0.969200215136272
0.537509876752115
0.185911607163171
-0.808430375666042
0.992177077318278
-0.637423989748544
-0.063288193200067
0.729650984817572
-0.999998880997441
0.727601738061076
-0.060301919442552
-0.639726503426001
0.992546151641346
-0.806665697152659
0.182970947393860
0.540030487489870
-0.969932726338132
0.873408200617012
-0.302845176437321
-0.432085748802188
0.932504014986146
-0.926809786739257
0.418093581652309
0.317541094685041
-0.880831724313197
0.966054770315278
-0.526955795496465
-0.198146143199581
0.815705125313277
-0.990543701876192
0.627768996627324
0.075724598517358
-0.738118997487487
0.999902524009299
-0.718993308750698
0.047853605340917
0.649258434034501
-0.993988284916811
0.799235321538210
-0.170700866905629
-0.550480740085142
0.972891321940197
-0.867269374343147
0.290940749521980
0.443294700477222
-0.936933881697980
0.922056277615688
-0.406736643075620
-0.329337533745504
0.886665197913597
-0.962759186055396
0.516319817385806
0.210349884345718
-0.822853102117423
0.988756381046972
-0.618016438763606
-0.088149235093289
0.746472295365246
-0.999650767132345
0.710273137067882
-0.035397854069386
-0.658689460118944
0.995275937465142
-0.791680732735785
0.158404256935672
0.560845439695437
-0.975698715600417
0.860995761366526
-0.278991106038982
-0.454434757489512
0.941218134794899
-0.917159467080694
0.395316491507967
0.341082788800628
-0.892360870408631
0.959313974540010
-0.505603595411180
-0.222520933956575
0.829873195175394
-0.986815392607187
0.608167831851632
0.100560171952380
-0.754709580222967
0.999243649493372
-0.701442578258523
0.022936601439133
0.668018115955707
-0.996408909165803
0.784003104842228
-0.146083028562209
-0.571122975490192
0.978354471007676
-0.854588336700774
0.266998103142732
0.465504188506575
-0.945356108439662
0.912120116172133
-0.383834901812849
-0.352775034461045
0.897917856604931
-0.955719671206704
0.494808795034338
0.234657400467904
-0.836764313459095
0.984721038215574
-0.598224706512748
-0.112955480248522
0.762829571862411
-0.998681234364599
0.692503004724010
-0.010471784115866
-0.677242951731562
0.997387023937911
-0.776203631076159
0.133739096689078
0.581311750185981
-0.980858175417548
0.848048096156273
-0.254963604725903
-0.476501273172469
0.949347159528785
-0.906939008081104
0.372293658401651
0.364412453576271
-0.903335292863383
0.951976834664398
-0.483937093929985
-0.246757397690630
0.843525385985183
-0.982473643366376
0.588188608058521
0.125333233564628
-0.770831008315064
0.997963609153789
-0.683455805808832
-0.001994660679900
0.686362533768470
-0.998210129767745
0.768283523593373
