0.000000000000000
0.833472740925946
-0.921088355588451
0.184441483668976
0.717258170684965
-0.977098659516908
0.362554225509615
0.576432316169794
-0.999581770788450
0.528226641853081
0.415827335842036
-0.987766226259835
0.675774014000216
0.240954069435896
-0.942057452787297
0.800133548011201
0.057812944478567
-0.864023855812187
0.897038094386965
-0.127311916418547
-0.756343002654878
0.963162566797656
-0.308068322699826
-0.622709747129867
0.996238035791517
-0.478253978621311
-0.467709448002848
0.995129582585911
-0.632029302664846
-0.296660631545555
0.959875241542892
-0.764117801136705
-0.115432496909202
0.891684695095883
-0.869987120530011
0.069756473744118
0.792897765908481
-0.946004566200072
0.252551890060312
0.666904130524190
-0.989561751039374
0.426681491730822
0.518027009373137
-0.999164097081317
0.586170368601357
0.351374824081349
-0.974482118963731
0.725545977802918
0.172665912166285
-0.916362729562243
0.840025923150763
-0.011967686315568
-0.826800179863267
0.925682053535845
-0.196190637499078
-0.708867630216954
0.979575249599341
-0.373681698062487
-0.566611700966073
0.999856273754320
-0.538350616090658
-0.404913620735942
0.985829223087090
-0.684547105928668
-0.229321736804825
0.937975407878395
-0.807254726470151
-0.045861134627718
0.857936836400630
-0.902263010333646
0.139173100960051
0.748459872677324
-0.966311937657217
0.319431889029700
0.613301000476481
-0.997203797181178
0.488730008614187
0.457097927058721
-0.993878596328828
0.641258332235464
0.285210449497829
-0.956450432738636
0.771783154533405
0.103536543928934
-0.886203579231222
0.875825776431838
-0.081690011744969
-0.785548416547718
0.949816182769129
-0.264113537514735
-0.657938725939723
0.991215540251536
-0.437474533754540
-0.507753179550765
0.998603312456595
-0.595824463473249
-0.340145095010565
0.971726002708600
-0.733729864502862
-0.160865609613737
0.911505852311684
-0.846458787921214
0.023933658491713
0.820009195677958
-0.930143165446109
0.207911690817724
0.700375558181388
-0.981911534487436
0.384755647944904
0.556709929603230
-0.999987566661691
0.548397482022541
0.393941909590972
-0.983751018959357
0.693222149733961
0.217656558273583
-0.933759016147306
0.814260281314360
0.033902756056991
-0.851726934143067
0.907358694567840
-0.151014351648614
-0.740469540309808
0.969322903035154
-0.330749702924233
-0.603804410325506
0.998026728428267
-0.499136037492941
-0.446420935683881
0.992485256199839
-0.650395513961864
-0.273719416573590
0.952888630922473
-0.779337964931465
-0.091625761342737
0.880595531856761
-0.881538987243263
0.093611849232803
0.778086552580981
-0.953491756554182
0.275637355816971
0.648879084367518
-0.992727357023026
0.448204916018849
0.497406623913262
-0.997899497235830
0.605393218023228
0.328866646738625
-0.968830705511825
0.741808658601422
0.149042266176217
-0.906518419490437
0.852770413853926
-0.035896202634540
-0.813100761047062
0.934471052351307
-0.219602964810908
-0.691783170903250
0.984107179553602
-0.395774489027902
-0.546728420318391
0.999975630705394
-0.558365800629631
-0.382913773892422
0.981531911539138
-0.701797902883965
-0.205960204653248
0.929408881510525
-0.821149209133683
-0.021939521572693
0.845395038487788
-0.912324417231440
0.162833972454233
0.732373150012819
-0.972195031668972
0.342020143325621
0.594221336879709
-0.998706711663817
0.509470574795326
0.435680003150729
-0.990949761767938
0.659439539119597
0.262189178640928
-0.949190346253546
0.786781150250505
0.079701855139717
-0.874861356216699
0.887125934657364
-0.105520278635110
-0.770513242775804
0.957030761100399
-0.287121694403057
-0.639726503425811
0.994096984815361
-0.458871101604141
-0.486988824404436
0.997052752226922
-0.614875261712388
-0.317541094684918
0.965796642068671
-0.749781202967695
-0.137197575318883
0.901401145451690
-0.858959896930635
0.047853605341101
0.806075865470083
-0.938665094365397
0.231262784929880
0.683091699075647
-0.986161870314176
0.406736643075734
0.536668602769495
-0.999820467595025
0.568254144143205
0.371830793207195
-0.979172218670641
0.710273137068008
0.194234351220002
-0.924925627040617
0.827920523222534
0.009973144676579
-0.838942056356256
0.917159467080741
-0.174630270445031
-0.724171861437499
0.974927912181808
-0.353241595961447
-0.584553152728807
0.999243649493383
-0.519732140298928
-0.424876667889878
0.989272332962996
-0.668389112327131
-0.250621387183174
0.945356108439588
-0.794111644398312
-0.067766533188561
0.869001873620764
-0.892585818452089
0.117413594299956
0.762829571862340
-0.960432689513895
0.298564908363858
0.630482294044801
-0.995324227455857
0.469471562785858
0.476501273172426
-0.996063198709715
0.624269236421571
0.306170061015563
-0.962624246950031
0.757646355689068
0.125333233564413
-0.896154763145948
0.865026350627733
-0.059804153944926
-0.798935515127408
0.942724690773070
-0.242889481131118
-0.674302387583773
0.988075312474491
-0.417640539972035
-0.526531917830788
0.999522099554694
-0.578061096249472
-0.360694554957864
0.976672278334173
-0.718646638372856
-0.182480677475502
0.920309894877031
-0.834573253721246
0.001994660679531
0.832368912013292
-0.921863151588461
0.186401556029699
0.715866849259734
-0.977521153141440
0.364412453575872
0.574801242653095
-0.999637465011017
0.529919264233155
0.414012477270050
-0.987453210044217
0.677242951731370
0.239017699062718
-0.941386466660934
0.801328397423520
0.055821504993294
-0.863017923326396
0.897917856604790
-0.129290092739905
-0.755036640377579
0.963697054534286
-0.309965358680300
-0.621147780278380
0.996408909165771
-0.480004781252961
-0.465945472355902
0.994930978418586
-0.633573796645588
-0.294755174410987
0.959313974540070
-0.765402990234538
-0.113450940250064
0.890780024015882
-0.870968906043063
0.071746136761295
0.791680732735952
-0.946649260115656
0.254481388115485
0.665416495326293
-0.989847231970965
0.428484617944678
0.516319817386091
-0.999080569319854
0.587785252292408
0.349506654194905
-0.974032448597836
0.726917207456560
0.170700866905903
-0.915562346134105
0.841106447754975
-0.013962180339107
-0.825676546934659
0.926434797042858
-0.198146143199361
-0.707459303011851
0.979974383116304
-0.375531116159707
-0.564967003425029
0.999888101810271
-0.540030487489631
-0.403088987376375
0.985492653565738
-0.685999789191065
-0.227379776283067
0.937281989491915
-0.808430375665839
-0.043868481447777
0.856910362418625
-0.903121285404129
0.141148072876655
0.747135564508194
-0.966823388604422
0.321321412458752
0.611724299115058
-0.997350874585427
0.490469248325981
0.455322933869070
-0.993656253522195
0.642787609686461
0.283298069832810
-0.955866298971289
0.773049995616485
0.101552397284425
-0.885277697888918
0.876786712020695
-0.083677843332256
-0.784312557402975
0.950438240274636
-0.266036845566618
-0.656435295035411
0.991477375010463
-0.439267323789332
-0.506033764121278
0.998495940131156
-0.597425219474829
-0.338268693368715
0.971253107566095
-0.735083659720139
-0.158896606741231
0.910683660806214
-0.847519169570096
0.025927700186480
0.818865919671995
-0.930873748644184
0.209862349769115
0.698950426911958
-0.982287250728678
0.386595991179637
0.555051843608847
-0.999995523992272
0.550064361831238
0.392107762787142
-0.983390944339335
0.694658370458908
0.215709285751512
-0.933043264819501
0.815416561904484
0.031909174591388
-0.850680065687422
0.908195359559745
-0.152985836283957
-0.739127475930449
0.969811243937517
-0.332631443164206
-0.602213200286206
0.998149988796531
-0.500863465172454
-0.444635179185065
0.992239206600185
-0.651909355843720
-0.271800388289613
0.952281714056415
-0.780586276549328
-0.089639308903584
0.879648572866669
-0.882478935272473
0.095597564671671
0.776832044476840
-0.954091088551901
0.277554198388790
0.647360073094061
-0.992965508106528
0.449987113091989
0.495675231314192
-0.997768295725419
0.606979617057931
0.326982282099451
-0.968334653325782
0.743144825477297
0.147069587713055
-0.905674537670648
0.853810500668272
-0.037889506392759
-0.811938005715894
0.935179370598501
-0.221548497619367
-0.690341439691943
0.984459424705023
-0.397605493806695
-0.545057183359372
0.999959716170871
-0.560019450099877
-0.381070376350331
0.981148383394198
-0.703217455360641
-0.204007899040044
0.928670899758877
-0.822285955503428
-0.019945297363471
0.844327925502086
-0.913139352308677
0.164801687431216
0.731013521647880
-0.972660192581097
0.343893830853566
0.592615846072458
-0.998806137341429
0.511185943021905
0.433883739117675
-0.990680040617113
0.660937728603698
0.260263776601516
-0.948560733217888
0.788010753606619
0.077713381426643
-0.873893455212393
0.888044760497538
-0.107503593510400
-0.769240265396304
0.957607281747605
-0.289031796944352
-0.638192129352216
0.994311418112884
-0.460642450450523
-0.485245702624260
0.996897740323629
-0.616447076559373
-0.315649036947181
0.965277503889008
-0.751099550122220
-0.135221503813043
0.900535694187390
-0.859979539938214
0.049845885660617
0.804893797356006
-0.939351046208843
0.233202912935515
0.681633574422677
-0.986490593923483
0.408558047142616
0.534984454218329
-0.999780683474849
0.569894326421744
0.369978408958019
-0.978765291933757
0.711675817973017
0.192277292145603
-0.924165520566793
0.829037572555000
0.007978563357644
-0.837854851683871
0.917952555519656
-0.176593933926682
-0.722794863827545
0.975369826478411
-0.355106962408000
-0.582933611109228
0.999319226239541
-0.521435203379374
-0.423070153602795
0.988978978893327
-0.669871434826918
-0.248689887165066
0.944703889414191
-0.795322363375867
-0.065776323012108
0.868013169235299
-0.893483390499264
0.119394224540030
0.761538307536777
