0.000000000000000
0.939351046208923
-0.644314329694493
-0.497406623913222
0.985492653565726
-0.178556894798636
-0.863017923326350
0.770513242775788
0.334511859971846
-0.999959716170870
0.351374824081342
0.758946694294556
-0.871947226253860
-0.160865609613701
0.982287250728688
-0.512899277405905
-0.630482294044715
0.945356108439568
-0.017950993798097
-0.933043264819444
0.657938725939711
0.481753674101717
-0.988380467458429
0.196190637499091
0.853810500668349
-0.781831482468026
-0.317541094684850
0.999637465011020
-0.368124552684677
-0.747135564508150
0.880595531856736
0.143122483211122
-0.978765291933711
0.528226641853080
0.616447076559468
-0.951056516295151
0.035896202634582
0.926434797042889
-0.671351092126002
-0.465945472355833
0.990949761767933
-0.213761154992104
-0.844327925502017
0.792897765908475
0.300467997289457
-0.998993066541314
0.384755647944929
0.735083659720177
-0.888960053096188
-0.125333233564307
0.974927912181825
-0.543383777794801
-0.602213200286091
0.956450432738629
-0.053829843412128
-0.919527772551453
0.684547105928687
0.449987113092129
-0.993199708502812
0.231262784929941
0.834573253721304
-0.803708526830781
-0.283298069832755
0.998026728428271
-0.401262750256467
-0.722794863827392
0.897038094386964
0.107503593510542
-0.970776348122916
0.558365800629658
0.587785252292483
-0.961536119504142
0.071746136761380
0.912324417231457
-0.697522514745691
-0.433883739117553
0.995129582585910
-0.248689887164844
-0.824549628907150
0.814260281314379
0.266036845566681
-0.996738762088015
0.417640539972111
0.710273137068057
-0.904827052466015
-0.089639308903450
0.966311937657222
-0.573167882188918
-0.573167882188932
0.966311937657218
-0.089639308903434
-0.904827052466022
0.710273137068046
0.417640539972152
-0.996738762088013
0.266036845566665
0.814260281314389
-0.824549628907141
-0.248689887164860
0.995129582585912
-0.433883739117538
-0.697522514745703
0.912324417231450
0.071746136761396
-0.961536119504155
0.587785252292469
0.558365800629672
-0.970776348122912
0.107503593510525
0.897038094386971
-0.722794863827380
-0.401262750256495
0.998026728428270
-0.283298069832739
-0.803708526830799
0.834573253721287
0.231262784929958
-0.993199708502813
0.449987113092101
0.684547105928689
-0.919527772551446
-0.053829843412145
0.956450432738638
-0.602213200286078
-0.543383777794815
0.974927912181818
-0.125333233564276
-0.888960053096196
0.735083659720166
0.384755647944957
-0.998993066541313
0.300467997289442
0.792897765908486
-0.844327925502000
-0.213761154992148
0.990949761767939
-0.465945472355831
-0.671351092126004
0.926434797042883
0.035896202634599
-0.951056516295160
0.616447076559444
0.528226641853118
-0.978765291933712
0.143122483211120
0.880595531856741
-0.747135564508139
-0.368124552684699
0.999637465011019
-0.317541094684807
-0.781831482468023
0.853810500668348
0.196190637499101
-0.988380467458432
0.481753674101696
0.657938725939734
-0.933043264819430
-0.017950993798142
0.945356108439567
-0.630482294044710
-0.512899277405916
0.982287250728684
-0.160865609613671
-0.871947226253879
0.758946694294526
0.351374824081337
-0.999959716170870
0.334511859971835
0.770513242775800
-0.863017923326336
-0.178556894798670
0.985492653565733
-0.497406623913228
-0.644314329694494
0.939351046208920
0.000000000000017
-0.939351046208931
0.644314329694469
0.497406623913257
-0.985492653565717
0.178556894798637
0.863017923326353
-0.770513242775779
-0.334511859971867
0.999959716170870
-0.351374824081306
-0.758946694294585
0.871947226253863
0.160865609613704
-0.982287250728690
0.512899277405887
0.630482294044736
-0.945356108439556
0.017950993798052
0.933043264819442
-0.657938725939709
-0.481753674101725
0.988380467458427
-0.196190637499068
-0.853810500668365
0.781831482468002
0.317541094684893
-0.999637465011020
0.368124552684668
0.747135564508161
-0.880595531856725
-0.143122483211153
0.978765291933719
-0.528226641853042
-0.616447076559470
0.951056516295150
-0.035896202634566
-0.926434797042896
0.671351092125979
0.465945472355860
-0.990949761767927
0.213761154992115
0.844327925502018
-0.792897765908465
-0.300467997289473
0.998993066541315
-0.384755647944900
-0.735083659720208
0.888960053096167
0.125333233564309
-0.974927912181826
0.543383777794787
0.602213200286105
-0.956450432738620
0.053829843412083
0.919527772551470
-0.684547105928685
-0.449987113092131
0.993199708502810
-0.231262784929925
-0.834573253721321
0.803708526830762
0.283298069832798
-0.998026728428271
0.401262750256465
0.722794863827403
-0.897038094386956
-0.107503593510558
0.970776348122927
-0.558365800629621
-0.587785252292519
0.961536119504146
-0.071746136761363
-0.912324417231463
0.697522514745679
0.433883739117594
-0.995129582585906
0.248689887164800
0.824549628907144
-0.814260281314369
-0.266036845566697
0.996738762088016
-0.417640539972096
-0.710273137068089
0.904827052465996
0.089639308903439
-0.966311937657226
0.573167882188904
0.573167882188945
-0.966311937657214
0.089639308903389
0.904827052466041
-0.710273137068014
-0.417640539972193
0.996738762088007
-0.266036845566594
-0.814260281314365
0.824549628907148
0.248689887164849
-0.995129582585910
0.433883739117549
0.697522514745714
-0.912324417231443
-0.071746136761413
0.961536119504159
-0.587785252292433
-0.558365800629709
0.970776348122902
-0.107503593510452
-0.897038094387004
0.722794863827329
0.401262750256458
-0.998026728428271
0.283298069832750
0.803708526830792
-0.834573253721294
-0.231262784929974
0.993199708502815
-0.449987113092086
-0.684547105928722
0.919527772551428
0.053829843412190
-0.956450432738651
0.602213200286020
0.543383777794877
-0.974927912181827
0.125333233564316
0.888960053096190
-0.735083659720174
-0.384755647944946
0.998993066541313
-0.300467997289426
-0.792897765908496
0.844327925501991
0.213761154992164
-0.990949761767942
0.465945472355765
0.671351092126058
-0.926434797042856
-0.035896202634672
0.951056516295148
-0.616447076559475
-0.528226641853084
0.978765291933709
-0.143122483211103
-0.880595531856748
0.747135564508128
0.368124552684715
-0.999637465011019
0.317541094684791
0.781831482468069
-0.853810500668309
-0.196190637499173
0.988380467458443
-0.481753674101632
-0.657938725939704
0.933043264819444
0.017950993798102
-0.945356108439572
0.630482294044697
0.512899277405930
-0.982287250728681
0.160865609613654
0.871947226253887
-0.758946694294516
-0.351374824081406
0.999959716170869
-0.334511859971766
-0.770513242775847
0.863017923326357
0.178556894798630
-0.985492653565726
0.497406623913213
0.644314329694507
-0.939351046208914
-0.000000000000033
0.939351046208937
-0.644314329694456
-0.497406623913271
0.985492653565715
-0.178556894798565
-0.863017923326390
0.770513242775732
0.334511859971936
-0.999959716170870
0.351374824081344
0.758946694294559
-0.871947226253854
-0.160865609613720
0.982287250728693
-0.512899277405873
-0.630482294044749
0.945356108439550
-0.017950993798036
-0.933043264819468
0.657938725939654
0.481753674101790
-0.988380467458416
0.196190637498996
0.853810500668344
-0.781831482468027
-0.317541094684855
0.999637465011021
-0.368124552684653
-0.747135564508172
0.880595531856717
0.143122483211169
-0.978765291933722
0.528226641853027
0.616447076559528
-0.951056516295127
0.035896202634492
0.926434797042923
-0.671351092126009
-0.465945472355824
0.990949761767933
-0.213761154992099
-0.844327925502027
0.792897765908455
0.300467997289489
-0.998993066541316
0.384755647944885
0.735083659720219
-0.888960053096160
-0.125333233564382
0.974927912181842
-0.543383777794726
-0.602213200286163
0.956450432738632
-0.053829843412123
-0.919527772551455
0.684547105928673
0.449987113092146
-0.993199708502808
0.231262784929909
0.834573253721330
-0.803708526830752
-0.283298069832814
0.998026728428275
-0.401262750256397
-0.722794863827454
0.897038094386924
0.107503593510518
-0.970776348122918
0.558365800629654
0.587785252292487
-0.961536119504141
0.071746136761346
0.912324417231470
-0.697522514745667
-0.433883739117609
0.995129582585904
-0.248689887164784
-0.824549628907185
0.814260281314327
0.266036845566767
-0.996738762088022
0.417640539972132
0.710273137068061
-0.904827052466013
-0.089639308903455
0.966311937657231
-0.573167882188891
-0.573167882188959
0.966311937657209
-0.089639308903372
-0.904827052466048
0.710273137068002
0.417640539972208
-0.996738762088006
0.266036845566578
0.814260281314441
-0.824549628907138
-0.248689887164865
0.995129582585912
-0.433883739117534
-0.697522514745726
0.912324417231436
0.071746136761429
-0.961536119504164
0.587785252292419
0.558365800629723
-0.970776348122898
0.107503593510436
0.897038094387011
-0.722794863827318
-0.401262750256474
0.998026728428270
-0.283298069832734
-0.803708526830802
0.834573253721285
0.231262784929990
-0.993199708502817
0.449987113092072
0.684547105928734
-0.919527772551422
-0.053829843412207
0.956450432738656
-0.602213200286006
-0.543383777794891
0.974927912181798
-0.125333233564300
-0.888960053096198
0.735083659720162
0.384755647944961
-0.998993066541312
0.300467997289410
0.792897765908506
-0.844327925501982
-0.213761154992180
0.990949761767944
-0.465945472355751
-0.671351092126071
0.926434797042849
0.035896202634689
-0.951056516295188
0.616447076559462
0.528226641853098
-0.978765291933705
0.143122483211087
0.880595531856756
-0.747135564508117
-0.368124552684730
0.999637465011018
-0.317541094684776
-0.781831482468079
0.853810500668301
0.196190637499189
-0.988380467458446
0.481753674101617
0.657938725939716
-0.933043264819438
-0.017950993798119
0.945356108439578
-0.630482294044684
-0.512899277405944
0.982287250728678
