0.000000000000000
0.594221336879653
-0.955866298971248
0.943388177963531
-0.561670871434769
-0.039882659401107
0.625826241948815
-0.966823388604459
0.929408881510497
-0.528226641853081
-0.079701855139657
0.656435295035311
-0.976242011289669
0.913950654301096
-0.493941866584229
-0.119394224540250
0.685999789191174
-0.984107179553606
0.897038094386965
-0.458871101604192
-0.158896606741111
0.714472679632807
-0.990406377872175
0.878698114040543
-0.423070153602590
-0.198146143199401
0.741808658601444
-0.995129582585911
0.858959896930662
-0.386595991179753
-0.237080377715509
0.767964227459559
-0.998269277850216
0.837854851683746
-0.349506654194864
-0.275637355817013
0.792897765908482
-0.999820467595024
0.815416561904550
-0.311861161409523
-0.313755723344386
0.816569598217099
-0.999780683474844
0.791680732735918
-0.273719416573551
-0.351374824081346
0.838942056356239
-0.998149988796537
0.766685134042636
-0.235142113102581
-0.388434796274700
0.859979539938284
-0.994930978418579
0.740469540309774
-0.196190637499084
-0.424876667889846
0.879648572866618
-0.990128774621971
0.713075667351167
-0.156926971670495
-0.460642450450654
0.897917856604823
-0.983751018959346
0.684547105928675
-0.117413594299981
-0.495675231314108
0.914758319980696
-0.975807860095305
0.654929252388085
-0.077713381426514
-0.529919264233229
0.930143165446125
-0.966311937657217
0.624269236421581
-0.037889506392844
-0.563320058063635
0.944047911718855
-0.955278362122339
0.592615846072345
0.001994660679601
-0.595824463473293
0.956450432738639
-0.942724690773071
0.560019450099939
0.041875653729223
-0.627380757516708
0.967330992875475
-0.928670899758821
0.526531917830720
0.081690011745006
-0.657938725939719
0.976672278334174
-0.913139352308703
0.492206536620091
0.121374379749682
-0.687449743083336
0.984459424705052
-0.896154763145907
0.457097927058678
0.160865609613713
-0.715866849259727
0.990680040617102
-0.877744159160079
0.421261956056626
0.200100860540588
-0.743144825477394
0.995324227455867
-0.857936836400599
0.384755647944915
0.239017699062636
-0.769240265396259
0.998384595114692
-0.836764313458954
0.347637093734903
0.277554198388940
-0.794111644398381
0.999856273754320
-0.814260281314361
0.309965358680370
0.315649036947125
-0.817719385664459
0.999736921552070
-0.790460549722861
0.271800388289453
0.353241595961563
-0.840025923150776
0.998026728428268
-0.765402990234615
0.233202912935563
0.390272055913803
-0.860995761366643
0.994728415744053
-0.739127475930329
0.194234351219926
0.426681491730840
-0.880595531856757
0.989847231970981
-0.711675817973044
0.154956712238487
0.462411966550410
-0.898794046299191
0.983390944339322
-0.683091699075583
0.115432496909171
0.497406623913263
-0.915562346134065
0.975369826478417
-0.653420603990095
0.075724598517040
0.531609778236705
-0.930873748644216
0.965796642068646
-0.622709747129840
0.035896202634527
0.564967003424957
-0.944703889414186
0.954686624531118
-0.591007997439055
-0.003989313423095
0.597425219474906
-0.957030761100431
0.942057452787284
-0.558365800629611
-0.043868481447700
0.628932776940362
-0.967834748450672
0.927929223127274
-0.524835098908887
-0.083677843332362
0.659439539119644
-0.977098659516917
0.912324417231426
-0.490469248326038
-0.123354052049895
0.688896961836253
-0.984807753012217
0.895267866396136
-0.455322933868966
-0.162833972454307
0.717258170684998
-0.990949761767936
0.876786712020722
-0.419452082446114
-0.202054781745426
0.744478035621516
-0.995514912254017
0.856910362418558
-0.382913773892343
-0.240954069435947
0.770513242775804
-0.998495940131154
0.835670446020754
-0.345766150139890
-0.279469936662934
0.795322363375978
-0.999888101810273
0.813100761047006
-0.308068322699776
-0.317541094684873
0.818865919671976
-0.999689182000815
0.789237221724047
-0.269880278599894
-0.355106962408181
0.841106447755056
-0.997899497235819
0.764117801136701
-0.231262784929916
-0.392107762787122
0.862008557172563
-0.994521895368272
0.737782470802737
-0.192277292145403
-0.428484617944823
0.881538987243318
-0.989561751039373
0.710273137068026
-0.152985836283969
-0.464179642863201
0.899666659983954
-0.983026957126151
0.681633574422520
-0.113450940249894
-0.499136037492954
0.916362729562249
-0.974927912181811
0.651909355843720
-0.073735514323957
-0.533298177137573
0.931600628198023
-0.965277503888949
0.621147780278237
-0.033902756056966
-0.566611700966082
0.945356108439587
-0.954091088551898
0.589397797376889
0.005983950294406
-0.599023598515623
0.957607281747674
-0.941386466660869
0.556709929603199
0.045861134627739
-0.630482294044762
0.968334653325787
-0.927183854566786
0.523136191838669
0.085665341992731
-0.660937728603883
0.977521153141483
-0.911505852311665
0.488730008614159
0.125333233564374
-0.690341439691966
0.985152163089200
-0.894377407666321
0.453546129097221
0.164801687431471
-0.718646638373005
0.991215540251544
-0.875825776431831
0.417640539972061
0.204007899039974
-0.745808283729276
0.995701636221691
-0.855880479068523
0.381070376350188
0.242889481131336
-0.771783154533431
0.998603312456597
-0.834573253721256
0.343893830853623
0.281384563016717
-0.796529918024224
0.999915951636248
-0.811938005715798
0.306170061015446
0.319431889029748
-0.820009195677979
0.999637465011018
-0.788010753606650
0.267959095144369
0.356970915999539
-0.842183625869955
0.997768295725407
-0.762829571862254
0.229321736804765
0.393941909591015
-0.863017923326398
0.994311418112888
-0.736434530278338
0.190319468061989
0.430286039357638
-0.882478935272561
0.989272332962984
-0.708867630216902
0.151014351648557
0.465945472355915
-0.900535694187328
0.982659058768021
-0.680172737770870
0.111468932206233
0.500863465172625
-0.917159467080780
0.974482118963715
-0.650395513961812
0.071746136761270
0.534984454218218
-0.932323801215529
0.964754525183602
-0.619583342081419
0.031909174591179
0.568254144143294
-0.946004566200098
0.953491756554158
-0.587785252292379
-0.007978563357523
0.600619594236014
-0.958179992386588
0.940711735063499
-0.555051843608664
-0.047853605341220
0.632029302664905
-0.968830705511833
0.926434797042840
-0.521435203379468
-0.087652499818529
0.662433288431540
-0.977939757526882
0.910683660806166
-0.486988824404322
-0.127311916418626
0.691783170903282
-0.985492653565748
0.893483390499308
-0.451767519812748
-0.166768746716194
0.720032246799426
-0.991477375010480
0.874861356216658
-0.415827335841956
-0.205960204653302
0.747135564508239
-0.995884398615974
0.854847190448065
-0.379225462652835
-0.244823926448320
0.773049995616573
-0.998706711663822
0.833472740925896
-0.342020143325559
-0.283298069832777
0.797734303538652
-0.999939823121439
0.810772019947028
-0.304270581179730
-0.321321412458894
0.821149209133744
-0.999581770788447
0.786781150250457
-0.266036845566641
-0.358833449319573
0.843257453209761
-0.997633124419038
0.761538307536646
-0.227379776282911
-0.395774489028009
0.864023855812238
-0.994096984815352
0.735083659720148
-0.188360886759230
-0.432085748802066
0.883415372204763
-0.988978978893312
0.707459303011730
-0.149042266176091
-0.467709448002942
0.901401145451732
-0.982287250728679
0.678709194932826
-0.109486480663897
-0.502588900079159
0.917952555519700
-0.974032448597795
0.648879084367413
-0.069756473744009
-0.536668602769587
0.933043264819463
-0.964227708033366
0.618016438763734
-0.029915466169266
-0.569894326421844
0.946649260115718
-0.952888630922428
0.586170368601272
0.009973144676642
-0.602213200286131
0.958748890738546
-0.940033260679694
0.553391549243227
0.049845885660749
-0.633573796645745
0.969322903035193
-0.925682053535801
0.519732140298962
0.089639308903501
-0.663926212652311
0.978354471007637
-0.909857845986138
0.485245702624135
0.129290092740229
-0.693222149734064
0.985829223087092
-0.892585818452051
0.449987113092054
0.168735142482132
-0.721414990451415
0.991735265002988
-0.873893455212263
0.414012477269949
0.207911690817762
-0.748459872677397
0.996063198709713
-0.853810500668245
0.377379040140546
0.246757397690312
-0.774313760984954
0.998806137341437
-0.832368912013161
0.340145095010438
0.285210449497836
-0.798935515127472
0.999959716170871
-0.809602808379809
0.302369890750311
0.323209657454509
-0.822285955503593
0.999522099554690
-0.785548416547698
0.264113537514608
0.360694554957867
-0.844327925502126
0.997493983854513
-0.760244013297619
0.225436911090673
0.397605493806865
-0.865026350627748
0.993878596328811
-0.733729864502842
0.186401556029574
0.433883739117648
-0.884348294314093
0.988681689997503
-0.706048161055785
0.147069587712747
0.469471562785994
-0.902263010333669
0.981911534487407
-0.677242951731352
0.107503593510305
0.504312335347709
-0.918741991723567
0.973578902873117
-0.647360073093903
0.067766533188510
0.538350616090808
-0.933759016147314
0.963697054534247
-0.616447076559380
0.027921638723543
0.571532241276073
-0.947290187621419
0.952281714056313
-0.584553152728665
-0.011967686315630
0.603804410325622
-0.959313974540083
0.939351046208920
-0.551729053112566
-0.051837967659689
0.635115769842331
-0.969811243937573
0.924925627040590
-0.518027009372990
-0.091625761342780
0.665416495326421
-0.978765291933736
0.909028411137371
-0.483500650208813
-0.131267754658323
0.694658370458999
-0.986161870314209
0.891684695095851
-0.448204916018699
-0.170700866905969
0.722794863827405
-0.991989209203022
0.872922077269774
-0.412195971476670
-0.209862349769360
0.749781202967757
-0.996238035791532
0.852770413853892
-0.375531116159528
-0.248689887164990
0.775574445610245
-0.998901589093864
0.831261771375018
-0.338268693368575
-0.287121694403267
0.800133548011247
-0.999975630705395
