0.000000000000000
0.968210038219157
0.484373417312200
-0.725889056058887
-0.847519169570125
0.301894529873901
0.998550122907320
0.197657340379126
-0.899666659983950
-0.647740067614434
0.575617065685672
0.935708167678977
-0.107503593510522
-0.989489765582889
-0.387515586452103
0.795624548881779
0.785548416547709
-0.402632578165116
-0.986976319697495
-0.091129182100667
0.941386466660902
0.562083377852133
-0.660188962196487
-0.892360870408479
0.213761154992109
0.999300704788397
0.286166214270803
-0.856138269310458
-0.714472679632804
0.498703870007511
0.963962860695853
-0.016455218820105
-0.972195031668978
-0.469911799899907
0.737108867130240
0.838670567945425
-0.317541094684836
-0.997529141083600
-0.181500001629219
0.906728826522704
0.635115769842182
-0.588994880701235
-0.929776485888253
0.123848893747239
0.991735265002982
0.372293658401949
-0.805485232008594
-0.775259563548041
0.417640539972121
0.984195607969242
0.074730093586430
-0.946809845192916
-0.548397482022581
0.672459082520325
0.884813436149742
-0.229807084675013
-0.999780683474844
-0.270360406986367
0.864525533178354
0.702862829321778
-0.512899277405900
-0.959454649203134
0.032905981689403
0.975916761938744
0.455322933869022
-0.748129074605521
-0.829594860571833
0.333101671730290
0.996238035791518
0.165293514029495
-0.913545457642597
-0.622319487445623
0.602213200286068
0.923593027544017
-0.140160656625135
-0.993712209893241
-0.356970915999494
0.815127795728544
0.764760776027607
-0.432535407828750
-0.981148383394173
-0.058310768718945
0.951976834664467
0.534563084235750
-0.684547105928679
-0.877026400996770
0.245790784309481
0.999989928992004
0.254481388115580
-0.872678689965175
-0.691062648986871
0.526955795496671
0.954686624531129
-0.049347833863735
-0.979374221211594
-0.440610769775893
0.758946694294540
0.820294505083378
-0.348572047321799
-0.994677156652779
-0.149042266176185
0.920114707450644
0.609354685562812
-0.615268445017608
-0.917159467080779
0.156434465040205
0.995420064911699
0.341551508529373
-0.824549628907130
-0.754054896979933
0.447313148315621
0.977835471138028
0.041875653729206
-0.956886035893269
-0.520583930743633
0.696449759074747
0.869001873620746
-0.261707925628579
-0.999928384677748
-0.238533457578596
0.880595531856731
0.679075334029113
-0.540869617879326
-0.949660077825427
0.065776323011861
0.982566473233282
0.425779291565095
-0.769558796866402
-0.810772019947102
0.363948032196768
0.992846926341838
0.132750658786282
-0.926434797042883
-0.596224874965643
0.628157079632681
0.910477546658827
-0.172665912166253
-0.996858367583929
-0.326039611452361
0.833748180182036
0.743144825477404
-0.461969759730578
-0.974257768312792
-0.025429199124081
0.961536119504139
0.506463806996948
-0.708163818808649
-0.860742027003955
0.277554198388912
0.999596067197818
0.222520933956330
-0.888273915031149
-0.666904130524191
0.554636976794279
0.944376370237491
-0.082187000421199
-0.985492653565721
-0.410832515490536
0.779962508642691
0.801029983781127
-0.379225462652912
-0.990747840471445
-0.116423103505835
0.932504014986072
0.582933611109076
-0.640875613984999
-0.903549075692495
0.188850602648167
0.998026728428269
0.310439425274769
-0.842720958654028
-0.732033515886195
0.476501273172315
0.970416243733775
0.008975858481034
-0.965925826289059
-0.492206536620144
0.719686113050170
0.852249097851403
-0.293325311537721
-0.998993066541315
-0.206448153321023
0.895711760239406
0.654552334343465
-0.568254144143232
-0.938836932555997
0.098575422202412
0.988151969821048
0.395774489027963
-0.790155012375675
-0.791071034656353
0.394400201675748
0.988380467458436
0.100064021715341
-0.938320717781177
-0.569484493168458
0.653420603990080
0.896375930360175
-0.204984153792203
-0.998924831061295
-0.294755174410925
0.851465534561450
0.720723977066261
-0.490903753615103
-0.966311937657226
0.007479912757696
0.970053967548095
0.477815980375942
-0.731013521647751
-0.843525385985105
0.309016994374898
0.998119545996329
0.190319468062094
-0.902907053368365
-0.642023290261383
0.581717432498597
0.933043264819456
-0.114937150492806
-0.990543701876212
-0.380609289778915
0.800133548011191
0.780897869382112
-0.409468140058873
-0.985745448369800
-0.083677843332329
0.943883330308354
0.555881163064891
-0.665788652557984
-0.888960053096220
0.221062196752767
0.999552432283501
0.278991106039251
-0.859979539938250
-0.709219271556554
0.505173300974463
0.961945961498708
-0.023933658491713
-0.973919425411289
-0.463296035119890
0.742142977223475
0.834573253721316
-0.324624997709554
-0.996975742105723
-0.174139245707434
0.909857845986192
0.629320391049869
-0.595023196102028
-0.926996935909978
0.131267754658172
0.992667202067969
0.365341024366447
-0.809895413436043
-0.770513242775821
0.424425197516698
0.982843496749101
0.067269005612054
-0.949190346253525
-0.542127304478964
0.677976410513195
0.881303452065020
-0.237080377715469
-0.999909362145143
-0.263151488952154
0.868260669255111
0.697522514745714
-0.519306051163131
-0.957319497532086
0.040380923169111
0.977521153141447
0.448650632745111
-0.753071466003572
-0.825395125230839
0.340145095010504
0.995561964603081
0.157911867740882
-0.916562255869969
-0.616447076559502
0.608167831851733
0.920699583128437
-0.147562812492396
-0.994521895368269
-0.349973827323240
0.819437965209716
0.759919966917106
-0.439267323789365
-0.979675398423244
-0.050841951945693
0.954240328516264
0.528226641853140
-0.689980577501553
-0.873408200617158
0.253034359076103
0.999995523992272
0.247240612400072
-0.876306680043839
-0.685636874028447
0.533298177137524
0.952433798569343
-0.056817252993006
-0.980858175417490
-0.433883739117588
0.763796028634603
0.815993485882568
-0.355573083550892
-0.993878596328829
-0.141641728415636
0.923018467515368
0.603406832788051
-0.621147780278256
-0.914152911751107
0.163817911415076
0.996107279539968
0.334511859971899
-0.828758619280201
-0.749120910386242
0.453990499739528
0.976242011289679
0.034401130657026
-0.959031909598953
-0.514182939383463
0.701797902883965
0.865276436727976
-0.268919820615237
-0.999810894492900
-0.231262784929976
0.884115393504585
0.673565567947853
-0.547145889934048
-0.947290187621416
0.073238197127592
0.983929588598617
0.418999353002226
-0.774313760984815
-0.806370881570479
0.370904785546226
0.991926093126575
0.125333233564352
-0.929224732628364
-0.590203190936490
0.633959526508108
0.907358694567880
-0.180028649666384
-0.997422925272831
-0.318959309298124
0.837854851683734
0.738118997487375
-0.468590738440649
-0.972544265084093
-0.017950993798170
0.963563791977092
0.500000000000058
-0.713425186616657
-0.856910362418621
0.284732460668095
0.999355523643322
0.215222333218702
-0.891684695095854
-0.661311865323709
0.560845439695126
0.941890057539876
-0.089639308903394
-0.986734560968995
-0.404001504980026
0.784621814930554
0.796529918024213
-0.386136049285696
-0.989704983719645
-0.108990799406077
0.935179370598525
0.576839726452780
-0.646599601215746
-0.900318771402209
0.196190637499032
0.998468476299782
0.303320386816905
-0.846724199228238
-0.726917207456650
0.483064086256836
0.968583161128642
0.001495995943775
-0.967834748450655
-0.485681664337367
0.724859280117716
0.848312243159762
-0.300467997289368
-0.998629534754576
-0.199123600901099
0.899012535107099
0.648879084367540
-0.574393116684627
-0.936234870639742
0.106016147021332
0.989272332962978
0.388894256356626
-0.794717399127483
-0.786473260103502
0.401262750256423
0.987215869567935
0.092618851350427
-0.940880768954199
-0.563320058063658
0.659064581563043
0.893035048612927
-0.212299498366985
-0.999243649493384
-0.287599327432128
0.855364260160462
0.715518573655449
-0.497406623913202
-0.964359772060816
0.014959407015190
0.971843622476412
0.471231809694090
-0.736097087119670
-0.839484407258110
0.316122169412994
0.997633124419053
0.182970947394136
-0.906096929213776
-0.636270591783869
0.587785252292389
0.930326158303604
-0.122364276755682
-0.991542217370802
-0.373681698062587
0.804597779766631
0.776203631076371
-0.416280792260298
-0.984459424705062
-0.076221822798935
0.946327383799157
0.549647846794767
-0.671351092125951
-0.885509498577888
0.228350870110537
0.999748234942504
0.271800388289523
-0.863772694816195
-0.703926182749023
0.511614467557130
0.959875241542902
-0.031410759078111
-0.975589328481096
-0.456654348983486
0.747135564508124
0.830429245225970
-0.331690738005436
-0.996366562457247
-0.166768746716129
0.912935959014655
0.623489801858794
-0.601018220027885
-0.924165520566713
0.138679271154338
0.993543599524640
0.358367949545334
-0.814260281314309
-0.765723811882081
0.431186108523457
0.981436395555744
0.059804153945142
-0.951517740230574
-0.535826794979034
0.683455805808924
0.877744159160143
-0.244340406137830
-0.999982096009160
-0.255927847624463
0.871947226253819
0.692143173870446
-0.525683769810484
-0.955130783952454
0.047853605341101
0.979070852155432
0.441953229673340
-0.757971723145390
-0.821149209133740
0.347169487214387
0.994830191844729
0.150521386302620
-0.919527772551429
-0.610540175534942
0.614088436501742
0.917754625684009
-0.154956712238451
-0.995275937465113
-0.342957157654219
0.823702287237133
0.755036640377540
-0.445974662796966
-0.978147600733822
-0.043370290571375
0.956450432738625
0.521860645254635
-0.695375444745655
-0.869741133155715
0.260263776601273
0.999945169365512
0.239986003602625
-0.879885640871164
-0.680172737771001
0.539610720810716
0.950127684053216
-0.064283493203864
-0.982287250728669
-0.427132432717260
0.768602628680496
0.811646811946265
-0.362554225509531
-0.993024428619207
-0.134233265817683
0.925870584809952
