0.000000000000000
0.527379542125960
-0.896154763145916
0.995420064911701
-0.795322363375953
0.356039116274356
0.190319468062049
-0.679441304261516
0.964227708033388
-0.959031909598964
0.665416495326260
-0.171683474920189
-0.373681698062502
0.806665697152815
-0.997052752226919
0.887585789004554
-0.511185943022049
-0.018948155004274
0.543383777794806
-0.904401959647564
0.993429957280054
-0.783693457325836
0.338268693368590
0.208887124180275
-0.693222149733985
0.969077286229078
-0.953491756554183
0.651152758743574
-0.152985836284036
-0.391190103902755
0.817719385664427
-0.998327432985149
0.878698114040546
-0.494808795034654
-0.037889506392872
0.559192903470745
-0.912324417231454
0.991083143909598
-0.771783154533414
0.320376810078730
0.227379776282964
-0.706754083527010
0.973578902873162
-0.947609238173050
0.636655216119316
-0.134233265817649
-0.408558047142683
0.828479459920242
-0.999243649493385
0.869494929505215
-0.478253978621309
-0.056817252993044
0.574801242653091
-0.919919291221859
0.988380467458430
-0.759595731569268
0.302369890750441
0.245790784309481
-0.720032246799350
0.977730941593510
-0.941386466660906
0.621929073010879
-0.115432496909196
-0.425779291565085
0.838942056356232
-0.999801072770522
0.859979539938269
-0.461527438034034
-0.075724598517097
0.590203190936462
-0.927183854566785
0.985322898362552
-0.747135564508146
0.284254401034808
0.264113537514770
-0.733051871829826
0.981531911539133
-0.934825676396011
0.606979617058049
-0.096590280253150
-0.442847653627056
0.849103418222190
-0.999999502665477
0.850155361981261
-0.444635179184910
-0.094604754002546
0.605393218023247
-0.934115498817194
0.981911534487438
-0.734407127357547
0.266036845566663
0.282341456842878
-0.745808283729260
0.984980447915484
-0.927929223127294
0.591812216084354
-0.077713381426511
-0.459757004680439
0.858959896930670
-0.999838867929057
0.840025923150760
-0.427583267489725
-0.113450940249979
0.620365869709280
-0.940711735063547
0.978147600733805
-0.721414990451318
0.247723765629124
0.300467997289444
-0.758296902119057
0.988075312474499
-0.920699583128427
0.576432316169787
-0.058808578459310
-0.476501273172314
0.868507953366990
-0.999319226239543
0.829594860571840
-0.410377825689810
-0.132256390257140
0.635115769842162
-0.946970194829513
0.974032448597806
-0.708163818808646
0.229321736804815
0.318486650251695
-0.770513242775807
0.990815393959216
-0.913139352308713
0.560845439695142
-0.039882659401118
-0.493074446825122
0.877744159160107
-0.998440764181981
0.818865919671943
-0.393025031653906
-0.151014351648669
0.649637622251893
-0.952888630922462
0.969567555685765
-0.694658370459001
0.210837366614607
0.336390945865401
-0.782452919241440
0.993199708502813
-0.905251245281003
0.545057183359329
-0.020942419883351
-0.509470574795388
0.886665197913504
-0.997203797181179
0.807842952836223
-0.375531116159757
-0.169718089100668
0.663926212652253
-0.958464918240244
0.964754525183622
-0.680903494733546
0.192277292145425
0.354174455328007
-0.794111644398366
0.995227399981833
-0.897038094386973
0.529073216169514
-0.001994660679569
-0.525683769810492
0.895267866396149
-0.995608769388460
0.796529918024172
-0.357902360656702
-0.188360886759314
0.677976410513246
-0.963697054534299
0.959595085281231
-0.666904130524159
0.173648177666937
0.371830793207175
-0.805485232008617
0.996897740323616
-0.888502848680039
0.512899277405884
0.016953814736614
-0.541708210282743
0.903549075692492
-0.993656253522181
0.784930877348521
-0.340145095010537
-0.206936050651954
0.691783170903206
-0.968583161128634
0.954091088551913
-0.652665304509933
0.154956712238481
0.389353619733246
-0.816569598217085
0.998210129767735
-0.879648572866603
0.496541174560738
0.035896202634587
-0.557538142399373
0.911505852311689
-0.991346950662069
0.773049995616572
-0.322265695230475
-0.225436911090839
0.705341536300379
-0.973121483594296
0.948244511287227
-0.638192129352096
0.136209607307594
0.406736643075792
-0.827360763018023
0.999164097081317
-0.870478446205555
0.480004781253017
0.054825701469384
-0.573167882188909
0.919135339255257
-0.988681689997523
0.760891538834830
-0.304270581179803
-0.243856825068143
0.718646638372912
-0.977310392379392
0.942057452787291
-0.623489801858753
0.117413594299947
0.423973621602944
-0.837854851683733
0.999759299728271
-0.860995761366627
0.463296035119890
0.073735514324102
-0.588591817561758
0.926434797042873
-0.985661428529855
0.748459872677302
-0.286166214270834
-0.262189178640899
0.731693699726815
-0.981148383394163
0.935532134607107
-0.608563601118111
0.098575422202376
0.441058366122232
-0.848048096156420
0.999995523992272
-0.851203923248275
0.446420935683861
0.092618851350382
-0.603804410325495
0.933401604696202
-0.982287250728677
0.735759460917835
-0.267959095144415
-0.280427389306055
0.744478035621483
-0.984634078551142
0.928670899758808
-0.593418886603691
0.079701855139679
0.457984742103110
-0.857936836400631
0.999872685053500
-0.841106447754993
0.429385542199404
0.111468932206292
-0.618800198173390
0.940033260679733
-0.978560368142521
0.722794863827365
-0.249655761336424
-0.298564908363965
0.756995055651778
-0.987766226259834
0.921476211870380
-0.578061096249531
0.060799669945401
0.474746671879604
-0.867517521717730
0.999390827019095
-0.830706960534899
0.412195971476840
0.130278988491357
-0.633573796645732
0.946327383799170
-0.974482118963732
0.709570736536480
-0.231262784929935
-0.316595223269687
0.769240265396282
-0.990543701876218
0.913950654301108
-0.562495744497706
0.041875653729189
0.491338136832486
-0.876786712020765
0.998550122907319
-0.820009195677960
0.394858395686116
0.149042266176178
-0.648119901063104
0.952281714056392
-0.970053967548097
0.696091827364016
-0.212786770195526
-0.334511859971843
0.781209268031085
-0.992965508106540
0.906096929213800
-0.546728420318285
0.022936601439329
0.507753179550745
-0.885741079069680
0.997350874585436
-0.809016994374954
0.377379040140587
0.167752028028021
-0.662433288431463
0.957894113460936
-0.965277503888961
0.682362976111771
-0.194234351219918
-0.352308385236571
0.792897765908461
-0.995030775365406
0.897917856604808
-0.530764785202624
0.003989313423032
0.523985905970087
-0.894377407666323
0.995793512661314
-0.797734303538616
0.359764181061837
0.186401556029800
-0.676508819317007
0.963162566797678
-0.960154443046342
0.668389112327191
-0.175612189523902
-0.369978408957911
0.804301562100281
-0.996738762088019
0.889416373291282
-0.514610571130141
-0.014959407015331
0.540030487489684
-0.902692596809110
0.993878596328819
-0.786165174386186
0.342020143325682
0.204984153792289
-0.690341439691912
0.968085182350392
-0.954686624531107
0.654175253533020
-0.156926971670542
-0.387515586452152
0.815416561904563
-0.998088854996446
0.880595531856713
-0.498271578510735
-0.033902756056943
0.555881163064923
-0.910683660806180
0.991606813167033
-0.774313760984825
0.324153298191763
0.223493148958443
-0.703926182748973
0.972660192581119
-0.948876011644472
0.639726503425764
-0.138185406863812
-0.404913620735991
0.826238774316013
-0.999080569319849
0.871458499554854
-0.481753674101688
-0.052833931812009
0.571532241275991
-0.918347730347656
0.988978978893319
-0.762184318760034
0.306170061015435
0.241921895599652
-0.717258170685006
0.976885954764651
-0.942724690773086
0.625048050043136
-0.119394224540228
-0.422166264787451
0.836764313458989
-0.999713548968503
0.862008557172530
-0.465062788901207
-0.071746136761389
0.586978102371372
-0.925682053535824
0.985996037070484
-0.749781202967680
0.288076888944335
0.260263776601395
-0.730332616452218
0.980760951578469
-0.936234870639696
0.610145163901208
-0.100560171952100
-0.439267323789380
0.846989399982720
-0.999987566661690
0.852249097851334
-0.448204916018813
-0.090632580197809
0.602213200286074
-0.932683996873409
0.982659058768003
-0.737108867130177
0.269880278599856
0.278512206039655
-0.743144825477382
0.984283791647625
-0.929408881510449
0.595023196101962
-0.081690011744941
-0.456210657353176
0.856910362418577
-0.999902524009304
0.842183625869844
-0.431186108523430
-0.109486480664044
0.617232064632464
-0.939351046208912
0.978969242177384
-0.724171861437385
0.251586763744431
0.296660631545585
-0.755690197347020
0.987453210044196
-0.922249174357883
0.579687576411890
-0.062790519529240
-0.472990181723992
0.866523638498007
-0.999458451547165
0.831815755384914
-0.414012477269936
-0.128301068387908
0.632029302664871
-0.945680807639531
0.974927912181834
-0.710974831112794
0.233202912935496
0.314702536658228
-0.767964227459566
0.990268068741567
-0.914758319980715
0.564143811312364
-0.043868481447578
-0.489599871965098
0.875825776431862
-0.998655508726067
0.821149209133740
-0.396690188704974
-0.147069587713034
0.646599601215834
-0.951671008370681
0.970536519880780
-0.697522514745752
0.214735327166948
0.332631443164356
-0.779962508642730
0.992727357023034
-0.906939008081232
0.548397482022633
-0.024930691737962
-0.506033764121225
0.884813436149753
-0.997493983854522
0.810187817097846
-0.379225462653006
-0.165785299524599
0.660937728603872
-0.957319497532074
0.965796642068664
-0.683819742589357
0.196190637498961
0.350440913424560
-0.791680732735959
0.994830191844719
-0.898794046299175
0.532454242495056
-0.005983950294255
-0.522285957360009
0.893483390499350
-0.995974293995237
0.798935515127382
-0.361624570082153
-0.184441483669097
0.675038536512000
-0.962624246950023
0.960709980668813
-0.669871434827049
0.177575502677230
0.368124552684786
-0.803114692137347
0.996575818152636
-0.890326359203698
0.516319817386088
0.012964939775199
-0.538350616090774
0.901832526405143
-0.994096984815362
0.787396343528016
-0.343893830853770
-0.203031441367315
0.688896961836305
-0.967583351875687
0.955278362122335
-0.655682599805303
0.158896606741156
0.385676011372464
-0.814260281314434
0.997963609153806
-0.881538987243260
0.500000000000018
0.031909174591245
-0.554221972059885
0.909857845986235
-0.991862730390562
0.775574445610204
-0.326039611452368
-0.221548497619402
0.702508028503932
-0.972195031668999
0.949503736732312
-0.641258332235469
0.140160656625180
0.403088987376207
-0.825113498278359
0.998993066541317
-0.872435085653903
0.483500650208972
0.050841951945580
-0.569894326421928
0.917556467632776
-0.989272332962977
0.763474066201477
-0.308068322699843
-0.239986003602519
0.715866849259816
-0.976457630438028
0.943388177963511
-0.626603811364442
0.121374379749670
0.420357228309515
-0.835670446020838
0.999663820673248
-0.863017923326321
0.466827692348847
0.069756473744103
-0.585362051785777
0.924925627040647
-0.986326722653167
0.751099550122267
-0.289986417453577
-0.258337339056862
0.728968627421364
-0.980369617633559
0.936933881697879
-0.611724299114972
0.102544521605563
0.437474533754529
-0.845927333913313
0.999975630705395
-0.853290881632116
0.449987113092089
0.088645948447637
-0.600619594235937
0.931962678204025
-0.983026957126138
0.738455340625837
-0.271800388289438
-0.276595914663653
0.741808658601406
-0.983929588598653
0.930143165446079
-0.596625138196299
0.083677843332294
0.454434757489222
-0.855880479068529
0.999928384677746
-0.843257453209664
0.432984959298089
0.107503593510540
-0.615661475325639
0.938665094365395
-0.979374221211571
0.725545977802869
-0.253516765170535
-0.294755174410912
0.754382332396427
-0.987136265072976
0.923018467515351
-0.581311750185767
0.064781119290111
0.471231809694081
-0.865526307662187
0.999522099554696
-0.832921240710037
0.415827335841966
0.126322637816069
-0.630482294044709
0.945030468923130
-0.975369826478395
0.712376096951270
-0.235142113102525
-0.312808597947489
0.766685134042636
-0.989988495651925
0.915562346134003
-0.565789633582133
0.045861134627642
0.487859659138750
-0.874861356216677
0.998756921218924
-0.822285955503409
0.398520403422527
0.145096324107659
-0.645076728758691
0.951056516295145
-0.971015210763896
0.698950426911806
-0.216683029776364
-0.330749702924293
0.778712646036898
-0.992485256199829
0.907777478532938
-0.550064361831244
0.026924682845585
0.504312335347628
-0.883882272844564
0.997633124419048
-0.811355416346443
0.381070376350171
0.163817911415208
-0.659439539119657
0.956741072739883
-0.966311937657235
0.685273788370138
-0.198146143199296
-0.348572047321876
0.790460549722904
-0.994625650217836
0.899666659983974
-0.534141581324813
0.007978563357398
0.520583930743658
-0.892585818452133
0.996151112670952
-0.800133548011241
0.363483520315554
0.182480677475528
-0.673565567947835
0.962082097133165
-0.961261695938325
0.671351092126052
-0.179538109314977
-0.366269231763532
0.801924626841850
-0.996408909165775
0.891232802796723
-0.518027009372997
-0.010970420952125
0.536668602769532
-0.900968867902435
0.994311418112901
-0.788624379875553
0.345766150139794
0.201077921146071
-0.687449743083368
0.967077671701083
-0.955866298971251
0.657187337329496
-0.160865609613559
-0.383834901813094
0.813100761047064
-0.997834392738112
0.882478935272515
-0.501726432151708
-0.029915466169533
0.552560575985546
-0.909028411137411
0.992114701314475
-0.776832044476783
0.327924627507261
0.219602964811073
-0.701087079207551
0.971726002708604
-0.950127684053197
0.642787609686560
-0.142135348732822
-0.401262750256585
0.823984939382041
-0.998901589093857
0.873408200617127
-0.485245702624216
-0.048849769795767
0.568254144143357
-0.916761554258702
0.989561751039371
-0.764760776027599
0.309965358680461
0.238049156779249
-0.714472679632878
0.976025421103638
-0.944047911718840
0.628157079632713
-0.123354052049880
-0.418546519366914
0.834573253721357
-0.999610115040355
0.864023855812175
-0.468590738440732
-0.067766533188465
0.583743672234898
-0.924165520566743
0.986653483962195
-0.752414908895713
0.291894792201055
0.256409873671968
-0.727601738061278
0.979974383116336
-0.937629165000477
0.613301000476448
-0.104528463267683
-0.435680003150606
0.844861902173936
-0.999959716170871
0.854329270445642
-0.451767519812805
-0.086658964004031
0.599023598515707
-0.931237651557779
0.983390944339313
-0.739798876047560
0.273719416573561
0.274678522802349
-0.740469540309881
0.983571470813404
-0.930873748644179
0.598224706513005
-0.085665341992688
-0.452657049576974
0.854847190448175
-0.999950266955941
0.844327925501982
-0.434782087366235
-0.105520278635156
0.614088436501780
-0.937975407878439
0.979775303633894
-0.726917207456577
0.255445757935776
0.292848544541141
-0.753071466003569
0.986815392607231
-0.923784088282235
0.582933611109009
-0.066771461307950
-0.469471562785863
0.864525533178439
-0.999581770788446
0.834023412112215
-0.417640539972094
-0.124343704647486
0.628932776940289
-0.944376370237530
0.975807860095282
-0.713774528476648
0.237080377715465
0.310913414672944
-0.765402990234589
0.989704983719655
-0.916362729562197
0.567433204758727
-0.047853605341149
-0.486117505277283
0.873893455212325
-0.998854359982393
0.823419430264483
-0.400349032556840
-0.143122483211139
0.643551289750949
-0.950438240274649
0.971490038292836
-0.700375558181466
0.218629870274386
0.328866646738810
-0.777459685186385
0.992239206600191
-0.908612337232917
0.551729053112618
-0.028918566828412
-0.502588900079056
0.882947592859018
-0.997768295725419
0.812519787475513
-0.382913773892508
-0.161849871527558
0.657938725939883
-0.956158841385728
0.966823388604420
-0.686725107669433
0.200100860540487
0.346701794364450
-0.789237221724075
0.994417151298584
-0.900535694187358
0.535826794978909
-0.009973144676655
-0.518879832892939
0.891684695095973
-0.996323967984954
0.801328397423472
-0.365341024366516
-0.180519145250617
0.672089919485229
-0.961536119504142
0.961809586659720
-0.672828078337125
0.181500001629128
0.364412453576187
-0.800731370948740
0.996238035791534
-0.892135700463912
0.519732140298894
0.008975858480854
-0.534984454218237
0.900101624737348
-0.994521895368276
0.789849278542702
-0.347637093735043
-0.199123600901093
0.685999789191364
-0.966568143838546
0.956450432738576
-0.658689460118740
0.162833972454177
0.381992265099116
-0.811938005715874
0.997701206263497
-0.883415372204729
0.503450868096697
0.027921638723444
-0.550896981452155
0.908195359559901
-0.992362724936245
0.778086552580842
-0.329808338856577
-0.217656558273655
0.699663340513243
-0.971253107566077
0.950747851124574
-0.644314329694540
0.144109475329854
0.399434916642399
-0.822853102117293
0.998806137341445
-0.874377840572817
0.486988824404227
0.046857393288132
-0.566611700966124
0.915962993388274
-0.989847231970982
0.766044443118854
-0.311861161409598
-0.236111362835486
0.713075667351061
-0.975589328481126
0.944703889414096
-0.629707848668000
0.125333233564159
0.416734145163249
-0.833472740925983
0.999552432283510
-0.865026350627754
0.470351920162074
0.065776323011804
-0.582122970157371
0.923401737138330
-0.986976319697491
0.753727274054483
-0.293802005593967
-0.254481388115693
0.726231953809901
-0.979575249599354
0.938320717781106
-0.614875261712453
0.106511989044774
0.433883739117467
-0.843793109003353
0.999939823121442
-0.855364260160501
0.453546129097099
0.084671634772555
-0.597425219474970
0.930508919819314
-0.983751018959342
0.741139468049700
-0.275637355817034
-0.272760038084641
0.739127475930266
-0.983209439716752
0.931600628197913
-0.599821894687917
0.087652499818285
0.450877540689357
-0.853810500668402
0.999968170756825
-0.845395038487734
0.436577485577475
0.103536543928857
-0.612512954419677
0.937281989491846
-0.980172487848531
0.728285544942674
-0.257373734365319
-0.290940749522351
0.751757603383956
-0.986490593923536
0.924546033612205
-0.584553152728759
0.068761537663607
0.467709448002788
-0.863521319028293
0.999637465011024
-0.835122265206140
0.419452082445963
0.122364276755691
-0.627380757516814
0.943718514184950
-0.976242011289651
0.715170120124863
-0.239017699062588
-0.309016994375127
0.764117801136659
-0.989417534072694
0.917159467080829
-0.569074518302911
0.049845885660476
0.484373417312160
-0.872922077269879
0.998947824628829
-0.824549628907103
0.402176068832185
0.141148072876747
-0.642023290261486
0.949816182769112
-0.971961000578522
0.701797902884111
-0.220575840915168
-0.326982282099546
0.776203631076316
-0.991989209203018
0.909443580859538
-0.553391549243300
0.030912335753883
0.500863465172500
-0.882009399911688
0.997899497235832
-0.813680925852267
0.384755647944684
0.159881187691841
-0.656435295035457
0.955572805786119
-0.967330992875440
0.688173694712418
-0.202054781745351
-0.344830161992986
0.788010753606697
-0.994204695916467
0.901401145451724
-0.537509876752232
0.011967686315328
0.517173670587906
-0.890780024015943
0.996492859249510
-0.802520058610430
0.367197074843999
0.178556894798661
-0.670611596994970
0.960986316235222
-0.962353650653242
0.674302387583819
-0.183461171813726
-0.362554225509845
0.799534929205595
-0.996063198709723
0.893035048612929
-0.521435203379421
-0.006981260298240
0.533298177137571
-0.899230800360166
0.994728415744065
-0.791071034656266
0.349506654195002
0.197168488407985
-0.684547105928857
0.966054770315320
-0.957030761100367
0.660188962196574
-0.164801687431310
-0.380148108562623
0.810772019947089
-0.997564050259836
0.884348294314124
-0.505173300974407
-0.025927700186450
0.549231195078615
-0.907358694567956
0.992606800269067
-0.779337964931385
0.331690738005639
