0.000000000000000
0.897038094386968
-0.792897765908474
-0.196190637499096
0.966311937657223
-0.657938725939712
-0.384755647944937
0.998026728428271
-0.497406623913220
-0.558365800629663
0.990949761767934
-0.317541094684840
-0.710273137068059
0.945356108439567
-0.125333233564299
-0.834573253721304
0.863017923326347
0.071746136761383
-0.926434797042888
0.747135564508147
0.266036845566676
-0.982287250728689
0.602213200286076
0.449987113092127
-0.999959716170870
0.433883739117553
0.616447076559473
-0.978765291933710
0.248689887164844
0.758946694294561
-0.919527772551446
0.053829843412119
0.871947226253866
-0.824549628907132
-0.143122483211126
0.951056516295157
-0.697522514745698
-0.334511859971857
0.993199708502812
-0.543383777794796
-0.512899277405908
0.996738762088013
-0.368124552684663
-0.671351092126010
0.961536119504144
-0.178556894798629
-0.803708526830796
0.888960053096190
0.017950993798110
-0.904827052466027
0.781831482468022
0.213761154992131
-0.970776348122920
0.644314329694481
0.401262750256482
-0.998993066541314
0.481753674101696
0.573167882188933
-0.988380467458427
0.300467997289440
0.722794863827404
-0.939351046208919
0.107503593510507
0.844327925502020
-0.853810500668338
-0.089639308903456
0.933043264819454
-0.735083659720171
-0.283298069832763
0.985492653565729
-0.587785252292451
-0.465945472355829
0.999637465011020
-0.417640539972114
-0.630482294044732
0.974927912181816
-0.231262784929943
-0.770513242775798
0.912324417231445
-0.035896202634554
-0.880595531856740
0.814260281314370
0.160865609613717
-0.956450432738638
0.684547105928665
0.351374824081352
-0.995129582585912
0.528226641853064
0.528226641853109
-0.995129582585907
0.351374824081329
0.684547105928703
-0.956450432738623
0.160865609613665
0.814260281314385
-0.880595531856728
-0.035896202634607
0.912324417231466
-0.770513242775764
-0.231262784929967
0.974927912181828
-0.630482294044691
-0.417640539972163
0.999637465011020
-0.465945472355807
-0.587785252292494
0.985492653565720
-0.283298069832712
-0.735083659720188
0.933043264819435
-0.089639308903404
-0.853810500668365
0.844327925501991
0.107503593510546
-0.939351046208932
0.722794863827367
0.300467997289490
-0.988380467458433
0.573167882188901
0.481753674101742
-0.998993066541312
0.401262750256433
0.644314329694511
-0.970776348122910
0.213761154992080
0.781831482468055
-0.904827052466010
0.017950993798042
0.888960053096207
-0.803708526830781
-0.178556894798682
0.961536119504154
-0.671351092125960
-0.368124552684712
0.996738762088015
-0.512899277405863
-0.543383777794828
0.993199708502805
-0.334511859971807
-0.697522514745715
0.951056516295136
-0.143122483211088
-0.824549628907145
0.871947226253840
0.053829843412151
-0.919527772551472
0.758946694294532
0.248689887164868
-0.978765291933720
0.616447076559448
0.433883739117613
-0.999959716170870
0.449987113092105
0.602213200286124
-0.982287250728682
0.266036845566612
0.747135564508178
-0.926434797042878
0.071746136761323
0.863017923326367
-0.834573253721295
-0.125333233564351
0.945356108439576
-0.710273137068014
-0.317541094684881
0.990949761767936
-0.558365800629619
-0.497406623913247
0.998026728428267
-0.384755647944896
-0.657938725939727
0.966311937657209
-0.196190637499062
-0.792897765908516
0.897038094386947
0.000000000000024
-0.897038094386994
0.792897765908452
0.196190637499166
-0.966311937657236
0.657938725939690
0.384755647944994
-0.998026728428273
0.497406623913205
0.558365800629707
-0.990949761767929
0.317541094684780
0.710273137068088
-0.945356108439560
0.125333233564246
0.834573253721322
-0.863017923326313
-0.071746136761428
0.926434797042897
-0.747135564508107
-0.266036845566714
0.982287250728702
-0.602213200286039
-0.449987113092149
0.999959716170870
-0.433883739117518
-0.616447076559532
0.978765291933699
-0.248689887164820
-0.758946694294600
0.919527772551431
-0.053829843412102
-0.871947226253891
0.824549628907118
0.143122483211193
-0.951056516295169
0.697522514745680
0.334511859971906
-0.993199708502817
0.543383777794740
0.512899277405954
-0.996738762088011
0.368124552684613
0.671351092126038
-0.961536119504125
0.178556894798577
0.803708526830811
-0.888960053096159
-0.017950993798148
0.904827052466055
-0.781831482467989
-0.213761154992155
0.970776348122936
-0.644314329694452
-0.401262750256504
0.998993066541317
-0.481753674101674
-0.573167882188988
0.988380467458421
-0.300467997289416
-0.722794863827440
0.939351046208906
-0.107503593510440
-0.844327925502048
0.853810500668325
0.089639308903509
-0.933043264819463
0.735083659720116
0.283298069832813
-0.985492653565733
0.587785252292408
0.465945472355876
-0.999637465011019
0.417640539972066
0.630482294044751
-0.974927912181804
0.231262784929892
0.770513242775814
-0.912324417231423
0.035896202634473
0.880595531856752
-0.814260281314340
-0.160865609613798
0.956450432738637
-0.684547105928647
-0.351374824081428
0.995129582585912
-0.528226641853043
-0.528226641853154
0.995129582585899
-0.351374824081306
-0.684547105928742
0.956450432738599
-0.160865609613669
-0.814260281314415
0.880595531856690
0.035896202634603
-0.912324417231476
0.770513242775731
0.231262784930074
-0.974927912181833
0.630482294044650
0.417640539972236
-0.999637465011021
0.465945472355760
0.587785252292560
-0.985492653565721
0.283298069832688
0.735083659720243
-0.933043264819436
0.089639308903379
0.853810500668393
-0.844327925501948
-0.107503593510570
0.939351046208950
-0.722794863827311
-0.300467997289486
0.988380467458441
-0.573167882188835
-0.481753674101739
0.998993066541311
-0.401262750256385
-0.644314329694595
0.970776348122904
-0.213761154992028
-0.781831482468106
0.904827052466000
-0.017950993798018
-0.888960053096245
0.803708526830767
0.178556894798706
-0.961536119504177
0.671351092125984
0.368124552684735
-0.996738762088021
0.512899277405793
0.543383777794849
-0.993199708502802
0.334511859971730
0.697522514745733
-0.951056516295128
0.143122483211007
0.824549628907159
-0.871947226253828
-0.053829843412232
0.919527772551460
-0.758946694294516
-0.248689887164947
0.978765291933737
-0.616447076559429
-0.433883739117635
0.999959716170871
-0.449987113092083
-0.602213200286143
0.982287250728667
-0.266036845566643
-0.747135564508194
0.926434797042848
-0.071746136761242
-0.863017923326379
0.834573253721250
0.125333233564432
-0.945356108439584
0.710273137067997
0.317541094684958
-0.990949761767939
0.558365800629599
0.497406623913318
-0.998026728428269
0.384755647944874
0.657938725939789
-0.966311937657188
0.196190637499038
0.792897765908531
-0.897038094386911
-0.000000000000049
0.897038094387005
-0.792897765908402
-0.196190637499134
0.966311937657242
-0.657938725939629
-0.384755647945069
0.998026728428275
-0.497406623913134
-0.558365800629774
0.990949761767926
-0.317541094684757
-0.710273137068146
0.945356108439552
-0.125333233564222
-0.834573253721367
0.863017923326330
0.071746136761453
-0.926434797042928
0.747135564508053
0.266036845566737
-0.982287250728706
0.602213200285974
0.449987113092171
-0.999959716170869
0.433883739117445
0.616447076559506
-0.978765291933694
0.248689887164742
0.758946694294653
-0.919527772551421
0.053829843412021
0.871947226253931
-0.824549628907104
-0.143122483211217
0.951056516295194
-0.697522514745663
-0.334511859971929
0.993199708502826
-0.543383777794767
-0.512899277405975
0.996738762088004
-0.368124552684538
-0.671351092126056
0.961536119504119
-0.178556894798497
-0.803708526830825
0.888960053096148
0.017950993798230
-0.904827052466041
0.781831482467974
0.213761154992235
-0.970776348122955
0.644314329694433
0.401262750256579
-0.998993066541320
0.481753674101653
0.573167882189008
-0.988380467458408
0.300467997289393
0.722794863827457
-0.939351046208878
0.107503593510473
0.844327925502061
-0.853810500668283
-0.089639308903590
0.933043264819471
-0.735083659720099
-0.283298069832891
0.985492653565737
-0.587785252292388
-0.465945472355948
0.999637465011018
-0.417640539972044
-0.630482294044814
0.974927912181786
-0.231262784929868
-0.770513242775866
0.912324417231390
-0.035896202634505
-0.880595531856790
0.814260281314292
0.160865609613766
-0.956450432738661
0.684547105928587
0.351374824081398
-0.995129582585920
0.528226641852974
0.528226641853223
-0.995129582585902
0.351374824081230
0.684547105928801
-0.956450432738608
0.160865609613589
0.814260281314462
-0.880595531856705
-0.035896202634684
0.912324417231510
-0.770513242775679
-0.231262784930042
0.974927912181851
-0.630482294044587
-0.417640539972207
0.999637465011023
-0.465945472355688
-0.587785252292533
0.985492653565707
-0.283298069832610
-0.735083659720221
0.933043264819407
-0.089639308903298
-0.853810500668435
0.844327925501965
0.107503593510651
-0.939351046208978
0.722794863827333
0.300467997289564
-0.988380467458453
0.573167882188861
0.481753674101810
-0.998993066541307
0.401262750256414
0.644314329694570
-0.970776348122885
0.213761154991949
0.781831482468086
-0.904827052465965
0.017950993797937
0.888960053096230
-0.803708526830718
-0.178556894798786
0.961536119504168
-0.671351092125923
-0.368124552684810
0.996738762088028
-0.512899277405821
-0.543383777794917
0.993199708502792
-0.334511859971760
-0.697522514745791
0.951056516295103
-0.143122483211039
-0.824549628907205
0.871947226253788
0.053829843412200
-0.919527772551492
0.758946694294463
0.248689887165025
-0.978765291933730
0.616447076559365
0.433883739117709
-0.999959716170871
0.449987113092010
0.602213200286208
-0.982287250728673
0.266036845566564
0.747135564508248
-0.926434797042817
0.071746136761161
0.863017923326363
-0.834573253721268
-0.125333233564400
0.945356108439611
-0.710273137067939
-0.317541094685035
0.990949761767965
-0.558365800629626
-0.497406623913290
0.998026728428263
-0.384755647944799
-0.657938725939850
0.966311937657167
-0.196190637499070
-0.792897765908511
0.897038094386926
0.000000000000130
-0.897038094387041
0.792897765908352
0.196190637499325
-0.966311937657234
0.657938725939654
0.384755647945039
-0.998026728428280
0.497406623913064
0.558365800629842
-0.990949761767930
0.317541094684788
0.710273137068123
-0.945356108439526
0.125333233564141
0.834573253721411
-0.863017923326231
-0.071746136761421
0.926434797042915
-0.747135564508075
-0.266036845566816
0.982287250728722
-0.602213200285909
-0.449987113092345
0.999959716170870
-0.433883739117474
-0.616447076559570
0.978765291933677
-0.248689887164663
-0.758946694294706
0.919527772551434
-0.053829843412053
-0.871947226253915
0.824549628907058
0.143122483211297
-0.951056516295219
0.697522514745523
0.334511859971899
-0.993199708502823
0.543383777794698
0.512899277406045
-0.996738762087998
0.368124552684462
0.671351092126032
-0.961536119504127
0.178556894798529
0.803708526830874
-0.888960053096110
-0.017950993798311
0.904827052466124
-0.781831482467994
-0.213761154992203
0.970776348122947
-0.644314329694371
-0.401262750256653
0.998993066541324
-0.481753674101681
-0.573167882188982
0.988380467458413
-0.300467997289315
-0.722794863827514
0.939351046208850
-0.107503593510279
-0.844327925502044
0.853810500668300
0.089639308903558
-0.933043264819501
0.735083659720044
0.283298069832969
-0.985492653565771
0.587785252292414
0.465945472355919
-0.999637465011016
0.417640539971970
0.630482294044877
-0.974927912181768
0.231262784929899
0.770513242775845
-0.912324417231403
0.035896202634424
0.880595531856829
-0.814260281314245
-0.160865609613958
0.956450432738651
-0.684547105928611
-0.351374824081474
0.995129582585928
-0.528226641852905
-0.528226641853292
0.995129582585905
-0.351374824081260
-0.684547105928777
0.956450432738585
-0.160865609613508
-0.814260281314510
0.880595531856613
0.035896202634652
-0.912324417231496
0.770513242775700
0.231262784930122
-0.974927912181869
0.630482294044523
0.417640539972178
-0.999637465011022
0.465945472355717
0.587785252292599
-0.985492653565693
0.283298069832532
0.735083659720353
-0.933043264819419
0.089639308903330
0.853810500668418
-0.844327925501921
-0.107503593510732
0.939351046209006
-0.722794863827356
-0.300467997289533
0.988380467458448
-0.573167882188794
-0.481753674101881
0.998993066541304
-0.401262750256236
-0.644314329694545
0.970776348122893
-0.213761154991980
-0.781831482468136
0.904827052465930
-0.017950993797855
-0.888960053096319
0.803708526830738
0.178556894798754
-0.961536119504190
0.671351092125863
0.368124552684886
-0.996738762088034
0.512899277405849
0.543383777794890
-0.993199708502796
0.334511859971684
0.697522514745849
-0.951056516295078
0.143122483210846
0.824549628907187
-0.871947226253804
-0.053829843412281
0.919527772551524
-0.758946694294410
-0.248689887165104
0.978765291933724
-0.616447076559390
-0.433883739117679
0.999959716170872
-0.449987113091938
-0.602213200286273
0.982287250728636
-0.266036845566596
-0.747135564508227
0.926434797042829
-0.071746136761193
-0.863017923326461
0.834573253721160
0.125333233564368
-0.945356108439600
0.710273137067962
0.317541094685004
-0.990949761767961
0.558365800629464
0.497406623913459
-0.998026728428265
0.384755647944829
0.657938725939826
-0.966311937657175
0.196190637498879
0.792897765908630
-0.897038094386839
-0.000000000000098
0.897038094387027
-0.792897765908372
-0.196190637499294
0.966311937657284
-0.657938725939507
-0.384755647945009
0.998026728428278
-0.497406623913092
-0.558365800629815
0.990949761767904
-0.317541094684603
-0.710273137068260
0.945356108439536
-0.125333233564173
-0.834573253721394
0.863017923326248
0.071746136761615
-0.926434797042989
0.747135564508096
0.266036845566785
-0.982287250728716
0.602213200285935
0.449987113092316
-0.999959716170868
0.433883739117298
0.616447076559545
-0.978765291933684
0.248689887164694
0.758946694294685
-0.919527772551357
0.053829843411858
0.871947226253900
-0.824549628907076
-0.143122483211265
0.951056516295209
-0.697522514745546
-0.334511859972083
0.993199708502845
-0.543383777794726
-0.512899277406017
0.996738762088000
-0.368124552684492
-0.671351092126177
0.961536119504074
-0.178556894798337
-0.803708526830854
0.888960053096125
0.017950993798279
-0.904827052466111
0.781831482467872
0.213761154992394
-0.970776348122940
0.644314329694395
0.401262750256623
-0.998993066541323
0.481753674101510
0.573167882189141
-0.988380467458384
0.300467997289346
0.722794863827491
-0.939351046208861
0.107503593510311
0.844327925502148
-0.853810500668198
-0.089639308903526
0.933043264819489
-0.735083659720066
-0.283298069832938
0.985492653565765
-0.587785252292257
-0.465945472356092
0.999637465011017
-0.417640539972000
-0.630482294044852
0.974927912181775
-0.231262784929710
-0.770513242775969
0.912324417231416
-0.035896202634456
-0.880595531856813
0.814260281314264
0.160865609613926
-0.956450432738708
0.684547105928469
0.351374824081444
-0.995129582585924
0.528226641852933
0.528226641853265
-0.995129582585886
0.351374824081078
0.684547105928754
-0.956450432738594
0.160865609613540
0.814260281314491
-0.880595531856628
-0.035896202634847
0.912324417231576
-0.770513242775720
-0.231262784930090
0.974927912181862
-0.630482294044549
-0.417640539972355
0.999637465011028
-0.465945472355544
-0.587785252292573
0.985492653565699
-0.283298069832563
-0.735083659720331
0.933043264819348
-0.089639308903136
-0.853810500668402
0.844327925501939
0.107503593510700
-0.939351046208995
0.722794863827221
0.300467997289719
-0.988380467458478
0.573167882188821
0.481753674101853
-0.998993066541305
0.401262750256265
0.644314329694694
-0.970776348122846
0.213761154992012
0.781831482468116
-0.904827052465944
0.017950993797888
0.888960053096304
-0.803708526830622
-0.178556894798946
0.961536119504181
-0.671351092125887
-0.368124552684856
0.996738762088032
-0.512899277405681
-0.543383777795054
0.993199708502800
-0.334511859971714
-0.697522514745826
0.951056516295088
-0.143122483210878
-0.824549628907297
0.871947226253708
0.053829843412249
-0.919527772551511
0.758946694294431
0.248689887165073
-0.978765291933764
0.616447076559237
0.433883739117855
-0.999959716170871
0.449987113091967
0.602213200286247
-0.982287250728642
0.266036845566408
0.747135564508356
-0.926434797042842
0.071746136761225
0.863017923326445
-0.834573253721178
-0.125333233564561
0.945356108439664
-0.710273137067825
-0.317541094684973
0.990949761767957
-0.558365800629491
-0.497406623913431
0.998026728428253
-0.384755647944649
-0.657938725939801
0.966311937657183
-0.196190637498910
-0.792897765908610
0.897038094386854
0.000000000000293
-0.897038094387113
0.792897765908392
0.196190637499262
-0.966311937657276
0.657938725939531
0.384755647945189
-0.998026728428290
0.497406623913120
0.558365800629788
-0.990949761767909
0.317541094684633
0.710273137068237
-0.945356108439473
0.125333233563980
0.834573253721376
-0.863017923326264
-0.071746136761583
0.926434797042977
-0.747135564507967
-0.266036845566972
0.982287250728752
-0.602213200285961
-0.449987113092287
0.999959716170868
-0.433883739117327
-0.616447076559698
0.978765291933644
-0.248689887164726
-0.758946694294664
0.919527772551370
-0.053829843411891
-0.871947226253995
0.824549628906966
0.143122483211458
-0.951056516295199
0.697522514745569
0.334511859972052
-0.993199708502842
0.543383777794562
0.512899277406184
-0.996738762088003
0.368124552684522
0.671351092126153
-0.961536119504083
0.178556894798369
0.803708526830970
-0.888960053096036
-0.017950993798246
0.904827052466097
-0.781831482467893
-0.213761154992362
0.970776348122986
-0.644314329694246
-0.401262750256594
0.998993066541321
-0.481753674101539
-0.573167882189115
0.988380467458389
-0.300467997289160
-0.722794863827626
0.939351046208872
-0.107503593510343
-0.844327925502131
0.853810500668215
0.089639308903720
-0.933043264819559
0.735083659720088
0.283298069832907
-0.985492653565760
0.587785252292283
0.465945472356063
-0.999637465011012
0.417640539971822
0.630482294044827
-0.974927912181782
0.231262784929741
0.770513242775949
-0.912324417231336
0.035896202634261
0.880595531856906
-0.814260281314283
-0.160865609613894
0.956450432738699
-0.684547105928492
-0.351374824081626
0.995129582585944
-0.528226641852960
-0.528226641853237
0.995129582585889
-0.351374824081108
-0.684547105928896
0.956450432738537
-0.160865609613348
-0.814260281314472
0.880595531856644
0.035896202634814
-0.912324417231563
0.770513242775596
0.231262784930280
-0.974927912181855
0.630482294044574
0.417640539972325
-0.999637465011027
0.465945472355573
0.587785252292731
-0.985492653565666
0.283298069832594
0.735083659720309
-0.933043264819360
0.089639308903168
0.853810500668503
-0.844327925501834
-0.107503593510667
0.939351046208984
-0.722794863827243
-0.300467997289688
0.988380467458473
-0.573167882188661
-0.481753674102024
0.998993066541306
-0.401262750256295
-0.644314329694670
0.970776348122854
-0.213761154991821
-0.781831482468238
0.904827052465861
-0.017950993797920
-0.888960053096290
0.803708526830641
0.178556894798914
-0.961536119504235
0.671351092125743
0.368124552684826
-0.996738762088029
0.512899277405709
0.543383777794836
-0.993199708502777
0.334511859971745
0.697522514745966
-0.951056516295098
0.143122483210685
0.824549628907279
-0.871947226253835
-0.053829843412443
0.919527772551498
-0.758946694294304
-0.248689887165042
0.978765291933804
