0.000000000000000
0.971843622476422
-0.457984742103067
-0.756016693999252
0.814260281314378
0.372293658401946
-0.989704983719634
0.094108313318513
0.945356108439568
-0.539610720810782
-0.691062648986866
0.865276436727944
0.283298069832751
-0.998781653462334
0.187381314585722
0.910477546658816
-0.616447076559468
-0.619974682979091
0.908612337232871
0.191787907539961
-0.998993066541314
0.278991106039228
0.867517521717719
-0.687811804415956
-0.543383777794809
0.943883330308366
0.098575422202448
-0.990337346439118
0.368124552684674
0.816857349838956
-0.753071466003608
-0.461969759730590
0.970776348122916
0.004487974438933
-0.972891321940145
0.453990499739540
0.758946694294562
-0.811646811946195
-0.376455265374394
0.989052686346542
-0.089639308903424
-0.946809845192917
0.535826794978994
0.694299574162849
-0.863017923326345
-0.287599327432016
0.998550122907320
-0.182970947394049
-0.912324417231457
0.612907053652966
0.623489801858734
-0.906728826522705
-0.196190637499103
0.999184357885974
-0.274678522802389
-0.869741133155697
0.684547105928682
0.547145889934095
-0.942391540464034
-0.103040545578647
0.990949761767935
-0.363948032196774
-0.819437965209731
0.750111069630456
0.465945472355831
-0.969689520376683
-0.008975858481012
0.973919425411304
-0.449987113092115
-0.761861407873412
0.809016994374939
0.380609289778880
-0.988380467458427
0.085168498971964
0.948244511287225
-0.532032076515334
-0.697522514745706
0.860742027003938
0.291894792201045
-0.998298479539763
0.178556894798617
0.914152911751102
-0.609354685562809
-0.626992362396819
0.904827052466016
0.200589415783281
-0.999355523643321
0.270360406986338
0.871947226253871
-0.681268619282649
-0.550896981452100
0.940880768954224
0.107503593510529
-0.991542217370805
0.359764181061796
0.822002075447917
-0.747135564508137
-0.469911799899924
0.968583161128624
0.013463561731185
-0.974927912181823
0.445974662797062
0.764760776027604
-0.806370881570454
-0.384755647944952
0.987688340595133
-0.080695973575193
-0.949660077825425
0.528226641853082
0.700731405818918
-0.858448793601860
-0.296184377620490
0.998026728428270
-0.174139245707369
-0.915962993388175
0.605790043840798
0.630482294044714
-0.902907053368369
-0.204984153792239
0.999506560365731
-0.266036845566660
-0.874135756577064
0.677976410513204
0.554636976794331
-0.939351046208922
-0.111964476103312
0.992114701314478
-0.355573083550931
-0.824549628907148
0.744145010569340
0.473868662473017
-0.967457292663049
-0.017950993798126
0.975916761938747
-0.441953229673220
-0.767644740358017
0.803708526830780
0.388894256356610
-0.986976319697491
0.076221822798861
0.951056516295161
-0.524410567641363
-0.703926182748969
0.856138269310441
0.300467997289491
-0.997734875046452
0.169718089100677
0.917754625683978
-0.602213200286083
-0.633959526508162
0.900968867902416
0.209374763007093
-0.999637465011020
0.261707925628585
0.876306680043872
-0.674670545932057
-0.558365800629683
0.937802403039818
0.116423103505855
-0.992667202067977
0.351374824081305
0.827080574274585
-0.741139468049823
-0.477815980375909
0.966311937657224
0.022438064295805
-0.976885954764647
0.437922894720360
0.770513242775795
-0.801029983781107
-0.393025031653939
0.986244419107036
-0.071746136761355
-0.952433798569330
0.520583930743581
0.707106781186571
-0.853810500668327
-0.304745564927260
0.997422925272830
-0.165293514029437
-0.919527772551448
0.598624226943436
0.637423989748690
-0.899012535107119
-0.213761154992123
0.999748234942506
-0.257373734365287
-0.878459952927518
0.671351092125987
0.562083377852151
-0.936234870639726
-0.120879385912358
0.993199708502816
-0.347169487214381
-0.829594860571854
0.738118997487308
0.481753674101759
-0.965147119180892
-0.026924682845663
0.977835471138027
-0.433883739117551
-0.773366225503517
0.798335306372692
0.397147890634796
-0.985492653565722
0.067269005612015
0.953791896906699
-0.516746808235967
-0.710273137068081
0.851465534561455
0.309016994374987
-0.997090885390698
0.160865609613651
0.921282398275842
-0.595023196102038
-0.640875613985025
0.897038094386965
0.218143241396551
-0.999838867929057
0.253034359076116
0.880595531856746
-0.668018115955484
-0.565789633582235
0.934648480581900
0.125333233564337
-0.993712209893246
0.342957157654094
0.832092437156177
-0.735083659720144
-0.485681664337352
0.963962860695838
0.031410759078128
-0.978765291933711
0.429835844221532
0.776203631076359
-0.795624548881772
-0.401262750256490
0.984721038215622
-0.062790519529289
-0.955130783952430
0.512899277405879
0.713425186616706
-0.849103418222173
-0.313282199597472
0.996738762088010
-0.156434465040183
-0.923018467515416
0.591410180293864
0.644314329694495
-0.895045585511171
-0.222520933956323
0.999909362145144
-0.248689887164839
-0.882713373816691
0.664671684553408
0.569484493168473
-0.933043264819433
-0.129784556752321
0.994204695916454
-0.338737920245254
-0.834573253721326
0.732033515886153
0.489599871965096
-0.962759186055445
-0.035896202634639
0.979675398423235
-0.425779291565066
-0.779025402343252
0.792897765908466
0.405369527637452
-0.983929588598625
0.058310768718914
0.956450432738639
-0.509041415750344
-0.716562866343816
0.846724199228263
0.317541094684883
-0.996366562457238
0.152000169561219
0.924735945302259
-0.587785252292428
-0.647740067614477
0.893035048612882
0.226894144495885
-0.999959716170871
0.244340406137823
0.884813436149773
-0.661311865323592
-0.573167882188990
0.931419255684586
0.134233265817744
-0.994677156652775
0.334511859971861
0.837037260298622
-0.728968627421418
-0.493508218064340
0.961536119504149
0.040380923169149
-0.980565772275220
0.421714162855301
0.781831482468036
-0.790155012375681
-0.409468140058906
0.983118320656122
-0.053829843412104
-0.957750816684937
0.505173300974474
0.719686113050214
-0.844327925501994
-0.321793593854488
0.995974293995234
-0.147562812492410
-0.926434797042906
0.584148485111042
0.651152758743617
-0.891006524188339
-0.231262784930016
0.999989928992004
-0.239986003602495
-0.886895676556449
0.657938725939652
0.576839726452812
-0.929776485888219
-0.138679271154525
0.995129582585919
-0.330279061955183
-0.839484407258069
0.725889056058895
0.497406623913216
-0.960293685676943
-0.044864830350515
0.981436395555740
-0.417640539972124
-0.784621814930598
0.787396343528003
0.413558504966536
-0.982287250728684
0.049347833863727
0.959031909598973
-0.501295010989897
-0.722794863827415
0.841914645309149
0.326039611452381
-0.995561964603075
0.143122483211071
0.928114988519057
-0.580499952001528
-0.654552334343479
0.888960053096164
0.235626767265380
-0.999999999999999
0.235626767265245
0.888960053096227
-0.654552334343375
-0.580499952001640
0.928114988519006
0.143122483211208
-0.995561964603088
0.326039611452250
0.841914645309162
-0.722794863827398
-0.501295010989919
0.959031909598966
0.049347833863751
-0.982287250728688
0.413558504966514
0.787396343528018
-0.784621814930582
-0.417640539972147
0.981436395555735
-0.044864830350491
-0.960293685676950
0.497406623913194
0.725889056058912
-0.839484407258056
-0.330279061955206
0.995129582585906
-0.138679271154388
-0.929776485888270
0.576839726452699
0.657938725939756
-0.886895676556385
-0.239986003602629
0.999989928992004
-0.231262784929881
-0.891006524188401
0.651152758743513
0.584148485111154
-0.926434797042854
-0.147562812492546
0.995974293995246
-0.321793593854358
-0.844327925502068
0.719686113050196
0.505173300974495
-0.957750816684930
-0.053829843412128
0.983118320656126
-0.409468140058884
-0.790155012375696
0.781831482468020
0.421714162855323
-0.980565772275215
0.040380923169124
0.961536119504156
-0.493508218064319
-0.728968627421434
0.837037260298609
0.334511859971884
-0.994677156652773
0.134233265817607
0.931419255684636
-0.573167882188876
-0.661311865323695
0.884813436149709
0.244340406137957
-0.999959716170870
0.226894144495806
0.893035048612919
-0.647740067614372
-0.587785252292540
0.924735945302207
0.152000169561356
-0.996366562457250
0.317541094684752
0.846724199228337
-0.716562866343719
-0.509041415750365
0.956450432738632
0.058310768718939
-0.983929588598629
0.405369527637429
0.792897765908481
-0.779025402343237
-0.425779291565088
0.979675398423230
-0.035896202634558
-0.962759186055467
0.489599871965025
0.732033515886208
-0.834573253721281
-0.338737920245330
0.994204695916446
-0.129784556752240
-0.933043264819462
0.569484493168406
0.664671684553469
-0.882713373816653
-0.248689887164918
0.999909362145143
-0.222520933956243
-0.895045585511207
0.644314329694433
0.591410180293975
-0.923018467515363
-0.156434465040319
0.996738762088021
-0.313282199597340
-0.849103418222246
0.713425186616609
0.512899277405998
-0.955130783952423
-0.062790519529314
0.984721038215626
-0.401262750256467
-0.795624548881787
0.776203631076343
0.429835844221554
-0.978765291933706
0.031410759078104
0.963962860695860
-0.485681664337280
-0.735083659720200
0.832092437156132
0.342957157654170
-0.993712209893236
0.125333233564256
0.934648480581929
-0.565789633582168
-0.668018115955544
0.880595531856708
0.253034359076195
-0.999838867929056
0.218143241396471
0.897038094387001
-0.640875613984963
-0.595023196102103
0.921282398275788
0.160865609613787
-0.997090885390709
0.309016994374855
0.851465534561528
-0.710273137067983
-0.516746808236086
0.953791896906658
0.067269005612040
-0.985492653565726
0.397147890634774
0.798335306372707
-0.773366225503501
-0.433883739117573
0.977835471138022
-0.026924682845638
-0.965147119180898
0.481753674101687
0.738118997487363
-0.829594860571809
-0.347169487214457
0.993199708502807
-0.120879385912277
-0.936234870639755
0.562083377852084
