0.000000000000000
0.632029302664850
-0.979575249599343
0.886203579231214
-0.393941909590950
-0.275637355817000
0.821149209133704
-0.997052752226919
0.724171861437466
-0.125333233564303
-0.529919264233206
0.946649260115696
-0.937281989491890
0.506033764121161
0.152985836284040
-0.743144825477398
0.998806137341433
-0.804893797355914
0.248689887164851
0.419452082446183
-0.898794046299168
0.973578902873159
-0.610145163901264
-0.027921638723576
0.653420603990108
-0.984807753012207
0.872922077269807
-0.368124552684670
-0.302369890750449
0.836764313458962
-0.994521895368271
0.704634209963588
-0.097582899759144
-0.553391549243345
0.955278362122342
-0.927183854566783
0.481753674101709
0.180519145250563
-0.761538307536745
0.999780683474845
-0.788010753606717
0.221548497619464
0.444635179184927
-0.910683660806181
0.966823388604456
-0.587785252292469
-0.055821504993179
0.674302387583731
-0.989272332962989
0.858959896930661
-0.342020143325667
-0.328866646738595
0.851726934143051
-0.991215540251540
0.684547105928676
-0.069756473744126
-0.576432316169801
0.963162566797663
-0.916362729562238
0.457097927058681
0.207911690817783
-0.779337964931478
0.999975630705394
-0.770513242775788
0.194234351219961
0.469471562785910
-0.921863151588501
0.959313974540052
-0.564967003424939
-0.083677843332324
0.694658370459011
-0.992965508106536
0.844327925502007
-0.315649036947080
-0.355106962408142
0.866025403784446
-0.987136265072983
0.663926212652234
-0.041875653729179
-0.599023598515588
0.970295726275999
-0.904827052466008
0.432085748801975
0.235142113102607
-0.796529918024196
0.999390827019094
-0.752414908895709
0.166768746716098
0.493941866584244
-0.932323801215521
0.951056516295150
-0.541708210282723
-0.111468932206355
0.714472679632812
-0.995884398615971
0.829037572555038
-0.289031796944455
-0.381070376350299
0.879648572866620
-0.982287250728684
0.642787609686536
-0.013962180339131
-0.621147780278329
0.976672278334168
-0.892585818452116
0.406736643075773
0.262189178640875
-0.813100761047023
0.998026728428268
-0.733729864502865
0.139173100960067
0.518027009373161
-0.942057452787302
0.942057452787295
-0.518027009373094
-0.139173100960089
0.733729864502880
-0.998026728428273
0.813100761047011
-0.262189178640855
-0.406736643075845
0.892585818452139
-0.976672278334164
0.621147780278312
0.013962180339181
-0.642787609686553
0.982287250728688
-0.879648572866597
0.381070376350253
0.289031796944476
-0.829037572555065
0.995884398615967
-0.714472679632796
0.111468932206278
0.541708210282765
-0.951056516295157
0.932323801215513
-0.493941866584200
-0.166768746716119
0.752414908895723
-0.999390827019096
0.796529918024183
-0.235142113102586
-0.432085748802020
0.904827052466029
-0.970295726275994
0.599023598515548
0.041875653729229
-0.663926212652250
0.987136265072995
-0.866025403784421
0.355106962408122
0.315649036947154
-0.844327925502034
0.992965508106534
-0.694658370458995
0.083677843332274
0.564967003424957
-0.959313974540058
0.921863151588482
-0.469471562785866
-0.194234351219982
0.770513242775820
-0.999975630705394
0.779337964931464
-0.207911690817707
-0.457097927058726
0.916362729562246
-0.963162566797657
0.576432316169760
0.069756473744148
-0.684547105928692
0.991215540251547
-0.851726934143033
0.328866646738574
0.342020143325714
-0.858959896930679
0.989272332962985
-0.674302387583684
0.055821504993129
0.587785252292487
-0.966823388604473
0.910683660806160
-0.444635179184908
-0.221548497619526
0.788010753606748
-0.999780683474844
0.761538307536731
-0.180519145250514
-0.481753674101741
0.927183854566791
-0.955278362122328
0.553391549243316
0.097582899759165
-0.704634209963633
0.994521895368276
-0.836764313458950
0.302369890750388
0.368124552684716
-0.872922077269821
0.984807753012206
-0.653420603990070
0.027921638723541
0.610145163901275
-0.973578902873171
0.898794046299152
-0.419452082446163
-0.248689887164907
0.804893797355935
-0.998806137341432
0.743144825477355
-0.152985836284054
-0.506033764121183
0.937281989491912
-0.946649260115699
0.529919264233182
0.125333233564370
-0.724171861437461
0.997052752226922
-0.821149209133663
0.275637355817003
0.393941909590983
-0.886203579231248
0.979575249599343
-0.632029302664820
-0.000000000000078
0.632029302664853
-0.979575249599352
0.886203579231176
-0.393941909590943
-0.275637355817044
0.821149209133753
-0.997052752226918
0.724171861437431
-0.125333233564214
-0.529919264233218
0.946649260115713
-0.937281989491858
0.506033764121146
0.152985836284097
-0.743144825477460
0.998806137341434
-0.804893797355876
0.248689887164865
0.419452082446202
-0.898794046299196
0.973578902873161
-0.610145163901241
-0.027921638723641
0.653420603990103
-0.984807753012213
0.872922077269772
-0.368124552684676
-0.302369890750483
0.836764313459005
-0.994521895368272
0.704634209963562
-0.097582899759066
-0.553391549243351
0.955278362122357
-0.927183854566754
0.481753674101703
0.180519145250612
-0.761538307536796
0.999780683474845
-0.788010753606686
0.221548497619373
0.444635179184947
-0.910683660806201
0.966823388604433
-0.587785252292452
-0.055821504993229
0.674302387583716
-0.989272332962992
0.858959896930628
-0.342020143325673
-0.328866646738615
0.851726934143085
-0.991215540251541
0.684547105928660
-0.069756473744048
-0.576432316169795
0.963162566797669
-0.916362729562206
0.457097927058688
0.207911690817804
-0.779337964931527
0.999975630705394
-0.770513242775756
0.194234351219884
0.469471562785904
-0.921863151588521
0.959313974540030
-0.564967003424922
-0.083677843332374
0.694658370459067
-0.992965508106539
0.844327925501981
-0.315649036947006
-0.355106962408162
0.866025403784471
-0.987136265072970
0.663926212652217
-0.041875653729129
-0.599023598515673
0.970295726276004
-0.904827052465987
0.432085748801982
0.235142113102628
-0.796529918024243
0.999390827019095
-0.752414908895695
0.166768746716020
0.493941866584238
-0.932323801215529
0.951056516295126
-0.541708210282729
-0.111468932206377
0.714472679632866
-0.995884398615971
0.829037572555010
-0.289031796944380
-0.381070376350293
0.879648572866644
-0.982287250728669
0.642787609686520
-0.013962180339081
-0.621147780278391
0.976672278334173
-0.892585818452094
0.406736643075702
0.262189178640896
-0.813100761047069
0.998026728428264
-0.733729864502850
0.139173100959990
0.518027009373131
-0.942057452787310
0.942057452787269
-0.518027009373125
-0.139173100960110
0.733729864502933
-0.998026728428271
0.813100761046998
-0.262189178640779
-0.406736643075813
0.892585818452149
-0.976672278334147
0.621147780278295
0.013962180339203
-0.642787609686613
0.982287250728692
-0.879648572866586
0.381070376350181
0.289031796944497
-0.829037572555078
0.995884398615960
-0.714472679632781
0.111468932206256
0.541708210282831
-0.951056516295163
0.932323801215485
-0.493941866584132
-0.166768746716140
0.752414908895775
-0.999390827019099
0.796529918024170
-0.235142113102510
-0.432085748802091
0.904827052466039
-0.970295726275975
0.599023598515576
0.041875653729250
-0.663926212652308
0.987136265072989
-0.866025403784410
0.355106962408049
0.315649036947121
-0.844327925502046
0.992965508106524
-0.694658370458979
0.083677843332253
0.564967003425022
-0.959313974540064
0.921863151588474
-0.469471562785796
-0.194234351220003
0.770513242775834
-0.999975630705395
0.779337964931451
-0.207911690817686
-0.457097927058796
0.916362729562255
-0.963162566797636
0.576432316169696
0.069756473744169
-0.684547105928749
0.991215540251557
-0.851726934143021
0.328866646738500
0.342020143325681
-0.858959896930690
0.989272332962974
-0.674302387583710
0.055821504993107
0.587785252292550
-0.966823388604464
0.910683660806151
-0.444635179184838
-0.221548497619492
0.788010753606761
-0.999780683474842
0.761538307536717
-0.180519145250492
-0.481753674101809
0.927183854566799
-0.955278362122321
0.553391549243250
0.097582899759187
-0.704634209963568
0.994521895368285
-0.836764313458938
0.302369890750476
0.368124552684789
-0.872922077269831
0.984807753012212
-0.653420603990011
0.027921638723519
0.610145163901248
-0.973578902873189
0.898794046299143
-0.419452082446195
-0.248689887164983
0.804893797355948
-0.998806137341434
0.743144825477302
-0.152985836283977
-0.506033764121153
0.937281989491940
-0.946649260115674
0.529919264233211
0.125333233564448
-0.724171861437515
0.997052752226919
-0.821149209133618
0.275637355816928
0.393941909590951
-0.886203579231285
0.979575249599327
-0.632029302664847
-0.000000000000157
0.632029302664914
-0.979575249599345
0.886203579231139
-0.393941909590871
-0.275637355817010
0.821149209133797
-0.997052752226912
0.724171861437456
-0.125333233564136
-0.529919264233285
0.946649260115702
-0.937281989491830
0.506033764121078
0.152985836284062
-0.743144825477512
0.998806137341438
-0.804893797355897
0.248689887164679
0.419452082446274
-0.898794046299180
0.973578902873117
-0.610145163901179
-0.027921638723605
0.653420603990248
-0.984807753012227
0.872922077269789
-0.368124552684498
-0.302369890750558
0.836764313458985
-0.994521895368252
0.704634209963507
-0.097582899759101
-0.553391549243322
0.955278362122380
-0.927183854566767
0.481753674101734
0.180519145250689
-0.761538307536773
0.999780683474844
-0.788010753606638
0.221548497619408
0.444635179184915
-0.910683660806234
0.966823388604442
-0.587785252292480
-0.055821504993307
0.674302387583774
-0.989272332962987
0.858959896930588
-0.342020143325600
-0.328866646738582
0.851726934143126
-0.991215540251530
0.684547105928686
-0.069756473743970
-0.576432316169859
0.963162566797659
-0.916362729562175
0.457097927058618
0.207911690817770
-0.779337964931576
0.999975630705393
-0.770513242775779
0.194234351219807
0.469471562785973
-0.921863151588507
0.959313974540008
-0.564967003424857
-0.083677843332339
0.694658370459123
-0.992965508106548
0.844327925502000
-0.315649036946931
-0.355106962408236
0.866025403784453
-0.987136265072957
0.663926212652159
-0.041875653729164
-0.599023598515736
0.970295726276023
-0.904827052466002
0.432085748801808
0.235142113102704
-0.796529918024222
0.999390827019088
-0.752414908895643
0.166768746716055
0.493941866584405
-0.932323801215557
0.951056516295137
-0.541708210282567
-0.111468932206455
0.714472679632842
-0.995884398615968
0.829037572554966
-0.289031796944414
-0.381070376350260
0.879648572866681
-0.982287250728676
0.642787609686547
-0.013962180339003
-0.621147780278363
0.976672278334165
-0.892585818452059
0.406736643075734
0.262189178640862
-0.813100761047115
0.998026728428266
-0.733729864502874
0.139173100959912
0.518027009373198
-0.942057452787298
0.942057452787243
-0.518027009373057
-0.139173100960075
0.733729864502986
-0.998026728428276
0.813100761047019
-0.262189178640703
-0.406736643075884
0.892585818452133
-0.976672278334130
0.621147780278234
0.013962180339167
-0.642787609686673
0.982287250728707
-0.879648572866603
0.381070376350108
0.289031796944572
-0.829037572555058
0.995884398615953
-0.714472679632727
0.111468932206291
0.541708210282897
-0.951056516295188
0.932323801215497
-0.493941866584064
-0.166768746716217
0.752414908895752
-0.999390827019102
0.796529918024122
-0.235142113102544
-0.432085748802162
0.904827052466072
-0.970295726275983
0.599023598515422
0.041875653729329
-0.663926212652282
0.987136265073020
-0.866025403784371
0.355106962408082
0.315649036947303
-0.844327925502088
0.992965508106529
-0.694658370458841
0.083677843332174
0.564967003424993
-0.959313974540119
0.921863151588443
-0.469471562785828
-0.194234351219968
0.770513242775884
-0.999975630705394
0.779337964931473
-0.207911690817609
-0.457097927058764
0.916362729562241
-0.963162566797615
0.576432316169725
0.069756473744134
-0.684547105928806
0.991215540251552
-0.851726934143040
0.328866646738426
0.342020143325754
-0.858959896930672
0.989272332962962
-0.674302387583652
0.055821504993143
0.587785252292613
-0.966823388604484
0.910683660806166
-0.444635179184768
-0.221548497619568
0.788010753606739
-0.999780683474841
0.761538307536666
-0.180519145250527
-0.481753674101878
0.927183854566828
-0.955278362122332
0.553391549243185
0.097582899759265
-0.704634209963623
0.994521895368293
-0.836764313458895
0.302369890750401
0.368124552684862
-0.872922077269869
0.984807753012198
-0.653420603989951
0.027921638723441
0.610145163901310
-0.973578902873206
0.898794046299108
-0.419452082446124
-0.248689887165059
0.804893797355994
-0.998806137341430
0.743144825477250
-0.152985836283899
-0.506033764121220
0.937281989491967
-0.946649260115649
0.529919264233145
0.125333233564525
-0.724171861437569
0.997052752226925
-0.821149209133574
0.275637355816852
0.393941909591023
-0.886203579231216
0.979575249599312
-0.632029302664787
-0.000000000000008
0.632029302664975
-0.979575249599360
0.886203579231208
-0.393941909590799
-0.275637355817086
0.821149209133712
-0.997052752226906
0.724171861437402
-0.125333233564284
-0.529919264233351
0.946649260115727
-0.937281989491882
0.506033764121011
0.152985836284139
-0.743144825477412
0.998806137341442
-0.804893797355850
0.248689887164823
0.419452082446345
-0.898794046299215
0.973578902873151
-0.610145163901117
-0.027921638723684
0.653420603990135
-0.984807753012241
0.872922077269751
-0.368124552684636
-0.302369890750632
0.836764313459028
-0.994521895368267
0.704634209963451
-0.097582899759023
-0.553391549243387
0.955278362122403
-0.927183854566737
0.481753674101665
0.180519145250766
-0.761538307536824
0.999780683474846
-0.788010753606590
0.221548497619331
0.444635179184985
-0.910683660806266
0.966823388604422
-0.587785252292417
-0.055821504993385
0.674302387583832
-0.989272332962998
0.858959896930548
-0.342020143325526
-0.328866646738656
0.851726934143167
-0.991215540251520
0.684547105928629
-0.069756473743892
-0.576432316169923
0.963162566797680
-0.916362729562143
0.457097927058548
0.207911690817847
-0.779337964931625
0.999975630705393
-0.770513242775729
0.194234351219953
0.469471562786042
-0.921863151588537
0.959313974540050
-0.564967003424792
-0.083677843332417
0.694658370459016
-0.992965508106557
0.844327925501958
-0.315649036947072
-0.355106962408309
0.866025403784493
-0.987136265072981
0.663926212652100
-0.041875653729086
-0.599023598515617
0.970295726276042
-0.904827052465968
0.432085748801943
0.235142113102781
-0.796529918024269
0.999390827019093
-0.752414908895592
0.166768746715978
0.493941866584275
-0.932323801215585
0.951056516295112
-0.541708210282692
-0.111468932206533
0.714472679632897
-0.995884398615975
0.829037572554922
-0.289031796944339
-0.381070376350333
0.879648572866719
-0.982287250728661
0.642787609686487
-0.013962180338924
-0.621147780278424
0.976672278334182
-0.892585818452023
0.406736643075662
0.262189178640938
-0.813100761047160
0.998026728428261
-0.733729864502821
0.139173100959834
0.518027009373265
-0.942057452787324
0.942057452787216
-0.518027009372990
-0.139173100960153
0.733729864503040
-0.998026728428281
0.813100761046973
-0.262189178640628
-0.406736643075956
0.892585818452168
-0.976672278334113
0.621147780278173
0.013962180339246
-0.642787609686559
0.982287250728721
-0.879648572866566
0.381070376350246
0.289031796944647
-0.829037572555102
0.995884398615966
-0.714472679632672
0.111468932206213
0.541708210282771
-0.951056516295212
0.932323801215469
-0.493941866584194
-0.166768746716295
0.752414908895803
-0.999390827019096
0.796529918024075
-0.235142113102468
-0.432085748802027
0.904827052466105
-0.970295726275964
0.599023598515542
0.041875653729407
-0.663926212652341
0.987136265072996
-0.866025403784332
0.355106962408008
0.315649036947162
-0.844327925502130
0.992965508106519
-0.694658370458949
0.083677843332096
0.564967003425057
-0.959313974540077
0.921863151588413
-0.469471562785758
-0.194234351220045
0.770513242775789
-0.999975630705393
0.779337964931281
-0.207911690817532
-0.457097927058834
0.916362729562272
-0.963162566797655
0.576432316169846
0.069756473744439
-0.684547105928863
0.991215540251563
-0.851726934142999
0.328866646738567
0.342020143325614
-0.858959896930829
0.989272332962951
-0.674302387583594
0.055821504993064
0.587785252292493
-0.966823388604446
0.910683660806039
-0.444635179184697
-0.221548497619645
0.788010753606787
-0.999780683474844
0.761538307536763
-0.180519145250226
-0.481753674101947
0.927183854566858
-0.955278362122308
0.553391549243309
0.097582899759116
-0.704634209963840
0.994521895368301
-0.836764313458852
0.302369890750326
0.368124552684724
-0.872922077269797
0.984807753012145
-0.653420603989892
0.027921638723362
0.610145163901372
-0.973578902873172
0.898794046299173
-0.419452082445847
-0.248689887165135
0.804893797356041
-0.998806137341426
0.743144825477349
-0.152985836284046
-0.506033764121484
0.937281989491994
-0.946649260115624
0.529919264233079
0.125333233564378
-0.724171861437466
0.997052752226948
-0.821149209133529
0.275637355816777
0.393941909591095
-0.886203579231252
0.979575249599342
-0.632029302664902
-0.000000000000314
0.632029302665036
-0.979575249599376
0.886203579231172
-0.393941909590936
-0.275637355816943
0.821149209133887
-0.997052752226900
0.724171861437347
-0.125333233564206
-0.529919264233225
0.946649260115679
-0.937281989491776
0.506033764120943
0.152985836284217
-0.743144825477465
0.998806137341435
-0.804893797355938
0.248689887164527
0.419452082446416
-0.898794046299249
0.973578902873133
-0.610145163901235
-0.027921638723535
0.653420603990367
-0.984807753012254
0.872922077269712
-0.368124552684563
-0.302369890750490
0.836764313458947
-0.994521895368235
0.704634209963395
-0.097582899758945
-0.553391549243453
0.955278362122359
-0.927183854566793
0.481753674101397
0.180519145250843
-0.761538307536874
0.999780683474847
-0.788010753606681
0.221548497619476
0.444635179185259
-0.910683660806299
0.966823388604402
-0.587785252292353
-0.055821504993237
0.674302387583722
-0.989272332963043
0.858959896930508
-0.342020143325452
-0.328866646738730
0.851726934143089
-0.991215540251540
0.684547105928406
-0.069756473743813
-0.576432316169987
0.963162566797701
-0.916362729562203
0.457097927058681
0.207911690818146
-0.779337964931674
0.999975630705392
-0.770513242775679
0.194234351219876
0.469471562785911
-0.921863151588480
0.959313974539964
-0.564967003424727
-0.083677843332495
0.694658370459073
-0.992965508106540
0.844327925502037
-0.315649036946782
-0.355106962408382
0.866025403784532
-0.987136265072969
0.663926212652212
-0.041875653729235
-0.599023598515862
0.970295726276061
-0.904827052465935
0.432085748801872
0.235142113102636
-0.796529918024179
0.999390827019082
-0.752414908895540
0.166768746715901
0.493941866584344
-0.932323801215531
0.951056516295158
-0.541708210282435
-0.111468932206611
0.714472679632951
-0.995884398615982
0.829037572555005
-0.289031796944482
-0.381070376350615
0.879648572866756
-0.982287250728646
0.642787609686427
-0.013962180339073
-0.621147780278308
0.976672278334248
-0.892585818451988
0.406736643075591
0.262189178641013
-0.813100761047073
0.998026728428270
-0.733729864502613
0.139173100959757
0.518027009373332
-0.942057452787350
0.942057452787266
-0.518027009373118
-0.139173100960456
0.733729864503093
-0.998026728428286
0.813100761046927
-0.262189178640771
-0.406736643075820
0.892585818452306
-0.976672278334097
0.621147780278111
