0.000000000000000
0.903762633838577
-0.773682263079599
-0.241438012536647
0.980369617633536
-0.597825037323711
-0.468590738440719
0.998970569790714
-0.386595991179751
-0.668018115955501
0.958464918240234
-0.152493021882662
-0.827920523222572
0.861249281627846
0.090632580197783
-0.938836932555987
0.713075667351165
0.328395677953526
-0.994204695916451
0.522711139589884
0.546728420318349
-0.990747840471442
0.301419093926065
0.732712602022124
-0.928670899758826
0.062292830244844
0.875344001663065
-0.811646811946191
-0.180519145250565
0.966183474115384
-0.646599601215791
-0.412650251957017
0.999856273754320
-0.443294700476974
-0.620365869709271
0.974370064785233
-0.213761154992111
-0.791375982090789
0.891232802796701
0.028420106309717
-0.915562346134064
0.755363512779355
0.268919820615276
-0.985577163588190
0.574801242653070
0.493508218064353
-0.997277831864001
0.360229412798433
0.688896961836234
-0.949972051524646
0.124343704647468
0.843525385985099
-0.846458787921216
-0.118899111206545
0.948244511287229
-0.692862663375243
-0.355106962408146
0.996858367583932
-0.498271578510738
-0.570304017961110
0.986490593923517
-0.274199003780115
-0.751757603384031
0.917754625683974
-0.033902756056955
-0.888731561387353
0.794717399127546
0.208399433410090
-0.973121483594291
0.624658720898472
0.438371146789085
-0.999934228225054
0.417640539972124
0.642405529846566
-0.967583351875670
0.185911607162883
0.808430375665943
-0.877982975427965
-0.056817252993073
0.926622407101458
-0.736434530278343
-0.296184377620502
0.989988495651935
-0.551313085829137
-0.518027009373149
0.994779427478931
-0.333571817464825
-0.709219271556555
0.940711735063529
-0.096093934410185
-0.858448793601873
0.830984469274319
0.147069587712964
-0.956886035893274
0.672089919485038
0.381531368161961
-0.998706711663819
0.473429480961657
0.593418886603730
-0.981436395555733
0.246757397690261
0.770195285635345
-0.906096929213785
0.005485292998548
0.901401145451686
-0.777145961456952
-0.236111362835401
0.979273341697736
-0.602213200286062
-0.463737896649730
0.999204370226177
-0.391648982040030
-0.663926212652256
0.960014961656768
-0.157911867740818
-0.824831666147049
0.864023855812178
0.085168498971974
-0.936933881697922
0.716910607650453
0.323209657454498
-0.993600050061327
0.527379542125928
0.542127304478940
-0.991477375010471
0.306644740933301
0.728968627421434
-0.930691449948028
0.067766533188489
0.872678689965196
-0.814838826856927
-0.175121251758035
0.964754525183628
-0.650774217265831
-0.407647547846464
0.999748234942506
-0.448204916018853
-0.616054352538860
0.975589328481114
-0.219116444786218
-0.788010753606733
0.893707228200277
0.022936601439375
-0.913342518534862
0.758946694294546
0.263632546011851
-0.984634078551148
0.579281172342669
0.488730008614206
-0.997667289384867
0.365341024366335
0.684910532306929
-0.951671008370659
0.129784556752228
0.840566603495716
-0.849366721041901
-0.113450940250037
0.946488439637799
-0.696807517601239
-0.349973827323238
0.996408909165780
-0.503019946630189
-0.565789633582256
0.987374342073234
-0.279469936662818
-0.748129074605558
0.919919291221838
-0.039384385715503
-0.886203579231235
0.798034904178217
0.203031441367218
-0.971843622476432
0.628932776940287
0.433434403098359
-0.999982096009159
0.422618261740665
0.638192129352177
-0.968954116344025
0.191298475243054
0.805189614794430
-0.880595531856722
-0.051339966185942
0.924546033612324
-0.740134300202254
-0.290940749522214
0.989199363399619
-0.555881163064863
-0.513327292414927
0.995324227455862
-0.338737920245270
-0.705341536300423
0.942558232810245
-0.101552397284345
-0.855622475997226
0.834023412112218
0.141641728415661
-0.955278362122364
0.676141500725692
0.376455265374456
-0.998412803784635
0.478253978621259
0.588994880701295
-0.982473643366405
0.252069358243052
0.766685134042684
-0.908403961341478
0.010970420951948
0.899012535107148
-0.780586276549339
-0.230777608858316
0.978147600733816
-0.606583243456796
-0.458871101604243
0.999408105935467
-0.396690188705041
-0.659814332695216
0.961536119504134
-0.163325962241574
-0.821717990987344
0.866772432671623
0.079701855139698
-0.935002639749578
0.720723977066219
0.318013912008131
-0.992965508106541
0.532032076515302
0.537509876752324
-0.992177077318305
0.311861161409493
0.725202719127452
-0.932683996873414
0.073238197127598
0.869987120530028
-0.818006324354687
-0.169718089100698
0.963296548075577
-0.654929252388025
-0.402632578165196
0.999610115040356
-0.453101645672850
-0.611724299115069
0.976779237995906
-0.224465141658846
-0.784621814930639
0.896154763145883
0.017452406437358
-0.911095209678055
0.762507040116397
0.258337339056959
-0.983661367188576
0.583743672234733
0.483937093930304
-0.998026728428266
0.370441643310373
0.680903494733603
-0.953341330705942
0.135221503812900
0.837582529478852
-0.852249097851358
-0.107999355706082
0.944703889414189
-0.700731405818872
-0.344830161992826
0.995929470133143
-0.507753179550706
-0.561258225348288
0.988228381446544
-0.284732460668076
-0.744478035621506
0.922056277615769
-0.044864830350467
-0.883648932391944
0.801328397423526
0.197657340379170
-0.970536519880783
0.633187909234106
0.428484617944788
-0.999999875666361
0.427583267489673
0.633959526508190
-0.970295726275986
0.196679587407372
0.801924626841844
-0.883181592340981
-0.045861134627734
0.922441841766741
-0.743811800472699
-0.285688367405001
0.988380467458434
-0.560432514578153
-0.508612130123454
0.995839079454937
-0.343893830853704
-0.701442578258663
0.944376370237473
-0.107007804582381
-0.852770413853948
0.837037260298619
0.136209607307642
-0.953641945300250
0.680172737770824
0.371367835550353
-0.998088854996455
0.483064086256795
0.584553152728872
-0.983481329856145
0.257373734365184
0.763151913917413
-0.910683660806127
0.016455218819993
0.896596874675072
-0.784003104842251
-0.225436911090954
0.976992428613825
-0.610935035347130
-0.453990499739647
0.999581770788446
-0.401719459491586
-0.655682599805374
0.963028346012719
-0.168735142482039
-0.818579591429798
0.869494929505166
0.074232813184981
-0.933043264819480
0.724515660859202
0.312808597947559
-0.992301089144624
0.536668602769384
0.532876276070812
-0.992846926341825
0.317068198399428
0.721414990451392
-0.934648480581877
0.078707657427028
0.867269374343332
-0.821149209133652
-0.164309819852587
0.961809586659790
-0.659064581562988
-0.397605493806866
0.999441918203710
-0.457984742102993
-0.607375839723352
0.977939757526842
-0.229807084674941
-0.781209268031089
0.898575333990509
0.011967686315664
-0.908820487182120
0.766044443118929
0.253034359076203
-0.982659058768042
0.588188608058686
0.479129618224956
-0.998356138179166
0.375531116159677
0.676875969682709
-0.954982968272711
0.140654382238960
0.834573253721337
-0.855105831622691
-0.102544521605627
0.942890914311148
-0.704634209963552
-0.339676121182977
0.995420064911707
-0.512471134855591
-0.556709929603255
0.989052686346535
-0.289986417453535
-0.740804596286784
0.924165520566688
-0.050343925062553
-0.881067697735408
0.804597779766639
0.192277292145501
-0.969200215136322
0.637423989748655
0.423521940260828
-0.999987566661691
0.432535407828724
0.629707848667998
-0.971608141304295
0.202054781745352
0.798635510047383
-0.885741079069581
-0.040380923169297
0.920309894877078
-0.747466920438525
-0.280427389306142
0.987531832467884
-0.564967003424820
-0.503881664371769
0.996323967984938
-0.349039394155548
-0.697522514745801
0.946166092639849
-0.112459992158253
-0.849892692986934
0.840025923150698
0.130773387834465
-0.951976834664513
0.684183509325933
0.366269231763575
-0.997734875046464
0.487859659138621
0.580093836332057
-0.984459424705026
0.262670366455140
0.759595731569357
-0.912935959014650
0.021939521572518
0.894154236839421
-0.787396343527938
-0.220089430227702
0.975807860095332
-0.615268445017520
-0.449096237906662
0.999725359559775
-0.406736643075697
-0.651531138300997
0.964491596283442
-0.174139245707281
-0.815416561904617
0.872191264396552
0.068761537663915
-0.931055815862566
0.728285544942773
0.307593871893629
-0.991606813167042
0.541288981381380
0.528226641853168
-0.993486901926181
0.322265695230419
0.717605555360878
-0.936584841964763
0.084174749518129
0.864525533178407
-0.824267386628678
-0.158896606741193
0.960293685676967
-0.663180080364140
-0.392566446029788
0.999243649493389
-0.462854058383375
-0.603009105203091
0.979070852155425
-0.235142113102510
-0.777773215587100
0.900968867902384
0.006482606102258
-0.906518419490444
0.769558796866368
0.247723765629227
-0.981627183447677
0.592615846072293
0.474307726148741
-0.998655508726062
0.380609289778799
0.672828078337103
-0.956595871676283
0.146083028562346
0.831538866768261
-0.857936836400593
-0.097086602077351
0.941049568878677
-0.708515812605109
-0.334511859971902
0.994880708828793
-0.517173670587765
-0.552144883199402
0.989847231970958
-0.295231648934539
-0.737108867130358
0.926246956610245
-0.055821504992999
-0.878459952927587
0.807842952836138
0.186891458544796
-0.967834748450706
0.641640891025836
0.418546519366931
-0.999945169365513
0.437474533754421
0.625437223759003
-0.972891321940108
0.207423896524457
0.795322363376045
-0.888273915031086
-0.034899496702651
0.918150257090686
-0.751099550122201
-0.275157973521227
0.986653483962228
-0.569484493168333
-0.499136037493079
0.996778878456235
-0.354174455327882
-0.693581463711155
0.947927346167086
-0.117908795963141
-0.846989399982815
0.842989310743731
0.125333233564438
-0.950283080316128
0.688173694712213
0.361159607424358
-0.997350874585447
0.492640552974396
0.575617065685778
-0.985407898483487
