0.000000000000000
0.988681689997526
0.296660631545546
-0.899666659983951
-0.566611700966057
0.729650984817450
0.785548416547708
-0.493941866584230
-0.933759016147292
0.213761154992113
0.997899497235825
0.085665341992679
-0.972195031668979
-0.377379040140647
0.858959896930663
0.635115769842181
-0.668389112327189
-0.835670446020764
0.417640539972128
0.960986316235237
-0.129290092740030
-0.999780683474845
-0.170700866905867
0.948560733217857
0.455322933869014
-0.811938005715854
-0.698950426911898
0.602213200286081
0.879648572866617
-0.338268693368587
-0.981148383394173
0.043868481447669
0.994311418112901
0.254481388115570
-0.917952555519684
-0.529919264233207
0.758946694294552
0.757646355689095
-0.531609778236697
-0.917159467080769
0.256409873672022
0.994096984815366
0.041875653729203
-0.981531911539134
-0.336390945865379
0.880595531856736
0.600619594235980
-0.700375558181364
-0.810772019947091
0.457097927058684
0.947927346167133
-0.172665912166278
-0.999736921552070
-0.127311916418555
0.961536119504148
0.415827335842041
-0.836764313458958
-0.666904130524182
0.636655216119312
0.857936836400628
-0.379225462652916
-0.971726002708594
0.087652499818465
0.998026728428270
0.211812173746603
-0.934471052351314
-0.492206536620127
0.786781150250530
0.728285544942845
-0.568254144143254
-0.898794046299168
0.298564908363880
0.988380467458431
-0.001994660679589
-0.988978978893315
-0.294755174410912
0.900535694187320
0.564967003424948
-0.731013521647784
-0.784312557402893
0.495675231314086
0.933043264819446
-0.215709285751427
-0.997768295725415
-0.083677843332322
0.972660192581115
0.375531116159750
-0.859979539938271
-0.633573796645697
0.669871434827017
0.834573253721305
-0.419452082446177
-0.960432689513923
0.131267754658215
0.999820467595024
0.168735142482153
-0.949190346253536
-0.453546129097273
0.813100761047014
0.697522514745714
-0.603804410325467
-0.878698114040550
0.340145095010552
0.980760951578489
-0.045861134627682
-0.994521895368271
-0.252551890060328
0.918741991723547
0.528226641853084
-0.760244013297625
-0.756343002654885
0.533298177137549
0.916362729562242
-0.258337339056886
-0.993878596328826
-0.039882659401127
0.981911534487436
0.334511859971857
-0.881538987243265
-0.599023598515587
0.701797902883972
0.809602808379821
-0.458871101604181
-0.947290187621397
0.174630270445109
0.999689182000815
0.125333233564328
-0.962082097133157
-0.414012477270045
0.837854851683744
0.665416495326263
-0.638192129352128
-0.856910362418601
0.381070376350258
0.971253107566076
-0.089639308903426
-0.998149988796538
-0.209862349769265
0.935179370598544
0.490469248326084
-0.788010753606714
-0.726917207456617
0.569894326421783
0.897917856604824
-0.300467997289433
-0.988075312474497
0.003989313423071
0.989272332962987
0.292848544541191
-0.901401145451663
-0.563320058063636
0.732373150012763
0.783073577733170
-0.497406623913219
-0.932323801215521
0.217656558273541
0.997633124419047
0.081690011745006
-0.973121483594287
-0.373681698062529
0.860995761366618
0.632029302664865
-0.671351092125992
-0.833472740925951
0.421261956056627
0.959875241542896
-0.133244894304652
-0.999856273754320
-0.166768746716115
0.949816182769137
0.451767519812836
-0.814260281314362
-0.696091827364004
0.605393218023235
0.877744159160102
-0.342020143325662
-0.980369617633542
0.047853605341151
0.994728415744056
0.250621387183148
-0.919527772551446
-0.526531917830760
0.761538307536736
0.755036640377535
-0.534984454218160
-0.915562346134064
0.260263776601356
0.993656253522179
0.037889506392890
-0.982287250728689
-0.332631443164298
0.882478935272489
0.597425219474879
-0.703217455360690
-0.808430375665923
0.460642450450614
0.946649260115709
-0.176593933926817
-0.999637465011021
-0.123354052049833
0.962624246950005
0.412195971476906
-0.838942056356222
-0.663926212652269
0.639726503425790
0.855880479068572
-0.382913773892323
-0.970776348122921
0.091625761342664
0.998269277850215
0.207911690817789
-0.935883968070834
-0.488730008614215
0.789237221724052
0.725545977802936
-0.571532241275909
-0.897038094386968
0.302369890750421
0.987766226259842
-0.005983950294371
-0.989561751039371
-0.290940749522192
0.902263010333645
0.561670871434812
-0.733729864502864
-0.781831482468055
0.499136037492948
0.931600628198019
-0.219602964810950
-0.997493983854523
-0.079701855139697
0.973578902873157
0.371830793207197
-0.862008557172517
-0.630482294044732
0.672828078337017
0.832368912013286
-0.423070153602561
-0.959313974540058
0.135221503812934
0.999888101810272
0.164801687431403
-0.950438240274654
-0.449987113092128
0.815416561904536
0.694658370459036
-0.606979617058030
-0.876786712020764
0.343893830853715
0.979974383116326
-0.049845885660696
-0.994930978418579
-0.248689887164901
0.920309894877015
0.524835098908937
-0.762829571862263
-0.753727274054640
0.536668602769423
0.914758319980699
-0.262189178640824
-0.993429957280056
-0.035896202634614
0.982659058768018
0.330749702924270
-0.883415372204686
-0.595824463473276
0.704634209963569
0.807254726470168
-0.462411966550360
-0.946004566200093
0.178556894798622
0.999581770788451
0.121374379749659
-0.963162566797650
-0.410377825689858
0.840025923150761
0.662433288431506
-0.641258332235466
-0.854847190448120
0.384755647944885
0.970295726276001
-0.093611849232788
-0.998384595114689
-0.205960204653229
0.936584841964776
0.486988824404389
-0.790460549722858
-0.724171861437477
0.573167882188890
0.896154763145919
-0.304270581179829
-0.987453210044210
0.007978563357476
0.989847231970976
0.289031796944480
-0.903121285404177
-0.560019450100006
0.735083659720161
0.780586276549403
-0.500863465172512
-0.930873748644216
0.221548497619410
0.997350874585439
0.077713381426565
-0.974032448597806
-0.369978408957915
0.863017923326347
0.628932776940341
-0.674302387583684
-0.831261771375087
0.424876667889800
0.958748890738523
-0.137197575318776
-0.999915951636246
-0.162833972454307
0.951056516295138
0.448204916018885
-0.816569598217070
-0.693222149734027
0.608563601118085
0.875825776431879
-0.345766150139918
-0.979575249599351
0.051837967659568
0.995129582585907
0.246757397690344
-0.921088355588444
-0.523136191838730
0.764117801136702
0.752414908895745
-0.538350616090635
-0.913950654301107
0.264113537514714
0.993199708502813
0.033902756057007
-0.983026957126146
-0.328866646738608
0.884348294314064
0.594221336879666
-0.706048161055803
-0.806075865470099
0.464179642863090
0.945356108439585
-0.180519145250541
-0.999522099554695
-0.119394224540254
0.963697054534292
0.408558047142738
-0.841106447755004
-0.660937728603858
0.642787609686529
0.853810500668365
-0.386595991179698
-0.969811243937553
0.095597564671771
0.998495940131150
0.204007899039913
-0.937281989491869
-0.485245702624212
0.791680732735891
0.722794863827405
-0.574801242653042
-0.895267866396178
0.306170061015371
0.987136265072987
-0.009973144676469
-0.990128774621964
-0.287121694403184
0.903975967248439
0.558365800629665
-0.736434530278343
-0.779337964931505
0.502588900078987
0.930143165446151
-0.223493148958470
-0.997203797181181
-0.075724598517132
0.974482118963711
0.368124552684665
-0.864023855812181
-0.627380757516718
0.675774014000175
0.830151323416338
-0.426681491730835
-0.958179992386569
0.139173100960029
0.999939823121438
0.160865609613781
-0.951671008370680
-0.446420935683865
0.817719385664407
0.691783170903254
-0.610145163901198
-0.874861356216685
0.347637093734919
0.979172218670639
-0.053829843412061
-0.995324227455855
-0.244823926448198
0.921863151588490
0.521435203379538
-0.765402990234572
-0.751099550122361
0.540030487489657
0.913139352308727
-0.266036845566626
-0.992965508106545
-0.031909174591403
0.983390944339325
0.326982282099379
-0.885277697888829
-0.592615846072415
0.707459303011700
0.804893797355920
-0.465945472355794
-0.944703889414188
0.182480677475360
0.999458451547163
0.117413594300010
-0.964227708033378
-0.406736643075856
0.842183625869867
0.659439539119628
-0.644314329694480
-0.852770413853960
0.388434796274635
0.969322903035189
-0.097582899759152
-0.998603312456593
-0.202054781745432
0.937975407878369
0.483500650209050
-0.792897765908474
-0.721414990451344
0.576432316169753
0.894377407666368
-0.308068322699744
-0.986815392607211
0.011967686315559
0.990406377872168
0.285210449497874
-0.904827052465977
-0.556709929603216
0.737782470802735
0.778086552580985
-0.504312335347526
-0.929408881510535
0.225436911090830
0.997052752226922
0.073735514324117
-0.974927912181804
-0.366269231763552
0.865026350627742
0.625826241948844
-0.677242951731366
-0.829037572555089
0.428484617944756
0.957607281747658
-0.141148072876718
-0.999959716170870
-0.158896606741191
0.952281714056380
0.444635179184947
-0.818865919671917
-0.690341439691946
0.611724299114933
0.873893455212350
-0.349506654194843
-0.978765291933720
0.055821504993092
0.995514912254005
0.242889481131226
-0.922634279794492
-0.519732140299043
0.766685134042595
0.749781202967799
-0.541708210282732
-0.912324417231467
0.267959095144342
0.992727357023044
0.029915466169501
-0.983751018959347
-0.325096616503859
0.886203579231187
0.591007997439158
-0.708867630216864
-0.803708526830797
0.467709448002810
0.944047911718870
-0.184441483668892
-0.999390827019099
-0.115432496909212
0.964754525183610
0.404913620735985
-0.843257453209667
-0.657938725939711
0.645838486184997
0.851726934143071
-0.390272055913687
-0.968830705511832
0.099567846595814
0.998706711663817
0.200100860540605
-0.938665094365391
-0.481753674101799
0.794111644398357
0.720032246799363
-0.578061096249514
-0.893483390499361
0.309965358680327
0.986490593923522
-0.013962180339113
