0.000000000000000
0.931600628198008
-0.677242951731412
-0.439267323789384
0.996575818152633
-0.285210449497802
-0.789237221724079
0.858959896930664
0.164801687431385
-0.978765291933710
0.546728420318344
0.581311750185832
-0.969322903035167
0.123354052049831
0.879648572866615
-0.762829571862267
-0.325096616503824
0.999164097081316
-0.401262750256476
-0.707459303011772
0.915562346134059
0.041875653729202
-0.946004566200077
0.645838486185017
0.476501273172328
-0.992239206600171
0.244823926448195
0.814260281314377
-0.836764313458963
-0.205960204653195
0.986490593923520
-0.511185943022048
-0.614875261712434
0.958179992386564
-0.081690011744995
-0.898794046299165
0.735083659720180
0.364412453575933
-0.999999502665477
0.362554225509616
0.736434530278359
-0.897917856604816
-0.083677843332320
0.958748890738521
-0.613301000476457
-0.512899277405902
0.986161870314186
-0.204007899039869
-0.837854851683749
0.813100761047028
0.246757397690289
-0.992485256199832
0.474746671879542
0.647360073093978
-0.945356108439568
0.039882659401109
0.916362729562236
-0.706048161055828
-0.403088987376276
0.999080569319849
-0.323209657454464
-0.764117801136703
0.878698114040545
0.125333233564305
-0.969811243937546
0.579687576411986
0.548397482022574
-0.978354471007615
0.162833972454284
0.859979539938280
-0.788010753606725
-0.287121694403122
0.996738762088013
-0.437474533754562
-0.678709194932889
0.930873748644206
0.001994660679599
-0.932323801215507
0.675774014000218
0.441058366122215
-0.996408909165776
0.283298069832745
0.790460549722880
-0.857936836400627
-0.166768746716112
0.979172218670629
-0.545057183359315
-0.582933611109037
0.968830705511809
-0.121374379749645
-0.880595531856734
0.761538307536733
0.326982282099337
-0.999243649493385
0.399434916642518
0.708867630216933
-0.914758319980690
-0.043868481447656
0.946649260115695
-0.644314329694487
-0.478253978621310
0.991989209203001
-0.242889481131235
-0.815416561904552
0.835670446020759
0.207911690817751
-0.986815392607211
0.509470574795380
0.616447076559467
-0.957607281747650
0.079701855139661
0.899666659983952
-0.733729864502886
-0.366269231763451
0.999995523992272
-0.360694554957812
-0.737782470802757
0.897038094386975
0.085665341992673
-0.959313974540059
0.611724299115013
0.514610571130136
-0.985829223087091
0.202054781745393
0.838942056356234
-0.811938005715862
-0.248689887164856
0.992727357023032
-0.472990181723966
-0.648879084367486
0.944703889414173
-0.037889506392862
-0.917159467080772
0.704634209963578
0.404913620735904
-0.998993066541314
0.321321412458851
0.765402990234625
-0.877744159160086
-0.127311916418527
0.970295726275993
-0.578061096249557
-0.550064361831351
0.977939757526854
-0.160865609613721
-0.860995761366625
0.786781150250534
0.289031796944482
-0.996897740323618
0.435680003150689
0.680172737770910
-0.930143165446116
-0.003989313423091
0.933043264819451
-0.674302387583741
-0.442847653627040
0.996238035791517
-0.281384563016687
-0.791680732735937
0.856910362418602
0.168735142482132
-0.979575249599343
0.543383777794797
0.584553152728788
-0.968334653325771
0.119394224540258
0.881538987243268
-0.760244013297634
-0.328866646738602
0.999319226239542
-0.397605493806801
-0.710273137068055
0.913950654301094
0.045861134627722
-0.947290187621386
0.642787609686550
0.480004781253069
-0.991735265002982
0.240954069435875
0.816569598217076
-0.834573253721310
-0.209862349769236
0.987136265072988
-0.507753179550737
-0.618016438763797
0.957030761100416
-0.077713381426520
-0.900535694187325
0.732373150012759
0.368124552684653
-0.999987566661691
0.358833449319520
0.739127475930348
-0.896154763145908
-0.087652499818441
0.959875241542884
-0.610145163901271
-0.516319817386060
0.985492653565723
-0.200100860540584
-0.840025923150762
0.810772019947093
0.250621387183139
-0.992965508106538
0.471231809694104
0.650395513961863
-0.944047911718852
0.035896202634576
0.917952555519691
-0.703217455360732
-0.406736643075784
0.998901589093856
-0.319431889029707
-0.766685134042654
0.876786712020757
0.129290092740016
-0.970776348122916
0.576432316169789
0.551729053112702
-0.977521153141467
0.158896606741121
0.862008557172514
-0.785548416547705
-0.290940749522203
0.997052752226917
-0.433883739117574
-0.681633574422559
0.929408881510496
0.005983950294400
-0.933759016147281
0.672828078337066
0.444635179184920
-0.996063198709708
0.279469936662851
0.792897765908456
-0.855880479068568
-0.170700866905856
0.979974383116320
-0.541708210282727
-0.586170368601346
0.967834748450670
-0.117413594300004
-0.882478935272509
0.758946694294546
0.330749702924220
-0.999390827019094
0.395774489027946
0.711675817973072
-0.913139352308710
-0.047853605341144
0.947927346167124
-0.641258332235479
-0.481753674101717
0.991477375010474
-0.239017699062621
-0.817719385664418
0.833472740925951
0.211812173746598
-0.987453210044204
0.506033764121191
0.619583342081481
-0.956450432738634
0.075724598517077
0.901401145451678
-0.731013521647773
-0.369978408957911
0.999975630705394
-0.356970915999541
-0.740469540309753
0.895267866396163
0.089639308903411
-0.960432689513913
0.608563601118106
0.518027009373140
-0.985152163089194
0.198146143199364
0.841106447755041
-0.809602808379842
-0.252551890060274
0.993199708502808
-0.469471562785911
-0.651909355843770
0.943388177963531
-0.033902756056960
-0.918741991723557
0.701797902883967
0.408558047142728
-0.998806137341436
0.317541094684888
0.767964227459530
-0.875825776431867
-0.131267754658220
0.971253107566073
-0.574801242653069
-0.553391549243361
0.977098659516901
-0.156926971670479
-0.863017923326320
0.784312557402920
0.292848544541130
-0.997203797181177
0.432085748801994
0.683091699075620
-0.928670899758824
-0.007978563357515
0.934471052351326
-0.671351092125971
-0.446420935683796
0.995884398615974
-0.277554198388968
-0.794111644398345
0.854847190448111
0.172665912166276
-0.980369617633537
0.540030487489644
0.587785252292498
-0.967330992875459
0.115432496909253
0.883415372204684
-0.757646355689115
-0.332631443164257
0.999458451547163
-0.393941909590954
-0.713075667351173
0.912324417231446
0.049845885660727
-0.948560733217872
0.639726503425840
0.483500650208926
-0.991215540251546
0.237080377715524
0.818865919671934
-0.832368912013281
-0.213761154992121
0.987766226259837
-0.504312335347568
-0.621147780278341
0.955866298971266
-0.073735514324110
-0.902263010333639
0.729650984817469
0.371830793207149
-0.999959716170870
0.355106962408131
0.741808658601451
-0.894377407666323
-0.091625761342744
0.960986316235219
-0.606979617058088
-0.519732140298964
0.984807753012212
-0.196190637499112
-0.842183625869909
0.808430375665922
0.254481388115581
-0.993429957280058
0.467709448002810
0.653420603990057
-0.942724690773097
0.031909174591346
0.919527772551438
-0.700375558181382
-0.410377825689804
0.998706711663818
-0.315649036947087
-0.769240265396265
0.874861356216668
0.133244894304611
-0.971726002708580
0.573167882188956
0.555051843608749
-0.976672278334171
0.154956712238500
0.864023855812188
-0.783073577733156
-0.294755174410929
0.997350874585440
-0.430286039357619
-0.684547105928649
0.927929223127309
0.009973144676461
-0.935179370598544
0.669871434827031
0.448204916018876
-0.995701636221686
0.275637355816975
0.795322363375975
-0.853810500668381
-0.174630270445061
0.980760951578475
-0.538350616090709
-0.589397797376960
0.966823388604461
-0.113450940249978
-0.884348294314093
0.756343002654857
0.334511859971879
-0.999522099554691
0.392107762787114
0.714472679632772
-0.911505852311686
-0.051837967659609
0.949190346253534
-0.638192129352149
-0.485245702624197
0.990949761767931
-0.235142113102556
-0.820009195677903
0.831261771375108
0.215709285751385
-0.988075312474490
0.502588900079070
0.622709747129854
-0.955278362122343
0.071746136761368
0.903121285404201
-0.728285544942821
-0.373681698062438
0.999939823121439
-0.353241595961568
-0.743144825477370
0.893483390499337
0.093611849232822
-0.961536119504148
0.605393218023240
0.521435203379516
-0.984459424705042
0.194234351220040
0.843257453209683
-0.807254726470194
-0.256409873671994
0.993656253522176
-0.465945472355836
-0.654929252388088
0.942057452787293
-0.029915466169377
-0.920309894877034
0.698950426911945
0.412195971476809
-0.998603312456596
0.313755723344404
0.770513242775773
-0.873893455212356
-0.135221503812960
0.972195031668981
-0.571532241275920
-0.556709929603235
0.976242011289684
-0.152985836284097
-0.865026350627725
0.781831482468052
0.296660631545521
-0.997493983854520
0.428484617944754
0.685999789191177
-0.927183854566779
-0.011967686315618
0.935883968070808
-0.668389112327236
-0.449987113092077
0.995514912254018
-0.273719416573583
-0.796529918024186
0.852770413853940
0.176593933926834
-0.981148383394175
0.536668602769442
0.591007997439033
-0.966311937657239
0.111468932206375
0.885277697888836
-0.755036640377537
-0.336390945865357
0.999581770788450
-0.390272055913745
-0.715866849259730
0.910683660806164
0.053829843412055
-0.949816182769120
0.636655216119358
0.486988824404332
-0.990680040617105
0.233202912935609
0.821149209133700
-0.830151323416290
-0.217656558273579
0.988380467458434
-0.500863465172587
-0.624269236421549
0.954686624531139
-0.069756473744165
-0.903975967248466
0.726917207456626
0.375531116159734
-0.999915951636247
0.351374824081327
0.744478035621491
-0.892585818452158
-0.095597564671757
0.962082097133148
-0.603804410325510
-0.523136191838668
0.984107179553609
-0.192277292145463
-0.844327925502016
0.806075865470052
0.258337339056916
-0.993878596328818
0.464179642863173
0.656435295035270
-0.941386466660916
0.027921638723599
0.921088355588444
-0.697522514745707
-0.414012477270035
0.998495940131150
-0.311861161409503
-0.771783154533434
0.872922077269841
0.137197575318754
-0.972660192581109
0.569894326421833
0.558365800629645
-0.975807860095308
0.151014351648630
0.866025403784445
-0.780586276549359
-0.298564908363929
0.997633124419049
-0.426681491730773
-0.687449743083368
0.926434797042856
0.013962180339238
-0.936584841964753
0.666904130524266
0.451767519812718
-0.995324227455873
0.271800388289541
0.797734303538579
-0.851726934143076
-0.178556894798593
0.981531911539128
-0.534984454218218
-0.592615846072344
0.965796642068661
-0.109486480663985
-0.886203579231225
0.753727274054599
0.338268693368634
-0.999637465011022
0.388434796274631
0.717258170685020
-0.909857845986160
-0.055821504993039
0.950438240274631
-0.635115769842257
-0.488730008614118
0.990406377872186
-0.231262784930019
-0.822285955503451
0.829037572555067
0.219602964810914
-0.988681689997522
0.499136037492965
0.625826241948814
-0.954091088551920
0.067766533188499
0.904827052466033
-0.725545977802898
-0.377379040140696
0.999888101810271
-0.349506654194793
-0.745808283729326
0.891684695095934
0.097582899759035
-0.962624246949983
0.602213200286156
0.524835098908835
-0.983751018959362
0.190319468062106
0.845395038487724
-0.804893797355935
-0.260263776601368
0.994096984815364
-0.462411966550384
-0.657938725939719
0.940711735063528
-0.025927700186577
-0.921863151588516
0.696091827363950
0.415827335842092
-0.998384595114685
0.309965358680338
0.773049995616467
-0.871947226253919
-0.139173100959961
0.973121483594266
-0.568254144143331
-0.560019450099901
0.975369826478440
-0.149042266176223
-0.867021011307324
0.779337964931490
0.300467997289437
-0.997768295725414
0.424876667889832
0.688896961836243
-0.925682053535839
-0.015956618811764
0.937281989491909
-0.665416495326213
-0.453546129097342
0.995129582585902
-0.269880278600040
-0.798935515127295
0.850680065687395
0.180519145250465
-0.981911534487423
0.533298177137623
0.594221336879603
-0.965277503888980
0.107503593510564
0.887125934657372
-0.752414908895735
-0.340145095010549
0.999689182000815
-0.386595991179738
-0.718646638372946
0.909028411137371
0.057812944478613
-0.951056516295172
0.633573796645629
0.490469248326144
-0.990128774621990
0.229321736804925
0.823419430264477
-0.827920523222626
-0.221548497619383
0.988978978893306
-0.497406623913277
-0.627380757516651
0.953491756554198
-0.065776323011921
-0.905674537670611
0.724171861437472
0.379225462652932
-0.999856273754320
0.347637093734914
0.747135564508174
-0.890780024015838
-0.099567846595877
0.963162566797676
-0.600619594235904
-0.526531917830618
0.983390944339349
-0.188360886759405
-0.846458787921171
0.803708526830840
0.262189178640790
-0.994311418112894
0.460642450450680
0.659439539119600
-0.940033260679743
0.023933658491771
0.922634279794500
-0.694658370458995
-0.417640539972143
0.998269277850214
-0.308068322699800
-0.774313760984883
0.870968906043094
0.141148072876829
-0.973578902873178
0.566611700966168
0.561670871434668
-0.974927912181848
0.147069587713050
0.868013169235222
-0.778086552581000
-0.302369890750380
0.997899497235822
-0.423070153602636
-0.690341439691872
0.924925627040607
0.017950993798086
-0.937975407878393
0.663926212652232
0.455322933869034
-0.994930978418578
0.267959095144352
0.800133548011240
-0.849629812651927
-0.182480677475518
0.982287250728662
-0.531609778236805
-0.595824463473175
0.964754525183648
-0.105520278635264
-0.888044760497577
0.751099550122344
0.342020143325614
-0.999736921552069
0.384755647944968
0.720032246799327
-0.908195359559801
-0.059804153945033
0.951671008370682
-0.632029302664834
-0.492206536620145
0.989847231970976
-0.227379776282907
-0.824549628907178
0.826800179863218
0.223493148958342
-0.989272332962969
0.495675231314197
0.628932776940237
-0.952888630922485
0.063785851132720
0.906518419490381
-0.722794863827432
-0.381070376350229
0.999820467595025
-0.345766150139957
-0.748459872677293
0.889871808811469
0.101552397284372
-0.963697054534306
0.599023598515560
0.528226641853120
-0.983026957126147
0.186401556029695
0.847519169570165
-0.802520058610575
-0.264113537514634
0.994521895368260
-0.458871101604289
-0.660937728603752
0.939351046208951
-0.021939521572711
-0.923401737138370
0.693222149734020
0.419452082446142
-0.998149988796540
0.306170061015472
0.775574445610209
-0.869987120530009
-0.143122483211137
0.974032448597816
-0.564967003424904
-0.563320058063664
0.974482118963714
-0.145096324107533
-0.869001873620664
0.776832044476852
0.304270581179743
-0.998026728428264
0.421261956056719
0.691783170903146
-0.924165520566736
-0.019945297363236
0.938665094365399
-0.662433288431505
-0.457097927058668
0.994728415744060
-0.266036845566681
-0.801328397423556
0.848576179215528
0.184441483669004
-0.982659058768035
0.529919264233162
0.597425219474923
-0.964227708033368
0.103536543928823
0.888960053096132
-0.749781202967813
-0.343893830853623
0.999780683474842
-0.382913773892450
-0.721414990451275
0.907358694567891
0.061795125470150
-0.952281714056367
0.630482294044737
0.493941866584214
-0.989561751039377
0.225436911090837
0.825676546934603
-0.825676546934580
-0.225436911090877
0.989561751039383
-0.493941866584178
-0.630482294044768
0.952281714056355
-0.061795125470336
-0.907358694567813
0.721414990451404
0.382913773892278
-0.999780683474846
0.343893830853798
0.749781202967690
-0.888960053096217
-0.103536543928864
0.964227708033379
-0.597425219474890
-0.529919264233196
0.982659058768028
-0.184441483668963
-0.848576179215550
0.801328397423532
0.266036845566720
-0.994728415744064
0.457097927058632
0.662433288431536
-0.938665094365463
0.019945297363422
0.924165520566664
-0.691783170903281
-0.421261956056550
0.998026728428276
-0.304270581179920
-0.776832044476734
0.869001873620756
0.145096324107574
-0.974482118963723
0.563320058063631
0.564967003424938
-0.974032448597807
0.143122483211097
0.869987120530029
-0.775574445610183
-0.306170061015511
0.998149988796542
-0.419452082446105
-0.693222149733886
0.923401737138442
0.021939521572525
-0.939351046208887
0.660937728603892
0.458871101604124
-0.994521895368280
0.264113537514814
0.802520058610464
-0.847519169570143
-0.186401556029736
0.983026957126155
-0.528226641853085
-0.599023598515593
0.963697054534295
-0.101552397284331
-0.889871808811488
0.748459872677265
0.345766150139995
-0.999820467595025
0.381070376350402
0.722794863827303
-0.906518419490460
-0.063785851132534
0.952888630922429
-0.628932776940382
-0.495675231314036
0.989272332962996
-0.223493148958524
-0.826800179863242
0.824549628907154
0.227379776282947
-0.989847231970982
0.492206536620110
0.632029302664865
-0.951671008370669
0.059804153944992
0.908195359559818
-0.720032246799298
-0.384755647945006
0.999736921552073
-0.342020143325789
-0.751099550122221
0.888044760497663
0.105520278635079
-0.964754525183599
0.595824463473325
0.531609778236647
-0.982287250728697
0.182480677475477
0.849629812651949
-0.800133548011215
-0.267959095144391
0.994930978418582
-0.455322933868997
-0.663926212652263
0.937975407878379
-0.017950993798045
-0.924925627040622
0.690341439691842
0.423070153602467
-0.997899497235834
0.302369890750558
0.778086552580883
-0.868013169235315
-0.147069587712866
0.974927912181806
-0.561670871434822
-0.566611700966015
0.973578902873168
-0.141148072876788
-0.870968906043115
0.774313760984857
0.308068322699839
-0.998269277850216
0.417640539972106
0.694658370459025
-0.922634279794484
-0.023933658491812
0.940033260679757
-0.659439539119740
-0.460642450450515
0.994311418112914
-0.262189178640970
-0.803708526830730
0.846458787921270
0.188360886759222
-0.983390944339315
0.526531917830777
0.600619594235937
-0.963162566797665
0.099567846595836
0.890780024015857
-0.747135564508147
-0.347637093734952
0.999856273754321
-0.379225462652894
-0.724171861437500
0.905674537670594
0.065776323011962
-0.953491756554142
0.627380757516796
0.497406623913115
-0.988978978893334
0.221548497619564
0.827920523222522
-0.823419430264582
-0.229321736804744
0.990128774621963
-0.490469248326108
-0.633573796645660
0.951056516295159
-0.057812944478572
-0.909028411137388
0.718646638372918
0.386595991179776
-0.999689182000814
0.340145095010510
0.752414908895762
-0.887125934657353
-0.107503593510379
0.965277503888931
-0.594221336879753
-0.533298177137466
0.981911534487458
-0.180519145250648
-0.850680065687297
0.798935515127407
0.269880278599860
-0.995129582585906
0.453546129097305
0.665416495326244
-0.937281989491894
0.015956618811723
0.925682053535854
-0.688896961836214
-0.424876667889869
0.997768295725411
-0.300467997289398
-0.779337964931516
0.867021011307417
0.149042266176039
-0.975369826478399
0.560019450100055
0.568254144143178
-0.973121483594309
0.139173100960145
0.871947226253828
-0.773049995616585
-0.309965358680377
0.998384595114687
-0.415827335842054
-0.696091827363980
0.921863151588500
0.025927700186618
-0.940711735063542
0.657938725939688
0.462411966550421
-0.994096984815360
0.260263776601328
0.804893797355824
-0.845395038487823
-0.190319468061923
0.983751018959328
-0.524835098908993
-0.602213200286007
0.962624246950033
-0.097582899759220
-0.891684695095850
0.745808283729298
0.349506654194832
-0.999888101810272
0.377379040140658
0.725545977802926
-0.904827052466015
-0.067766533188540
0.954091088551932
-0.625826241948781
-0.499136037493001
0.988681689997516
-0.219602964811096
-0.829037572554962
0.822285955503557
0.231262784929837
-0.990406377872160
0.488730008614280
0.635115769842113
-0.950438240274689
0.055821504993225
0.909857845986178
