0.000000000000000
0.855880479068558
-0.885277697888854
0.059804153945034
0.823419430264538
-0.911505852311672
0.119394224540245
0.788010753606721
-0.934471052351315
0.178556894798636
0.749781202967733
-0.954091088551924
0.237080377715499
0.708867630216939
-0.970295726275996
0.294755174410907
0.665416495326259
-0.983026957126157
0.351374824081341
0.619583342081494
-0.992239206600171
0.406736643075800
0.571532241275932
-0.997899497235826
0.460642450450634
0.521435203379497
-0.999987566661691
0.512899277405910
0.469471562785887
-0.998495940131151
0.563320058063627
0.415827335842028
-0.993429957280054
0.611724299115007
0.360694554957803
-0.984807753012207
0.657938725939710
0.304270581179847
-0.972660192581117
0.701797902883995
0.246757397690289
-0.957030761100411
0.743144825477394
0.188360886759297
-0.937975407878389
0.781831482468036
0.129290092740024
-0.915562346134055
0.817719385664434
0.069756473744121
-0.889871808811467
0.850680065687339
0.009973144676494
-0.860995761366625
0.880595531856742
-0.049845885660705
-0.829037572555037
0.907358694567866
-0.109486480664000
-0.794111644398359
0.930873748644208
-0.168735142482157
-0.756343002654866
0.951056516295155
-0.227379776282968
-0.715866849259714
0.967834748450667
-0.285210449497804
-0.672828078337052
0.981148383394171
-0.342020143325666
-0.627380757516695
0.990949761767933
-0.397605493806807
-0.579687576411966
0.997203797181180
-0.451767519812822
-0.529919264233192
0.999888101810273
-0.504312335347603
-0.478253978621310
0.998993066541313
-0.555051843608779
-0.424876667889834
0.994521895368272
-0.603804410325477
-0.369978408957879
0.986490593923521
-0.650395513961894
-0.313755723344349
0.974927912181818
-0.694658370459011
-0.256409873672011
0.959875241542884
-0.736434530278371
-0.198146143199385
0.941386466660899
-0.775574445610217
-0.139173100960058
0.919527772551447
-0.811938005715858
-0.079701855139650
0.894377407666335
-0.845395038487749
-0.019945297363300
0.866025403784425
-0.875825776431867
0.039882659401126
0.834573253721291
-0.903121285404198
0.099567846595833
0.800133548011197
-0.927183854566791
0.158896606741114
0.762829571862260
-0.947927346167133
0.217656558273568
0.722794863827388
-0.965277503888967
0.275637355817000
0.680172737770898
-0.979172218670636
0.332631443164305
0.635115769842160
-0.989561751039379
0.388434796274713
0.587785252292458
-0.996408909165776
0.442847653627064
0.538350616090671
-0.999689182000816
0.495675231314106
0.486988824404360
-0.999390827019095
0.546728420318347
0.433883739117555
-0.995514912254014
0.595824463473267
0.379225462652930
-0.988075312474496
0.642787609686535
0.323209657454466
-0.977098659516910
0.687449743083310
0.266036845566686
-0.962624246949999
0.729650984817479
0.207911690817720
-0.944703889414157
0.769240265396271
0.149042266176140
-0.923401737138381
0.806075865470080
0.089639308903404
-0.898794046299154
0.840025923150785
0.029915466169373
-0.870968906043112
0.870968906043134
-0.029915466169418
-0.840025923150761
0.898794046299173
-0.089639308903448
-0.806075865470053
0.923401737138398
-0.149042266176184
-0.769240265396243
0.944703889414172
-0.207911690817764
-0.729650984817448
0.962624246950012
-0.266036845566675
-0.687449743083319
0.977098659516908
-0.323209657454455
-0.642787609686544
0.988075312474503
-0.379225462652972
-0.595824463473230
0.995514912254018
-0.433883739117596
-0.546728420318309
0.999390827019096
-0.486988824404399
-0.495675231314066
0.999689182000814
-0.538350616090709
-0.442847653627024
0.996408909165773
-0.587785252292494
-0.388434796274671
0.989561751039372
-0.635115769842195
-0.332631443164262
0.979172218670627
-0.680172737770931
-0.275637355816984
0.965277503888963
-0.722794863827399
-0.217656558273552
0.947927346167128
-0.762829571862270
-0.158896606741098
0.927183854566785
-0.800133548011207
-0.099567846595816
0.903121285404191
-0.834573253721300
-0.039882659401109
0.875825776431831
-0.866025403784462
0.019945297363345
0.845395038487725
-0.894377407666356
0.079701855139695
0.811938005715832
-0.919527772551465
0.139173100960102
0.775574445610189
-0.941386466660914
0.198146143199429
0.736434530278340
-0.959875241542896
0.256409873672055
0.694658370458978
-0.974927912181828
0.313755723344391
0.650395513961860
-0.986490593923524
0.369978408957895
0.603804410325464
-0.994521895368274
0.424876667889849
0.555051843608765
-0.998993066541314
0.478253978621324
0.504312335347589
-0.999888101810272
0.529919264233206
0.451767519812807
-0.997203797181175
0.579687576412026
0.397605493806739
-0.990949761767935
0.627380757516730
0.342020143325677
-0.981148383394163
0.672828078337043
0.285210449497761
-0.967834748450669
0.715866849259745
0.227379776282980
-0.951056516295141
0.756343002654858
0.168735142482113
-0.930873748644213
0.794111644398378
0.109486480663913
-0.907358694567853
0.829037572555086
0.049845885660674
-0.880595531856700
0.860995761366640
-0.009973144676567
-0.850680065687330
0.889871808811500
-0.069756473744138
-0.817719385664391
0.915562346134062
-0.129290092740097
-0.781831482468025
0.937975407878414
-0.188360886759300
-0.743144825477355
0.957030761100411
-0.246757397690346
-0.701797902883993
0.972660192581131
-0.304270581179849
-0.657938725939676
0.984807753012205
-0.360694554957845
-0.611724299115017
0.993429957280059
-0.415827335842017
-0.563320058063590
0.998495940131150
-0.469471562785921
-0.512899277405926
0.999987566661691
-0.521435203379571
-0.460642450450607
0.997899497235820
-0.571532241275957
-0.406736643075727
0.992239206600168
-0.619583342081558
-0.351374824081325
0.983026957126144
-0.665416495326271
-0.294755174410837
0.970295726275993
-0.708867630216985
-0.237080377715489
0.954091088551904
-0.749781202967737
-0.178556894798577
0.934471052351314
-0.788010753606756
-0.119394224540246
0.911505852311650
-0.823419430264536
-0.059804153944984
0.885277697888858
-0.855880479068582
-0.000000000000012
0.855880479068535
-0.885277697888847
0.059804153945074
0.823419430264549
-0.911505852311687
0.119394224540336
0.788010753606701
-0.934471052351346
0.178556894798666
0.749781202967677
-0.954091088551931
0.237080377715577
0.708867630216922
-0.970295726276014
0.294755174410923
0.665416495326204
-0.983026957126160
0.351374824081410
0.619583342081487
-0.992239206600180
0.406736643075809
0.571532241275883
-0.997899497235826
0.460642450450687
0.521435203379494
-0.999987566661691
0.512899277405906
0.469471562785841
-0.998495940131151
0.563320058063664
0.415827335842038
-0.993429957280049
0.611724299114998
0.360694554957761
-0.984807753012209
0.657938725939744
0.304270581179763
-0.972660192581110
0.701797902884058
0.246757397690259
-0.957030761100385
0.743144825477415
0.188360886759211
-0.937975407878383
0.781831482468081
0.129290092740008
-0.915562346134026
0.817719385664443
0.069756473744048
-0.889871808811459
0.850680065687378
0.009973144676477
-0.860995761366595
0.880595531856743
-0.049845885660764
-0.829037572555036
0.907358694567891
-0.109486480664002
-0.794111644398323
0.930873748644204
-0.168735142482201
-0.756343002654874
0.951056516295169
-0.227379776282957
-0.715866849259682
0.967834748450664
-0.285210449497847
-0.672828078337060
0.981148383394180
-0.342020143325762
-0.627380757516660
0.990949761767947
-0.397605493806822
-0.579687576411906
0.997203797181182
-0.451767519812888
-0.529919264233178
0.999888101810274
-0.504312335347617
-0.478253978621245
0.998993066541313
-0.555051843608840
-0.424876667889819
0.994521895368264
-0.603804410325491
-0.369978408957811
0.986490593923518
-0.650395513961928
-0.313755723344360
0.974927912181808
-0.694658370459002
-0.256409873671967
0.959875241542887
-0.736434530278401
-0.198146143199396
0.941386466660883
-0.775574445610210
-0.139173100960013
0.919527772551452
-0.811938005715885
-0.079701855139661
0.894377407666315
-0.845395038487803
-0.019945297363255
0.866025403784389
-0.875825776431875
0.039882659401199
0.834573253721282
-0.903121285404230
0.099567846595849
0.800133548011153
-0.927183854566798
0.158896606741187
0.762829571862249
-0.947927346167157
0.217656558273584
0.722794863827337
-0.965277503888971
0.275637355817071
0.680172737770907
-0.979172218670645
0.332631443164294
0.635115769842125
-0.989561751039377
0.388434796274754
0.587785252292467
-0.996408909165780
0.442847653627054
0.538350616090633
-0.999689182000815
0.495675231314145
0.486988824404370
-0.999390827019093
0.546728420318432
0.433883739117514
-0.995514912254004
0.595824463473303
0.379225462652835
-0.988075312474489
0.642787609686613
0.323209657454424
-0.977098659516888
0.687449743083343
0.266036845566588
-0.962624246950002
0.729650984817509
0.207911690817732
-0.944703889414142
0.769240265396264
0.149042266176095
-0.923401737138385
0.806075865470107
0.089639308903415
-0.898794046299134
0.840025923150779
0.029915466169328
-0.870968906043117
0.870968906043156
-0.029915466169407
-0.840025923150736
0.898794046299168
-0.089639308903493
-0.806075865470060
0.923401737138415
-0.149042266176285
-0.769240265396214
0.944703889414205
-0.207911690817808
-0.729650984817378
0.962624246950024
-0.266036845566664
-0.687449743083203
0.977098659516929
-0.323209657454498
-0.642787609686553
0.988075312474518
-0.379225462653013
-0.595824463473240
0.995514912254012
-0.433883739117687
-0.546728420318271
0.999390827019096
-0.486988824404339
-0.495675231313978
0.999689182000813
-0.538350616090699
-0.442847653627085
0.996408909165764
-0.587785252292531
-0.388434796274682
0.989561751039382
-0.635115769842274
-0.332631443164220
0.979172218670629
-0.680172737770881
-0.275637355816886
0.965277503888951
-0.722794863827391
-0.217656558273397
0.947927346167096
-0.762829571862299
-0.158896606741109
0.927183854566726
-0.800133548011268
-0.099567846595771
0.903121285404196
-0.834573253721388
-0.039882659401008
0.875825776431837
-0.866025403784428
0.019945297363447
0.845395038487701
-0.894377407666350
0.079701855139626
0.811938005715772
-0.919527772551483
0.139173100960091
0.775574445610232
-0.941386466660948
0.198146143199473
0.736434530278348
-0.959875241542877
0.256409873672153
0.694658370458946
-0.974927912181825
0.313755723344326
0.650395513961782
-0.986490593923531
0.369978408957884
0.603804410325338
-0.994521895368285
0.424876667889890
0.555051843608775
-0.998993066541321
0.478253978621414
0.504312335347550
-0.999888101810273
0.529919264233341
0.451767519812716
-0.997203797181176
0.579687576411970
0.397605493806646
-0.990949761767921
0.627380757516721
0.342020143325688
-0.981148383394143
0.672828078337118
0.285210449497772
-0.967834748450672
0.715866849259816
0.227379776282881
-0.951056516295145
0.756343002654850
0.168735142482012
-0.930873748644175
0.794111644398371
0.109486480664037
-0.907358694567810
0.829037572555080
0.049845885660686
-0.880595531856760
0.860995761366692
-0.009973144676555
-0.850680065687336
0.889871808811547
-0.069756473744240
-0.817719385664398
0.915562346134057
-0.129290092740198
-0.781831482467962
0.937975407878410
-0.188360886759288
-0.743144825477286
0.957030761100441
-0.246757397690335
-0.701797902884002
0.972660192581155
-0.304270581179946
-0.657938725939685
0.984807753012203
-0.360694554957940
-0.611724299114936
0.993429957280058
-0.415827335842006
-0.563320058063506
0.998495940131155
-0.469471562785911
-0.512899277405936
0.999987566661690
-0.521435203379561
-0.460642450450617
0.997899497235828
-0.571532241276041
-0.406736643075737
0.992239206600170
-0.619583342081638
-0.351374824081230
0.983026957126146
-0.665416495326263
-0.294755174410740
0.970295726275968
-0.708867630216977
-0.237080377715501
0.954091088551874
-0.749781202967804
-0.178556894798589
0.934471052351318
-0.788010753606819
-0.119394224540145
0.911505852311655
-0.823419430264529
-0.059804153944882
0.885277697888811
-0.855880479068576
-0.000000000000024
0.855880479068482
-0.885277697888895
0.059804153945062
0.823419430264556
-0.911505852311729
0.119394224540324
0.788010753606708
-0.934471052351302
0.178556894798766
0.749781202967685
-0.954091088551928
0.237080377715676
0.708867630216850
-0.970295726276012
0.294755174410912
0.665416495326128
-0.983026957126179
0.351374824081399
0.619583342081496
-0.992239206600192
0.406736643075902
0.571532241275893
-0.997899497235825
0.460642450450777
0.521435203379408
-0.999987566661691
0.512899277405896
0.469471562785751
-0.998495940131145
0.563320058063655
0.415827335842049
-0.993429957280037
0.611724299115079
0.360694554957772
-0.984807753012211
0.657938725939820
0.304270581179775
-0.972660192581113
0.701797902883968
0.246757397690160
-0.957030761100388
0.743144825477407
0.188360886759111
-0.937975407878347
0.781831482468074
0.129290092740019
-0.915562346133985
0.817719385664502
0.069756473744060
-0.889871808811464
0.850680065687431
0.009973144676375
-0.860995761366601
0.880595531856737
-0.049845885660866
-0.829037572554979
0.907358694567886
-0.109486480663991
-0.794111644398261
0.930873748644241
-0.168735142482190
-0.756343002654881
0.951056516295201
-0.227379776283056
-0.715866849259690
0.967834748450661
-0.285210449497945
-0.672828078336985
0.981148383394178
-0.342020143325644
-0.627380757516581
0.990949761767945
-0.397605493806811
-0.579687576411823
0.997203797181189
-0.451767519812877
-0.529919264233188
0.999888101810275
-0.504312335347705
-0.478253978621255
0.998993066541313
-0.555051843608925
-0.424876667889727
0.994521895368266
-0.603804410325481
-0.369978408957716
0.986490593923501
-0.650395513961919
-0.313755723344371
0.974927912181785
-0.694658370459075
-0.256409873671979
0.959875241542890
-0.736434530278470
-0.198146143199297
0.941386466660887
-0.775574445610203
-0.139173100959912
0.919527772551412
-0.811938005715878
-0.079701855139673
0.894377407666270
-0.845395038487797
-0.019945297363267
0.866025403784451
-0.875825776431924
0.039882659401188
0.834573253721288
-0.903121285404274
0.099567846595951
0.800133548011160
-0.927183854566793
0.158896606741287
0.762829571862183
-0.947927346167153
0.217656558273573
0.722794863827266
-0.965277503888998
0.275637355817059
0.680172737770915
-0.979172218670666
0.332631443164390
0.635115769842135
-0.989561751039376
0.388434796274848
0.587785252292385
-0.996408909165779
0.442847653627043
0.538350616090547
-0.999689182000818
0.495675231314135
0.486988824404380
-0.999390827019089
0.546728420318422
0.433883739117525
-0.995514912254016
0.595824463473385
0.379225462652846
-0.988075312474491
0.642787609686691
0.323209657454327
-0.977098659516891
0.687449743083334
0.266036845566490
-0.962624246949975
0.729650984817501
0.207911690817743
-0.944703889414109
0.769240265396329
0.149042266176107
-0.923401737138390
0.806075865470167
0.089639308903314
-0.898794046299139
0.840025923150772
0.029915466169226
-0.870968906043067
0.870968906043150
-0.029915466169395
-0.840025923150681
0.898794046299213
-0.089639308903482
-0.806075865470067
0.923401737138454
-0.149042266176273
-0.769240265396221
0.944703889414164
-0.207911690817908
-0.729650984817386
0.962624246950021
-0.266036845566871
-0.687449743083212
0.977098659516927
-0.323209657454487
-0.642787609686387
0.988075312474517
-0.379225462653002
-0.595824463473249
0.995514912254032
-0.433883739117677
-0.546728420318281
0.999390827019095
-0.486988824404528
-0.495675231313988
0.999689182000814
-0.538350616090689
-0.442847653626892
0.996408909165765
-0.587785252292521
-0.388434796274693
0.989561751039351
-0.635115769842265
-0.332631443164231
0.979172218670631
-0.680172737771039
-0.275637355816897
0.965277503888954
-0.722794863827383
-0.217656558273408
0.947927346167099
-0.762829571862292
-0.158896606741121
0.927183854566730
-0.800133548011261
-0.099567846595783
0.903121285404104
-0.834573253721381
-0.039882659401019
0.875825776431843
-0.866025403784536
0.019945297363436
0.845395038487707
-0.894377407666345
0.079701855139841
0.811938005715779
-0.919527772551478
0.139173100960079
0.775574445610096
-0.941386466660944
0.198146143199462
0.736434530278356
-0.959875241542937
0.256409873672142
0.694658370458954
-0.974927912181823
0.313755723344531
0.650395513961791
-0.986490593923529
0.369978408957873
0.603804410325347
-0.994521895368283
0.424876667889879
0.555051843608785
-0.998993066541321
0.478253978621403
0.504312335347560
-0.999888101810269
0.529919264233331
0.451767519812727
-0.997203797181177
0.579687576412146
0.397605493806657
-0.990949761767922
0.627380757516712
0.342020143325485
-0.981148383394145
0.672828078337110
0.285210449497783
-0.967834748450618
0.715866849259808
0.227379776282892
-0.951056516295149
0.756343002654991
0.168735142482024
-0.930873748644180
0.794111644398364
0.109486480663823
-0.907358694567815
0.829037572555073
0.049845885660698
-0.880595531856657
0.860995761366686
-0.009973144676544
-0.850680065687343
0.889871808811541
-0.069756473744228
-0.817719385664405
0.915562346134144
-0.129290092740187
-0.781831482467969
0.937975407878406
-0.188360886759500
-0.743144825477294
0.957030761100437
-0.246757397690324
-0.701797902883848
0.972660192581152
-0.304270581179935
-0.657938725939693
0.984807753012241
-0.360694554957929
-0.611724299114945
0.993429957280057
-0.415827335842202
-0.563320058063515
0.998495940131155
-0.469471562785900
-0.512899277405751
0.999987566661690
-0.521435203379551
-0.460642450450628
0.997899497235814
-0.571532241276031
-0.406736643075748
0.992239206600171
-0.619583342081628
-0.351374824081241
0.983026957126148
-0.665416495326424
-0.294755174410751
0.970295726275971
-0.708867630216969
-0.237080377715291
0.954091088551877
-0.749781202967796
-0.178556894798601
0.934471052351242
-0.788010753606812
-0.119394224540156
0.911505852311660
-0.823419430264651
-0.059804153944894
0.885277697888816
-0.855880479068570
0.000000000000192
0.855880479068489
-0.885277697888889
0.059804153945051
0.823419430264433
-0.911505852311724
0.119394224540312
0.788010753606715
-0.934471052351378
0.178556894798755
0.749781202967692
-0.954091088551924
0.237080377715665
0.708867630216858
-0.970295726276009
0.294755174411118
0.665416495326137
-0.983026957126177
0.351374824081388
0.619583342081327
-0.992239206600191
0.406736643075892
0.571532241275903
-0.997899497235839
0.460642450450565
0.521435203379418
-0.999987566661692
0.512899277405886
0.469471562785762
-0.998495940131134
0.563320058063645
0.415827335841853
-0.993429957280065
0.611724299115069
0.360694554957571
-0.984807753012213
0.657938725939812
0.304270581179569
-0.972660192581116
0.701797902884122
0.246757397690392
-0.957030761100392
0.743144825477551
0.188360886759346
-0.937975407878352
0.781831482468209
0.129290092740031
-0.915562346133989
0.817719385664626
0.069756473744071
-0.889871808811366
0.850680065687305
0.009973144676387
-0.860995761366491
0.880595531856732
-0.049845885660855
-0.829037572554858
0.907358694567881
-0.109486480664205
-0.794111644398407
0.930873748644237
-0.168735142482402
-0.756343002654889
0.951056516295197
-0.227379776283266
-0.715866849259699
0.967834748450715
-0.285210449497716
-0.672828078336994
0.981148383394220
-0.342020143325633
-0.627380757516590
0.990949761767974
-0.397605493806801
-0.579687576411833
0.997203797181171
-0.451767519812867
-0.529919264233005
0.999888101810272
