0.000000000000000
0.973121483594288
0.448204916018873
-0.766685134042644
-0.801328397423553
0.397605493806788
0.984459424705048
0.055821504993164
-0.958748890738521
-0.497406623913221
0.729650984817450
0.833472740925945
-0.345766150139934
-0.992727357023034
-0.111468932206326
0.941386466660903
0.545057183359318
-0.690341439691896
-0.863017923326348
0.292848544541165
0.997899497235825
0.166768746716100
-0.921088355588452
-0.591007997439091
0.648879084367483
0.889871808811467
-0.239017699062590
-0.999959716170870
-0.221548497619469
0.897917856604816
0.635115769842176
-0.605393218023250
-0.913950654301097
0.184441483668976
0.998901589093855
0.275637355817001
-0.871947226253863
-0.677242951731410
0.560019450099962
0.935179370598551
-0.129290092740033
-0.994728415744058
-0.328866646738579
0.843257453209716
0.717258170684963
-0.512899277405907
-0.953491756554185
0.073735514324058
0.987453210044203
0.381070376350277
-0.811938005715857
-0.755036640377523
0.464179642863117
0.968830705511807
-0.017950993798096
-0.977098659516909
-0.432085748801985
0.778086552580952
0.790460549722883
-0.414012477270032
-0.981148383394170
-0.037889506392865
0.963697054534302
0.481753674101718
-0.741808658601440
-0.823419430264534
0.362554225509615
0.990406377872174
0.093611849232836
-0.947290187621395
-0.529919264233208
0.703217455360713
0.853810500668342
-0.309965358680421
-0.996575818152632
-0.149042266176177
0.927929223127294
0.576432316169785
-0.662433288431476
-0.881538987243265
0.256409873672027
0.999637465011020
0.204007899039877
-0.905674537670620
-0.621147780278303
0.619583342081498
0.906518419490408
-0.202054781745387
-0.999581770788450
-0.258337339056893
0.880595531856738
0.663926212652235
-0.574801242653077
-0.928670899758825
0.147069587712948
0.996408909165775
0.311861161409518
-0.852770413853939
-0.704634209963598
0.528226641853096
0.947927346167129
-0.091625761342703
-0.990128774621970
-0.364412453575919
0.822285955503484
0.743144825477398
-0.480004781253084
-0.964227708033386
0.035896202634579
0.980760951578487
0.415827335842024
-0.789237221724079
-0.779337964931478
0.430286039357572
0.977521153141459
0.019945297363301
-0.968334653325769
-0.465945472355817
0.753727274054622
0.813100761047031
-0.379225462652940
-0.987766226259834
-0.075724598517082
0.952888630922462
0.514610571130127
-0.715866849259718
-0.844327925502019
0.326982282099361
0.994930978418581
0.131267754658237
-0.934471052351320
-0.561670871434763
0.675774014000217
0.872922077269813
-0.273719416573569
-0.998993066541313
-0.186401556029764
0.913139352308722
0.606979617058041
-0.633573796645685
-0.898794046299170
0.219602964810959
0.999939823121439
0.240954069435898
-0.888960053096199
-0.650395513961870
0.589397797376976
0.921863151588503
-0.164801687431396
-0.997768295725414
-0.294755174410909
0.862008557172525
0.691783170903203
-0.543383777794804
-0.942057452787290
0.109486480664007
0.992485256199833
0.347637093734944
-0.832368912013286
-0.731013521647786
0.495675231314095
0.959313974540051
-0.053829843412138
-0.984107179553606
-0.399434916642532
0.800133548011214
0.767964227459549
-0.446420935683847
-0.973578902873155
-0.001994660679584
0.972660192581119
0.449987113092127
-0.765402990234626
-0.802520058610488
0.395774489027936
0.984807753012204
0.057812944478554
-0.958179992386566
-0.499136037492961
0.728285544942853
0.834573253721299
-0.343893830853723
-0.992965508106534
-0.113450940249971
0.940711735063535
0.546728420318349
-0.688896961836239
-0.864023855812184
0.290940749522184
0.998026728428270
0.168735142482137
-0.920309894877021
-0.592615846072336
0.647360073093964
0.890780024015858
-0.237080377715521
-0.999975630705394
-0.223493148958469
0.897038094386980
0.636655216119325
-0.603804410325486
-0.914758319980679
0.182480677475435
0.998806137341434
0.277554198388953
-0.870968906043123
-0.678709194932867
0.558365800629648
0.935883968070832
-0.127311916418573
-0.994521895368271
-0.330749702924243
0.842183625869927
0.718646638372933
-0.511185943022059
-0.954091088551914
0.071746136761374
0.987136265072989
0.382913773892337
-0.810772019947089
-0.756343002654861
0.462411966550366
0.969322903035167
-0.015956618811745
-0.976672278334164
-0.433883739117552
0.776832044476786
0.791680732735930
-0.412195971476872
-0.981531911539129
-0.039882659401111
0.963162566797661
0.483500650208940
-0.740469540309782
-0.824549628907130
0.360694554957786
0.990680040617101
0.095597564671799
-0.946649260115691
-0.531609778236694
0.701797902884009
0.854847190448109
-0.308068322699843
-0.996738762088011
-0.151014351648640
0.927183854566791
0.578061096249530
-0.660937728603821
-0.882478935272500
0.254481388115546
0.999689182000815
0.205960204653174
-0.904827052466012
-0.622709747129859
0.618016438763837
0.907358694567869
-0.200100860540565
-0.999522099554694
-0.260263776601400
0.879648572866621
0.665416495326236
-0.573167882188918
-0.929408881510492
0.145096324107642
0.996238035791517
0.313755723344351
-0.851726934143038
-0.706048161055829
0.526531917830752
0.948560733217863
-0.089639308903441
-0.989847231970986
-0.366269231763463
0.821149209133710
0.744478035621452
-0.478253978621313
-0.964754525183617
0.033902756057006
0.980369617633535
0.417640539972114
-0.788010753606710
-0.780586276549373
0.428484617944771
0.977939757526862
0.021939521572633
-0.967834748450672
-0.467709448002853
0.752414908895730
0.814260281314360
-0.377379040140639
-0.988075312474493
-0.077713381426482
0.952281714056379
0.516319817386039
-0.714472679632790
-0.845395038487748
0.325096616503846
0.995129582585912
0.133244894304669
-0.933759016147301
-0.563320058063631
0.674302387583730
0.873893455212335
-0.271800388289459
-0.999080569319848
-0.188360886759264
0.912324417231452
0.608563601118092
-0.632029302664879
-0.899666659983951
0.217656558273583
0.999915951636247
0.242889481131217
-0.888044760497625
-0.651909355843787
0.587785252292479
0.922634279794492
-0.162833972454277
-0.997633124419046
-0.296660631545515
0.860995761366629
0.693222149733973
-0.541708210282770
-0.942724690773080
0.107503593510545
0.992239206600169
0.349506654194863
-0.831261771375090
-0.732373150012780
0.493941866584237
0.959875241542880
-0.051837967659622
-0.983751018959351
-0.401262750256445
0.798935515127363
0.769240265396238
-0.444635179184959
-0.974032448597810
-0.003989313423061
0.972195031668975
0.451767519812805
-0.764117801136723
-0.803708526830796
0.393941909590957
0.985152163089194
0.059804153945044
-0.957607281747655
-0.500863465172496
0.726917207456609
0.835670446020756
-0.342020143325701
-0.993199708502812
-0.115432496909175
0.940033260679745
0.548397482022567
-0.687449743083334
-0.865026350627757
0.289031796944477
0.998149988796537
0.170700866905874
-0.919527772551454
-0.594221336879629
0.645838486185009
0.891684695095871
-0.235142113102623
-0.999987566661691
-0.225436911090824
0.896154763145933
0.638192129352149
-0.602213200286099
-0.915562346134064
0.180519145250565
0.998706711663820
0.279469936662877
-0.869987120530017
-0.680172737770897
0.556709929603203
0.936584841964792
-0.125333233564337
-0.994311418112901
-0.332631443164266
0.841106447755037
0.720032246799343
-0.509470574795385
-0.954686624531112
0.069756473744186
0.986815392607205
0.384755647944947
-0.809602808379813
-0.757646355689072
0.460642450450675
0.969811243937530
-0.013962180339120
-0.976242011289668
-0.435680003150654
0.775574445610234
0.792897765908440
-0.410377825689776
-0.981911534487442
-0.041875653729196
0.962624246950017
0.485245702624148
-0.739127475930386
-0.825676546934611
0.358833449319507
0.990949761767932
0.097582899759118
-0.946004566200094
-0.533298177137597
0.700375558181354
0.855880479068558
-0.306170061015475
-0.996897740323614
-0.152985836283980
0.926434797042874
0.579687576411993
-0.659439539119637
-0.883415372204694
0.252551890060363
0.999736921552069
0.207911690817785
-0.903975967248476
-0.624269236421587
0.616447076559496
0.908195359559773
-0.198146143199359
-0.999458451547163
-0.262189178640863
0.878698114040557
0.666904130524152
-0.571532241275988
-0.930143165446127
0.143122483211108
0.996063198709709
0.315649036947074
-0.850680065687365
-0.707459303011722
0.524835098908884
0.949190346253538
-0.087652499818485
-0.989561751039381
-0.368124552684624
0.820009195677921
0.745808283729277
-0.476501273172331
-0.965277503888960
0.031909174591350
0.979974383116332
0.419452082446202
-0.786781150250528
-0.781831482468021
0.426681491730855
0.978354471007601
0.023933658491791
-0.967330992875465
-0.469471562785891
0.751099550122312
0.815416561904531
-0.375531116159796
-0.988380467458435
-0.079701855139665
0.951671008370681
0.518027009373106
-0.713075667351201
-0.846458787921188
0.323209657454436
0.995324227455865
0.135221503812947
-0.933043264819456
-0.564967003424892
0.672828078337024
0.874861356216695
-0.269880278599917
-0.999164097081315
-0.190319468062006
0.911505852311698
0.610145163901291
-0.630482294044705
-0.900535694187317
0.215709285751459
0.999888101810273
0.244823926448129
-0.887125934657374
-0.653420603990106
0.586170368601386
0.923401737138379
-0.160865609613756
-0.997493983854519
-0.298564908363909
0.859979539938277
0.694658370458978
-0.540030487489699
-0.943388177963509
0.105520278635146
0.991989209203001
0.351374824081330
-0.830151323416312
-0.733729864502839
0.492206536620082
0.960432689513922
-0.049845885660698
-0.983390944339330
-0.403088987376237
0.797734303538657
0.770513242775809
-0.442847653627041
-0.974482118963726
-0.005983950294356
0.971726002708604
0.453546129097213
-0.762829571862250
-0.804893797355916
