0.000000000000000
0.999596067197817
-0.056817252993044
-0.996366562457242
0.113450940249978
0.989917986891562
-0.169718089100666
-0.980271174621721
0.225436911090838
0.967457292663057
-0.280427389305999
-0.951517740230599
0.334511859971840
0.932504014986088
-0.387515586452099
-0.910477546658817
0.439267323789378
0.885509498577873
-0.489599871965044
-0.857680537756946
0.538350616090676
0.827080574274568
-0.585362051785820
-0.793808470791728
0.630482294044704
0.757971723145458
-0.673565567947787
-0.719686113050197
0.714472679632797
0.679075334029115
-0.753071466003603
-0.636270591783865
0.789237221724071
0.591410180293917
-0.822853102117256
-0.544639035015037
0.853810500668337
0.496108264620370
-0.882009399911606
-0.445974662797083
0.907358694567858
0.394400201675783
-0.929776485888242
-0.341551508529367
0.949190346253531
0.287599327432039
-0.965537553173967
-0.232717967617607
0.978765291933706
0.177084740319596
-0.988830826225125
-0.120879385912348
0.995701636221685
0.064283493204013
-0.999355523643320
-0.007479912757760
0.999780683474845
-0.049347833863729
-0.996975742105724
0.106016147021412
0.990949761767937
-0.162341942175441
-0.981722211257639
0.218143241396522
0.969322903035174
-0.273239761301890
-0.953791896906697
0.327453495516737
0.935179370598562
-0.380609289778832
-0.913545457642610
0.432535407828734
0.888960053096208
-0.483064086256884
-0.861502587724566
0.532032076515307
0.831261771375090
-0.579281172342655
-0.798335306372721
0.624658720898450
0.762829571862284
-0.668018115955476
-0.724859280117767
0.709219271556512
0.684547105928722
-0.748129074605511
-0.642023290261373
0.784621814930571
0.597425219474903
-0.818579591429713
-0.550896981452141
0.849892692986851
0.502588900079074
-0.878459952927494
-0.452657049577051
0.904189075869122
0.401262750256516
-0.926996935909945
-0.348572047321840
0.946809845192907
0.294755174410938
-0.963563791977092
-0.239986003602609
0.977204647447543
0.184441483669030
-0.987688340595132
-0.128301068387877
0.994981000601594
0.071746136761423
-0.999059066269734
-0.014959407015317
0.999909362145145
-0.041875653729165
-0.997529141083602
0.098575422202400
0.991926093126571
-0.154956712238440
-0.983118320656136
0.210837366614586
0.971134279909644
-0.266036845566633
-0.956012689043043
0.320376810078680
0.937802403039848
-0.373681698062445
-0.916562255869990
0.425779291565034
0.892360870408498
-0.476501273172282
-0.865276436727973
0.525683769810452
0.835396459481382
-0.573167882188888
-0.802817475191141
0.618800198173318
0.767644740358046
-0.662433288431430
-0.729991891397438
0.703926182748895
0.689980577501611
-0.743144825477360
-0.647740067614475
0.779962508642668
0.603406832788068
-0.814260281314338
-0.557124105270609
0.845927333913326
0.509041415750417
-0.874861356216658
-0.459314110250570
0.900968867902389
0.408102848235542
-0.924165520566689
-0.355573083550992
0.944376370237461
0.301894529873961
-0.961536119504129
-0.247240612400118
0.975589328481102
0.191787907540012
-0.986490593923511
-0.135715572434394
0.994204695916443
0.079204766131245
-0.998706711663814
-0.022438064295857
0.999982096009160
-0.034401130656892
-0.998026728428276
0.091129182100595
0.992846926341842
-0.147562812492379
-0.984459424705058
0.203519695507782
0.972891321940159
-0.258819045102426
-0.958179992386587
0.313282199597384
0.940372965551601
-0.366733198900868
-0.919527772551486
0.418999353002133
0.895711760239432
-0.469911799899836
-0.869001873620761
0.519306051163093
0.839484407258111
-0.567022523362313
-0.807254726470210
0.612907053652937
0.772416959224651
-0.656811397846092
-0.735083659720238
0.698593709357632
0.695375444745779
-0.738118997487288
-0.653420603990145
0.775259563547983
0.609354685562857
-0.809895413436002
-0.563320058063681
0.841914645309113
0.515465450616927
-0.871213811120160
-0.465945472355904
0.897698250837913
0.414920112910219
-0.921282398275792
-0.362554225509717
0.941890057539823
0.309016994375005
-0.959454649203106
-0.254481388115633
0.973919425411279
0.199123600901096
-0.985237653224039
-0.143122483211207
0.993372765600388
0.086658964004165
-0.998298479539760
-0.029915466169506
0.999998880997441
-0.026924682845546
-0.998468476299789
0.083677843332247
0.993712209893253
-0.140160656625068
-0.985745448369812
0.196190637499009
0.974593930820435
-0.251586763744415
-0.960293685676962
0.306170061015356
0.942890914311155
-0.359764181061699
-0.922441841766764
0.412195971476801
0.899012535107166
-0.463296035119793
-0.872678689965235
0.512899277405832
0.843525385985155
-0.560845439695085
-0.811646811946236
0.606979617057964
0.777145961457021
-0.651152758743487
-0.740134300202334
0.693222149733896
0.700731405818984
-0.733051871829774
-0.659064581563135
0.770513242775735
0.615268445017703
-0.805485232008544
-0.569484493168556
0.837854851683692
0.521860645254615
-0.867517521717661
-0.472550764869132
0.894377407666281
0.421714162855396
-0.918347730347594
-0.369515082603899
0.939351046208894
0.316122169413134
-0.957319497532039
-0.261707925628721
0.972195031668955
0.206448153321138
-0.983929588598609
-0.150521386302623
0.992485256199818
0.094108313318610
-0.997834392738102
-0.037391194276431
0.999959716170869
-0.019446728601551
-0.998854359982404
0.076221822798761
0.994521895368283
-0.132750658786139
-0.986976319697512
0.188850602648110
0.976242011289694
-0.244340406137802
-0.962353650653314
0.299040792255987
0.945356108439613
-0.352775034460738
-0.925304300474030
0.405369527637323
0.902263010333699
-0.456654348983307
-0.876306680043915
0.506463806996800
0.847519169570187
-0.554636976794232
-0.815993485882626
0.601018220027841
0.781831482468114
-0.645457687723864
-0.745143530261067
0.687811804415869
0.706048161055900
-0.727943732009821
-0.664671684553505
0.765723811881935
0.621147780278401
-0.801029983781026
-0.575617065685775
0.833748180181990
0.528226641853198
-0.863772694816154
-0.479129618225021
0.891006524188312
0.428484617944889
-0.915361680976439
-0.376455265374489
0.936759478302017
0.323209657454568
-0.955130783952378
-0.268919820615440
0.970416243733742
0.213761154992244
-0.982566473233256
-0.157911867740920
0.991542217370788
0.101552397284514
-0.997314477224444
-0.044864830350619
0.999864603720712
-0.011967686315417
-0.999184357885977
0.068761537663687
0.995275937465141
-0.125333233564117
-0.988151969821069
0.181500001629078
0.977835471138062
-0.237080377715406
-0.964359772060822
0.291894792200880
0.947768410009646
-0.345766150139828
-0.928114988519092
0.398520403422448
0.905463004055367
-0.449987113092004
-0.879885640871255
0.499999999999829
0.851465534561536
-0.548397482022444
-0.820294505083471
0.595023196101955
0.786473260103532
-0.639726503425664
-0.750111069630591
0.682362976111670
0.711325412984764
-0.722794863827262
-0.670241599244572
0.760891538834728
0.626992362396951
-0.796529918024141
-0.581717432498706
0.829594860571743
0.534563084235897
-0.859979539938219
-0.485681664337432
0.887585789004472
0.435231099372412
-0.912324417231401
-0.383374385519165
0.934115498817119
0.330279061955274
-0.952888630922413
-0.276116669571093
0.968583161128606
0.221062196752923
-0.981148383394140
-0.165293514029680
0.990543701876200
0.108990799406178
-0.996738762087999
-0.052335956243046
0.999713548968499
-0.004487974438757
-0.999458451547170
0.061297405329006
0.995974293995252
-0.117908795963092
-0.989272332963003
0.174139245707251
0.979374221211631
-0.229807084674819
-0.966311937657255
0.284732460667973
0.950127684053260
-0.338737920245187
-0.930873748644256
0.391648982039887
0.908612337232961
-0.443294700476865
-0.883415372204783
0.493508218064177
0.855364260160565
-0.542127304478785
-0.824549628907242
0.588994880701070
0.791071034656422
-0.633959526508033
-0.755036640377650
0.676875969682573
0.716562866343897
-0.717605555360683
-0.675774014000377
0.756016693999162
0.632801864369612
-0.791985286515845
-0.587785252292571
0.825395125230736
0.540869617879491
-0.856138269310346
-0.492206536620239
0.884115393504528
0.441953229673412
-0.909236109047015
-0.390272055913897
0.931419255684548
0.337329987383042
-0.950593163890314
-0.283298069832919
0.966695886414265
0.228350870110782
-0.979675398423202
-0.172665912166472
0.989489765582856
0.116423103505970
-0.996107279539955
-0.059804153945248
0.999506560365726
0.002991988539523
-0.999676625630467
0.053829843411895
0.996616925885660
-0.110477761379381
-0.990337346439148
0.166768746715966
0.980858175417536
-0.222520933956115
-0.968210038219216
0.277554198388783
0.952433798569379
-0.331690738005311
-0.933580426497252
0.384755647944774
0.911710833661579
-0.436577485577453
-0.886895676556488
0.486988824404198
0.859215128234112
-0.535826794978873
-0.828758619280316
0.582933611108876
0.795624548881860
-0.628157079632578
-0.759919966917201
0.671351092125833
0.721760228098465
-0.712376096951216
-0.681268619282823
0.751099550122210
0.638575961155504
-0.787396343527887
-0.593820185573689
0.821149209133616
0.547145889934242
-0.852249097851275
-0.498703870007637
0.880595531856656
0.448650632745265
-0.906096929213697
-0.397147890634925
0.928670899758756
0.344362039239245
-0.948244511287180
-0.290463619602454
0.964754525183566
0.235626767265551
-0.978147600733771
-0.180028649666637
0.988380467458395
0.123848893747388
-0.995420064911684
-0.067269005612252
0.999243649493376
0.010471784116411
-0.999838867929061
0.046359269721755
0.997203797181190
-0.103040545578460
-0.991346950662098
0.159388917033626
0.982287250728719
-0.215222333218424
-0.970053967548154
0.270360406986204
0.954686624531180
-0.324624997709395
-0.936234870639825
0.377840786818306
