0.000000000000000
0.680538200866028
-0.997277831864002
0.780897869382080
-0.147069587712949
-0.565378388799129
0.975589328481119
-0.864274801953703
0.290940749522186
0.437922894720368
-0.932683996873428
0.928855741706677
-0.428484617944748
-0.300943583025174
0.869494929505220
-0.973236201460450
0.556709929603206
0.157419439278214
-0.787396343528014
0.996451008100018
-0.672828078337049
-0.010471784116251
0.688173694712313
-0.997995292875422
0.774313760984849
-0.136703608310068
-0.573984847883484
0.977835471138029
-0.858959896930660
0.280906011087416
0.447313148315638
-0.936409972729530
0.924925627040596
-0.418999353002195
-0.310913414672956
0.874619707139402
-0.970776348122915
0.547980420889957
0.167752028028007
-0.793808470791733
0.995514912254013
-0.665044172627202
-0.020942419883367
0.695733722557965
-0.998603312456594
0.767644740358008
-0.126322637816025
-0.582528363061054
0.979974383116321
-0.853550797275324
0.270840468142994
0.456654348983442
-0.940033260679736
0.920894083856547
-0.409468140058866
-0.320849151161151
0.879648572866622
-0.968210038219156
0.539190819948380
0.178066220877539
-0.800133548011214
0.994469646979447
-0.657187337329439
-0.031410759078150
0.703217455360722
-0.999101823931318
0.760891538834817
-0.115927814621212
-0.591007997439104
0.982005829860198
-0.848048096156409
0.260745224489145
0.465945472355839
-0.943553463389697
0.916761554258671
-0.399892024319718
-0.330749702924266
0.884580975215088
-0.965537553173963
0.530342090657243
0.188360886759315
-0.806370881570469
0.993315326901436
-0.649258434034331
-0.041875653729219
0.710624072444959
-0.999490772632195
0.754054896979905
-0.105520278635153
-0.599422821130180
0.983929588598630
-0.842452397007131
0.250621387183112
0.475185499556465
-0.946970194829525
0.912528491425395
-0.390272055913730
-0.340613984255246
0.889416373291301
-0.962759186055452
0.521435203379478
0.198634896747223
-0.812519787475603
0.992052078604180
-0.641258332235454
-0.052335956242961
0.717952761591646
-0.999770115906614
0.747135564508113
-0.095101171161435
-0.607771911354061
0.985745448369794
-0.836764313458947
0.240470066417702
0.484373417312210
-0.950283080316097
0.908195359559796
-0.380609289778845
-0.350440913424507
0.894154236839370
-0.959875241542880
0.512471134855597
0.208887124180291
-0.818579591429758
0.990680040617093
-0.633187909234122
-0.062790519529357
0.725202719127433
-0.999939823121439
0.740134300202239
-0.084671634772607
-0.616054352538872
0.987453210044202
-0.830984469274314
0.230292375399684
0.493508218064355
-0.953491756554195
0.903762633838554
-0.370904785546259
-0.360229412798475
0.898794046299193
-0.956886035893263
0.503450868096778
0.219116444786249
-0.824549628907159
0.989199363399607
-0.625048050043164
-0.073238197127673
0.732373150012775
-0.999999875666361
0.733051871829792
-0.074232813184864
-0.624269236421626
0.989052686346552
-0.825113498278282
0.220089430227545
0.502588900079106
-0.956595871676311
0.899230800360056
-0.361159607424221
-0.369978408957913
0.903335292863325
-0.953791896906684
0.494375392276897
0.229321736804818
-0.830429245225920
0.987610209324661
-0.616839647289867
-0.083677843332354
0.739463267929162
-0.999950266955942
0.725889056058856
-0.063785851132570
-0.632415662147731
0.990543701876224
-0.819152044288980
0.209862349769200
0.511614467557252
-0.959595085281243
0.894600356090889
-0.351374824081330
-0.379686832815531
0.907777478532931
-0.950593163890352
0.485245702624149
0.239501881110780
-0.836217795619856
0.985912752660907
-0.608563601118049
-0.094108313318551
0.746472295365188
-0.999791002430336
0.718646638372896
-0.053331894242955
-0.640492736369805
0.991926093126572
-0.813100761047017
0.199612255539268
0.520583930743659
-0.962489068471419
0.889871808811447
-0.341551508529291
-0.389353619733249
0.912120116172294
-0.947290187621370
0.476062800311885
0.249655761336482
-0.841914645309183
0.984107179553597
-0.600220819089524
-0.104528463267688
0.753399463702049
-0.999522099554693
0.711325412984627
-0.042872088910141
-0.648499573345682
0.993199708502824
-0.806960312143792
0.189340271576090
0.529496306035613
-0.965277503888987
0.885045677060198
-0.331690738005512
-0.398977709638947
0.916362729562260
-0.943883330308342
0.466827692348778
0.259782263994535
-0.847519169570137
0.982193688004169
-0.591812216084313
-0.114937150492955
0.760244013297638
-0.999143587817243
0.703926182748916
-0.032407582169653
-0.656435295035372
0.994364408338689
-0.800731370948725
0.179047524318464
0.538350616090729
-0.967960085750549
0.880122490076927
-0.321793593854443
-0.408558047142712
0.920504853452459
-0.940372965551548
0.457541391468584
0.269880278600024
-0.853030753803475
0.980172487848534
-0.583338714200490
-0.125333233564390
0.767005193570108
-0.998655508726065
0.696449759074739
-0.021939521572580
-0.664299031197609
0.995420064911711
-0.794414620535411
0.168735142482114
0.547145889934130
-0.970536519880790
0.875102787744541
-0.311861161409524
-0.418093581652578
0.924546033612330
-0.936759478302042
0.448204916018793
0.279948697791582
-0.858448793601875
0.978043800734067
-0.574801242653026
-0.135715572434388
0.773682263079666
-0.998057915804530
0.688896961836204
-0.011469055059730
-0.672089919485105
0.996366562457251
-0.788010753606646
0.158404256935918
0.555881163064926
-0.973006523744674
0.869987120529966
-0.301894529873791
-0.427583267489729
0.928485826880929
-0.933043264819419
0.438819289849150
0.289986417453691
-0.863772694816219
0.975807860095298
-0.566200737671883
-0.146083028562493
0.780274489610471
-0.997350874585437
0.681268619282641
-0.000997330835749
-0.679807105539164
0.997203797181186
-0.781520472418743
0.148056000577895
0.564555477561981
-0.975369826478442
0.864776049423761
-0.291894792200925
-0.437026064003175
0.932323801215527
-0.929224732628368
0.429385542199331
0.299992336837276
-0.869001873620798
0.973464911128314
-0.557538142399352
-0.156434465040310
0.786781150250596
-0.996534462603813
0.673565567947774
0.009474502756797
-0.687449743083371
0.997931677271296
-0.774944488704105
0.137691508210970
0.573167882188960
-0.977626168919318
0.859470145878597
-0.281863044974737
-0.446420935683867
0.936059535738987
-0.925304300473972
0.419904707586075
0.309965358680521
-0.874135756577117
0.971015210763872
-0.548814406786624
-0.166768746716179
0.793201531471378
-0.995608769388450
0.665788652557988
0.019945297363348
-0.695016994016395
0.998550122907325
-0.768283523593449
0.127311916418415
0.581717432498641
-0.979775303633926
0.854069991746589
-0.271800388289361
-0.455766852278355
0.939692620785921
-0.921282398275798
0.410377825689736
0.319904389329195
-0.879173780697112
0.968459027639224
-0.540030487489615
-0.177084740319657
0.799534929205666
-0.994573896452033
0.657938725939692
0.030413904743280
-0.702508028503895
0.999059066269740
-0.761538307536663
0.116918363439661
0.590203190936490
-0.981816994945427
0.848576179215492
-0.261707925628497
-0.465062788901364
0.943222657947612
-0.917159467080744
0.400805941240272
0.329808338856584
-0.884115393504666
0.965796642068624
-0.531187347764062
-0.187381314585796
0.805780648925026
-0.993429957280041
0.650016648925715
0.040879176895824
-0.709922025069524
0.999458451547166
-0.754709580222699
0.106511989044807
0.598624226943466
-0.983751018959360
0.842989310743760
-0.251586763744407
-0.474307726148788
0.946649260115706
-0.912935959014677
0.391190103902680
0.339676121183015
-0.888960053096247
0.963028346012710
-0.522285957359890
-0.197657340379196
0.811938005715910
-0.992177077318295
0.642023290261247
0.051339966185954
-0.717258170685010
0.999748234942508
-0.747798090498459
0.096093934410072
0.606979617058167
-0.985577163588198
0.837309998994478
-0.241438012536548
-0.483500650209078
0.949972051524697
-0.908612337232851
0.381531368161882
0.349506654194957
-0.893707228200337
0.960154443046314
-0.513327292414865
-0.207911690817826
0.818006324354757
-0.990815393959202
0.633959526508058
0.061795125470244
-0.724515660859315
0.999928384677749
-0.740804596286678
0.085665341992550
0.615268445017728
-0.987295228574622
0.831538866768118
-0.231262784929744
-0.492640552974416
0.953190667792955
-0.904189075869117
0.371830793207098
0.359298859863684
-0.898356398235690
0.957175248325280
-0.504312335347457
-0.218143241396718
0.823984939382109
-0.989345056526703
0.625826241948801
0.072243508222657
-0.731693699726858
0.999998880997441
-0.733729864502805
0.075227355404917
0.623489801858848
-0.988905025513407
0.825676546934488
-0.221062196752588
-0.501726432151666
0.956304755963042
-0.899666659983930
0.362089442815686
0.369051664363496
-0.902907053368420
0.954091088551883
-0.495242074749491
-0.228350870110829
0.829873195175327
-0.987766226259836
0.617624328489605
0.082683968660284
-0.738791500134787
0.999959716170869
-0.726574670970905
0.064781119290029
0.631642786017102
-0.990406377872198
0.819723682362957
-0.210837366614414
-0.510757291371688
0.959313974540064
-0.895045585511153
0.352308385236493
0.378763998189477
-0.907358694567911
0.950902301938997
-0.486117505277159
-0.238533457578751
0.835670446020872
-0.986079076295107
0.609354685562797
0.093115361868983
-0.745808283729303
0.999810894492898
-0.719339800338582
0.054327779195394
0.639726503425902
-0.991799121010790
0.813680925852209
-0.200589415783070
-0.519732140299193
0.962217993529290
-0.890326359203678
0.342488693072703
0.388434796274775
-0.911710833661539
0.947609238173008
-0.476939627542326
-0.248689887165023
0.841376056184862
-0.984283791647597
0.601018220027914
0.103536543928939
-0.752743281041013
0.999552432283500
-0.712026045990928
0.043868481447552
0.647740067614540
-0.993083102199202
0.807548940058590
-0.190319468061847
-0.528649994740471
0.965016494472316
-0.885509498577850
0.332631443164222
0.398062998107398
-0.915962993388208
0.944212258375468
-0.467709448002712
-0.258819045102686
0.846989399982845
-0.982380569190463
0.592615846072346
0.113946372040103
-0.759595731569311
0.999184357885971
-0.704634209963527
0.033404373026366
0.655682599805396
-0.994258180634430
0.801328397423445
-0.180028649666247
-0.537509876752481
0.967709170481975
-0.880595531856718
0.322737716469582
0.407647547846517
-0.920114707450688
0.940711735063492
-0.458427978851518
-0.268919820615428
0.852509861848416
-0.980369617633494
0.584148485110897
0.124343704647513
-0.766364883865776
0.998706711663815
-0.697165102854498
0.022936601439244
0.663553229010312
-0.995324227455879
0.795019980099372
-0.169718089100471
-0.546310814749319
0.970295726276054
-0.875584997912109
0.312808597947407
0.417187394438244
-0.924165520566746
0.937108052108909
-0.449096237906430
-0.278991106039389
0.857936836400723
-0.978251157500190
0.575617065685484
0.134727401566482
-0.773049995616579
0.998119545996323
-0.689619543735604
0.012466314595303
0.671351092126102
-0.996281125759504
0.788624379875420
-0.159388917033677
-0.555051843608957
0.972775878209451
-0.870478446205532
0.302845176437435
0.426681491730897
-0.928114988519075
0.933401604696165
-0.439715248498001
-0.289031796944629
0.863269728510850
-0.976025421103578
0.567022523362204
0.145096324107630
-0.779650333723880
0.997422925272828
-0.681998360062434
0.001994660679484
0.679075334029201
-0.997128770610621
0.782142298101226
-0.149042266175981
-0.563732004779077
0.975149354305615
-0.865276436727929
0.292848544541112
0.436128798589717
-0.931962678204008
0.929592799278985
-0.430286039357433
-0.299040792256241
0.868507953367079
-0.973692652520735
0.558365800629474
0.155449335201977
-0.786165174386228
0.996616925885643
-0.674302387583659
-0.008477211973356
0.686725107669441
-0.997867069055421
0.775574445610103
-0.138679271154244
-0.572350346382191
0.977415894286145
-0.859979539938143
0.282819798501777
0.445528279011048
-0.935708167679010
0.925682053535806
-0.420809644503767
-0.309016994375099
0.873650936539027
-0.971253107566025
0.549647846794494
0.165785299524739
-0.792593803177928
0.995701636221681
-0.666532470249390
-0.018948155004374
0.694299574162936
-0.998495940131159
0.768921542641089
-0.128301068387652
-0.580905923320023
0.979575249599390
-0.854588336700828
0.272760038084447
0.454878902235938
-0.939351046208955
0.921669796323968
-0.411287103130487
-0.318959309298219
0.878698114040632
-0.968707053763042
0.540869617879145
0.176103083621178
-0.798935515127389
0.994677156652771
-0.658689460118619
-0.029417020156670
0.701797902884079
-0.999015314875035
0.762184318759966
-0.117908795963090
-0.589397797377147
0.981627183447707
-0.849103418222059
0.262670366455214
0.464179642863178
-0.942890914311158
0.917556467632688
-0.401719459491565
-0.328866646738730
0.883648932392005
-0.966054770315278
0.532032076515150
0.186401556029997
-0.805189614794567
0.993543599524641
-0.650774217265790
-0.039882659401205
0.709219271556628
-0.999425136331756
0.755363512779255
-0.107503593510339
-0.597825037323879
0.983571470813426
-0.843525385984956
0.252551890060054
0.473429480961749
-0.946327383799192
0.913342518534811
-0.392107762786942
-0.338737920245435
0.888502848680123
-0.963296548075501
0.523136191838507
0.196679587407642
-0.811355416346683
0.992301089144605
-0.642787609686480
-0.050343925062701
0.716562866343875
-0.999725359559781
0.748459872677194
-0.097086602077104
-0.606186719018394
0.985407898483528
-0.837854851683613
0.242405718504367
0.482627402182667
-0.949660077825452
0.909028411137342
-0.382453067047477
-0.348572047321956
0.893259330618366
-0.960432689513862
0.514182939383221
0.206936050652151
-0.817432243634253
0.990949761767927
-0.634730513202209
-0.060799669945489
0.723827881937898
-0.999915951636249
0.741474155515718
-0.086658964003885
-0.614481925508064
0.987136265073023
-0.832092437156016
0.232232964429981
0.491772397870220
-0.952888630922483
0.904614618530773
-0.372756431019357
-0.358367949545439
0.897917856604889
-0.957463508684725
0.505173300974316
0.217169821026748
-0.823419430264684
0.989489765582849
-0.626603811364404
-0.071248747459317
0.731013521647868
-0.999996891660591
0.734407127357436
-0.076221822798706
-0.622709747130021
0.988756381047038
-0.826238774315856
0.222034743394019
0.500863465172771
-0.956012689043054
0.900101624737202
-0.363018918047991
-0.368124552684814
0.902477915779820
-0.954389331192228
0.496108264620174
0.227379776283188
-0.829316319675493
0.987921260694470
-0.618408395357498
-0.081690011745086
0.738118997487416
-0.999968170756823
0.727259563181622
-0.065776323011714
-0.630869281610903
0.990268068741600
-0.820294505083228
0.211812173746339
0.509899607151951
-0.959031909598987
0.895489924657255
-0.353241595961411
-0.377840786818600
0.906939008081285
-0.951210494154576
0.486988824404184
0.237564796784821
-0.835122265206304
0.986244419106995
-0.610145163901213
-0.092122317800505
0.745143530261044
-0.999829792074514
0.720032246799236
-0.055323610109672
-0.638959634165807
0.991671162383118
-0.814260281314238
0.201566376506901
0.518879832893160
-0.961945961498726
0.890780024015815
-0.343425536953162
-0.387515586452234
0.911300644300240
-0.947927346167072
0.477815980375733
0.247723765629376
-0.840836630169763
0.984459424705000
-0.601815023151814
-0.102544521605652
0.752086349649575
-0.999581770788446
0.712725970766962
-0.044864830350342
-0.646979917596403
0.992965508106562
-0.808136764729523
0.191298475242833
0.527803157613447
-0.964754525183701
0.885972439306564
-0.333571817464732
-0.397147890634909
0.915562346134123
-0.944540247263890
0.468590738440538
0.257855568771435
-0.846458787921356
0.982566473233237
-0.593418886603467
-0.112955480248434
0.758946694294624
-0.999224134096949
0.705341536300302
-0.034401130656783
-0.654929252388235
0.994150963972337
-0.801924626841682
0.181009595945217
0.536668602769702
-0.967457292663132
0.881067697735340
-0.323681518067505
-0.406736643075925
0.919723646239302
-0.941049568878595
0.459314110250334
0.267959095144611
-0.851988121928130
0.980565772275167
-0.584957674986981
-0.123354052049914
0.765723811882092
-0.998756921218915
0.697879753185710
-0.023933658491581
-0.662806766807160
0.995227399981851
-0.795624548881639
0.170700866905612
0.545475196165957
-0.970053967548169
0.876066337162220
-0.313755723344046
-0.416280792260731
0.923784088282415
-0.937455693803328
0.449987113091739
0.278033236783162
-0.857424025836184
0.978457541230241
-0.576432316169745
-0.133739096689513
0.772416959224663
-0.998180183389502
0.690341439691791
-0.013463561731019
-0.670611596994951
0.996194698091763
-0.789237221723937
0.160373418592328
0.554221972060007
-0.972544265084151
0.870968906042967
-0.303795521770032
-0.425779291565398
0.927743226990058
-0.933759016147147
0.440610769775502
0.288076888944368
-0.862765903537633
0.976242011289661
-0.567843745053054
-0.144109475330057
0.779025402343308
-0.997493983854513
0.682727422479569
-0.002991988539192
-0.678342887064026
0.997052752226935
-0.782763345810978
0.150028383526450
0.562907971269305
-0.974927912181888
0.865775963368239
-0.293802005593592
-0.435231099372650
0.931600628198146
-0.929959941292338
0.431186108523126
0.298088950228370
-0.868013169235272
0.973919425411296
-0.559192903470701
-0.154464050742665
0.785548416547768
-0.996698397863458
0.675038536511834
0.007479912757895
-0.685999789191305
0.997801468292063
-0.776203631076209
0.139666896157653
0.571532241276158
-0.977204647447615
0.860488078602720
-0.283776270716391
-0.444635179185246
0.935355868899167
-0.926058885850271
0.421714162854926
0.308068322699823
-0.873165247507285
0.971490038292859
-0.550480740084952
-0.164801687431458
0.791985286516027
-0.995793512661308
0.667275624961577
0.017950993798257
-0.693581463711184
0.998440764181991
-0.769558796866274
0.129290092739789
0.580093836332172
-0.979374221211655
0.855105831622563
-0.273719416573238
-0.453990499739861
0.939008537288660
-0.922056277615634
0.412195971476481
0.318013912008508
-0.878221573370231
0.968954116344027
-0.541708210282697
-0.175121251758077
0.798335306372757
-0.994779427478921
0.659439539119530
0.028420106309860
-0.701087079207615
0.998970569790723
-0.762829571862122
0.118899111206290
0.588591817561969
-0.981436395555794
0.849629812651801
-0.263632546011520
-0.463296035120173
0.942558232810376
-0.917952555519528
0.402632578164738
0.327924627507618
-0.883181592340999
0.966311937657216
-0.532876276070689
-0.185421612066004
0.804597779766721
-0.993656253522166
0.651531138300811
0.038886102236540
-0.708515812605277
0.999390827019102
-0.756016693999108
0.108495091045375
0.597025253066144
-0.983390944339378
0.844060622197624
-0.253516765170263
-0.472550764869361
0.946004566200198
-0.913748169581324
0.393025031653543
0.337799382375946
-0.888044760497824
0.963563791977096
-0.523985905970040
-0.195701638804657
0.810772019947142
-0.992424113959725
0.643551289750688
0.049347833863904
-0.715866849259840
0.999701489781187
-0.749120910386063
0.098079173175099
0.605393218023456
-0.985237653224107
0.838398870984525
-0.243373183358832
-0.481753674102019
0.949347159528833
-0.909443580859319
0.383374385518637
0.347637093735345
-0.892810544539093
0.960709980668809
-0.515038074910017
-0.205960204653257
0.816857349839005
-0.991083143909584
0.635500868549481
0.059804153945185
-0.723139383047295
0.999902524009306
-0.742142977223369
