0.000000000000000
0.332161131883703
0.626603811364460
0.849892692986863
0.976672278334167
0.992546151641321
0.895711760239412
0.697165102854564
0.419452082446177
0.094108313318515
-0.241921895599667
-0.550480740084995
-0.796529918024195
-0.952129392742138
-0.999610115040353
-0.933580426497201
-0.761538307536736
-0.503019946630235
-0.187381314585725
0.149535343443709
0.469471562785890
0.736097087119733
0.919135339255233
0.997801468292049
0.963162566797658
0.819152044288992
0.582122970157290
0.278991106039229
-0.055821504993163
-0.384295322659802
-0.669130606358856
-0.877982975427979
-0.987136265072987
-0.984195607969241
-0.869494929505218
-0.656059028990507
-0.368124552684679
-0.038387809087522
0.295708050044045
0.596224874965614
0.829037572555040
0.967709170481970
0.996492859249503
0.912120116172273
0.724171861437468
0.453990499739548
0.132256390257124
-0.204496051841789
-0.518027009373128
-0.772733573497349
-0.939692620785907
-0.999945169365511
-0.946649260115696
-0.785856893175402
-0.535826794978997
-0.224951054343866
0.111468932206325
0.435231099372327
0.709570736536518
0.903335292863299
0.994521895368272
0.972775878209396
0.840566603495685
0.612907053652978
0.315649036947104
-0.017452406437282
-0.348572047321813
-0.640109699484954
-0.858959896930663
-0.980271174621721
-0.990268068741569
-0.887815385136402
-0.684547105928691
-0.403545296352393
-0.076719028126822
0.258819045102518
0.564967003424935
0.806960312143800
0.957319497532066
0.998970569790714
0.927183854566787
0.750111069630460
0.487859659138733
0.170209499166033
-0.166768746716098
-0.484809620246333
-0.747798090498529
-0.925870584809993
-0.998806137341433
-0.958322574465133
-0.809016994374948
-0.567843745053103
-0.262189178640867
0.073238197127629
0.400349032556893
0.681998360062497
0.886203579231212
0.989776230907788
0.980955155349191
0.860742027003943
0.642787609686542
0.351841648404702
0.020942419883361
-0.312334918512226
-0.610145163901265
-0.838670567945420
-0.971961000578545
-0.994880708828788
-0.904827052466020
-0.712026045991000
-0.438371146789078
-0.114937150492871
0.221548497619466
0.532876276070726
0.783693457325839
0.945518575599315
0.999975630705394
0.940880768954226
0.774944488704183
0.521009631840578
0.207911690817765
-0.128795596577560
-0.450877540689425
-0.721760228098360
-0.910683660806174
-0.996194698091744
-0.968583161128631
-0.830984469274328
-0.599023598515589
-0.299040792256094
0.034899496702497
0.364876784337613
0.653420603990102
0.867765453368924
0.983571470813384
0.987688340595138
0.879648572866617
0.671720589322994
0.387515586452104
0.059306373575967
-0.275637355816997
-0.579281172342674
-0.817144898335123
-0.962217993529283
-0.998026728428271
-0.920504853452441
-0.738455340625888
-0.472550764869056
-0.152985836284044
0.183951350612717
0.499999999999994
0.759271307334879
0.932323801215509
0.999506560365730
0.953190667792948
0.798635510047297
0.553391549243347
0.245307385878810
-0.090632580197776
-0.416280792260394
-0.694658370458994
-0.894154236839364
-0.992114701314476
-0.977415894286096
-0.851726934143048
-0.629320391049841
-0.335451569750257
-0.003490651415229
0.328866646738575
0.623879596709382
0.848048096156421
0.975916761938745
0.992965508106537
0.897258369674329
0.699663340513370
0.422618261740702
0.097582899759156
-0.238533457578578
-0.547563223492544
-0.794414620535416
-0.951056516295151
-0.999701489781182
-0.934825676396016
-0.763796028634647
-0.506033764121168
-0.190808995376553
0.146083028562407
0.466386640339884
0.733729864502873
0.917754625683977
0.997564050259823
0.964095404234111
0.821149209133709
0.584957674987226
0.282341456842879
-0.052335956242938
-0.381070376350265
-0.666532470249443
-0.876306680043862
-0.986572161606968
-0.984807753012208
-0.871213811120194
-0.658689460118680
-0.371367835550238
-0.041875653729207
0.292371704722726
0.593418886603690
0.827080574274559
0.966823388604457
0.996778878456247
0.913545457642605
0.726574670970976
0.457097927058698
0.135715572434313
-0.201077921145953
-0.515038074910053
-0.770513242775786
-0.938493022759552
-0.999902524009303
-0.947768410009589
-0.788010753606723
-0.538770785006868
-0.228350870110665
0.107999355706010
0.432085748801980
0.707106781186543
0.901832526405109
0.994150963972313
0.973578902873160
0.842452397007149
0.615661475325664
0.318959309298080
-0.013962180339131
-0.345298198998531
-0.637423989748684
-0.857167300702106
-0.979575249599340
-0.990747840471443
-0.889416373291299
-0.687087510804429
-0.406736643075811
-0.080198924328861
0.255445757935785
0.562083377852123
0.804893797355906
0.956304755963030
0.999122830098857
0.928485826880915
0.752414908895731
0.490903753615153
0.173648177666933
-0.163325962241616
-0.481753674101706
-0.745475999682853
-0.924546033612311
-0.998629534754573
-0.959313974540059
-0.811063818989333
-0.570713567684444
-0.265556117486813
0.069756473744117
0.397147890634770
0.679441304261505
0.884580975215081
0.989272332962986
0.981627183447665
0.862513669207263
0.645457687723952
0.355106962408142
0.024432178152662
-0.309016994374935
-0.607375839723274
-0.836764313458958
-0.971134279909633
-0.995227399981831
-0.906307787036655
-0.714472679632805
-0.441505852791751
-0.118403968306511
0.218143241396529
0.529919264233202
0.781520472418814
0.944376370237477
0.999993907657789
0.942057452787301
0.777145961456973
0.523985905970086
0.211324796455400
-0.125333233564289
-0.447759087838765
-0.719339800338645
-0.909236109047063
-0.995884398615968
-0.969445349895139
-0.832921240710102
-0.601815023152056
-0.302369890750457
0.031410759078112
0.361624570082087
0.650774217265844
0.866025403784432
0.982935349149550
0.988228381446553
0.881303452064995
0.674302387583731
0.390731128489287
0.062790519529317
-0.272280247040567
-0.576432316169784
-0.815127795728546
-0.961261695938313
-0.998239827923765
-0.921863151588503
-0.740804596286758
-0.475624209070289
-0.156434465040236
0.180519145250552
0.496973961027545
0.756995055651746
0.931055815862526
0.999390827019094
0.954240328516279
0.800731370948741
0.556295615500319
0.248689887164861
-0.087155742747648
-0.413104429824529
-0.692143173870394
-0.892585818452122
-0.991671162383088
-0.978147600733807
-0.853550797275335
-0.632029302664854
-0.338737920245298
-0.006981260297973
0.325568154457143
0.621147780278296
0.846193166127559
0.975149354305560
0.993372765600397
0.898794046299173
0.702153052995166
0.425779291565080
0.101056297182959
-0.235142113102574
-0.544639035015022
-0.792289643355185
-0.949972051524648
-0.999780683474845
-0.936059535738979
-0.766044443118982
-0.509041415750380
-0.194234351219985
0.142628933705495
0.463296035119856
0.731353701619163
0.916362729562234
0.997314477224456
0.965016494472312
0.823136368534446
0.587785252292482
0.285688367404988
-0.048849769795595
-0.377840786818460
-0.663926212652233
-0.874619707139388
-0.985996037070501
-0.985407898483490
-0.872922077269814
-0.661311865323661
-0.374606593415927
-0.045362988129259
0.289031796944463
0.590605667619915
0.825113498278286
0.965925826289062
0.997052752226920
0.914959667849828
0.728968627421421
0.460199784783854
0.139173100960072
-0.197657340379116
-0.512042864870559
-0.768283523593512
-0.937281989491884
-0.999847695156390
-0.948876011644504
-0.790155012375691
-0.541708210282744
-0.231747903494165
0.104528463267642
0.428935133403132
0.704634209963581
0.900318771402183
0.993767919160593
0.974370064785234
0.844327925502016
0.618408395357559
0.322265695230520
-0.010471784116233
-0.342020143325653
-0.634730513202252
-0.855364260160494
-0.978867388761679
-0.991215540251541
-0.891006524188369
-0.689619543735675
-0.409923033841582
-0.083677843332330
0.252069358243096
0.559192903470729
0.802817475191099
0.955278362122335
0.999262916410620
0.929776485888253
0.754709580222777
0.493941866584241
0.177084740319599
-0.159881187691816
-0.478691857940587
-0.743144825477376
-0.923210217112980
-0.998440764181980
-0.960293685676944
-0.813100761047033
-0.573576436351057
-0.268919820615282
0.066273900399980
0.393941909590929
0.676875969682640
0.882947592858925
0.988756381047004
0.982287250728689
0.864274801953710
0.648119901063142
0.358367949545317
0.027921638723591
-0.305695304963081
-0.604599114862352
-0.834847863263404
-0.970295726275994
-0.995561964603080
-0.907777478532913
-0.716910607650494
-0.444635179184945
-0.121869343405170
0.214735327167037
0.526955795496676
0.779337964931470
0.943222657947597
0.999999999999999
0.943222657947605
0.779337964931485
0.526955795496695
0.214735327167087
-0.121869343405120
-0.444635179184925
-0.716910607650478
-0.907777478532904
-0.995561964603078
-0.970295726275999
-0.834847863263416
-0.604599114862392
-0.305695304963130
0.027921638723540
0.358367949545296
0.648119901063125
0.864274801953698
0.982287250728685
0.988756381047007
0.882947592858936
0.676875969682678
0.393941909590976
0.066273900400002
-0.268919820615260
-0.573576436351038
-0.813100761047020
-0.960293685676938
-0.998440764181981
-0.923210217112988
-0.743144825477410
-0.478691857940631
-0.159881187691838
0.177084740319576
0.493941866584222
0.754709580222762
0.929776485888244
0.999262916410619
0.955278362122350
0.802817475191130
0.559192903470771
0.252069358243118
-0.083677843332307
-0.409923033841562
-0.689619543735658
-0.891006524188359
-0.991215540251538
-0.978867388761689
-0.855364260160520
-0.634730513202269
-0.342020143325674
-0.010471784116255
0.322265695230499
0.618408395357541
0.844327925502004
0.974370064785229
0.993767919160598
0.900318771402205
0.704634209963597
0.428935133403152
0.104528463267664
-0.231747903494143
