0.000000000000000
0.651152758743573
0.988380467458430
0.849103418222193
0.300467997289452
-0.393025031653923
-0.897038094386967
-0.968583161128630
-0.573167882188922
0.098575422202443
0.722794863827391
0.998550122907320
0.792897765908475
0.204984153792231
-0.481753674101713
-0.936234870639736
-0.939351046208923
-0.489599871965054
0.196190637499094
0.787396343528010
0.998993066541314
0.728968627421412
0.107503593510527
-0.565789633582213
-0.966311937657222
-0.900968867902419
-0.401262750256475
0.291894792201033
0.844327925502013
0.989704983719634
0.657938725939713
0.008975858481001
-0.644314329694492
-0.986976319697494
-0.853810500668348
-0.309016994374950
0.384755647944934
0.893035048612883
0.970776348122918
0.580499952001575
-0.089639308903432
-0.716562866343789
-0.998026728428270
-0.798335306372702
-0.213761154992118
0.473868662472996
0.933043264819443
0.942391540464035
0.497406623913228
-0.187381314585722
-0.781831482468026
-0.999355523643320
-0.735083659720178
-0.116423103505828
0.558365800629661
0.963962860695851
0.904827052466021
0.409468140058891
-0.283298069832746
-0.839484407258073
-0.990949761767934
-0.664671684553428
-0.017950993798104
0.637423989748687
0.985492653565725
0.858448793601869
0.317541094684846
-0.376455265374387
-0.888960053096189
-0.972891321940145
-0.587785252292477
0.080695973575209
0.710273137068054
0.997422925272833
0.803708526830793
0.222520933956318
-0.465945472355819
-0.929776485888247
-0.945356108439569
-0.505173300974506
0.178556894798634
0.776203631076349
0.999637465011020
0.741139468049856
0.125333233564309
-0.550896981452096
-0.961536119504147
-0.908612337232876
-0.417640539972138
0.274678522802387
0.834573253721298
0.992114701314477
0.671351092126006
0.026924682845669
-0.630482294044706
-0.983929588598627
-0.863017923326357
-0.326039611452344
0.368124552684673
0.884813436149734
0.974927912181825
0.595023196102047
-0.071746136761379
-0.703926182748942
-0.996738762088013
-0.809016994374951
-0.231262784929962
0.457984742103055
0.926434797042886
0.948244511287227
0.512899277405911
-0.169718089100660
-0.770513242775781
-0.999838867929057
-0.747135564508150
-0.134233265817660
0.543383777794799
0.959031909598962
0.912324417231459
0.425779291565086
-0.266036845566672
-0.829594860571827
-0.993199708502813
-0.677976410513228
-0.035896202634596
0.623489801858720
0.982287250728687
0.867517521717720
0.334511859971854
-0.359764181061796
-0.880595531856730
-0.976885954764647
-0.602213200286086
0.062790519529306
0.697522514745694
0.995974293995237
0.814260281314387
0.239986003602569
-0.449987113092115
-0.923018467515393
-0.951056516295156
-0.520583930743620
0.160865609613682
0.764760776027595
0.999959716170870
0.753071466003616
0.143122483211131
-0.535826794978984
-0.956450432738626
-0.915962993388168
-0.433883739117565
0.257373734365292
0.824549628907133
0.994204695916452
0.684547105928701
0.044864830350521
-0.616447076559463
-0.980565772275217
-0.871947226253868
-0.342957157654146
0.351374824081338
0.876306680043859
0.978765291933712
0.609354685562817
-0.053829843412114
-0.691062648986852
-0.995129582585910
-0.819437965209736
-0.248689887164865
0.441953229673215
0.919527772551444
0.953791896906696
0.528226641853089
-0.152000169561258
-0.758946694294548
-0.999999999999999
-0.758946694294565
-0.152000169561286
0.528226641853078
0.953791896906688
0.919527772551454
0.441953229673239
-0.248689887164852
-0.819437965209720
-0.995129582585911
-0.691062648986882
-0.053829843412141
0.609354685562807
0.978765291933707
0.876306680043866
0.351374824081364
-0.342957157654121
-0.871947226253848
-0.980565772275222
-0.616447076559473
0.044864830350494
0.684547105928681
0.994204695916448
0.824549628907148
0.257373734365305
-0.433883739117540
-0.915962993388162
-0.956450432738638
-0.535826794979007
0.143122483211118
0.753071466003598
0.999959716170870
0.764760776027612
0.160865609613710
-0.520583930743584
-0.951056516295148
-0.923018467515398
-0.449987113092140
0.239986003602556
0.814260281314362
0.995974293995239
0.697522514745704
0.062790519529333
-0.602213200286075
-0.976885954764641
-0.880595531856743
-0.359764181061834
0.334511859971828
0.867517521717713
0.982287250728692
0.623489801858742
-0.035896202634554
-0.677976410513208
-0.993199708502811
-0.829594860571843
-0.266036845566684
0.425779291565048
0.912324417231447
0.959031909598966
0.543383777794822
-0.134233265817647
-0.747135564508132
-0.999838867929057
-0.770513242775808
-0.169718089100687
0.512899277405900
0.948244511287218
0.926434797042891
0.457984742103092
-0.231262784929936
-0.809016994374944
-0.996738762088015
-0.703926182748951
-0.071746136761406
0.595023196102024
0.974927912181816
0.884813436149747
0.368124552684685
-0.326039611452318
-0.863017923326343
-0.983929588598634
-0.630482294044727
0.026924682845656
0.671351092125986
0.992114701314475
0.834573253721318
0.274678522802406
-0.417640539972126
-0.908612337232864
-0.961536119504151
-0.550896981452124
0.125333233564289
0.741139468049833
0.999637465011020
0.776203631076358
0.178556894798661
-0.505173300974489
-0.945356108439558
-0.929776485888257
-0.465945472355831
0.222520933956291
0.803708526830781
0.997422925272835
0.710273137068068
0.080695973575251
-0.587785252292455
-0.972891321940141
-0.888960053096205
-0.376455265374406
0.317541094684814
0.858448793601855
0.985492653565727
0.637423989748709
-0.017950993798084
-0.664671684553402
-0.990949761767931
-0.839484407258080
-0.283298069832772
0.409468140058879
0.904827052466006
0.963962860695857
0.558365800629690
-0.116423103505801
-0.735083659720169
-0.999355523643319
-0.781831482468039
-0.187381314585756
0.497406623913204
0.942391540464031
0.933043264819452
0.473868662473010
-0.213761154992084
-0.798335306372689
-0.998026728428273
-0.716562866343808
-0.089639308903445
0.580499952001549
0.970776348122913
0.893035048612900
0.384755647944956
-0.309016994374937
-0.853810500668332
-0.986976319697497
-0.644314329694518
0.008975858480977
0.657938725939705
0.989704983719630
0.844327925502022
0.291894792201062
-0.401262750256456
-0.900968867902403
-0.966311937657229
-0.565789633582224
0.107503593510496
0.728968627421399
0.998993066541312
0.787396343528025
0.196190637499105
-0.489599871965028
-0.939351046208917
-0.936234870639748
-0.481753674101733
0.204984153792194
0.792897765908459
0.998550122907321
0.722794863827412
0.098575422202462
-0.573167882188892
-0.968583161128624
-0.897038094386973
-0.393025031653950
0.300467997289435
0.849103418222175
0.988380467458433
0.651152758743603
0.000000000000027
-0.651152758743561
-0.988380467458425
-0.849103418222204
-0.300467997289487
0.393025031653900
0.897038094386962
0.968583161128638
0.573167882188937
-0.098575422202408
-0.722794863827374
-0.998550122907319
-0.792897765908492
-0.204984153792275
0.481753674101710
0.936234870639728
0.939351046208936
0.489599871965051
-0.196190637499079
-0.787396343527991
-0.998993066541316
-0.728968627421417
-0.107503593510551
0.565789633582179
0.966311937657222
0.900968867902427
0.401262750256507
-0.291894792200983
-0.844327925502007
-0.989704983719638
-0.657938725939747
-0.008975858481004
0.644314329694476
0.986976319697488
0.853810500668375
0.309016994374962
-0.384755647944905
-0.893035048612862
-0.970776348122919
-0.580499952001594
0.089639308903391
0.716562866343790
0.998026728428269
0.798335306372722
0.213761154992166
-0.473868662472987
-0.933043264819433
-0.942391540464049
-0.497406623913227
0.187381314585702
0.781831482468004
0.999355523643322
0.735083659720187
0.116423103505855
-0.558365800629621
-0.963962860695850
-0.904827052466030
-0.409468140058929
0.283298069832747
0.839484407258066
0.990949761767939
0.664671684553464
0.017950993798110
-0.637423989748666
-0.985492653565718
-0.858448793601868
-0.317541094684866
0.376455265374355
0.888960053096167
0.972891321940148
0.587785252292499
-0.080695973575168
-0.710273137068050
-0.997422925272831
-0.803708526830814
-0.222520933956317
0.465945472355807
0.929776485888237
0.945356108439585
0.505173300974512
-0.178556894798607
-0.776203631076323
-0.999637465011020
-0.741139468049869
-0.125333233564344
0.550896981452055
0.961536119504143
0.908612337232887
0.417640539972176
-0.274678522802381
-0.834573253721287
-0.992114701314482
-0.671351092126048
-0.026924682845682
0.630482294044685
0.983929588598619
0.863017923326356
0.326039611452370
-0.368124552684634
-0.884813436149735
-0.974927912181828
-0.595023196102069
0.071746136761323
0.703926182748933
0.996738762088011
0.809016994374976
0.231262784929961
-0.457984742103044
-0.926434797042870
-0.948244511287244
-0.512899277405923
0.169718089100633
0.770513242775755
0.999838867929057
0.747135564508169
0.134233265817702
-0.543383777794800
-0.959031909598958
-0.912324417231470
-0.425779291565123
0.266036845566659
0.829594860571812
0.993199708502818
0.677976410513227
0.035896202634609
-0.623489801858699
-0.982287250728676
-0.867517521717727
-0.334511859971880
0.359764181061757
0.880595531856731
0.976885954764653
0.602213200286119
-0.062790519529307
-0.697522514745685
-0.995974293995234
-0.814260281314411
-0.239986003602582
0.449987113092091
0.923018467515377
0.951056516295156
0.520583930743631
-0.160865609613655
-0.764760776027559
-0.999959716170870
-0.753071466003634
-0.143122483211172
0.535826794978985
0.956450432738622
0.915962993388184
0.433883739117615
-0.257373734365279
-0.824549628907117
-0.994204695916457
-0.684547105928700
-0.044864830350548
0.616447076559430
0.980565772275217
0.871947226253875
0.342957157654172
-0.351374824081286
-0.876306680043853
