0.000000000000000
0.999972025061269
0.014959407015264
-0.999748234942506
-0.029915466169399
0.999300704788397
0.044864830350515
-0.998629534754573
-0.059804153945035
0.997734875046455
0.074730093586426
-0.996616925885648
-0.089639308903434
0.995275937465125
0.104528463267655
-0.993712209893241
-0.119394224540246
0.991926093126565
0.134233265817658
-0.989917986891561
-0.149042266176178
0.987688340595137
0.163817911415138
-0.985237653224058
-0.178556894798638
0.982566473233287
0.193255917795555
-0.979675398423234
-0.207911690817762
0.976565075805975
0.222520933956318
-0.973236201460450
-0.237080377715501
0.969689520376685
0.251586763744513
-0.965925826289066
-0.266036845566680
0.961945961498703
0.280427389306009
-0.957750816684928
-0.294755174410911
0.953341330705961
0.309016994374948
-0.948718490388798
-0.323209657454461
0.943883330308366
0.337329987382832
-0.938836932555984
-0.351374824081345
0.933580426497200
0.365341024366398
-0.928114988519037
-0.379225462652932
0.922441841766727
0.393025031653928
-0.916562255869973
-0.406736643075805
0.910477546658813
0.420357228309571
-0.904189075869136
-0.433883739117564
0.897698250837939
0.447313148315639
-0.891006524188363
-0.460642450450640
0.884115393504605
0.473868662473006
-0.877026400996761
-0.486988824404376
0.869741133155689
0.500000000000009
-0.862261220397956
-0.512899277405915
0.854588336700955
0.525683769810515
-0.846724199228277
-0.538350616090693
0.838670567945416
0.550896981452113
-0.830429245225895
-0.563320058063633
0.822002075447901
0.575617065685674
-0.813390944581518
-0.587785252292474
0.804597779766658
0.599821894687915
-0.795624548881770
-0.611724299115008
0.786473260103438
0.623489801858736
-0.777145961456959
-0.635115769842182
0.767644740357998
0.646599601215803
-0.757971723145439
-0.657938725939716
0.748129074605513
0.669130606358862
-0.738118997487326
-0.680172737770924
0.727943732009895
0.691062648986870
-0.717605555360796
-0.701797902883997
0.707106781186530
0.712376096951351
-0.696449759074749
-0.722794863827398
0.685636874028416
0.733051871829833
-0.674670545932055
-0.743144825477401
0.663553229010191
0.753071466003618
-0.652287411278100
-0.762829571862274
0.640875613985002
0.772416959224607
-0.629320391049815
-0.781831482468038
0.617624328489594
0.791071034656350
-0.605790043840796
-0.800133548011215
0.593820185573477
0.809016994374956
-0.581717432498580
-0.817719385664440
0.569484493168449
0.826238774316004
-0.557124105270568
-0.834573253721312
0.544639035015022
0.842720958654049
-0.532032076515331
-0.850680065687349
0.519306051163163
0.858448793601876
-0.506463806996916
-0.866025403784449
0.493508218064340
0.873408200617140
-0.480442183779330
-0.880595531856748
0.467268628273053
0.887585789004564
-0.453990499739538
-0.894377407666347
0.440610769775874
0.900968867902429
-0.427132432717186
-0.907358694567875
0.413558504966509
0.913545457642611
-0.399892024319729
-0.919527772551460
0.386136049285734
0.925304300474006
-0.372293658401932
-0.930873748644214
0.358367949545286
0.936234870639747
-0.344362039239020
-0.941386466660903
0.330279061955125
0.946327383799173
-0.316122169413008
-0.951056516295154
0.301894529873858
0.955572805786149
-0.287599327431999
-0.959875241542889
0.273239761301874
0.963962860695861
-0.258819045102501
-0.967834748450667
0.244340406137846
0.971490038292875
-0.229807084674999
-0.974927912181824
0.215222333218573
0.978147600733812
-0.200589415783250
-0.981148383394173
0.185911607162863
0.983929588598635
-0.171192192197951
-0.986490593923522
0.156434465040178
0.988830826225133
-0.141641728415564
-0.990949761767935
0.126817292884950
0.992846926341841
-0.111964476103281
-0.994521895368274
0.097086602077289
0.995974293995242
-0.082187000421202
-0.997203797181180
0.067269005612039
0.998210129767737
-0.052335956242914
-0.998993066541314
0.037391194276323
0.999552432283504
-0.022438064295774
-0.999888101810273
0.007479912757729
0.999999999999999
0.007479912757766
-0.999888101810272
-0.022438064295810
0.999552432283501
0.037391194276360
-0.998993066541313
-0.052335956242950
0.998210129767731
0.067269005612075
-0.997203797181178
-0.082187000421238
0.995974293995234
0.097086602077325
-0.994521895368270
-0.111964476103317
0.992846926341830
0.126817292884986
-0.990949761767930
-0.141641728415599
0.988830826225120
0.156434465040270
-0.986490593923516
-0.171192192197987
0.983929588598619
0.185911607162955
-0.981148383394166
-0.200589415783286
0.978147600733793
0.215222333218664
-0.974927912181816
-0.229807084675034
0.971490038292853
0.244340406137937
-0.967834748450658
-0.258819045102536
0.963962860695836
0.273239761301964
-0.959875241542879
-0.287599327432034
0.955572805786122
0.301894529873947
-0.951056516295142
-0.316122169413042
0.946327383799143
0.330279061955212
