0.000000000000000
0.810187817097820
-0.949816182769140
0.303320386816850
0.594221336879653
-0.999950266955942
0.578061096249556
0.322265695230511
-0.955866298971248
0.798335306372700
0.019945297363296
-0.821717990987317
0.943388177963531
-0.284254401034804
-0.610145163901267
0.999552432283502
-0.561670871434771
-0.341082788800353
0.961536119504148
-0.786165174386202
-0.039882659401101
0.832921240710099
-0.936584841964797
0.265075323371829
0.625826241948815
-0.998756921218921
0.545057183359322
0.359764181061801
-0.966823388604458
0.773682263079601
0.059804153945035
-0.843793109003306
0.929408881510499
-0.245790784309493
-0.641258332235466
0.997564050259824
-0.528226641853082
-0.378302439539649
0.971726002708592
-0.760891538834821
-0.079701855139645
0.854329270445659
-0.921863151588499
0.226408456287643
0.656435295035308
-0.995974293995239
0.511185943022056
0.396690188705079
-0.976242011289669
0.747798090498531
0.099567846595814
-0.864525533178358
0.913950654301101
-0.206936050651928
-0.671351092125995
0.993988284916784
-0.493941866584232
-0.414920112910124
0.980369617633534
-0.734407127357549
-0.119394224540247
0.874377840572796
-0.905674537670620
0.187381314585743
0.685999789191167
-0.991606813167029
0.476501273172337
0.432984959298138
-0.984107179553603
0.720723977066252
0.139173100960045
-0.883882272844560
0.897038094386966
-0.167752028028011
-0.700375558181368
0.988830826225130
-0.458871101604200
-0.450877540689436
0.987453210044200
-0.706754083527004
-0.158896606741088
0.893035048612883
-0.888044760497623
0.148056000577930
0.714472679632805
-0.985661428529864
0.441058366122206
0.468590738440703
-0.990406377872174
0.692503004724263
0.178556894798627
-0.901832526405114
0.878698114040553
-0.128301068387845
-0.728285544942831
0.982099881040239
-0.423070153602591
-0.486117505277283
0.992965508106536
-0.677976410513233
-0.198146143199393
0.910271206105473
-0.869001873620739
0.108495091045613
0.741808658601430
-0.978147600733805
0.404913620735942
0.503450868096813
-0.995129582585908
0.663180080364215
0.217656558273562
-0.918347730347639
0.858959896930666
-0.088645948447662
-0.755036640377514
0.973806160042911
-0.386595991179766
-0.520583930743607
0.996897740323615
-0.648119901063157
-0.237080377715503
0.926058885850417
-0.848576179215552
0.068761537663796
0.767964227459550
-0.969077286229082
0.368124552684712
0.537509876752295
-0.998269277850214
0.632801864369503
0.256409873672038
-0.933401604696206
0.837854851683761
-0.048849769795652
-0.780586276549376
0.963962860695856
-0.349506654194896
-0.554221972059786
0.999243649493385
-0.617232064632476
-0.275637355816960
0.940372965551572
-0.826800179863272
0.028918566828719
0.792897765908478
-0.958464918240237
0.330749702924275
0.570713567684396
-0.999820467595024
0.601416696366327
0.294755174410870
-0.946970194829515
0.815416561904561
-0.008975858481026
-0.804893797355920
0.952585646243147
-0.311861161409548
-0.586978102371365
0.999999502665477
-0.585362051785838
-0.313755723344341
0.953190667792949
-0.803708526830792
-0.010970420951986
0.816569598217068
-0.946327383799163
0.292848544541180
0.603009105202998
-0.999780683474844
0.569074518302945
0.332631443164258
-0.959031909598953
0.791680732735925
0.030912335754105
-0.827920523222552
0.939692620785906
-0.273719416573568
-0.618800198173337
0.999164097081318
-0.552560575985469
-0.351374824081324
0.964491596283461
-0.779337964931471
-0.050841951945609
0.838942056356214
-0.932683996873443
0.254481388115570
0.634345098725631
-0.998149988796540
0.535826794978995
0.369978408957865
-0.969567555685766
0.766685134042638
0.070751340439829
-0.849629812651951
0.925304300474011
-0.235142113102590
-0.649637622251882
0.996738762088016
-0.518879832892912
-0.388434796274685
0.974257768312784
-0.753727274054650
-0.090632580197778
0.859979539938265
-0.917556467632747
0.215709285751425
0.664671684553416
-0.994930978418584
0.501726432151700
0.406736643075796
-0.978560368142510
0.740469540309809
0.110477761379568
-0.869987120530005
0.909443580859494
-0.196190637499141
-0.679441304261511
0.992727357023037
-0.484373417312234
-0.424876667889839
0.982473643366415
-0.726917207456636
-0.130278988491323
0.879648572866611
-0.900968867902429
0.176593933926868
0.693940605217108
-0.990128774621974
0.466827692348892
0.442847653627005
-0.985996037070502
0.713075667351186
0.150028383526655
-0.888960053096191
0.892135700463892
-0.156926971670558
-0.708163818808631
0.987136265072998
-0.449096237906535
-0.460642450450642
0.989126147854731
-0.698950426911910
-0.169718089100631
0.897917856604790
-0.882947592858960
0.137197575318782
0.722105286267252
-0.983751018959351
0.431186108523530
0.478253978621282
-0.991862730390561
0.684547105928742
0.189340271576149
-0.906518419490414
0.873408200617134
-0.117413594300021
-0.735759460917819
0.979974383116331
-0.413104429824610
-0.495675231314116
0.994204695916451
-0.669871434827033
-0.208887124180250
0.914758319980673
-0.863521319028261
0.097582899759227
0.749120910386220
-0.975807860095306
0.394858395686168
0.512899277405880
-0.996151112670946
0.654929252388137
0.228350870110578
-0.922634279794510
0.853290881632154
-0.077713381426532
-0.762184318760054
0.971253107566085
-0.376455265374452
-0.529919264233135
0.997701206263483
-0.639726503425794
-0.247723765629137
0.930143165446103
-0.842720958654066
0.057812944478630
0.774944488704126
-0.966311937657220
0.357902360656705
0.546728420318326
-0.998854359982398
0.624269236421639
0.266998103142842
-0.937281989491861
0.831815755384862
-0.037889506392868
-0.787396343527998
0.960986316235247
-0.339207062889007
-0.563320058063562
0.999610115040354
-0.608563601118099
-0.286166214270790
0.944047911718842
-0.820579610508414
0.017950993798154
0.799534929205563
-0.955278362122336
0.320376810078723
0.579687576411974
-0.999968170756824
0.592615846072387
0.305220472894278
-0.950438240274643
0.809016994374934
0.001994660679599
-0.811355416346524
0.949190346253546
-0.301419093926111
-0.595824463473218
0.999928384677749
-0.576432316169777
-0.324153298191771
0.956450432738627
-0.797132507222940
-0.021939521572593
0.822853102117229
-0.942724690773106
0.282341456842859
0.611724299115006
-0.999490772632194
0.560019450099987
0.342957157654086
-0.962082097133144
0.784930877348572
0.041875653729215
-0.834023412112258
0.935883968070839
-0.263151488952164
-0.627380757516652
0.998655508726069
-0.543383777794875
-0.361624570082104
0.967330992875469
-0.772416959224611
-0.061795125470166
0.844861902173844
-0.928670899758853
0.243856825068210
0.642787609686547
-0.997422925272833
0.526531917830750
0.380148108562343
-0.972195031668966
0.759595731569324
0.081690011744908
-0.855364260160511
0.921088355588454
-0.224465141658946
-0.657938725939682
0.995793512661324
-0.509470574795431
-0.398520403422529
0.976672278334168
-0.746472295365155
-0.101552397284338
0.865526307662185
-0.913139352308740
0.204984153792304
0.672828078336984
-0.993767919160595
0.492206536620127
0.416734145163333
-0.980760951578475
0.733051871829867
0.121374379749578
-0.875344001663016
0.904827052466017
-0.185421612065950
-0.687449743083296
0.991346950662076
-0.474746671879601
-0.434782087366183
0.984459424705051
-0.719339800338650
-0.141148072876745
0.884813436149723
-0.896154763145938
0.165785299524560
0.701797902883933
-0.988531570358851
0.457097927058694
0.452657049577003
-0.987766226259829
0.705341536300444
0.160865609613632
-0.893930843665462
0.887125934657378
-0.146083028562414
-0.715866849259704
0.985322898362560
-0.439267323789431
-0.470351920162171
0.990680040617089
-0.691062648986856
-0.180519145250555
0.902692596809105
-0.877744159160115
0.126322637816090
0.729650984817402
-0.981722211257650
0.421261956056623
0.487859659138726
-0.993199708502809
0.676508819317034
0.200100860540502
-0.911095209677994
0.868013169235311
-0.106511989044931
-0.743144825477387
0.977730941593515
-0.403088987376313
-0.505173300974450
0.995324227455857
-0.661685837596927
-0.219602964810953
0.919135339255229
-0.857936836400641
0.086658964004111
0.756343002654833
-0.973350677314635
0.384755647945022
0.522285957359935
-0.997052752226918
0.646599601215822
0.239017699062544
-0.926809786739315
0.847519169570167
-0.066771461308054
-0.769240265396249
0.968583161128634
-0.366269231763484
-0.539190819948339
0.998384595114686
-0.631256112300301
-0.258337339056796
0.934115498817188
-0.836764313458970
0.046857393288272
0.781831482467998
-0.963430289813139
0.347637093735017
0.555881163064801
-0.999319226239543
0.615661475325673
0.277554198388898
-0.941049568878638
0.825676546934634
-0.026924682845748
-0.794111644398298
0.957894113460921
-0.328866646738603
-0.572350346381984
0.999856273754319
-0.599821894687970
-0.296660631545462
0.947609238173016
-0.814260281314382
0.006981260298099
0.806075865470038
-0.951976834664455
0.309965358680491
0.588591817561774
-0.999995523992272
0.583743672234797
0.315649036946970
-0.953791896906679
0.802520058610459
0.012964939775203
-0.817719385664443
0.945680807639570
-0.290940749522198
-0.604599114862262
0.999736921552071
-0.567433204758737
-0.334511859971772
0.959595085281241
-0.790460549722955
-0.032905981689406
0.829037572554961
-0.939008537288547
0.271800388289417
0.620365869709205
-0.999080569319848
0.550896981452196
0.353241595961511
-0.965016494472272
0.778086552580981
0.052833931812066
-0.840025923150727
0.931962678203967
-0.252551890060428
-0.635885809228700
0.998026728428280
-0.534141581324971
-0.371830793207209
0.970053967548077
-0.765402990234608
-0.072740861719145
0.850680065687329
-0.924546033612369
