0.000000000000000
0.563320058063622
-0.930873748644204
0.974927912181823
-0.680172737770918
0.149042266176173
0.433883739117558
-0.866025403784439
0.997203797181179
-0.781831482468028
0.294755174410901
0.294755174410906
-0.781831482468030
0.997203797181179
-0.866025403784435
0.433883739117553
0.149042266176178
-0.680172737770921
0.974927912181823
-0.930873748644200
0.563320058063616
0.000000000000006
-0.563320058063625
0.930873748644205
-0.974927912181822
0.680172737770913
-0.149042266176174
-0.433883739117563
0.866025403784444
-0.997203797181179
0.781831482468023
-0.294755174410902
-0.294755174410911
0.781831482468038
-0.997203797181180
0.866025403784432
-0.433883739117554
-0.149042266176184
0.680172737770930
-0.974927912181824
0.930873748644198
-0.563320058063617
-0.000000000000011
0.563320058063636
-0.930873748644207
0.974927912181819
-0.680172737770914
0.149042266176162
0.433883739117562
-0.866025403784443
0.997203797181178
-0.781831482468015
0.294755174410904
0.294755174410910
-0.781831482468037
0.997203797181181
-0.866025403784425
0.433883739117556
0.149042266176182
-0.680172737770929
0.974927912181827
-0.930873748644194
0.563320058063618
0.000000000000010
-0.563320058063634
0.930873748644211
-0.974927912181816
0.680172737770915
-0.149042266176163
-0.433883739117573
0.866025403784449
-0.997203797181177
0.781831482468025
-0.294755174410891
-0.294755174410922
0.781831482468045
-0.997203797181181
0.866025403784433
-0.433883739117544
-0.149042266176195
0.680172737770938
-0.974927912181830
0.930873748644200
-0.563320058063608
-0.000000000000023
0.563320058063645
-0.930873748644216
0.974927912181820
-0.680172737770905
0.149042266176150
0.433883739117585
-0.866025403784456
0.997203797181178
-0.781831482468017
0.294755174410879
0.294755174410934
-0.781831482468035
0.997203797181180
-0.866025403784427
0.433883739117533
0.149042266176208
-0.680172737770948
0.974927912181833
-0.930873748644184
0.563320058063621
0.000000000000007
-0.563320058063632
0.930873748644210
-0.974927912181817
0.680172737770896
-0.149042266176138
-0.433883739117596
0.866025403784462
-0.997203797181175
0.781831482468026
-0.294755174410894
-0.294755174410919
0.781831482468043
-0.997203797181181
0.866025403784421
-0.433883739117521
-0.149042266176220
0.680172737770957
-0.974927912181836
0.930873748644201
-0.563320058063610
-0.000000000000020
0.563320058063643
-0.930873748644215
0.974927912181814
-0.680172737770887
0.149042266176125
0.433883739117608
-0.866025403784440
0.997203797181178
-0.781831482468018
0.294755174410882
0.294755174410932
-0.781831482468051
0.997203797181182
-0.866025403784414
0.433883739117510
0.149042266176233
-0.680172737770925
0.974927912181826
-0.930873748644196
0.563320058063600
0.000000000000032
-0.563320058063653
0.930873748644220
-0.974927912181811
0.680172737770877
-0.149042266176113
-0.433883739117568
0.866025403784447
-0.997203797181177
0.781831482468010
-0.294755174410870
-0.294755174410944
0.781831482468059
-0.997203797181183
0.866025403784408
-0.433883739117498
-0.149042266176189
0.680172737770934
-0.974927912181829
0.930873748644191
-0.563320058063589
-0.000000000000045
0.563320058063664
-0.930873748644224
0.974927912181809
-0.680172737770868
0.149042266176156
0.433883739117580
-0.866025403784453
0.997203797181176
-0.781831482468003
0.294755174410858
0.294755174410956
-0.781831482468067
0.997203797181184
-0.866025403784402
0.433883739117538
0.149042266176202
-0.680172737770943
0.974927912181832
-0.930873748644187
0.563320058063579
0.000000000000058
-0.563320058063674
0.930873748644229
-0.974927912181818
0.680172737770900
-0.149042266176144
-0.433883739117591
0.866025403784459
-0.997203797181175
0.781831482467995
-0.294755174410845
-0.294755174410968
0.781831482468075
-0.997203797181185
0.866025403784423
-0.433883739117475
-0.149042266176214
0.680172737770995
-0.974927912181834
0.930873748644203
-0.563320058063568
-0.000000000000014
0.563320058063685
-0.930873748644213
0.974927912181803
-0.680172737770891
0.149042266176075
0.433883739117603
-0.866025403784437
0.997203797181175
-0.781831482468022
0.294755174410833
0.294755174410926
-0.781831482468083
0.997203797181182
-0.866025403784389
0.433883739117515
0.149042266176283
-0.680172737770962
0.974927912181825
-0.930873748644177
0.563320058063605
0.000000000000083
-0.563320058063648
0.930873748644238
-0.974927912181813
0.680172737770840
-0.149042266176118
-0.433883739117563
0.866025403784472
-0.997203797181178
0.781831482467979
-0.294755174410875
-0.294755174410992
0.781831482468055
-0.997203797181187
0.866025403784411
-0.433883739117452
-0.149042266176240
0.680172737770930
-0.974927912181840
0.930873748644193
-0.563320058063547
-0.000000000000039
0.563320058063706
-0.930873748644222
0.974927912181797
-0.680172737770872
0.149042266176162
0.433883739117626
-0.866025403784450
0.997203797181173
-0.781831482468006
0.294755174410809
0.294755174410950
-0.781831482468099
0.997203797181184
-0.866025403784433
0.433883739117492
0.149042266176196
-0.680172737770981
0.974927912181830
-0.930873748644168
0.563320058063584
0.000000000000109
-0.563320058063669
0.930873748644248
-0.974927912181807
0.680172737770905
-0.149042266176093
-0.433883739117586
0.866025403784485
-0.997203797181176
0.781831482467963
-0.294755174410851
-0.294755174411017
0.781831482468071
-0.997203797181180
0.866025403784398
-0.433883739117532
-0.149042266176265
0.680172737770948
-0.974927912181846
0.930873748644184
-0.563320058063526
-0.000000000000065
0.563320058063727
-0.930873748644231
0.974927912181817
-0.680172737770854
0.149042266176137
0.433883739117648
-0.866025403784463
0.997203797181171
-0.781831482467990
0.294755174410785
0.294755174410975
-0.781831482468044
0.997203797181186
-0.866025403784420
0.433883739117469
0.149042266176221
-0.680172737771000
0.974927912181836
-0.930873748644159
0.563320058063562
0.000000000000134
-0.563320058063690
0.930873748644215
-0.974927912181801
0.680172737770886
-0.149042266176068
-0.433883739117609
0.866025403784498
-0.997203797181174
0.781831482467947
-0.294755174410827
-0.294755174410933
0.781831482468087
-0.997203797181182
0.866025403784385
-0.433883739117509
-0.149042266176290
0.680172737770967
-0.974927912181851
0.930873748644175
-0.563320058063599
-0.000000000000090
0.563320058063654
-0.930873748644241
0.974927912181811
-0.680172737770835
0.149042266176112
0.433883739117671
-0.866025403784475
0.997203797181169
-0.781831482467975
0.294755174410869
0.294755174410999
-0.781831482468059
0.997203797181187
-0.866025403784407
0.433883739117446
0.149042266176246
-0.680172737771018
0.974927912181841
-0.930873748644191
0.563320058063541
0.000000000000046
-0.563320058063711
0.930873748644225
-0.974927912181796
0.680172737770867
-0.149042266176043
-0.433883739117632
0.866025403784510
-0.997203797181172
0.781831482468002
-0.294755174410802
-0.294755174410957
0.781831482468103
-0.997203797181184
0.866025403784373
-0.433883739117486
-0.149042266176315
0.680172737770986
-0.974927912181832
0.930873748644165
-0.563320058063578
-0.000000000000116
0.563320058063675
-0.930873748644250
0.974927912181806
-0.680172737770816
0.149042266176086
0.433883739117592
-0.866025403784488
0.997203797181175
-0.781831482467959
0.294755174410845
0.294755174411023
-0.781831482468075
0.997203797181189
-0.866025403784395
0.433883739117423
0.149042266176271
-0.680172737770954
0.974927912181847
-0.930873748644182
0.563320058063520
0.000000000000072
-0.563320058063733
0.930873748644234
-0.974927912181790
0.680172737770765
-0.149042266176018
-0.433883739117655
0.866025403784466
-0.997203797181179
0.781831482467915
-0.294755174410778
-0.294755174410981
0.781831482468048
-0.997203797181195
0.866025403784360
-0.433883739117463
-0.149042266176228
0.680172737770921
-0.974927912181863
0.930873748644156
-0.563320058063557
-0.000000000000027
0.563320058063790
-0.930873748644259
0.974927912181800
-0.680172737770881
0.149042266176174
0.433883739117717
-0.866025403784501
0.997203797181173
-0.781831482468014
0.294755174410712
0.294755174411048
-0.781831482468091
0.997203797181183
-0.866025403784439
0.433883739117400
0.149042266176297
-0.680172737770972
0.974927912181828
-0.930873748644131
0.563320058063499
0.000000000000097
-0.563320058063660
0.930873748644285
-0.974927912181784
0.680172737770830
-0.149042266176105
-0.433883739117575
0.866025403784536
-0.997203797181168
0.781831482467970
-0.294755174410862
-0.294755174411114
0.781831482468135
-0.997203797181188
0.866025403784404
-0.433883739117543
-0.149042266176365
0.680172737771023
-0.974927912181843
0.930873748644188
-0.563320058063442
-0.000000000000167
0.563320058063717
-0.930873748644227
0.974927912181820
-0.680172737770779
0.149042266176036
0.433883739117638
-0.866025403784457
0.997203797181163
-0.781831482467927
0.294755174410796
0.294755174410963
-0.781831482468036
0.997203797181193
-0.866025403784369
0.433883739117480
0.149042266176209
-0.680172737771074
0.974927912181858
-0.930873748644163
0.563320058063572
0.000000000000009
-0.563320058063775
0.930873748644253
-0.974927912181804
0.680172737770895
-0.149042266175967
-0.433883739117701
0.866025403784492
-0.997203797181175
0.781831482467883
-0.294755174410729
-0.294755174411030
0.781831482468080
-0.997203797181181
0.866025403784334
-0.433883739117417
-0.149042266176278
0.680172737770959
-0.974927912181874
0.930873748644138
-0.563320058063515
-0.000000000000078
0.563320058063644
-0.930873748644278
0.974927912181789
-0.680172737770844
0.149042266176123
0.433883739117763
-0.866025403784526
0.997203797181170
-0.781831482467982
0.294755174410880
0.294755174411096
-0.781831482468123
0.997203797181187
-0.866025403784413
0.433883739117354
0.149042266176347
-0.680172737771010
0.974927912181839
-0.930873748644195
0.563320058063457
0.000000000000148
-0.563320058063702
0.930873748644220
-0.974927912181773
0.680172737770793
-0.149042266176054
-0.433883739117621
0.866025403784448
-0.997203797181164
0.781831482467938
-0.294755174410814
-0.294755174410946
0.781831482468166
-0.997203797181192
0.866025403784378
-0.433883739117497
-0.149042266176416
0.680172737771061
-0.974927912181854
0.930873748644170
-0.563320058063588
-0.000000000000218
0.563320058063759
-0.930873748644246
0.974927912181808
-0.680172737770742
0.149042266175986
0.433883739117684
-0.866025403784482
0.997203797181176
-0.781831482467895
0.294755174410747
0.294755174411012
-0.781831482468068
0.997203797181197
-0.866025403784344
0.433883739117434
0.149042266176260
-0.680172737770945
0.974927912181870
-0.930873748644144
0.563320058063530
0.000000000000060
-0.563320058063817
0.930873748644271
-0.974927912181793
0.680172737770857
-0.149042266176142
-0.433883739117746
0.866025403784517
-0.997203797181171
0.781831482467993
-0.294755174410681
-0.294755174411079
0.781831482468111
-0.997203797181185
0.866025403784423
-0.433883739117371
-0.149042266176329
0.680172737770996
-0.974927912181835
0.930873748644119
-0.563320058063473
-0.000000000000129
0.563320058063686
-0.930873748644297
0.974927912181777
-0.680172737770806
0.149042266176073
0.433883739117604
-0.866025403784552
0.997203797181166
-0.781831482467950
0.294755174410831
0.294755174411145
-0.781831482468155
0.997203797181190
-0.866025403784388
0.433883739117513
0.149042266176397
-0.680172737771047
0.974927912181850
-0.930873748644177
0.563320058063415
0.000000000000199
-0.563320058063744
0.930873748644239
-0.974927912181812
0.680172737770755
-0.149042266176004
-0.433883739117667
0.866025403784473
-0.997203797181161
0.781831482467907
-0.294755174410765
-0.294755174410994
0.781831482468056
-0.997203797181196
0.866025403784353
-0.433883739117451
-0.149042266176241
0.680172737771098
-0.974927912181866
0.930873748644151
-0.563320058063545
-0.000000000000269
0.563320058063801
-0.930873748644264
0.974927912181797
-0.680172737770871
0.149042266175935
0.433883739117730
-0.866025403784508
0.997203797181172
-0.781831482467863
0.294755174410698
0.294755174411061
-0.781831482468100
0.997203797181184
-0.866025403784318
0.433883739117388
0.149042266176310
-0.680172737770982
0.974927912181881
-0.930873748644126
0.563320058063488
0.000000000000111
-0.563320058063671
0.930873748644290
-0.974927912181781
0.680172737770820
-0.149042266176091
-0.433883739117792
0.866025403784543
-0.997203797181167
0.781831482467962
-0.294755174410849
-0.294755174411127
0.781831482468143
-0.997203797181189
0.866025403784397
-0.433883739117325
-0.149042266176379
0.680172737771033
-0.974927912181846
0.930873748644183
-0.563320058063431
-0.000000000000180
0.563320058063728
-0.930873748644232
0.974927912181766
-0.680172737770769
0.149042266176022
0.433883739117650
-0.866025403784577
0.997203797181162
-0.781831482467918
0.294755174410783
0.294755174410977
-0.781831482468186
0.997203797181194
-0.866025403784362
0.433883739117468
0.149042266176448
-0.680172737771084
0.974927912181862
-0.930873748644158
0.563320058063561
0.000000000000250
-0.563320058063786
0.930873748644258
-0.974927912181801
0.680172737770718
-0.149042266175954
-0.433883739117713
0.866025403784499
-0.997203797181174
0.781831482467875
-0.294755174410716
-0.294755174411043
0.781831482468088
-0.997203797181199
0.866025403784327
-0.433883739117405
-0.149042266176292
0.680172737770969
-0.974927912181877
0.930873748644133
-0.563320058063503
-0.000000000000092
0.563320058063843
-0.930873748644283
0.974927912181785
-0.680172737770834
0.149042266176110
0.433883739117776
-0.866025403784533
0.997203797181169
-0.781831482467973
0.294755174410650
0.294755174411110
-0.781831482468132
0.997203797181188
-0.866025403784293
0.433883739117342
0.149042266176361
-0.680172737771020
0.974927912181842
-0.930873748644107
0.563320058063446
0.000000000000162
-0.563320058063713
0.930873748644308
-0.974927912181770
0.680172737770783
-0.149042266176041
-0.433883739117633
0.866025403784568
-0.997203797181163
0.781831482467930
-0.294755174410801
-0.294755174411176
0.781831482468175
-0.997203797181193
0.866025403784372
-0.433883739117484
-0.149042266176429
0.680172737771071
-0.974927912181857
0.930873748644165
-0.563320058063388
-0.000000000000231
0.563320058063771
-0.930873748644251
0.974927912181805
-0.680172737770732
0.149042266175972
0.433883739117696
-0.866025403784489
0.997203797181158
-0.781831482467886
0.294755174410734
0.294755174411025
-0.781831482468077
0.997203797181198
-0.866025403784337
0.433883739117422
0.149042266176273
-0.680172737771122
0.974927912181873
-0.930873748644139
0.563320058063519
0.000000000000301
-0.563320058063828
0.930873748644276
-0.974927912181790
0.680172737770847
-0.149042266175903
-0.433883739117759
0.866025403784524
-0.997203797181170
0.781831482467843
-0.294755174410668
-0.294755174411092
0.781831482468120
-0.997203797181186
0.866025403784302
-0.433883739117359
-0.149042266176342
0.680172737771006
-0.974927912181888
0.930873748644114
-0.563320058063461
-0.000000000000143
0.563320058063698
-0.930873748644302
0.974927912181774
-0.680172737770796
0.149042266176059
0.433883739117822
-0.866025403784559
0.997203797181148
-0.781831482467800
0.294755174410601
0.294755174411158
-0.781831482468163
0.997203797181191
-0.866025403784381
0.433883739117501
0.149042266176186
-0.680172737771224
0.974927912181904
-0.930873748644089
0.563320058063404
0.000000000000213
-0.563320058063755
0.930873748644244
-0.974927912181809
0.680172737770912
-0.149042266175766
-0.433883739117884
0.866025403784594
-0.997203797181160
0.781831482467898
-0.294755174410752
-0.294755174411007
0.781831482468065
-0.997203797181180
0.866025403784232
-0.433883739117233
-0.149042266176480
0.680172737771108
-0.974927912181869
0.930873748644146
-0.563320058063534
-0.000000000000055
0.563320058063625
-0.930873748644352
0.974927912181743
-0.680172737770694
0.149042266175922
0.433883739117742
-0.866025403784515
0.997203797181171
-0.781831482467996
0.294755174410903
0.294755174411291
-0.781831482468250
0.997203797181202
-0.866025403784311
0.433883739117376
0.149042266176324
-0.680172737770992
0.974927912181834
-0.930873748644204
0.563320058063289
0.000000000000352
-0.563320058063870
0.930873748644295
-0.974927912181778
0.680172737770810
-0.149042266176078
-0.433883739117600
0.866025403784436
-0.997203797181149
0.781831482467811
-0.294755174410619
-0.294755174411140
0.781831482468152
-0.997203797181190
0.866025403784390
-0.433883739117518
-0.149042266176168
0.680172737771210
-0.974927912181900
0.930873748644095
-0.563320058063419
-0.000000000000194
0.563320058063740
-0.930873748644237
0.974927912181813
-0.680172737770592
0.149042266175784
0.433883739117867
-0.866025403784584
0.997203797181161
-0.781831482467910
0.294755174410770
0.294755174410990
-0.781831482468053
0.997203797181212
-0.866025403784242
0.433883739117250
0.149042266176461
-0.680172737771094
0.974927912181865
-0.930873748644153
0.563320058063550
0.000000000000036
-0.563320058063985
0.930873748644346
-0.974927912181747
0.680172737770708
-0.149042266175940
-0.433883739117725
0.866025403784505
-0.997203797181173
0.781831482468008
-0.294755174410486
-0.294755174411273
0.781831482468238
-0.997203797181200
0.866025403784321
-0.433883739117392
-0.149042266176305
0.680172737770979
-0.974927912181830
0.930873748644044
-0.563320058063304
-0.000000000000333
0.563320058063855
-0.930873748644288
0.974927912181782
-0.680172737770824
0.149042266176096
0.433883739117583
-0.866025403784654
0.997203797181151
-0.781831482467823
0.294755174410637
0.294755174411123
-0.781831482468140
0.997203797181189
-0.866025403784400
0.433883739117535
0.149042266176599
-0.680172737771196
0.974927912181896
-0.930873748644102
0.563320058063435
0.000000000000175
-0.563320058063724
0.930873748644230
-0.974927912181818
0.680172737770606
-0.149042266175802
-0.433883739117851
0.866025403784575
-0.997203797181162
0.781831482467921
-0.294755174410787
-0.294755174410972
0.781831482468042
-0.997203797181211
0.866025403784251
-0.433883739117267
-0.149042266176443
0.680172737771081
-0.974927912181860
0.930873748644160
-0.563320058063565
-0.000000000000018
0.563320058063970
-0.930873748644339
0.974927912181751
-0.680172737770722
0.149042266175959
0.433883739117709
-0.866025403784496
0.997203797181174
-0.781831482468020
0.294755174410504
0.294755174411256
-0.781831482468227
0.997203797181199
-0.866025403784330
0.433883739117409
0.149042266176287
-0.680172737770965
0.974927912181927
-0.930873748644051
0.563320058063320
0.000000000000315
-0.563320058063839
0.930873748644281
-0.974927912181787
0.680172737770837
-0.149042266176115
-0.433883739117976
0.866025403784645
-0.997203797181152
0.781831482467835
-0.294755174410654
-0.294755174411105
0.781831482468128
-0.997203797181187
0.866025403784409
-0.433883739117142
-0.149042266176581
0.680172737771183
-0.974927912181891
0.930873748644109
-0.563320058063450
-0.000000000000157
0.563320058063709
-0.930873748644223
0.974927912181720
-0.680172737770619
0.149042266175821
0.433883739117834
-0.866025403784566
0.997203797181164
-0.781831482467933
0.294755174410805
0.294755174410954
-0.781831482468314
0.997203797181209
-0.866025403784260
0.433883739117284
