0.000000000000000
0.999939823121438
0.021939521572639
-0.999458451547163
-0.043868481447671
0.998495940131151
0.065776323011892
-0.997052752226919
-0.087652499818469
0.995129582585910
0.109486480663998
-0.992727357023034
-0.131267754658234
0.989847231970982
0.152985836284040
-0.986490593923520
-0.174630270445117
0.982659058768028
0.196190637499097
-0.978354471007612
-0.217656558273565
0.973578902873158
0.239017699062592
-0.968334653325765
-0.260263776601395
0.962624246950009
0.281384563016700
-0.956450432738631
-0.302369890750448
0.949816182769137
0.323209657454464
-0.942724690773080
-0.343893830853730
0.935179370598548
0.364412453575932
-0.927183854566786
-0.384755647944940
0.918741991723545
0.404913620735929
-0.909857845986197
-0.424876667889843
0.900535694187317
0.444635179184939
-0.890780024015859
-0.464179642863122
0.880595531856732
0.483500650208969
-0.869987120530011
-0.502588900079056
0.858959896930658
0.521435203379510
-0.847519169570123
-0.540030487489666
0.835670446020758
0.558365800629662
-0.823419430264536
-0.576432316169799
0.810772019947083
0.594221336879665
-0.797734303538617
-0.611724299115012
0.784312557402883
0.628932776940320
-0.770513242775785
-0.645838486185021
0.756343002654865
0.662433288431487
-0.741808658601435
-0.678709194932888
0.726917207456604
0.694658370458999
-0.711675817973065
-0.710273137068063
0.696091827363979
0.725545977802941
-0.680172737770914
-0.740469540309790
0.663926212652230
0.755036640377522
-0.647360073093971
-0.769240265396255
0.630482294044701
0.783073577733177
-0.613301000476438
-0.796529918024211
0.595824463473266
0.809602808379812
-0.578061096249549
-0.822285955503491
0.560019450099947
0.834573253721313
-0.541708210282720
-0.846458787921223
0.523136191838691
0.857936836400630
-0.504312335347585
-0.869001873620741
0.485245702624171
0.879648572866625
-0.465945472355803
-0.889871808811481
0.446420935683846
0.899666659983954
-0.426681491730816
-0.909028411137393
0.406736643075783
0.917952555519693
-0.386595991179730
-0.926434797042887
0.366269231763450
0.934471052351318
-0.345766150139922
-0.942057452787301
0.325096616503807
0.949190346253545
-0.304270581179831
-0.955866298971257
0.283298069832744
0.962082097133165
-0.262189178640852
-0.967834748450670
0.240954069435874
0.973121483594294
-0.219602964810921
-0.977939757526859
0.198146143199391
0.982287250728690
-0.176593933926813
-0.986161870314188
0.154956712238471
0.989561751039380
-0.133244894304646
-0.992485256199836
0.111468932206317
0.994930978418582
-0.089639308903418
-0.996897740323618
0.067766533188498
0.998384595114691
-0.045861134627672
-0.999390827019095
0.023933658491741
0.999915951636247
-0.001994660679577
-0.999959716170870
-0.019945297363322
0.999522099554693
0.041875653729231
-0.998603312456592
-0.063785851132648
0.997203797181178
0.085665341992694
-0.995324227455862
-0.107503593510550
0.992965508106533
0.129290092740065
-0.990128774621970
-0.151014351648644
0.986815392607208
0.172665912166297
-0.983026957126153
-0.194234351219997
0.978765291933704
0.215709285751462
-0.974032448597801
-0.237080377715537
0.968830705511798
0.258337339056937
-0.963162566797643
-0.279469936662864
0.957030761100411
0.300467997289457
-0.950438240274664
-0.321321412458864
0.943388177963526
0.342020143325688
-0.935883968070825
-0.362554225509642
0.927929223127281
0.382913773892403
-0.919527772551434
-0.403088987376314
0.910683660806157
0.423070153602641
-0.901401145451674
-0.442847653627052
0.891684695095875
0.462411966550390
-0.881538987243263
-0.481753674101729
0.870968906043114
0.500863465172542
-0.859979539938261
-0.519732140299024
0.848576179215519
0.538350616090714
-0.836764313458938
-0.556709929603247
0.824549628907112
0.574801242653120
-0.811938005715823
-0.592615846072355
0.798935515127362
0.610145163901275
-0.785548416547699
-0.627380757516706
0.771783154533397
0.644314329694513
-0.757646355689072
-0.660937728603848
0.743144825477369
0.677242951731441
-0.728285544942814
-0.693222149734019
0.713075667351131
0.708867630216977
-0.697522514745700
-0.724171861437470
0.681633574422557
0.739127475930351
-0.665416495326248
-0.753727274054635
0.648879084367463
0.767964227459570
-0.632029302664826
-0.781831482468051
0.614875261712405
0.795322363375979
-0.597425219474837
-0.808430375665954
0.579687576411938
0.821149209133736
-0.561670871434719
-0.833472740925950
0.543383777794796
0.845395038487757
-0.524835098908888
-0.856910362418601
0.506033764121141
0.868013169235281
-0.486988824404337
-0.878698114040564
0.467709448002808
0.888960053096213
-0.448204916018830
-0.898794046299189
0.428484617944701
0.908195359559820
-0.408558047142681
-0.917159467080771
0.388434796274682
0.925682053535856
-0.368124552684658
-0.933759016147301
0.347637093734912
0.941386466660913
-0.326982282099316
-0.948560733217871
0.306170061015416
0.955278362122357
-0.285210449497753
-0.961536119504163
0.264113537514703
0.967330992875486
-0.242889481131158
-0.972660192581122
0.221548497619452
0.977521153141465
-0.200100860540534
-0.981911534487444
0.178556894798606
0.985829223087094
-0.156926971670484
-0.989272332962993
0.135221503812917
0.992239206600177
-0.113450940249927
-0.994728415744064
0.091625761342645
0.996738762088019
-0.069756473744115
-0.998269277850216
0.047853605341157
0.999319226239544
-0.025927700186583
-0.999888101810273
0.003989313423048
0.999975630705394
0.017950993798137
-0.999581770788448
-0.039882659401152
0.998706711663816
0.061795125470257
-0.997350874585433
-0.083677843332378
0.995514912254008
0.105520278635242
-0.993199708502810
-0.127311916418570
0.990406377872172
0.149042266176202
-0.987136265072982
-0.170700866905898
0.983390944339320
0.192277292145497
-0.979172218670621
-0.213761154992163
0.974482118963716
0.235142113102645
-0.969322903035153
-0.256409873672091
0.963697054534282
0.277554198388948
-0.957607281747647
-0.298564908363916
0.951056516295144
0.319431889029741
-0.944047911718839
-0.340145095010589
0.936584841964782
0.360694554957845
-0.928670899758809
-0.381070376350322
0.920309894876999
0.401262750256528
-0.911505852311646
-0.421261956056692
0.902263010333626
0.441058366122272
-0.892585818452089
-0.460642450450704
0.882478935272468
0.480004781253150
-0.871947226253816
-0.499136037493038
0.860995761366580
0.518027009373218
-0.849629812651967
-0.536668602769465
0.837854851683748
0.555051843608778
-0.825676546934590
-0.573167882188932
0.813100761047018
0.591007997439107
-0.800133548011192
-0.608563601118127
0.786781150250514
0.625826241948841
-0.773049995616525
-0.642787609686571
0.758946694294525
0.659439539119669
-0.744478035621437
-0.675774014000259
0.729650984817409
0.691783170903254
-0.714472679632755
-0.707459303011822
0.698950426911841
0.722794863827445
-0.683091699075562
-0.737782470802814
0.666904130524116
0.752414908895785
-0.650395513961802
-0.766685134042708
0.633573796645604
0.780586276549372
-0.616447076559471
-0.794111644398362
0.599023598515581
0.807254726470172
-0.581311750185821
-0.820009195677952
0.563320058063605
0.832368912013292
-0.545057183359295
-0.844327925502031
0.526531917830702
0.855880479068578
-0.507753179550717
-0.867021011307366
0.488730008614153
0.877744159160122
-0.469471562785840
-0.888044760497642
0.449987113092063
0.897917856604844
-0.430286039357495
-0.907358694567896
0.410377825689738
0.916362729562272
-0.390272055913671
-0.924925627040633
0.369978408957791
0.933043264819479
-0.349506654194771
-0.940711735063571
0.328866646738480
0.947927346167167
-0.308068322699832
-0.954686624531126
0.287121694403107
0.960986316235240
-0.266036845566658
-0.966823388604464
0.244823926448173
0.972195031668986
-0.223493148958445
-0.977098659516916
0.202054781745350
0.981531911539143
-0.180519145250514
-0.985492653565734
0.158896606741049
0.988978978893326
-0.137197575318747
-0.991989209203010
0.115432496909124
0.994521895368280
-0.093611849232757
-0.996575818152639
0.071746136761295
0.998149988796543
-0.049845885660606
-0.999243649493389
0.027921638723470
0.999856273754322
-0.005983950294279
-0.999987566661690
-0.015956618811836
0.999637465011020
0.037889506392870
-0.998806137341433
-0.059804153945049
0.997493983854520
0.081690011745017
-0.995701636221685
-0.103536543928936
0.993429957280051
0.125333233564341
-0.990680040617095
-0.147069587712994
0.987453210044194
0.168735142482196
-0.983751018959339
-0.190319468062106
0.979575249599331
0.211812173746661
-0.974927912181807
-0.233202912935664
0.969811243937527
0.254481388115643
-0.964227708033365
-0.275637355817084
0.958179992386539
0.296660631545637
-0.951671008370648
-0.317541094684942
0.944703889414134
0.338268693368695
-0.937281989491851
-0.358833449319626
0.929408881510453
0.379225462652939
-0.921088355588446
-0.399434916642544
0.912324417231444
0.419452082446201
-0.903121285404178
-0.439267323789414
0.893483390499310
0.458871101604232
-0.883415372204686
-0.478253978621360
0.872922077269783
0.497406623913270
-0.862008557172487
-0.516319817386109
0.850680065687303
0.534984454218260
-0.838942056356189
-0.553391549243409
0.826800179863216
0.571532241276007
-0.814260281314326
-0.589397797377052
0.801328397423495
0.606979617058127
-0.788010753606657
-0.624269236421682
0.774313760984782
0.641258332235561
-0.760244013297563
-0.657938725939804
0.745808283729258
0.674302387583735
-0.731013521647776
-0.690341439691913
0.715866849259699
0.706048161055853
-0.700375558181344
-0.721414990451353
0.684547105928657
0.736434530278392
-0.668389112327154
-0.751099550122334
0.651909355843735
0.765402990234656
-0.635115769842128
-0.779337964931516
