0.000000000000000
0.951056516295154
0.587785252292473
-0.587785252292473
-0.951056516295154
-0.000000000000000
0.951056516295154
0.587785252292473
-0.587785252292473
-0.951056516295154
-0.000000000000000
0.951056516295153
0.587785252292474
-0.587785252292473
-0.951056516295154
-0.000000000000001
0.951056516295153
0.587785252292474
-0.587785252292472
-0.951056516295154
-0.000000000000001
0.951056516295153
0.587785252292474
-0.587785252292472
-0.951056516295154
-0.000000000000001
0.951056516295153
0.587785252292474
-0.587785252292472
-0.951056516295154
-0.000000000000001
0.951056516295153
0.587785252292474
-0.587785252292472
-0.951056516295154
-0.000000000000002
0.951056516295153
0.587785252292475
-0.587785252292472
-0.951056516295154
-0.000000000000002
0.951056516295153
0.587785252292475
-0.587785252292471
-0.951056516295154
-0.000000000000002
0.951056516295153
0.587785252292475
-0.587785252292471
-0.951056516295154
-0.000000000000002
0.951056516295151
0.587785252292475
-0.587785252292477
-0.951056516295154
-0.000000000000010
0.951056516295153
0.587785252292470
-0.587785252292471
-0.951056516295157
-0.000000000000003
0.951056516295155
0.587785252292476
-0.587785252292465
-0.951056516295155
0.000000000000004
0.951056516295153
0.587785252292482
-0.587785252292470
-0.951056516295152
-0.000000000000003
0.951056516295150
0.587785252292476
-0.587785252292476
-0.951056516295155
-0.000000000000011
0.951056516295152
0.587785252292470
-0.587785252292470
-0.951056516295157
-0.000000000000004
0.951056516295155
0.587785252292476
-0.587785252292464
-0.951056516295155
0.000000000000003
0.951056516295152
0.587785252292482
-0.587785252292470
-0.951056516295153
-0.000000000000004
0.951056516295150
0.587785252292477
-0.587785252292475
-0.951056516295155
-0.000000000000012
0.951056516295152
0.587785252292471
-0.587785252292469
-0.951056516295157
-0.000000000000005
0.951056516295154
0.587785252292489
-0.587785252292463
-0.951056516295155
0.000000000000002
0.951056516295156
0.587785252292483
-0.587785252292469
-0.951056516295153
-0.000000000000020
0.951056516295150
0.587785252292478
-0.587785252292474
-0.951056516295151
-0.000000000000013
0.951056516295152
0.587785252292472
-0.587785252292457
-0.951056516295158
-0.000000000000006
0.951056516295154
0.587785252292466
-0.587785252292462
-0.951056516295155
0.000000000000001
0.951056516295147
0.587785252292484
-0.587785252292468
-0.951056516295153
0.000000000000008
0.951056516295149
0.587785252292478
-0.587785252292474
-0.951056516295160
-0.000000000000014
0.951056516295152
0.587785252292473
-0.587785252292479
-0.951056516295158
-0.000000000000007
0.951056516295154
0.587785252292490
-0.587785252292462
-0.951056516295156
0.000000000000000
0.951056516295156
0.587785252292485
-0.587785252292467
-0.951056516295154
-0.000000000000022
0.951056516295149
0.587785252292479
-0.587785252292473
-0.951056516295152
-0.000000000000015
0.951056516295151
0.587785252292474
-0.587785252292455
-0.951056516295158
-0.000000000000008
0.951056516295153
0.587785252292468
-0.587785252292461
-0.951056516295156
-0.000000000000001
0.951056516295147
0.587785252292485
-0.587785252292466
-0.951056516295154
0.000000000000006
0.951056516295149
0.587785252292480
-0.587785252292472
-0.951056516295161
-0.000000000000016
0.951056516295151
0.587785252292474
-0.587785252292478
-0.951056516295159
-0.000000000000009
0.951056516295153
0.587785252292492
-0.587785252292460
-0.951056516295156
-0.000000000000002
0.951056516295155
0.587785252292486
-0.587785252292466
-0.951056516295154
-0.000000000000024
0.951056516295149
0.587785252292481
-0.587785252292471
-0.951056516295152
-0.000000000000017
0.951056516295151
0.587785252292475
-0.587785252292454
-0.951056516295159
-0.000000000000010
0.951056516295153
0.587785252292470
-0.587785252292459
-0.951056516295165
-0.000000000000031
0.951056516295146
0.587785252292487
-0.587785252292465
-0.951056516295155
0.000000000000004
0.951056516295157
0.587785252292458
-0.587785252292447
-0.951056516295161
-0.000000000000018
0.951056516295150
0.587785252292476
-0.587785252292476
-0.951056516295150
-0.000000000000039
0.951056516295144
0.587785252292493
-0.587785252292459
-0.951056516295157
-0.000000000000004
0.951056516295155
0.587785252292465
-0.587785252292487
-0.951056516295164
-0.000000000000025
0.951056516295148
0.587785252292482
-0.587785252292470
-0.951056516295153
0.000000000000010
0.951056516295141
0.587785252292500
-0.587785252292452
-0.951056516295159
-0.000000000000012
0.951056516295152
0.587785252292471
-0.587785252292481
-0.951056516295149
-0.000000000000033
0.951056516295145
0.587785252292489
-0.587785252292463
-0.951056516295155
0.000000000000002
0.951056516295156
0.587785252292506
-0.587785252292446
-0.951056516295162
-0.000000000000020
0.951056516295150
0.587785252292478
-0.587785252292474
-0.951056516295151
0.000000000000016
0.951056516295143
0.587785252292495
-0.587785252292457
-0.951056516295158
-0.000000000000006
0.951056516295154
0.587785252292466
-0.587785252292439
-0.951056516295164
-0.000000000000027
0.951056516295147
0.587785252292484
-0.587785252292468
-0.951056516295153
0.000000000000008
0.951056516295158
0.587785252292501
-0.587785252292451
-0.951056516295160
-0.000000000000014
0.951056516295152
0.587785252292473
-0.587785252292479
-0.951056516295167
-0.000000000000035
0.951056516295145
0.587785252292490
-0.587785252292462
-0.951056516295156
0.000000000000000
0.951056516295156
0.587785252292462
-0.587785252292444
-0.951056516295162
-0.000000000000022
0.951056516295149
0.587785252292479
-0.587785252292473
-0.951056516295152
-0.000000000000043
0.951056516295142
0.587785252292497
-0.587785252292455
-0.951056516295158
-0.000000000000008
0.951056516295153
0.587785252292468
-0.587785252292484
-0.951056516295165
-0.000000000000029
0.951056516295147
0.587785252292485
-0.587785252292466
-0.951056516295154
0.000000000000006
0.951056516295140
0.587785252292503
-0.587785252292449
-0.951056516295161
-0.000000000000016
0.951056516295151
0.587785252292474
-0.587785252292478
-0.951056516295150
-0.000000000000037
0.951056516295144
0.587785252292492
-0.587785252292460
-0.951056516295156
-0.000000000000002
0.951056516295155
0.587785252292509
-0.587785252292443
-0.951056516295163
-0.000000000000024
0.951056516295149
0.587785252292481
-0.587785252292471
-0.951056516295152
0.000000000000012
0.951056516295142
0.587785252292498
-0.587785252292454
-0.951056516295159
-0.000000000000010
0.951056516295153
0.587785252292470
-0.587785252292436
-0.951056516295165
-0.000000000000031
0.951056516295146
0.587785252292487
-0.587785252292465
-0.951056516295155
0.000000000000004
0.951056516295157
0.587785252292505
-0.587785252292447
-0.951056516295161
-0.000000000000018
0.951056516295150
0.587785252292476
-0.587785252292476
-0.951056516295168
-0.000000000000039
0.951056516295144
0.587785252292493
-0.587785252292459
-0.951056516295157
-0.000000000000004
0.951056516295155
0.587785252292465
-0.587785252292441
-0.951056516295164
-0.000000000000025
0.951056516295148
0.587785252292482
-0.587785252292470
-0.951056516295153
-0.000000000000047
0.951056516295141
0.587785252292500
-0.587785252292452
-0.951056516295159
-0.000000000000012
0.951056516295152
0.587785252292471
-0.587785252292481
-0.951056516295166
-0.000000000000033
0.951056516295145
0.587785252292489
-0.587785252292463
-0.951056516295155
0.000000000000002
0.951056516295139
0.587785252292506
-0.587785252292446
-0.951056516295162
-0.000000000000020
0.951056516295150
0.587785252292478
-0.587785252292474
-0.951056516295151
-0.000000000000041
0.951056516295143
0.587785252292495
-0.587785252292411
-0.951056516295158
-0.000000000000063
0.951056516295154
0.587785252292512
-0.587785252292485
-0.951056516295164
0.000000000000029
0.951056516295147
0.587785252292530
-0.587785252292468
-0.951056516295171
0.000000000000008
0.951056516295141
0.587785252292455
-0.587785252292451
-0.951056516295142
-0.000000000000014
0.951056516295134
0.587785252292473
-0.587785252292433
-0.951056516295149
-0.000000000000035
0.951056516295162
0.587785252292490
-0.587785252292416
-0.951056516295156
-0.000000000000057
0.951056516295156
0.587785252292508
-0.587785252292490
-0.951056516295162
-0.000000000000078
0.951056516295149
0.587785252292525
-0.587785252292473
-0.951056516295169
0.000000000000014
0.951056516295142
0.587785252292451
-0.587785252292455
-0.951056516295176
-0.000000000000008
0.951056516295136
0.587785252292468
-0.587785252292438
-0.951056516295147
-0.000000000000029
0.951056516295164
0.587785252292485
-0.587785252292421
-0.951056516295154
-0.000000000000051
0.951056516295158
0.587785252292503
-0.587785252292495
-0.951056516295161
-0.000000000000073
0.951056516295151
0.587785252292520
-0.587785252292478
-0.951056516295167
0.000000000000020
0.951056516295144
0.587785252292538
-0.587785252292460
-0.951056516295174
-0.000000000000002
0.951056516295138
0.587785252292463
-0.587785252292443
-0.951056516295145
-0.000000000000024
0.951056516295131
0.587785252292481
-0.587785252292425
-0.951056516295152
-0.000000000000045
0.951056516295159
0.587785252292498
-0.587785252292500
-0.951056516295159
-0.000000000000067
0.951056516295153
0.587785252292516
-0.587785252292482
-0.951056516295165
0.000000000000025
0.951056516295146
0.587785252292533
-0.587785252292465
-0.951056516295172
0.000000000000004
0.951056516295139
0.587785252292458
-0.587785252292447
-0.951056516295179
-0.000000000000018
0.951056516295133
0.587785252292476
-0.587785252292430
-0.951056516295150
-0.000000000000039
0.951056516295161
0.587785252292493
-0.587785252292413
-0.951056516295157
-0.000000000000061
0.951056516295155
0.587785252292511
-0.587785252292487
-0.951056516295164
0.000000000000031
0.951056516295148
0.587785252292528
-0.587785252292470
-0.951056516295170
0.000000000000010
0.951056516295141
0.587785252292454
-0.587785252292452
-0.951056516295177
-0.000000000000012
0.951056516295135
0.587785252292471
-0.587785252292435
-0.951056516295149
-0.000000000000033
0.951056516295128
0.587785252292489
-0.587785252292417
-0.951056516295155
-0.000000000000055
0.951056516295156
0.587785252292506
-0.587785252292492
-0.951056516295162
-0.000000000000076
0.951056516295150
0.587785252292524
-0.587785252292474
-0.951056516295169
0.000000000000016
0.951056516295143
0.587785252292449
-0.587785252292457
-0.951056516295175
-0.000000000000006
0.951056516295136
0.587785252292466
-0.587785252292439
-0.951056516295147
-0.000000000000027
0.951056516295130
0.587785252292484
-0.587785252292422
-0.951056516295153
-0.000000000000049
0.951056516295158
0.587785252292501
-0.587785252292405
-0.951056516295160
-0.000000000000071
0.951056516295152
0.587785252292519
-0.587785252292479
-0.951056516295167
0.000000000000022
0.951056516295145
0.587785252292536
-0.587785252292462
-0.951056516295173
0.000000000000000
0.951056516295138
0.587785252292462
-0.587785252292444
-0.951056516295145
-0.000000000000022
0.951056516295132
0.587785252292479
-0.587785252292427
-0.951056516295152
-0.000000000000043
0.951056516295160
0.587785252292497
-0.587785252292409
-0.951056516295158
-0.000000000000065
0.951056516295153
0.587785252292514
-0.587785252292484
-0.951056516295165
-0.000000000000086
0.951056516295147
0.587785252292531
-0.587785252292466
-0.951056516295172
0.000000000000006
0.951056516295140
0.587785252292457
-0.587785252292449
-0.951056516295178
-0.000000000000016
0.951056516295133
0.587785252292474
-0.587785252292432
-0.951056516295150
-0.000000000000037
0.951056516295162
0.587785252292492
-0.587785252292414
-0.951056516295156
-0.000000000000059
0.951056516295155
0.587785252292509
-0.587785252292489
-0.951056516295163
-0.000000000000080
0.951056516295149
0.587785252292527
-0.587785252292471
-0.951056516295170
0.000000000000012
0.951056516295142
0.587785252292544
-0.587785252292454
-0.951056516295176
-0.000000000000010
0.951056516295135
0.587785252292470
-0.587785252292436
-0.951056516295148
-0.000000000000031
0.951056516295129
0.587785252292487
-0.587785252292419
-0.951056516295155
-0.000000000000053
0.951056516295157
0.587785252292505
-0.587785252292493
-0.951056516295161
-0.000000000000074
0.951056516295150
0.587785252292522
-0.587785252292476
-0.951056516295168
0.000000000000018
0.951056516295144
0.587785252292539
-0.587785252292459
-0.951056516295175
-0.000000000000004
0.951056516295137
0.587785252292465
-0.587785252292441
-0.951056516295181
-0.000000000000025
0.951056516295130
0.587785252292482
-0.587785252292424
-0.951056516295153
-0.000000000000047
0.951056516295159
0.587785252292500
-0.587785252292406
-0.951056516295159
-0.000000000000069
0.951056516295152
0.587785252292517
-0.587785252292481
-0.951056516295166
0.000000000000024
0.951056516295145
0.587785252292535
-0.587785252292463
-0.951056516295173
0.000000000000002
0.951056516295139
0.587785252292460
-0.587785252292446
-0.951056516295179
-0.000000000000020
0.951056516295132
0.587785252292478
-0.587785252292428
-0.951056516295151
-0.000000000000041
0.951056516295125
0.587785252292495
-0.587785252292411
-0.951056516295158
-0.000000000000063
0.951056516295154
0.587785252292512
-0.587785252292485
-0.951056516295164
-0.000000000000084
0.951056516295147
0.587785252292530
-0.587785252292468
-0.951056516295171
0.000000000000008
0.951056516295141
0.587785252292455
-0.587785252292451
-0.951056516295178
-0.000000000000014
0.951056516295134
0.587785252292473
-0.587785252292433
-0.951056516295149
-0.000000000000035
0.951056516295127
0.587785252292490
-0.587785252292416
-0.951056516295156
-0.000000000000057
0.951056516295156
0.587785252292508
-0.587785252292398
-0.951056516295162
-0.000000000000078
0.951056516295149
0.587785252292525
-0.587785252292473
-0.951056516295169
0.000000000000014
0.951056516295142
0.587785252292543
-0.587785252292455
-0.951056516295176
-0.000000000000008
0.951056516295136
0.587785252292468
-0.587785252292438
-0.951056516295147
-0.000000000000029
0.951056516295129
0.587785252292485
-0.587785252292421
-0.951056516295154
-0.000000000000051
0.951056516295158
0.587785252292503
-0.587785252292403
-0.951056516295161
-0.000000000000073
0.951056516295151
0.587785252292520
-0.587785252292478
-0.951056516295167
-0.000000000000094
0.951056516295144
0.587785252292538
-0.587785252292460
-0.951056516295174
-0.000000000000002
0.951056516295138
0.587785252292463
-0.587785252292443
-0.951056516295181
-0.000000000000024
0.951056516295131
0.587785252292481
-0.587785252292425
-0.951056516295152
-0.000000000000045
0.951056516295159
0.587785252292498
-0.587785252292408
-0.951056516295159
-0.000000000000067
0.951056516295153
0.587785252292516
-0.587785252292482
-0.951056516295165
-0.000000000000088
0.951056516295146
0.587785252292533
-0.587785252292465
-0.951056516295172
0.000000000000004
0.951056516295139
0.587785252292551
-0.587785252292447
-0.951056516295179
-0.000000000000018
0.951056516295133
0.587785252292476
-0.587785252292430
-0.951056516295150
-0.000000000000039
0.951056516295126
0.587785252292493
-0.587785252292413
-0.951056516295157
-0.000000000000061
0.951056516295155
0.587785252292511
-0.587785252292487
-0.951056516295164
-0.000000000000082
0.951056516295148
0.587785252292528
-0.587785252292470
-0.951056516295170
-0.000000000000104
0.951056516295106
0.587785252292454
-0.587785252292452
-0.951056516295177
-0.000000000000125
0.951056516295170
0.587785252292471
-0.587785252292435
-0.951056516295184
-0.000000000000147
0.951056516295163
0.587785252292489
-0.587785252292417
-0.951056516295190
0.000000000000059
0.951056516295156
0.587785252292506
-0.587785252292400
-0.951056516295197
0.000000000000037
0.951056516295150
0.587785252292524
-0.587785252292382
-0.951056516295133
0.000000000000016
0.951056516295143
0.587785252292541
-0.587785252292365
-0.951056516295140
-0.000000000000006
0.951056516295136
0.587785252292558
-0.587785252292532
-0.951056516295147
-0.000000000000027
0.951056516295130
0.587785252292576
-0.587785252292514
-0.951056516295153
-0.000000000000049
0.951056516295123
0.587785252292593
-0.587785252292497
-0.951056516295160
-0.000000000000071
0.951056516295116
0.587785252292427
-0.587785252292479
-0.951056516295167
-0.000000000000092
0.951056516295110
0.587785252292444
-0.587785252292462
-0.951056516295173
-0.000000000000114
0.951056516295173
0.587785252292462
-0.587785252292444
-0.951056516295180
-0.000000000000135
0.951056516295167
0.587785252292479
-0.587785252292427
-0.951056516295187
-0.000000000000157
0.951056516295160
0.587785252292497
-0.587785252292409
-0.951056516295193
0.000000000000049
0.951056516295153
0.587785252292514
-0.587785252292392
-0.951056516295200
0.000000000000027
0.951056516295147
0.587785252292531
-0.587785252292375
-0.951056516295136
0.000000000000006
0.951056516295140
0.587785252292549
-0.587785252292357
-0.951056516295143
-0.000000000000016
0.951056516295133
0.587785252292566
-0.587785252292524
-0.951056516295150
-0.000000000000037
0.951056516295127
0.587785252292584
-0.587785252292506
-0.951056516295156
-0.000000000000059
0.951056516295120
0.587785252292417
-0.587785252292489
-0.951056516295163
-0.000000000000080
0.951056516295113
0.587785252292435
-0.587785252292471
-0.951056516295170
-0.000000000000102
0.951056516295107
0.587785252292452
-0.587785252292454
-0.951056516295176
-0.000000000000123
0.951056516295170
0.587785252292470
-0.587785252292436
-0.951056516295183
-0.000000000000145
0.951056516295164
0.587785252292487
-0.587785252292419
-0.951056516295190
0.000000000000061
0.951056516295157
0.587785252292505
-0.587785252292401
-0.951056516295196
0.000000000000039
0.951056516295150
0.587785252292522
-0.587785252292384
-0.951056516295203
0.000000000000018
0.951056516295144
0.587785252292539
-0.587785252292367
-0.951056516295139
-0.000000000000004
0.951056516295137
0.587785252292557
-0.587785252292349
-0.951056516295146
-0.000000000000025
0.951056516295130
0.587785252292574
-0.587785252292516
-0.951056516295153
-0.000000000000047
0.951056516295124
0.587785252292592
-0.587785252292498
-0.951056516295159
-0.000000000000069
0.951056516295117
0.587785252292425
-0.587785252292481
-0.951056516295166
-0.000000000000090
0.951056516295110
0.587785252292443
-0.587785252292463
-0.951056516295173
-0.000000000000112
0.951056516295174
0.587785252292460
-0.587785252292446
-0.951056516295179
-0.000000000000133
0.951056516295167
0.587785252292478
-0.587785252292428
-0.951056516295186
-0.000000000000155
0.951056516295161
0.587785252292495
-0.587785252292411
-0.951056516295193
0.000000000000051
0.951056516295154
0.587785252292512
-0.587785252292394
-0.951056516295199
0.000000000000029
0.951056516295147
0.587785252292530
-0.587785252292376
-0.951056516295136
0.000000000000008
0.951056516295141
0.587785252292547
-0.587785252292359
-0.951056516295142
-0.000000000000014
0.951056516295134
0.587785252292565
-0.587785252292341
-0.951056516295149
-0.000000000000035
0.951056516295127
0.587785252292582
-0.587785252292508
-0.951056516295156
-0.000000000000057
0.951056516295121
0.587785252292600
-0.587785252292490
-0.951056516295162
-0.000000000000078
0.951056516295114
0.587785252292433
-0.587785252292473
