0.005720593689315046
-0.021303333540937264
-0.0017849974158785041
0.04752645856668174
-0.04105077600834315
-0.06083656208222833
0.13000914816799372
0.002578349420800305
-0.23090162792797114
0.18266656433539388
0.2431148740719331
-0.5037150475047983
-0.0040435708662145495
0.8908853266274948
-0.7710997638433279
-1.2120859107436242
4.001428420654369
7.999999999999999
4.001428420654369
-1.2120859107436242
-0.7710997638433279
0.8908853266274948
-0.0040435708662145495
-0.5037150475047983
0.2431148740719331
0.18266656433539388
-0.23090162792797114
0.002578349420800305
0.13000914816799372
-0.06083656208222833
-0.04105077600834315
0.04752645856668174
-0.0017849974158785041
-0.021303333540937264
0.005720593689315046
